837 523246503
3433299 1
5055694 5
5745526 21
6766440 85
7497451 341
7728706 1365
7987999 5461
8320850 21845
8914041 87381
8938139 349525
13398134 1398101
13792590 5592405
15018440 22369621
15660690 89478485
16925326 357913941
16925816 1000000000
18185029 1000000000
18597863 1000000000
18936341 1000000000
20124961 1000000000
21082513 1000000000
23487832 1000000000
25142326 1000000000
25267635 1000000000
27407877 1000000000
35494381 1000000000
36188449 1000000000
37216607 1000000000
37383414 1000000000
37397330 1000000000
38975669 1000000000
40289546 1000000000
41673787 1000000000
42269013 1000000000
42440892 1000000000
42727250 1000000000
42782808 1000000000
43338448 1000000000
45301302 1000000000
48561075 1000000000
49342748 1000000000
50598330 1000000000
50741649 1000000000
51451526 1000000000
52055931 1000000000
54155442 1000000000
57805493 1000000000
58682261 1000000000
58905434 1000000000
59392972 1000000000
60322968 1000000000
60584047 1000000000
71020201 1000000000
72014402 1000000000
72287121 1000000000
76673699 1000000000
77035837 1000000000
79716817 1000000000
81812549 1000000000
82533312 1000000000
82550408 1000000000
83453407 1000000000
83577311 1000000000
84273955 1000000000
85758727 1000000000
86027364 1000000000
86944990 1000000000
87339293 1000000000
87614385 1000000000
88357307 1000000000
90064538 1000000000
91347530 1000000000
91672351 1000000000
92665443 1000000000
92749992 1000000000
97097878 1000000000
99338129 1000000000
100924653 1000000000
101315935 1000000000
101406276 1000000000
101721609 1000000000
101822488 1000000000
101889162 1000000000
103743150 1000000000
105349100 1000000000
105924160 1000000000
106054821 1000000000
107195704 1000000000
108213413 1000000000
108696747 1000000000
110487126 1000000000
116043669 1000000000
119179734 1000000000
119435611 1000000000
120006128 1000000000
120645585 1000000000
120878288 1000000000
120933543 1000000000
121516062 1000000000
123132198 1000000000
126321131 1000000000
126635496 1000000000
127031691 1000000000
127981215 1000000000
128088271 1000000000
128755549 1000000000
129361209 1000000000
130089653 1000000000
130880757 1000000000
131429439 1000000000
132255608 1000000000
132660620 1000000000
132721903 1000000000
134405242 1000000000
136440850 1000000000
136512680 1000000000
136759540 1000000000
137488587 1000000000
139739080 1000000000
143374644 1000000000
144034143 1000000000
145008478 1000000000
145183395 1000000000
145579954 1000000000
148657583 1000000000
148801432 1000000000
148959970 1000000000
149303066 1000000000
150545220 1000000000
150722165 1000000000
151096925 1000000000
152254611 1000000000
153082471 1000000000
153225686 1000000000
160091685 1000000000
163336440 1000000000
164073990 1000000000
164558174 1000000000
165159376 1000000000
169803599 1000000000
173761644 1000000000
173823526 1000000000
176078760 1000000000
177727924 1000000000
177813165 1000000000
178512683 1000000000
183253466 1000000000
184752054 1000000000
184838571 1000000000
185407521 1000000000
186218563 1000000000
188405366 1000000000
189195668 1000000000
189621804 1000000000
190208054 1000000000
194195510 1000000000
194280219 1000000000
194806146 1000000000
197500302 1000000000
198911214 1000000000
199080488 1000000000
199739534 1000000000
201286912 1000000000
202519623 1000000000
202783512 1000000000
203778614 1000000000
204068641 1000000000
207013483 1000000000
210327469 1000000000
212689602 1000000000
212906284 1000000000
213978218 1000000000
214309976 1000000000
216433592 1000000000
217705059 1000000000
217946055 1000000000
218196714 1000000000
218480285 1000000000
219592202 1000000000
220423886 1000000000
221879593 1000000000
223367283 1000000000
223649169 1000000000
228390996 1000000000
228478727 1000000000
229305099 1000000000
230579626 1000000000
230959782 1000000000
234035318 1000000000
234981929 1000000000
236152873 1000000000
236213087 1000000000
238386108 1000000000
240510528 1000000000
240775045 1000000000
241822683 1000000000
243597582 1000000000
245119464 1000000000
247296651 1000000000
247641799 1000000000
248358266 1000000000
248970742 1000000000
250255907 1000000000
250742811 1000000000
252893828 1000000000
253408566 1000000000
254221558 1000000000
254593612 1000000000
255780384 1000000000
256336054 1000000000
258194255 1000000000
258716563 1000000000
258978186 1000000000
260194578 1000000000
262813774 1000000000
263084969 1000000000
263335396 1000000000
264837027 1000000000
264984938 1000000000
268600242 1000000000
269629339 1000000000
270456971 1000000000
271152279 1000000000
271173643 1000000000
272492552 1000000000
273772674 1000000000
274085161 1000000000
274551463 1000000000
276260762 1000000000
277027029 1000000000
278034737 1000000000
278511816 1000000000
279193848 1000000000
279726764 1000000000
280356055 1000000000
280690017 1000000000
280996001 1000000000
283552291 1000000000
283729967 1000000000
283838063 1000000000
285837468 1000000000
286850645 1000000000
288369685 1000000000
290112057 1000000000
294713917 1000000000
297018795 1000000000
297096370 1000000000
298541309 1000000000
298587955 1000000000
298894121 1000000000
299838960 1000000000
299853643 1000000000
300400832 1000000000
300488464 1000000000
303539540 1000000000
303911830 1000000000
303918731 1000000000
313938540 1000000000
314821248 1000000000
315111568 1000000000
315554394 1000000000
315572997 1000000000
318217928 1000000000
319674549 1000000000
321309609 1000000000
321435739 1000000000
321794883 1000000000
323026803 1000000000
323546848 1000000000
327064109 1000000000
327404858 1000000000
328322723 1000000000
328526844 1000000000
328864397 1000000000
330357369 1000000000
332536457 1000000000
332695592 1000000000
333749747 1000000000
336300048 1000000000
336454428 1000000000
336497820 1000000000
336542682 1000000000
337387612 1000000000
339273941 1000000000
339792087 1000000000
341621847 1000000000
341708183 1000000000
342421337 1000000000
342601387 1000000000
342903055 1000000000
344922042 1000000000
345026314 1000000000
347022998 1000000000
347508087 1000000000
347857302 1000000000
349272399 1000000000
349403035 1000000000
350095742 1000000000
353615223 1000000000
353935900 1000000000
354454943 1000000000
354732181 1000000000
355560849 1000000000
356713289 1000000000
358017911 1000000000
358393906 1000000000
359331734 1000000000
359469337 1000000000
360741286 1000000000
361897450 1000000000
362636268 1000000000
363689072 1000000000
364507218 1000000000
366104936 1000000000
367586487 1000000000
368521231 1000000000
374322156 1000000000
375208696 1000000000
376542122 1000000000
377866938 1000000000
380193192 1000000000
380543651 1000000000
382080965 1000000000
382837742 1000000000
383334348 1000000000
384355275 1000000000
384985130 1000000000
387002592 1000000000
389381842 1000000000
392960739 1000000000
393421926 1000000000
399103288 1000000000
401857032 1000000000
402223381 1000000000
404007286 1000000000
406720932 1000000000
407096056 1000000000
410160342 1000000000
410690458 1000000000
410985125 1000000000
411296907 1000000000
413053991 1000000000
413774915 1000000000
413797938 1000000000
420954062 1000000000
422281312 1000000000
422746275 1000000000
422784594 1000000000
423804675 1000000000
424971327 1000000000
426603793 1000000000
427028303 1000000000
428176307 1000000000
429426818 1000000000
429804969 1000000000
430389957 1000000000
431013502 1000000000
431918619 1000000000
433976860 1000000000
436276276 1000000000
438494078 1000000000
439336107 1000000000
440360879 1000000000
442441277 1000000000
442952696 1000000000
443192257 1000000000
445208275 1000000000
445562503 1000000000
445827196 1000000000
446075527 1000000000
447194311 1000000000
448768561 1000000000
449019145 1000000000
450725483 1000000000
451533246 1000000000
451563437 1000000000
452577273 1000000000
460090053 1000000000
461812542 1000000000
464848413 1000000000
466583753 1000000000
468409263 1000000000
470599426 1000000000
473158772 1000000000
474286501 1000000000
474353795 1000000000
474414868 1000000000
475530039 1000000000
476857013 1000000000
478833498 1000000000
480665972 1000000000
485435166 1000000000
486328091 1000000000
488675128 1000000000
490358533 1000000000
490526419 1000000000
492133988 1000000000
492141975 1000000000
492697588 1000000000
493278821 1000000000
494788003 1000000000
494867241 1000000000
497036397 1000000000
497355308 1000000000
499682910 1000000000
503307529 1000000000
503925550 1000000000
505078654 1000000000
507325076 1000000000
509060567 1000000000
511207763 1000000000
511875736 1000000000
515192290 1000000000
516503729 1000000000
516805395 1000000000
520760730 1000000000
521470442 1000000000
522941332 1000000000
524938325 1000000000
525899489 1000000000
528320270 1000000000
529309933 1000000000
529540083 1000000000
529598952 1000000000
532740528 1000000000
533672708 1000000000
533770134 1000000000
534688083 1000000000
536391859 1000000000
539127014 1000000000
539362595 1000000000
543589526 1000000000
543761201 1000000000
545088939 1000000000
545670935 1000000000
546669629 1000000000
546974101 1000000000
547783842 1000000000
548427920 1000000000
549237458 1000000000
549697141 1000000000
551223085 1000000000
552943307 1000000000
553009026 1000000000
553930597 1000000000
554663357 1000000000
556295104 1000000000
556302740 1000000000
557709532 1000000000
558498896 1000000000
559203186 1000000000
560852194 1000000000
561973278 1000000000
563075790 1000000000
566748419 1000000000
568876404 1000000000
571333814 1000000000
571788568 1000000000
574004067 1000000000
576464337 1000000000
578295240 1000000000
579502428 1000000000
579644777 1000000000
579868709 1000000000
580157634 1000000000
580839639 1000000000
581566817 1000000000
582131318 1000000000
582847696 1000000000
582907049 1000000000
583786542 1000000000
584717848 1000000000
585333729 1000000000
585389993 1000000000
588959739 1000000000
590402450 1000000000
591255802 1000000000
593039753 1000000000
594704491 1000000000
596148586 1000000000
596271015 1000000000
596438870 1000000000
597158200 1000000000
599002799 1000000000
599749866 1000000000
600246781 1000000000
600375569 1000000000
601933568 1000000000
602459429 1000000000
602759443 1000000000
602841709 1000000000
603000549 1000000000
603105415 1000000000
605097443 1000000000
606374521 1000000000
606620057 1000000000
607583750 1000000000
607753726 1000000000
608298273 1000000000
609545763 1000000000
611261246 1000000000
611360689 1000000000
613602746 1000000000
615083361 1000000000
619217961 1000000000
620246134 1000000000
620931934 1000000000
622695987 1000000000
622950790 1000000000
623816564 1000000000
624841336 1000000000
625576440 1000000000
628457575 1000000000
629022303 1000000000
630106507 1000000000
630214885 1000000000
631131298 1000000000
631999989 1000000000
633267259 1000000000
634497453 1000000000
634595601 1000000000
635283901 1000000000
635713298 1000000000
636100712 1000000000
636331715 1000000000
636839533 1000000000
638024782 1000000000
638591158 1000000000
639287382 1000000000
640007439 1000000000
640670138 1000000000
640720140 1000000000
641471667 1000000000
644662286 1000000000
647276062 1000000000
650254708 1000000000
650542856 1000000000
653152223 1000000000
655048380 1000000000
655171724 1000000000
656454037 1000000000
656806869 1000000000
659987047 1000000000
660956609 1000000000
661921980 1000000000
663688087 1000000000
664843470 1000000000
665890808 1000000000
666226236 1000000000
666493351 1000000000
667712272 1000000000
669059535 1000000000
670759350 1000000000
671257522 1000000000
672248474 1000000000
675914462 1000000000
676036332 1000000000
679141747 1000000000
679595152 1000000000
679623223 1000000000
679971040 1000000000
681960017 1000000000
682363686 1000000000
682925581 1000000000
684944459 1000000000
685590360 1000000000
687076872 1000000000
687868369 1000000000
688832165 1000000000
691985707 1000000000
693095052 1000000000
695039861 1000000000
699455438 1000000000
699485367 1000000000
700552762 1000000000
703033074 1000000000
703434392 1000000000
703811624 1000000000
704999133 1000000000
707194533 1000000000
708310168 1000000000
708723916 1000000000
709102172 1000000000
709235749 1000000000
710739459 1000000000
717020282 1000000000
719517480 1000000000
720133305 1000000000
720159594 1000000000
720878956 1000000000
722275798 1000000000
723721186 1000000000
725020089 1000000000
725148048 1000000000
725813789 1000000000
725816336 1000000000
727203349 1000000000
728752243 1000000000
731786577 1000000000
732385589 1000000000
732818429 1000000000
732988671 1000000000
733079340 1000000000
733156423 1000000000
733734958 1000000000
735390029 1000000000
735706716 1000000000
738155330 1000000000
738281852 1000000000
738397385 1000000000
738917397 1000000000
739247515 1000000000
740443829 1000000000
743040724 1000000000
744212567 1000000000
745284475 1000000000
746286525 1000000000
747568814 1000000000
747589728 1000000000
747838290 1000000000
750668323 1000000000
751668504 1000000000
754055829 1000000000
754891473 1000000000
755420761 1000000000
756116070 1000000000
756316857 1000000000
757058901 1000000000
757934937 1000000000
759519624 1000000000
762082851 1000000000
762088454 1000000000
763618511 1000000000
767029443 1000000000
767152803 1000000000
767159101 1000000000
767173359 1000000000
769402136 1000000000
773254458 1000000000
773730676 1000000000
773740020 1000000000
774082962 1000000000
774951360 1000000000
777242850 1000000000
777374230 1000000000
778342356 1000000000
778691650 1000000000
778834547 1000000000
779696731 1000000000
779748482 1000000000
782810622 1000000000
787085152 1000000000
787399995 1000000000
788043222 1000000000
788808728 1000000000
790958122 1000000000
791513361 1000000000
791782952 1000000000
794185819 1000000000
794281674 1000000000
796734819 1000000000
797151330 1000000000
797294768 1000000000
797622011 1000000000
798183640 1000000000
798878628 1000000000
800981271 1000000000
801908591 1000000000
802001814 1000000000
802101644 1000000000
803349712 1000000000
803505012 1000000000
805419020 1000000000
806325013 1000000000
806634848 1000000000
807944025 1000000000
810130134 1000000000
811010563 1000000000
812016485 1000000000
812691175 1000000000
812806547 1000000000
813505153 1000000000
816365764 1000000000
816510843 1000000000
819466640 1000000000
822549194 1000000000
824948082 1000000000
826237098 1000000000
827058340 1000000000
827446079 1000000000
827911593 1000000000
828544237 1000000000
828632135 1000000000
830861527 1000000000
831027212 1000000000
831673581 1000000000
832571266 1000000000
832915536 1000000000
835572904 1000000000
836794631 1000000000
837089766 1000000000
838262801 1000000000
840492750 1000000000
840552232 1000000000
840651114 1000000000
843217360 1000000000
846428613 1000000000
847357079 1000000000
850387116 1000000000
850506199 1000000000
854620949 1000000000
854700566 1000000000
859261546 1000000000
859341078 1000000000
859872147 1000000000
861133078 1000000000
861574627 1000000000
862865477 1000000000
863515881 1000000000
864110563 1000000000
865102105 1000000000
866694146 1000000000
868051568 1000000000
869614050 1000000000
870403758 1000000000
871984748 1000000000
872287762 1000000000
872337000 1000000000
873539683 1000000000
874263984 1000000000
878569516 1000000000
879056098 1000000000
880947956 1000000000
882507602 1000000000
883282607 1000000000
883387118 1000000000
883963179 1000000000
887953061 1000000000
891037266 1000000000
892671074 1000000000
893999377 1000000000
894870633 1000000000
895409433 1000000000
896246868 1000000000
897192810 1000000000
898625498 1000000000
898734713 1000000000
899470220 1000000000
899776352 1000000000
900949124 1000000000
902295659 1000000000
903769828 1000000000
904851204 1000000000
905140543 1000000000
905180250 1000000000
905371540 1000000000
906321248 1000000000
906609692 1000000000
906843210 1000000000
907113036 1000000000
907927606 1000000000
908207621 1000000000
909958094 1000000000
911241373 1000000000
913045259 1000000000
913222289 1000000000
913967332 1000000000
915017026 1000000000
917769838 1000000000
919189778 1000000000
919589168 1000000000
919985929 1000000000
920575714 1000000000
921613435 1000000000
922965333 1000000000
923993350 1000000000
924323885 1000000000
925033527 1000000000
925372304 1000000000
925903230 1000000000
926817259 1000000000
927924443 1000000000
929182252 1000000000
933263474 1000000000
933837549 1000000000
936234306 1000000000
936275818 1000000000
937341685 1000000000
938848938 1000000000
941526404 1000000000
942463165 1000000000
943555636 1000000000
944441992 1000000000
944641072 1000000000
946571385 1000000000
946714042 1000000000
948425924 1000000000
950280019 1000000000
950538393 1000000000
953136662 1000000000
956253196 1000000000
958185109 1000000000
961126553 1000000000
962313885 1000000000
963293001 1000000000
963889212 1000000000
965541737 1000000000
966795042 1000000000
967595829 1000000000
968072211 1000000000
968280615 1000000000
969044420 1000000000
969919301 1000000000
972832628 1000000000
972944545 1000000000
975738950 1000000000
978157936 1000000000
978214901 1000000000
980389577 1000000000
981928419 1000000000
985918515 1000000000
986298440 715827883
986733797 178956971
987334508 44739243
988033107 11184811
988877035 2796203
990694323 699051
990905164 174763
990980604 43691
991925871 10923
992015029 2731
994131171 683
994232220 171
995095680 43
996917142 11
999581032 3
999656092 1
