238 477788526
1902815 1
7147300 67
12645167 72
13130433 1
13298897 1
22427550 2
23464769 1
28240749 1
29950058 3
32811891 1
38088018 1
46151798 74
49983178 1
56545537 1
60992877 1
64964104 1
66132725 1
72820789 1
85016338 4
92703079 1
101756124 1
104546514 299
105333573 1108
107598918 17
108631841 1
111033899 1
113301602 1
113333131 34
116645447 1
117820830 1
120361511 1
124228589 2931
127770935 16348
129557902 1
134208630 1
137382230 487
141577225 3
142210030 1
143854382 1
158424141 8
167271508 1
168873244 1
170972117 1
187788939 42
188264563 1
191235829 29855
195171812 33
197666516 30767
199275284 1
200701267 1
204503236 235
205443857 1
205856766 12
209107532 91
212784362 1
216946822 1
219367823 1
220952390 2427
222163062 1690
226951036 1
229007917 3600
229819459 1
231728258 1
236140080 12465
237399692 375347
254246567 5200
254414609 45233
257784218 69363
270379521 24
277143998 159606
280117483 220745
283714567 89
284014204 14054
285445542 1
287932771 1950838
296977415 124416
298450657 7247
299530046 3
313403173 471
326264069 84209
326430519 1
327654525 4070
329623249 1694431
338838593 1
339160988 1
344407979 45
347738468 85342
354729636 42
357456702 6661465
361827479 1
363588276 3418182
375031613 1
375942025 1850
380856120 1
399414281 731
401517720 15
403652496 1
406683294 36419379
407114386 481651
413996253 121
416887674 4
422240600 65
423529937 637423
433637009 55446
433801078 55341
436290817 4147
440442030 223
447576566 10
447770444 259
448010120 2
454995384 77050
456662012 14242
457098634 1219170
457143635 6436125
464541677 24786266
466080515 635322
469506240 57543303
475516516 1
477522351 766821373
478077641 3489
479702205 4013
482854891 1619
493999250 854
508586749 2896
518965322 18842
522537022 59867043
523769912 93
532414692 150453
544507894 244855
549157941 1
549478667 31
549840323 1
557421806 6
557757313 7350240
567531866 825
567952131 246865
572428898 11499
573012372 1837593
583422220 1
588521503 130
589489013 64
592434084 19762
596957936 22150
601045881 775995
605639971 8
606438928 7
608514039 2
619871963 9
623668750 1
624658678 610
625300762 18
637054637 1
637371622 7505
639013783 1
644574187 1
646582750 3161
663692793 1
665075036 6
666159126 8923
670463705 12332
674038984 1
674591641 1
675081288 970641
680160420 1
696546073 7241
697882294 7
702603482 1
702621701 1
704165453 702
706985315 1
708149247 1
717856234 1
725619975 62
725869332 2731
726149042 1
726369889 1
732904428 473461
739316416 103
743290350 1
744167466 1
744311409 1
745220441 1
747227009 1
748489802 3269
755200546 1
761764130 3094
762414445 1
769343529 325
770182589 1
770441495 1
774415821 2
776864377 1
780191913 1
790730849 1
792518963 1
802884721 52
808961110 1
822879484 1
830172922 1
833149304 1
833846159 1
835072615 14
837291352 1
838360740 1
841102015 4
850689521 1
857107543 1
858855302 1
862622888 1
864231753 1
867388127 126
876367454 4
886635758 1
888152443 831
888998851 1
889961292 1
894475410 1
902154120 1
911889783 1
912852026 33
917546095 1
922160212 1
926033226 1
934187948 1
938688201 9
940677184 1
943890428 1
950628966 1
968015100 1
973559986 53
973855085 337
978869074 1
979628368 1
983858481 4
989890209 1
990128482 1
990585540 186
993698449 1
