5796 503541534
52091 1
506304 1
558905 1
754626 1
830671 1
956951 1
989506 1
1148962 1
1314094 1
1324761 1
1376740 1
1429983 1
1509055 1
1786250 1
1848197 1
1972092 1
2229793 1
2538628 1
2674809 1
2846529 1
3587565 1
3714961 1
4062742 1
4461216 1
4491456 1
4794139 1
4980029 1
5295101 1
5337411 1
5722578 1
5785947 1
5826774 1
6003279 1
6606342 1
6631400 1
6934475 1
7051822 1
7185541 1
7250030 1
7277176 1
7539724 1
7674613 1
7843360 1
7874324 1
7942955 1
8026552 1
8055034 1
8681769 1
8742814 1
8776465 1
9044437 1
9055594 1
9114538 1
9123735 1
9127253 1
9193424 1
9204657 1
9495088 1
9783143 1
9796530 1
9832840 1
10001407 1
10045651 1
10144714 1
10336743 1
10382671 1
10524856 1
10771213 1
10992333 1
11583510 1
11739222 1
11825421 1
11842101 78
12006204 1
12150005 1
12515557 1
12577181 1
12684656 1
12982292 1
13328072 1
13344690 1
13784348 1
13916216 1
13991539 1
14003445 1
14134535 1
14252953 6685
14361134 1
14664046 1
15497523 1
15631682 1
16024766 1
16114830 1
16137892 1
16271150 1
16287254 1
16399798 1
16696852 1
17111742 1
17333736 1
17388973 1
17711838 1
17723668 1
18114466 1
18156090 1
18158185 1
18269762 1
18403459 1
18498402 1
18534935 1
18592049 1
18637865 1
18653879 1
18660524 1
18707948 1
18970508 1
18972232 1
18986513 13400
18994788 1
19049793 1
19188106 1
20105575 1
20181111 1
20866348 1
20875275 1
21023713 1
21278875 1
21286513 1
21348992 1
21378852 1
21417243 1
21500218 1
21536143 1
21839405 1
21875838 1
22063741 1
22097397 1
22188112 1
22381660 1
22455129 1
22471305 1
22473045 1
22969051 1
23004265 1
23079269 1
23304659 1
23414795 1
23438335 1
23619057 1
24044511 1
24188125 1
24835316 1
24845885 1
24881945 1
25128205 1
25362619 1
25385222 1
25400524 1
25456811 1
25615567 1
25727428 1
25745437 1
26040472 1
26402276 1
26680742 1
26832465 1
27089090 1
27102789 1
27253671 1
27309668 1
27433335 1
28120084 1
28223118 1
28296300 1
28360399 1
28495893 1
28496812 1
28582205 1
28586513 1
28615774 1
28744547 1
29506248 1
29841294 1
30537030 1
30618923 1
30625997 1
30687008 1
30904400 1
30983901 1
31158673 1
31243638 1
31379079 1
31434021 1
31624106 1
31851587 1
32385512 1
32537510 1
32625246 1
32679202 1
32766787 1
32808611 1
32958806 1
33527328 1
33730898 1
33869787 1
34764963 1
34847954 1
35043633 1
35073099 1
35176581 1
35299517 1
35908562 1
35961929 1
36422146 1
36660974 1
37036331 1
37046068 1
37097301 1
37256163 1
37432180 1
37670257 1
38270927 1
38315526 1
38400798 1
38455307 1
38828349 1
39232179 1
39654228 1
40056463 1
40213382 1
40376490 1
40425393 1
40486955 1
40687760 1
40939712 1
41139892 1
41544283 1
41622124 1
41886118 1
41897866 1
42110887 1
42217434 1
42278136 1
43154263 1
43219675 1
43299562 1
43394795 1
43592152 1
43988968 1
44284220 1
44307332 1
44330363 1
44909892 1
44925779 1
44949407 1
45293842 1
45542427 1
45746955 1
46415533 1
46518223 1
47343319 1
47379050 1
47653767 1
47669536 1
47675478 1
47718887 1
47986883 1
48108838 1
48530013 1
48701205 1
48786396 1
48899969 1
49080732 1
49313672 1
49482513 1
49579490 1
49626473 1
49642865 1
49768735 1
49797622 1
49863351 1
50078139 1
50239260 1
50255996 1
50627153 1
50776319 1
50878085 1
50961877 1
51101129 1
51604072 1
51730557 1
51986877 1
52170131 1
52373433 1
52378449 1
52455168 1
52525167 1
52564592 1
53150360 1
53206322 1
53722435 1
53753562 1
53998047 1
54011268 1
54176488 1
54269501 26988
54920965 1
55665246 1
55768089 1
55896242 1
55982864 1
56770108 1
56929911 1
56957522 1
56992775 1
57136071 1
57194924 1
57478361 1
57551490 1
57595981 1
57709027 1
57896145 1
57995394 1
58236984 1
58370040 1
58404317 1
58435457 108071
58822268 1
58862082 1
58865291 1
58969361 1
58980610 1
59076761 1
59110548 1
59301623 1
59312268 1
59378652 1
59647501 1
60061614 1
60190294 1
60802856 1
60980292 1
61053298 1
61144388 1
61263988 1
61883877 1
61985896 1
62000503 1
62152145 1
62272848 1
63135557 1
63183556 1
63472258 1
63992945 1
64407531 1
64411432 1
64418491 1
64540511 1
64631477 1
65077981 1
65104233 1
65288673 1
65525527 1730319
65682510 1
66009549 1
66220623 1
66397484 1
66645584 1
66950502 1
66974102 1
67061579 1
67229864 1
67303839 1
67329602 1
67786346 1
67927616 1
67978136 1
68634335 1
68704094 1
69075836 1
69446780 1
69596475 1
70245541 1
70591951 1
70659942 1
71024283 1
71164344 1
71221113 1
71725155 1
71765172 1
71825017 1
71954165 1
72024815 1
72109799 1
72346674 1
72406694 1
72423628 1
72614389 1
72957624 1
73100837 1
73316669 1
73377504 1
73422616 1
73445089 1
74150466 1
74358613 1
74758157 1
74945779 1
75023883 1
75071062 1
75175129 1
75218904 1
75364882 1
75368870 1
75444378 1
76103688 1
76189985 1
76521972 1
76813672 1
78219261 1
78828254 1
78943706 1
79470976 1
79539243 1
79654155 1
79721880 1
80508498 1
80730874 1
80937893 1
81019730 1
81036438 1
81274914 1
81284608 1
81608430 1
81641838 1
81719352 1
82352810 1
82505867 1
82620769 1
83312233 1
83373568 1
83501666 1
83627208 1
83786196 1
83925468 1
83995232 1
84078743 1
84169349 1
84736073 1
84742833 1
84766484 1
84934025 1
85096781 1
85202266 1
85469307 1
85967501 1
86324780 1
86674689 1
86781950 1
86849057 1
87080576 1
87175963 1
87357198 1
87484578 1
87889105 1
88011309 1
88017340 1
89324399 1
89481456 1
89511509 1
90325860 1
90760835 1
91264573 1
91417198 1
91436474 1
91460561 1
91510206 1
91806931 1
91836421 1
92043114 1
92574905 1
92613343 1
92661781 1
92676241 1
93121283 1
93543847 1
93749224 1
93775119 1
93973028 1
93996192 1
94122456 1
94595742 1
94929207 1
94950434 1
94960644 1
95081011 1
95170060 1
95231854 1
95431390 1
95528788 1
95786168 1
95967709 1
96169356 1
96384135 1
96540105 1
96644853 1
96750192 1
96768649 1
97104264 1
97312683 1
97324639 1
97494449 1
97586874 1
97747705 1
97885545 1
98140926 1
98380065 1
98522695 1
98803494 1
99198866 1
99419648 1
99473937 1
99977779 1
100009459 1
100062024 1
100222522 1
100398262 1
100548681 1
100705479 1
100824575 1
100899824 1
101007381 1
101082368 1
101115254 1
101196540 1
101833930 1
101873855 1
102038379 1
102062978 1
102228677 1
102425137 1
102451692 1
102724297 1
102772652 1
102844541 1
102975494 1
103138610 1
103826257 1
104352566 1
104604521 1
104967889 1
105037295 1
105060161 1
105148177 1
105211444 1
105236253 1
105333279 1
105638642 1
105706427 1
105788931 1
105798933 1
105861592 1
106187539 1
106483480 1
106540999 1
106557795 1
106659387 1
106678172 1
106734911 1
106879170 1
106932547 1
107253412 1
107316116 1
107410095 1
107653693 1
107682102 1
108011154 1
108163825 1
108274004 1
108355638 1
108463749 1
108623885 1
108671726 1
109385141 1
109427497 1
109722627 1
109896476 1
110191025 1
110453855 1
110629369 1
111197795 1
111327294 1
111354416 1
111382877 1
111612611 1
111780402 1
111790820 3460872
111806910 1
111847884 1
111899887 1
111974654 1
112073801 1
112145558 1
112179208 1
112532950 1
112573950 1
112680187 1
112796726 1
112817159 1
113325221 1
113349578 1
113573576 1
113581949 1
113872060 1
113937438 1
113940402 1
113994635 1
114016361 1
114316416 1
114421923 1
114673517 1
114676307 1
114830805 1
114967504 1
115161461 1
115219762 1
115320270 1
115414994 1
115551156 1
115603672 1
115973585 1
116170627 1
116204219 1
116342221 1
116657985 1
116724421 1
117023630 1
117269440 1
117337375 1
117445325 1
117552026 1
117573429 1
117801665 1
117808903 1
117903861 1
118167351 1
118296836 1
118547085 1
118688798 1
119077635 1
119115154 1
119328215 1
119473524 1
119630592 13843556
120097086 1
120150488 1
120167190 1
120172980 1
120254414 1
120292720 1
120917932 1
121575272 1
121850772 1
122256706 1
122689585 1
122847468 1
123077386 1
123135909 1
123171660 1
123210869 1
123252745 1
123370807 1
123707116 1
123757932 1
124044537 27687132
124280425 1
124521198 1
124820018 1
125060640 1
125392338 1
125399889 1
125936598 1
126051182 1
126129069 1
126204339 1
126229207 1
126380555 1
126617431 1
126619166 1
127162999 1
127274636 1
127289813 1
127549730 1
127803816 1
128491784 1
128598962 1
128862315 1
128872584 1
129014232 1
129099806 1
129104605 1
129281711 1
129310193 1
129460049 1
129507836 1
130527517 1
130543352 1
131286807 1
131308125 1
131793364 1
131904221 1
132413078 1
132602546 1
132613222 1
132872005 1
133046697 1
133356343 1
133653424 1
133858026 1
134105348 1
134390054 1
134422110 1
134515659 1
134679518 1
135033987 1
135264028 1
135315240 1
135532817 1
135959031 1
135990500 1
136132924 1
136139156 1
136182515 1
136200681 1
136267726 1
136369207 1
137030907 1
137354337 1
137398987 1
137731962 1
137870094 1
138059940 1
138078929 1
138241311 1
138419246 1
139086344 1
139270064 1
139401854 1
139459844 1
139561290 1
140013250 1
140055764 1
140610957 1
140752092 1
140893571 1
140933596 1
140986012 1
141124511 1
141259499 1
141280502 1
141578776 1
141789586 1
141843343 1
141881580 1
141955693 1
142199174 1
142242474 1
142362513 1
142410355 1
142537572 1
142926490 1
142926630 1
143052777 1
143168182 1
143179117 1
143210990 1
143343195 1
143390172 1
143399196 1
143495141 1
143649052 1
143843446 1
144065993 1
144107543 1
144174176 1
144628689 1
144655155 1
144715056 1
144719713 1
144875851 1
145130770 1
145600894 1
145676341 1
145916798 1
146089043 1
146177118 1
146223293 1
146385515 1
146406213 1
146533116 1
147040919 1
147140793 1
147413088 1
147569650 1
147832268 1
148080525 1
148370221 1
148443318 1
148595580 1
148647495 1
148948776 1
148962310 1
149045599 1
149165340 1
149278557 1
149587100 1
149968885 1
150382196 1
150458246 1
150684685 1
150750842 1
150805488 1
150960011 1
151117447 1
151246989 1
151378632 1
151421025 1
151449346 1
151502395 1
151740209 1
152251811 1
152411961 1
152784679 1
152860588 1
152876736 1
152914087 1
153465488 1
153503669 1
153893538 1
153967287 1
154411861 1
154588738 1
154786872 1
154841317 1
154939979 1
155061934 1
155213187 1
155261168 1
155278374 1
155328835 1
155652014 1
155681001 1
155773086 1
155797782 1
155943799 1
156033148 1
156095310 1
156161445 1
156210437 1
156359170 1
156401086 55374449
156446992 1
156676416 1
156684989 1
157062022 1
157106656 1
157125853 1
157142741 1
157232135 1
157509578 1
157857710 1
158148622 1
158279267 1
158647698 1
158743738 1
158802507 1
159019584 1
159075409 1
159250509 1
159311179 1
159604634 1
159616534 1
160093804 1
160239777 1
160441899 1
160494242 1
160594590 1
160777405 1
160802336 1
160986222 1
161772260 1
162178025 1
162212956 1
162697535 1
162974569 1
163028451 1
163037538 1
163189311 1
163505756 1
163715317 1
163910281 1
164007161 1
164152097 1
164475461 1
164551712 1
164608137 1
164649231 1
164914081 1
165108618 1
165165715 1
165329101 1
165348724 1
165360564 1
165511838 1
165520035 1
165536227 1
165875916 1
166199300 1
166269233 1
166455157 1
166747481 1
166837154 1
166915513 1
166917640 1
167374803 1
167401824 1
167458584 1
167495353 1
167646105 1
167844114 1
168089787 1
168266589 1
168563891 1
168616781 1
169040795 1
169468759 1
169477787 1
169540941 1
169576408 1
169626454 1
170347304 1
170717757 1
170746991 1
170833323 1
171098896 1
171119812 1
171182697 1
171222427 1
171251846 1
171507231 1
171621667 1
171622822 1
171654069 1
171740631 1
171784979 1
171915562 1
172082602 1
172165504 1
172370195 1
172489595 1
173041907 1
173071195 1
173095218 1
173135399 1
173212580 1
173317338 1
173341324 1
173454270 1
173454371 1
173624785 1
173733309 1
173834178 1
173858037 1
173881687 1
174040292 1
174265203 1
174392438 1
174456622 1
174510986 1
174946270 1
174990073 1
175016209 1
175527005 1
175576332 1
175672338 1
176633932 1
177045614 1
177106984 1
177179330 1
177264503 1
177947581 1
178028673 1
178325410 1
178617137 1
178657168 1
178929797 1
179057888 1
179139632 1
179209565 1
179221022 1
179267254 1
179287553 1
179427563 1
179868871 1
180235195 1
180841608 1
181041080 1
181051686 1
181065693 1
181787921 1
182135433 1
182154544 1
182453620 1
182552939 1
182560183 1
182622412 1
182665511 1
182666719 1
182703716 1
182747711 1
182991033 1
183004157 1
183004491 1
183082954 1
183322182 1
183341665 1
183498129 1
183504331 1
183617331 1
184181521 1
184351341 1
184351987 1
184594523 1
184636743 1
184671473 1
184808297 1
185302143 1
185432547 1
185474348 1
185526473 1
185666621 1
185780453 1
185935357 1
186149320 1
186193327 1
186455934 1
186624790 1
186649179 1
186658090 1
186766715 1
187144648 1
187522792 1
187872471 1
188131149 1
188252408 1
189128784 1
189518924 1
189667703 1
189969484 1
190487747 1
190535310 1
190758669 1
190916448 1
191369106 1
191653812 1
191778485 1
191906705 1
191915141 1
191915182 1
191967481 1
192120622 1
192296753 1
192330823 1
192509429 1
192570537 1
192672300 1
193176448 1
193307363 1
193492754 1
193711994 1
193741542 1
193763237 1
193842289 1
193950267 1
194102764 1
194241353 1
194416371 1
194465082 1
194495917 1
194911011 1
195190523 1
195468905 1
195586582 1
196005716 1
196196348 1
196509877 1
196523785 110749134
196529326 1
196542481 1
196642022 1
196690840 1
196944063 1
197069597 1
197162728 1
197558256 1
197820402 1
197875181 1
198011009 1
198103321 1
199167389 1
199375683 1
199539143 1
199632239 1
199732814 1
199818024 1
199868324 1
199873859 1
200285555 1
200334762 1
201136679 1
201171388 1
201342537 1
201425137 1
201432062 1
201730500 1
201849762 1
202127481 1
202147102 1
202513294 1
202546960 1
202599925 1
203100872 1
203328108 1
203830299 1
203883611 1
203989369 1
204402960 1
204537865 1
204723302 1
205095482 1
205107336 1
205193926 1
205194624 1
205503187 1
205533157 1
205533422 1
206177970 1
206376646 1
206500032 1
206537549 1
206972460 1
206981451 1
207013405 1
207077521 1
207392873 1
207586791 1
207667648 1
207691010 1
208006612 1
208078395 1
208213968 1
208347846 1
208603855 1
208867899 1
208960101 1
209009783 1
209073853 1
210093341 1
210118568 1
210229068 1
210660614 1
210786208 1
210879285 1
211074701 1
211682418 1
211749097 1
211789991 1
211904507 1
211998984 1
212268391 1
212642085 1
212652053 1
212812324 1
213099377 1
213153239 1
213613569 1
213713617 1
214105217 1
214197822 1
214436841 1
214633308 1
214707240 1
214730221 1
215033253 1
215470708 1
215621338 1
215651721 1
215776499 1
216023343 1
216112436 1
216228639 1
216306558 1
216365754 1
216860455 1
217339775 1
217387299 1
217522528 1
217534330 1
217875417 1
217893881 1
217933674 1
217998882 1
218085360 1
218128445 1
218144833 1
218322037 1000000000
218686888 1
218921027 1
219003023 1
219109519 1
219146657 1
219161267 1
219717701 1
219781531 1
220193486 1
220584398 1
220690976 1
220691021 1
220814173 1
220929897 1
221071796 1
221114511 1
221336370 1
221487511 1
221570628 1
221709660 1
221773676 1
222134720 1
222176177 1
222195906 1
222443955 1
222562225 1
222689137 1
223204606 1
223233883 1
223482980 1
223756784 1
223779781 1
223809446 1
224037292 1
224068964 1
224406798 1000000000
224538028 1
224752634 1
225254874 1
225299222 1
225667765 1
225907954 1
226620518 1
226645177 1
226833113 1
227109883 1
227360220 1
227600318 1
227619813 1
227920446 1
227944940 1
228146145 1
228569223 1
228617957 1
228771170 1
228821566 1
229088775 1
229348151 1
229360561 1
229431733 1
229817941 1
229957947 1
230628958 1
230952842 1
230996138 1
231088791 1
231325273 1
231546716 1
231675541 1
231799491 1
232078654 1
232328882 1
233053169 1
233144944 1
233204270 1
233323723 1
233794888 1
233970670 1
234460190 1
234901943 1
235005742 1
235310718 1
235457857 1
235570295 1
235905104 1
237065927 1
237272281 1
237516319 1
237873977 1
238086210 1
238280638 1
238337964 1
238679331 1
238815441 1
238865510 1
239015901 1
239018828 1
239254995 1
239429535 1
239455165 1
239493682 1
240241773 1
240853083 1
240996194 1
241093503 1
241217614 1
241220654 1
241411563 1
241441831 1
241635571 1
241973256 1
242040097 1
242327500 1
242727225 1
242854432 1
242895918 1
242928292 1
242947021 1
243344659 1
243656141 1
244313545 1
244756553 1
244815312 1
244981569 1
245045850 1
245551789 1
245557178 1
245600741 1
245845818 1
246453754 1
246660839 1
246692216 1
247447044 1
247449872 1
247550143 1
247739433 1
247747222 1
247876658 1
248014371 1
248057408 1
248281077 1
248337524 1
248670435 1
248720277 1
248831101 1
249269542 1
249316411 1
249614733 1
249720555 1
249838140 1
249870638 1
250119161 1
250411416 1
250492587 1
250522606 1
250611348 1
250672127 1
250801441 1
250851595 1
250948433 1
251023630 1
251185204 1
251417651 1
251827170 1
251852834 1
252217344 1
252281213 1
252448579 1
252686874 1
252911638 1
253011398 1
253455135 1
253614573 1
253724547 1
253740782 1
253813643 1
254203218 1
254318584 1
254412635 1
254511605 1
254786246 1
254916308 1
255451944 1
255562395 1
255653663 1
255979510 1
256012691 1
256063721 1
256123550 1
256274567 1
256447119 1
256635752 1
256847270 1
256900059 1
256930944 1
256944061 1
256958752 1
257098465 1
257281855 1
257596989 1
257865229 1
257892316 1
257909347 1
258119659 1
258211683 1
258434020 1
258522714 1
258532514 1
258604269 1
258611848 1
258655909 1
259069821 1
259282873 1
259361444 1
259794499 1
259874867 1
260046352 1
260090781 1
260147448 1
260163995 1
260213926 1
260460788 1
260569367 1
260831936 1
260859355 1
260964125 1
261038098 1
261187929 1
261245626 1
261337757 1
261376471 1
261412518 1
261443263 1
261463554 1
261559814 1
261759405 1
261773181 1
261946527 1
262050492 1
262078290 1
262131815 1
262450652 1
262535429 1
263094760 1000000000
263201374 1
263204377 1
263221045 1
263254494 1
263329499 1
263355885 1
263609535 1
263968420 1
263983420 1
264344661 1
264807903 1
264855883 1
265309310 1
265489187 1
265823622 1
265857238 1
265966240 1
266052824 1
266178662 1
266258327 1
266284131 1
266441005 1
266630506 1
266634360 1
267165399 1
267219924 1
267370481 1
267420156 1
267946812 1000000000
267966866 1
268108745 1
268131613 1
268326631 1
268400333 1
268493842 1
268862048 1
269123011 1
269156072 1
269267047 1
269482794 1
269486938 1
269650026 1
269991698 1
270348948 1
270545900 1
270807832 1
271173503 1
271237928 1
271757805 1
271759386 1
272115105 1
272130509 1
272139808 1
272372853 1
272434196 1
272649902 1
272755971 1
273193241 1
273294047 1
273399616 1
273478988 1
273569323 1
273569810 1
273766496 1
274045682 1
274121293 1
274137980 1
274212354 1
274353962 1
274443282 1
274684994 1
274726798 1
274815465 1
275137146 1
275201914 1
275220367 1
275513934 1
275876693 1
276044033 1
276086554 1
276131808 1
276230522 1
276241505 1
276320213 1
276539457 1
276560421 1
276666071 1
276709849 1
276961282 1
277065945 1
277250292 1
277427770 1
277531478 1
277671756 1
277797040 1
277938118 1
277976325 1
277997969 1
278083636 1
278100964 1
278630203 1
278754072 1
278798423 1
278956438 1
279131800 1
279430677 1
279580339 1
280114664 1
280400275 1
280465353 1
280786942 1
280900656 1
281105867 1
281144318 1
281473459 1
281692608 1
282198719 1
282213168 1
282895921 1
282934441 1
283099550 1
283169357 1
283313041 1
283335165 1
283450860 1
283593907 1
283702030 1
283761798 1
284099455 1
284217744 1
284379420 1
284589929 1
284909447 1
285335417 1
285717389 1
286056241 1
286285570 1
286313248 1
286385193 1
286431083 1
286480213 1
286624317 1
286832439 1
286873238 1
286895390 1
287084804 1
287271663 1
287339881 1
287663804 1
287712285 1
288977117 1
289321138 1
289485423 1
289623661 1
289646111 1
289731556 1
289792218 1
289925365 1
290519198 1
290826470 1
290841690 1
290867143 1
290875388 1
291010455 1
291392526 1
291649226 1
291765812 1
291857508 1
291932980 1
292094366 1
292170751 1
292210434 1
292412073 1
292534305 1
292534367 1
292587651 1
293041070 1
293368148 1
293508912 1
293763706 1
293972505 1
294240978 1
294381336 1
295064331 1
295101102 1
295792810 1
296437472 1
296668345 1
296811820 1
297123508 1
297168972 1
297181045 1
297213051 1
297669101 1
297868047 1
297878656 1
298173328 1
298491980 1
298503297 1
298615677 1
298757759 1
298853442 1
298945288 1
298969343 1
299008555 1
299057765 1
299124645 1000000000
299180105 1
299354494 1
299674247 1
299948708 1
300075265 1
300548768 1
300800469 1
300886151 1
301133042 1
301273437 1
301508628 1
302042436 1
302092991 1
302181207 1
302517197 1
302890329 1
303239973 1
303331896 1
303451899 1
303612569 1
303759893 1
303836706 1
304086990 1
304587988 1
304664802 1
304941312 1000000000
305112674 1
305727997 1
305916752 1
306005923 1
306206221 1
306451869 1
306497959 1
307103977 1
307362633 1
307377984 1
307545940 1
307795842 1
307923155 1
308152784 1
308210417 1
308263585 1
308364016 1
308415036 1
308444305 1
308508927 1
308792556 1
308836198 1
308860686 1
308969780 1
309027286 1
309068202 1
309112473 1
309155248 1
309263828 1
309471057 1
309478079 1
309493661 1
309582772 1
309616198 1
309964391 1
310042876 1
310084846 1
310315409 1
310483633 1
310487864 1
310559612 1
310632302 1
310635447 1
310947033 1
311173381 1
311294544 1
311369150 1
311487034 1
311667169 1
311830235 1
311927491 1
312096738 1
312134796 1
312183812 1
312264333 1
312289205 1
312737222 1
312852974 1
313016951 1
313037537 1
313179024 1
313293551 1
313396552 1
313656533 1
313671220 1
313795922 1
313815103 1
313945246 1
313946156 1
314225832 1
314346655 1
314543716 1
315135583 1
315181672 1
315300152 1
315517603 1
315648837 1
315902103 1
315937080 1
315976366 1
316075329 1
316080974 1
316198207 1
316227219 1
316238274 1
316814896 1
316817806 1
316915986 1
316979010 1
317103254 1
317161117 1
317237056 1
317392278 1
317411381 1
317429170 1
317519064 1
317713955 1
317752028 1
317928690 1
318040328 1
318119553 1
318128057 1
318626256 1
318665231 1
318700240 1
318846601 1
319089561 1
319307911 1
319344424 1
319380434 1
319393080 1
319550218 1
319559407 1
319709983 1
319882624 1
319921850 1
320153541 1
320333561 1
320339936 1
320430912 1
320489578 1
320768094 1
320924737 1
321062938 1
321243960 1
321451717 1
321492648 1
321521926 1
321653992 1
321746492 1
321749323 1
321833193 1000000000
321888160 1
322328200 1
322524341 1
322539871 1000000000
322650134 1
322684160 1
323160072 1
323235986 1
323255540 1
323480869 1
323545287 1
323724546 1
324101057 1
324254501 1
324296666 1
324300938 1
324560093 1
324629833 1
324657093 1
324714725 1
324867075 1
325429119 1
325551709 1
325715802 1
326207441 1
326244201 1
326288298 1
326536905 1
326716356 1
327002030 1
327083544 1
327199568 1
327329349 1
327594129 1
328538404 1
328761616 1
328784310 1
328977102 1
329097390 1
329161978 1
329175362 1
329240948 1
329485541 1
329726890 1
330134256 1
330197246 1
330198349 1
330227946 1
330609205 1
331984701 1
332000811 1
332129767 1
332377296 1
332459339 1
333000294 1
333038931 1
333286279 1
333843726 1
333961627 1
334214720 1
334513552 1
334600957 1
334811823 1
334922471 1
335152028 1
335186732 1
335219139 1
335284558 1
335408341 1
335423197 1
335463948 1
335591065 1
335594802 1
335742914 1
335789338 1
335896637 1
335991119 1
336153960 1
336284397 1
336586797 1
336643614 1
336670492 1
336740607 1
336874344 1
336907010 1
336940776 1
337058816 1
337075128 1
337188449 1
337520026 1
337578505 1
337715433 1
338332821 1
338576958 1
338660747 1
338847955 1
339351915 1
339375649 1
339794619 1
339871807 1
340217664 1
340455990 1
340945546 1
340961021 1
340995308 1
341111245 1
341295304 1
341351597 1
341471566 1
341517112 1
341639794 1
341687003 1
342048273 1
342179609 1
342280678 1
342527990 1
342760726 1
342826633 1
342888117 1
342907201 1
342914839 1
342929919 1
343316545 1
343663316 1
343990050 1
344375564 1
344404132 1
344626473 1
344770163 1
344900408 1
344958991 1
344959444 1
344959770 1
345368143 1
345697596 1
345767012 1
345967418 1
345997529 1
346316371 1
346428547 1
346429617 1
346514734 1
346528709 1
346735168 1
346818138 1
347006346 1
347024443 1
347187276 1
347512235 1
347626500 1
347641583 1
347670216 1
347817788 1
348384125 1
348570889 1
348602065 1
348633639 1
348973317 1
349411209 1
349537322 1
349646133 1
349647906 1
349648439 1
350124196 1
350192655 1
350333398 1
350583901 1
350703171 1
350878250 1
350986320 1
351134924 1
351199988 1
351263225 1
351704545 1
351951087 1
352038231 1
352404475 1
352424023 1
352787146 1
352787269 1
353251515 1
353459832 1
353836334 1
353852214 1
353934257 1
353976913 1
354097505 1
354188436 1
354243813 1000000000
354858002 1
354913183 1
355334835 1
355352772 1
355492132 1
355524761 1
356516310 1
356530268 1
356856911 1
357162718 1
357361543 1
357473179 1
357718376 1
357739223 1
357964702 1
357974353 1
358050703 1
358499830 1000000000
358891526 1
359013141 1
359516710 1
359543029 1
359813992 1
359999922 1
360046660 1
360323007 1
360556610 1
360576198 1
360650970 1
360669005 1
361016425 1
361127669 1
361183122 1
361991540 1
362055363 1
362420691 1
362495378 1
362564162 1
362784449 1
362885067 1
362946857 1
363568117 1
363887204 1
364193241 1
364281130 1
364325558 1
364592962 1
364675590 1
364775809 1
364951475 1
365005168 1
365023297 1
365196282 1
365247372 1
365263773 1
365417964 1
365775076 1
365888578 1
366362368 1
366427252 1
366468055 1
366857009 1
367001110 1
367206683 1
367463857 1
367626437 1
367691890 1
367935401 1
368138927 1
368387214 1
368518605 1
368793329 1
368945528 1
369083361 1
369167012 1000000000
369196058 1
369228048 1
369429992 1
369539320 1
369559506 1
369635821 1
369847052 1
369854141 1
369869811 1
369922080 1
369941031 1
370031417 1
370096619 1
370747975 1
371233781 1
371308411 1
371399439 1
371621071 1
371813475 1
371889073 1
371953765 1
372293373 1
372512818 1
372559463 1
372615561 1
372619482 1
373608706 1
373634160 1
373654814 1
373750622 1
374173336 1
374279290 1
374298111 1
375454947 1
375767761 1
375779105 1
375905319 1
376084730 1
376227273 1
376661757 1
376706022 1
376873465 1
377127795 1
377290991 1
377349442 1
377569712 1
377579879 1
377729340 1
378205850 1
378283282 1
378565279 1
378838950 1
378931654 1
379052207 1
379253418 1
379439563 1
379501419 1
379576271 1
379664258 1
379910721 1
380080881 1
380115572 1
380446129 1
380539558 1
380751764 1
380769769 1
380805418 1
381340112 1
381709361 1
381712986 1
382003742 1
382158509 1
382378309 1
382393438 1
382450509 1
382603672 1
382894139 1
383024197 1
383162314 1
383245039 1
383290339 1
383513551 1
383768341 1
383817763 1
383910558 1
383924563 1
383959367 1
384065390 1
384144034 1
384745646 1
384782219 1
384825792 1
384898996 1
384984209 1
386379680 1
386557961 1
386800025 1
386834108 1
386848576 1
386906554 1
387055977 1
387309137 1
387400087 1
387649057 1
387656788 1
387730814 1
387766027 1
388090689 1
388279976 1
388322514 1
388375415 1
388381352 1
388496748 1
388580869 1
388744688 1
388771494 1
388804644 1
388853770 1
389193455 1
389221806 1
389229789 1
389379376 1
389385033 1
389403218 1
389501752 1
389593302 1
389791958 1
389860572 1
389937264 1
390094300 1
390112705 1
390328799 1
390450069 1
390580429 1
390669784 1
390864684 1
391054991 1
391157249 1
391231834 1
391991666 1
392028457 1
392253323 1
392618597 1
392859306 1
392884993 1
392908120 1
392936163 1
392960805 1
393134192 1
393689617 1
393952685 1
394566883 1
394629335 1
394645770 1
394662988 1
394797042 1
394832927 1
394880888 1
395161908 1
395178952 1
395540116 1
395802600 1
396177759 1
396629399 1
396699414 1
396769299 1
396824847 1
397008439 1
397277555 1
397607733 1
398458154 1
398616301 1
398635834 1
398776085 1
398821817 1
399020215 1
399317667 1
399345742 1
399471785 1
399581823 1000000000
400242956 1
400244082 1
400341520 1
400403210 1
400512435 1
400560035 1
400660636 1
400896650 1
400926406 1
401303265 1
401486945 1
401618242 1
401714287 1
402468507 1
402501546 1
402610213 1
402610652 1
402629910 1
403174265 1
403321431 1
403479053 1
403510910 1
403609220 1
404013519 1
404103177 1
404288617 1
404507865 1
404517105 1
404600250 1
404897569 1
405091982 1
405124153 1
405189901 1
405437361 1
405592251 1
406162298 1
406263897 1
406308851 1
406485083 1
406600640 1
406699517 1
406702412 1
406723108 1
406860958 1
407088956 1
407098251 1
407136528 1
407381646 1
407513769 1
407798957 1
407992112 1
408024131 1
408028449 1
408034341 1
408103849 1
408152865 1
408464677 1
408534424 1
408684729 1
408890828 1
409049973 1
409056969 1
409115900 1
409116672 1
409218870 1
409240978 1
409406627 1
409610014 1
409786929 1
409800621 1
409858220 1
410514473 1
410626963 1
410628081 1
410814870 1
410815802 1
410855270 1
410937696 1
411045445 1
411149581 1
411224661 1
411386212 1
411758109 1
411782004 1
411902525 1
412214700 1
412244441 1
412540770 1
412774283 1
412842087 1
413037745 1
413201855 1
413663370 1
413684623 1
413704065 1
413728114 1
413784343 1
413900804 1
414047086 1
414287596 1
414335969 1
414749899 1
414887761 1
415179595 1
415369277 1
415666761 1
416313918 1
416396735 1
416724402 1
417109561 1
417386979 1
417423954 1
417622688 1
417804572 1
417939804 1
417954993 1
418037460 1
418116710 1
418198097 1
418255189 1
418598001 1
418670541 1
418673076 1
418708503 1
418891276 1
419099193 1
419253292 1
419481939 1
419540846 1
419610307 1
419994270 1
420064499 1
420223524 1
420360319 1
420367728 1
420468123 1
420548167 1
420566059 1
420817519 1
420998616 1
421001208 1
421215725 1
421252710 1
421414279 1
421435994 1
421478501 1
421804310 1
421878902 1
421973288 1
422117680 1
422267798 1
422274359 1
422508408 1
422823524 1
423112556 1
423234321 1
423308563 1
423416457 1
423551595 1
424069999 1
424349723 1
424446684 1
424460658 1
424674102 1
424753680 1
424769472 1
424850442 1
424962532 1
425005113 1
425082989 1
425212404 1
425478535 1
425789454 1
425869100 1
425898720 1
426159269 1
426655865 1
426917094 1
426952919 1
427533723 1
428051283 1
428090699 1
428255765 1000000000
428434913 1
428588836 1
428630362 1
428721602 1
428867126 1
429103571 1
429193026 1
429202835 1
429275649 1
429529080 1
429653310 1
429668759 1
429918508 1
429936902 1
430028082 1
430213215 1
430702655 1
430754804 1
430945361 1
431048788 1
431240310 1
431514426 1
431652888 1
431657952 1
431945869 1
432060249 1
432380281 1
432405878 1
432626539 1
432879073 1
432984130 1
433034886 1
433083281 1
433198895 1
433365500 1
433603879 1
433624681 1
433778891 1
433786807 1
433868119 1
433895691 1
433979508 1
434152333 1
434226467 1
434473214 1
434480922 1
434582745 1
434686794 1
434915271 1
434957541 1
435035305 1
435367751 1
435868903 1
436153099 1
436172889 1
436193765 1
436988849 1
437281990 1
437540166 1
437546991 1
437609014 1
437663950 1
437789662 1
437838139 1
437863075 1
437883238 1
437997679 1
438164008 1
438239218 1
438331738 1
438373523 1
438629582 1
438733694 1
438791701 1
438809171 1
439200562 1
439342050 1
439386628 1
439459360 1
439657283 1
439674495 1
439895616 1
440075711 1
440120581 1
440536468 1
440581475 1
440648225 1
440857902 1
441243674 1
441537473 1
441707062 1
441728949 1
441995268 1
442161531 1
442313218 1
442368783 1
442596674 1
442597992 1
443098959 1
443330173 1
443393726 1
443907193 1
443934029 1
443967656 1
444053750 1
444158873 1
444190533 1
444250297 1
444565117 1
444729305 1
444997243 1
445059634 1
445253172 1000000000
445301937 1
445628856 1
445651535 1
445986727 1
446186971 1
446194875 1
446227000 1
446418670 1
446425692 1
446478843 1
446549913 1
446643775 1000000000
448029305 1
448125322 1
448212428 1
448224339 1
448752191 1
448830070 1
448968747 1
448988110 1
449194143 1
449375936 1
449391616 1
449436684 1
450026404 1
450068231 1
450097875 1
450189586 1
450245660 1
450536505 1
450612760 1
450853476 1
450962585 1
451122531 1
451300670 1
452079166 1
452160964 1
452498003 1
452580671 1
453007114 1
453042395 1
453394879 1
453411585 1
453462544 1
454089059 1
454176663 1
454420533 1
454516062 1
454618980 1
454817321 1
454923587 1
455086277 1
455242305 1
455481523 1
455923119 1
456780167 1
456787123 1
456969337 1
457078261 1
457181886 1
457275638 1
457295144 1
457327321 1
457467220 1
457540505 1
457658384 1
457822552 1
457985118 1
458026387 1
458153347 1
458157841 1
458192636 1
458945953 1
458985722 1
459006678 1
459028290 1
459096403 1
459513912 1
459618620 1
459631847 1
459766044 1
459938558 1
459965434 1
460020963 1
460231493 1
460322675 1
460681735 1
460778387 1
460875136 1
460922686 1
460941517 1
460994033 1
461142254 1
461144331 1
461338980 1
461405057 1
461516548 1
461826261 1
462007397 1
462040773 1
462684463 1
462783431 1
462896274 1
463193823 1
463305438 1
463434585 1
463719978 1
464373528 1
464399155 1
464642774 1
464646477 1
465407605 1
465410089 1
465612338 1
465961031 1
466419986 1
466473268 1
466514496 1
466679885 1
466821421 1
467035251 1
467132982 1
467230514 1
467238956 1
467452053 1
467811877 1
468070468 1
468114872 1
468286958 1
468587231 1
468848305 1
469182498 1
469285439 1
469671618 1
469731442 1
469789073 1
470458953 1
470802459 1
470891590 1
470895483 1
471045656 1
471109455 1
471182513 1
471444602 1
471798162 1
471814787 1
472167848 1
472234264 1
472237348 1
472350573 1
472383554 1
472410208 1
472489525 1
472677155 1
472780149 1
473064976 1
473090157 1
473091356 1
473818054 1
473976925 1
474209014 1
474325228 1
474606216 1000000000
474628281 1
474789337 1
474817819 1
474888667 1
475088977 1
475161617 1
475348308 1
475364344 1
475493849 1
475493901 1
475554514 1
475796039 1
475917918 1
475945340 1
476021624 1
476047777 1
476059518 1
476459132 1
476561269 1
476702395 1
476740164 1
476770138 1
476839387 1
476847927 1
477250356 1
477686452 1
478146397 1
478346845 1
478898945 1
479041080 1
479149263 1
479242046 1
479384573 1
479459065 1
479704323 1
479904503 1
480071682 1
480210231 1
480228450 1
480235238 1
480516368 1
480619287 1
480697539 1
480920914 1
481262320 1
481274241 1
481291389 1
481360101 1
481447305 1
481824410 1
481832668 1
481851727 1
481938679 1
481949205 1
482024929 1
482263748 1
482554337 1
482627131 1
482794101 1
482824621 1
482911286 1
482942316 1
483050189 1
483212721 1
483241519 1
483368551 1
483456829 1
483501530 1
484948292 1
485048837 1
485180172 1
485334796 1
485396687 1
485480115 1
485653685 1
485854049 1
485969594 1
486008394 1
486009382 1
486028125 1
486046808 1
486601234 1
486640215 1
486956395 1
487367580 1
487576125 1
487778643 1
487879446 1
487988759 1
488224067 1
488765013 1
489060456 1
489191713 1
489319425 1000000000
489799787 1
489953039 1
490119948 1
490289263 1
490346627 1
491323774 1
491752430 1
491831703 1
491844660 1
492099909 1
492180688 1
492203537 1
492258270 1
493163965 1
493202485 1
493365140 1
493606695 1
493950399 1
494000426 1
494012069 1000000000
494163368 1
494435340 1
494464498 1
494588763 1
494676103 1
494772731 1
495178955 1
495261578 1
495282820 1
495567124 1
495604551 1
495658785 1
495694616 1
495792138 1
495926314 1
496578855 1
496793929 1
497017448 1
497316540 1
498017790 1
498097497 1
498536932 1
498616816 1
498875362 1
499172372 1
499202503 1
499269510 1
499413929 1
499522426 1
499593241 1
499630465 1
499693803 1
499993478 1
500194972 1
500387860 1
500480410 1
500574399 1
500609604 1
500792760 1
501073526 1
501140106 1
501283599 1
501355661 1
501361300 1
501548654 1
501655652 1
501904641 1
501982284 1
502326938 1
502475693 1
502922767 1
503071110 1
503142737 1
503172908 1
503269550 1
503401343 1
503555983 1
503648126 1
503701397 1
503805543 1
503896627 1
503941432 1
504311272 1
504418221 1
504482669 1
504614515 1
504620947 1
505138897 1
505341660 1
505637871 1
506029889 1
506137278 1
506297842 1
506779715 1
506912450 1
507018883 1
507272004 1
507455624 1
507470905 1
507543269 1
507561252 1
507620268 1
507649101 1
507737671 1
507861080 1
508006926 1
508142106 1
508191158 1
508300495 1
508497417 1
508497914 1
508578916 1
508603399 1
508726483 1
508731449 1
509267739 1
509286190 1
510024236 1
510217433 1
510296577 1
510300645 1
510343105 1
510432894 1
510914073 1
510999811 1
511105711 1
511521193 1
511559813 1
511618189 1
511730082 1
512035177 1
512563610 1
512586236 1
512976076 1
513291314 1
513375232 1
513485027 1
513505957 1
514024074 1
514607849 1
514664708 1
514785496 1
515283711 1
515346586 1
515801048 1
515890541 1
516009589 1
516106162 1
516200048 1
516299466 1
516697472 1
516734224 1
516807427 1
516820610 1
516831474 1
516853257 1
517112089 1
517228927 1
517401855 1
518581820 1
518602266 1
518982863 1
519479490 1
519948579 1
520021045 1
520034004 1
520162453 1
520214615 1
520422635 1
520639436 1
521332265 1
521367733 1
521472362 1
521529348 1
521552900 1
521702340 1
521731369 1
521853472 1
521950870 1
521976214 1
522039235 1
522108257 1
522311983 1
522601664 1000000000
522644814 1
522675391 1
522769993 1
523095620 1
523676781 1
523730930 1
523822792 1
524017150 1
524185426 1
524185660 1
524187325 1
524427608 1
524512938 1
524569941 1
524589973 1
524851315 1
525275529 1
525832741 1
525841653 1
526240583 1
526401335 1
526465639 1
526659296 1
526714482 1
526719660 1
527552880 1
528090315 1
528170361 1
528332389 1
528532588 1
528648432 1
528715125 1
528793188 1
528796633 1
528860074 1
529231281 1
529326075 1
529506380 1
529653153 1
529663861 1000000000
529672497 1
529886958 1
530050570 1
530801788 1
531082676 1
532038931 1
532150353 1
532237031 1
532263880 1
532665202 1
532990143 1
533052569 1
533101799 1
533273649 1
533303861 1
533395163 1
533616340 1
533667363 1000000000
534038764 1
534255117 1
534332287 1
534570458 1
534716136 1
534853738 1
534879222 1000000000
535008891 1
535073768 1
535314795 1
535343123 1
536036133 1
536191993 1
536433553 1
536553849 1
536578911 1
536711772 1
537260464 1
537309993 1
537322068 1
537467375 1
537594902 1
537758796 1
538807623 1
538879546 1
538896056 1
538922666 1
539118205 1
539397338 1
539623793 1
539752067 1
539966473 1
540057493 1
540349269 1
540372054 1
540476231 1
540491078 1
540568011 1
540712241 1
540943482 1
540968206 1
541044955 1
541208488 1
541250493 1000000000
541265339 1
541333850 1
541448107 1
541470987 1
541571511 1
541742577 1
542000390 1
542353247 1
542466578 1
542507481 1
542645943 1
542911795 1
542954524 1
542962424 1000000000
543074692 1
543187718 1
543206330 1
543650209 1
543970413 1
543971500 1
543971616 1
544341924 1
544393477 1
544426461 1
544655197 1
544880687 1
544929207 1
545044902 1
545104899 1
545335236 1
545390506 1
545400237 1
545478989 1
545783337 1
545904508 1
545925956 1
545984941 1
546155667 1
546280397 1
546461838 1
546493657 1
546749658 1
547079470 1
547448148 1
547744374 1
547848334 1
547939043 1
548023434 1
548078806 1
548436130 1
548605089 1
548720816 1
549151114 1
549170583 1
549517568 1
549950790 1
550095140 1
550109465 1
550222064 1
550261911 1
550486703 1
550824466 1
550901999 1
551094277 1
551168616 1
551240320 1
551488170 1
551575377 1
551698477 1
551747137 1
551971716 1
552031490 1
552388726 1
552648937 1
552749935 1
552785773 1
552896460 1
553188333 1
553200375 1
553273379 1
553384579 1
553514364 1
553592601 1
553749299 1
553998631 1
554152589 1
554258932 1
554684387 1
554691416 1
555090763 1
555262708 1
555730983 1
555735862 1
555821316 1
556001035 1
556314574 1
556424182 1
556827088 1
557055911 1
557249960 1
557468113 1
557489109 1
557535871 1
557834202 1
557852289 1
557956644 1
558386936 1
558579159 1
558997310 1
559019976 1
559153289 1
559240430 1
559244462 1
559431173 1
559553741 1
559636719 1
560331885 1
560432222 1
560518319 1
560544681 1
561177062 1
561695298 1
561724204 1
561872878 1
562272172 1
562537350 1
562993957 1
563441107 1
563611888 1
563841561 1
564310178 1
564678455 1
564876106 1
564914829 1
565494679 1
565713725 1
565842228 1
565928056 1
566236979 1
566318807 1
566326420 1
566365519 1
566422401 1
566824419 1
567009410 1
567178214 1
567639416 1
567907411 1
568613217 1
568941101 1
569200292 1
569204473 1
569306688 1
569337707 1
569561442 1
569602521 1
569848447 1
569980091 1
570286175 1
570306873 1
570338756 1
570637388 1
571007286 1
571043858 1
571117528 1
571420181 1
571965608 1
572089201 1
572485231 1
572541596 1
572576840 1
572648300 1
572720377 1
572907737 1
572998516 1
573022823 1
573072373 1
573083081 1
573153017 1
573953986 1
574006296 1
574601428 1
574929339 1
575078495 1
575342802 1
575400478 1
575439120 1
575472174 1
575584279 1
575739821 1
575854945 1
576080569 1
576144328 1
576272136 1
576730922 1
577416946 1
577726182 1
577795384 1
577956629 1
578000310 1
578266561 1
578416520 1
578452875 1
578526496 1
578597442 1
578850525 1
578922370 1
579074544 1
579161976 1
579221013 1
579296254 1
579299524 1
579723540 1
579941193 1
579977807 1
580082111 1
580142305 1
580272720 1
581011259 1
581259760 1
581340418 1
581398731 1
581496303 1
581601732 1
581734659 1
581980605 1
582223975 1
582561462 1
582633875 1
582718926 1
582981238 1
583186622 1
583817843 1
583844623 1
583877445 1
584095334 1
584150579 1
584376305 1
584381728 1
584478286 1
584586950 1
584891882 1
585804371 1
585810370 1
585959437 1
586020709 1
586558628 1
586667651 1
586826902 1
586895008 1
587270004 1
587431920 1
587544082 1
587954471 1
588025607 1
588232130 1
588391209 1
588402745 1
588802848 1
588888456 1
588915168 1
588929806 1
589170475 1000000000
589298419 1
589317666 1
589444636 1
589604576 1
589643897 1
589793415 1
589932721 1
590076858 1
590336557 1
590394895 1
590503887 1
590698654 1
590730288 1
590916033 1
592110757 1
592110920 1
592113085 1
592113667 1
592407799 1
592431337 1
592471384 1
592706896 1
592763628 1000000000
592776347 1
592857770 1
593004162 1000000000
593092436 1
593239814 1
593488037 1
593669464 1
594043195 1
594057239 1
594085680 1
594731352 1
594792435 1
595141847 1
595217477 1
595495524 1
595728166 1
595937232 1
596267635 1
596314507 1
596588151 1
597118326 1
597314039 1
597333908 1
597383288 1
597566677 1
597690386 1
597716087 1
597788367 1
598169655 1
598897129 1
599159209 1
599441612 1
599824492 1
600180273 1
600240700 1
600661341 1
600780260 1
601357229 1
601443410 1
601715903 1
601854821 1
602204165 1
602296010 1
602461769 1
602637034 1
602783395 1
603223173 1
603414244 1
603548126 1
603662398 1
603812399 1
603850429 1
604372940 1
604446233 1
604449219 1
604978702 1
605155015 1
605369541 1000000000
605381107 1
605381564 1
605420401 1
605551939 1
605610191 1
605656998 1
605771185 1
605968584 1
606157224 1
606488802 1
606493557 1
606611112 1
606798936 1
606861865 1
607033750 1
607118133 1
607425349 1
607522233 1
607548871 1
608036983 1
608057727 1
608121040 1
608147726 1
608625264 1
608707788 1
609007260 1
609462085 1
609522321 1
609544794 1
609678745 1
610068206 1
610441167 1
610568194 1
610756050 1
611311830 1
611404455 1
611660229 1
611734763 1
611744874 1
611932022 1
612417140 1
612742598 1
612956626 1
612980774 1
613290084 1
613634185 1
613688740 1
613972606 1
614063244 1
614144775 1000000000
614269192 1
614390785 1
614842316 1
614883732 1
614892727 1
615413184 1
616120448 1
616210180 1
616297191 1
616797032 1
617065333 1
617357314 1
617504031 1
617669188 1
617981889 1
618164468 1
618186790 1
618196854 1
618428560 1
618439136 1
618808310 1
618909667 1
618984080 1
619155902 1
619193132 1
619324717 1
619352991 1
619435334 1
619742036 1
619851971 1
619913280 1
620144455 1
620160973 1
620197710 1
620404487 1
620420152 1
620638296 1
620673267 1
621141788 1
621466770 1
621729327 1
621918004 1
621978054 1
622002128 1
622113072 1
622195850 1
622241312 1
622246982 1
622279982 1
622410957 1
622766196 1
622805764 1
622987620 1
623102842 1
623112782 1
623159208 1
623289147 1
623346044 1
623511162 1
623833157 1
623968230 1
624000580 1
624118263 1
624138905 1
624274209 1000000000
624297276 1
624525626 1
624544244 1
624699170 1
624758643 1
624852167 1
624878482 1
624984533 1
625142187 1
625199410 1
625310822 1
625814358 1
625850760 1
625933887 1
625958979 1
625975505 1
626110253 1
626209682 1
626623831 1
626654629 1
626699732 1
626783576 1
626792015 1
627119800 1
627129975 1
627486435 1
627597259 1
627653058 1
628001786 1
628088872 1
628242854 1
628447698 1
628869770 1
628970610 1
629031548 1
629075137 1
629124222 1
629539248 1
629792039 1
630522610 1
630605710 1
630967558 1
631072889 1
631160521 1
631192093 1
631224403 1
631266996 1
631283886 1
631372052 1
631391823 1
631605771 1
631612508 1
631945709 1
632140429 1
632212357 1
632236261 1
632268473 1
632500290 1
632726327 1
632824484 1
633028059 1
633164886 1
633216163 1
633283875 1
633861954 1
633889974 1
633944533 1
634287191 1
634331206 1
634346128 1
634459189 1
634743518 1
634999123 1
635375643 1
635492927 1
635714879 1
635765914 1
636386468 1
636403446 1
636517693 1
636562252 1
636661192 1
636710575 1
637110108 1
637317694 1
637731366 1
637860442 1
637928449 1
637993869 1
638079703 1
638247701 1
639199547 1
639247545 1
639672810 1
639698918 1
639758911 1
640006172 1
640259433 1
640440030 1
640461045 1
640478397 1
640553458 1
640634352 1
640941917 1
641160158 1
641676410 1
641682159 1
641816789 1
641929042 1
642304367 1
642342303 1
642375713 1
642836200 1
642993162 1
643016666 1
643139450 1
643431183 1
643478115 1
643499789 1
644063253 1
644152066 1
644194125 1
644540059 1
644605017 1
644710377 1
645051127 1
645190269 1
645259234 1
645574499 1
645643252 1
645786700 1
645939450 1
646019765 1
646245028 1
646296067 1
646330668 1
646485310 1
646519596 1
646587675 1
646920403 1
646960312 1
647280787 1
647548821 1
647557946 1
647648746 1
648016718 1
648173894 1
648648927 1
648721627 1
648822116 1
648824108 1
649385029 1
649422915 1
649909283 1
649995776 1
650205501 1
650292426 1
650303993 1
650361046 1
650572053 1
650685845 1
650943020 1
651393555 1000000000
651547508 1
651590497 1
651745065 1
651821944 1
651957357 1
651977242 1
651983262 1
652160300 1
652424509 1
652749617 1
653011348 1
653015429 1
653407777 1
653426659 1
653690252 1
653696667 1
653845832 1
653915355 1
653977964 1
653984884 1
654062679 1
654148163 1
654187022 1
654247335 1
654486926 1
654497032 1
654717271 1
654775931 1
655150572 1
655176628 1
655323050 1
655608020 1
655629207 1
655824597 1
655847257 1
656301836 1
656659531 1
657026005 1
658056766 1
658185431 1
658247359 1
658680477 1
659339203 1
659383882 1
659443213 1
659444593 1
659524484 1
659535956 1
659795452 1
659801490 1
659806955 1
659958245 1
660067359 1
660138291 1
660245547 1
660605763 1
660647226 1
660789092 1
660838911 1
660998266 1
661233300 1000000000
661435832 1
661455418 1
661630854 1
661726519 1
661938557 1
662454112 1
662527390 1
662714279 1
662789349 1
663239640 1
663245119 1
663274500 1
663553714 1000000000
663824815 1
663842950 1
663871311 1
664774697 1
664782953 1
665085731 1
665426570 1
665508389 1
665528564 1
665579867 1
665784422 1
666019323 1
666176422 1
666188775 1
666384867 1
666388674 1
666405220 1
666501833 1
666597406 1
666707548 1
666752338 1
666786246 1
666895944 1
666914457 1
667047657 1
667422406 1
667855201 1
667904548 1
668095096 1
668292698 1
668558421 1
668860864 1
668919247 1
669168034 1
669327305 1
669500294 1
669629977 1
669906461 1
670146493 1
670844983 1
671132939 1
671488186 1
671559736 1
671595080 1
671632229 1
671680046 1
672273235 1
672354407 1
672434262 1
672542550 1
672610882 1
672671604 1
672979617 1
673040467 1
673199743 1
673350385 1
673947420 1
673950627 1
674146297 1
674168930 1
674301868 1
674358121 1
674363201 1
674702445 1
675296938 1
675351380 1
675484580 1
675572958 1
675659188 1
675717653 1
675851521 1
675946457 1
676046730 1
676194312 1
676339995 1
676361229 1
676378223 1
676456573 1
676712487 1
676726235 1
676835133 1
676867986 1
676893135 1
677267400 1
677283634 1
677577585 1
677827184 1
677882502 1
678025666 1
678230658 1
678719172 1
679477274 1
679548847 1
679712890 1
680034396 1
680039664 1
680406121 1
680452158 1
680531589 1
680961858 1
680968754 1
681047041 1
681107528 1
681285689 1
681541637 1
681642925 1
681916234 1
682168478 1
682311236 1
682370727 1
682521688 1
682657117 1
682812109 1
682817308 1
682872208 1
682981195 1
683012231 1
683108149 1
683501574 1
683502569 1
683666757 1
683810625 1
683865609 1
683981764 1
684297994 1
684409855 1
684426670 1
684468148 1
684500605 1
684568745 1
684818240 1
684838125 1
684882486 1
684887734 1
684907430 1
684924741 1
685141460 1
685240889 1
685258883 1
685283819 1
685319770 1
685439837 1
685465406 1
685654286 1
685706503 1
685787989 1
685890345 1
685898730 1
686184273 1
686519801 1
686903796 1
687033477 1
687112113 1
687116977 1
687183550 1
687418829 1
687464382 1
688104505 1
688162418 1
688400558 1
688518241 1
688552108 1
688731046 1
688815437 1
688925588 1
689010093 1000000000
689088899 1
689236564 1
689399752 1
689414860 1
689440172 1
689711196 1
689783051 1
690632854 1
690660462 1
690985322 1
691330168 1
691373799 1
691447174 1
691723367 1
691993379 1
692288777 1
692365537 1
692430433 1
692721325 1
692783800 1
692945221 1
693043888 1
693279151 1
693409816 1
693493633 1
693589831 1
693760983 1
693768791 1
693852837 1
693873689 1
694264240 1
694270184 1
694713294 1
694932338 1
694945766 1
695375699 1
695469115 1
695530540 1
695867275 1
695970522 1
696061147 1
696085956 1
696156050 1
696187614 1
696296737 1
696431494 1
696679083 1
696719441 1
697173659 1
697181977 1
697226087 1
697246468 1
697354638 1
697401181 1
697777501 1
697890168 1
697944788 1
698068683 1
698201603 1
698723696 1
698776252 1
698790911 1
698944492 1
699147594 1
699777730 1
699852387 1
699947635 1
699967641 1
700450896 1
700589321 1
700659993 1
701329141 1
701373588 1
701415506 1
701458594 1
701493876 1
701668896 1
701710214 1
702025265 1
702068912 1
702155368 1
702525024 1
702576976 1
702666432 1
702745412 1
703010824 1
703204114 1
703267638 1
703299507 1
703341689 1
703412150 1
703525435 1
703550894 1
703773139 1
703989542 1
704214746 1
704440992 1
704639563 1
704845501 1
705080505 1
705105087 1
705474096 1
705502834 1
706259514 1
706393611 1
706529049 1
706894991 1
706927773 1
706989943 1
707049384 1
707179528 1
707418247 1
707493361 1
707498456 1
707578329 1
707682062 1
707758640 1
708022636 1
708084504 1
708160738 1
708164026 1
708273090 1
709033127 1
709239910 1
709706430 1
709946240 1
710045540 1
710353297 1
710360922 1
710485766 1
710855714 1
710959679 1
711027812 1
711046639 1
711099855 1
711208349 1
711220893 1
711342199 1
711361183 1
711431001 1
711596309 1
712006123 1
712033197 1
712084196 1
712141714 1
712210650 1
712312658 1
712564000 1
712578003 1
712659682 1
712664364 1
712679100 1
712708765 1
712988470 1
713198122 1
713691382 1
714307990 1
714354764 1
714420806 1000000000
714771556 1
715251764 1
715323692 1000000000
715390210 1
715631484 1
715825024 1
715954189 1
715967014 1
716044617 1
716086938 1
716398875 1
716729832 1
716736220 1
716810879 1
717107824 1
717329389 1
717365757 1
717411578 1
717418696 1
717893347 1
718279955 1
718318284 1
718594699 1
718989169 1
719392068 1
719417697 1
719475838 1
719525876 1
719586737 1
719635571 1
719691525 1
719695909 1
719732674 1
720057612 1
720086800 1
720121651 1
720285594 1
720296649 1
720377307 1
720388211 1
720452931 1
720523051 1
720653421 1
720989345 1
721459612 1
721461416 1
721482333 1
721608568 1
721640039 1
722045637 1
722289505 1
722585363 1
722694604 1
722952902 1
723078605 1
723106600 1
723376577 1
723438357 1
723479626 1
723483839 1
724153231 1
724227626 1
724772627 1
725207602 1
725351029 1
725365854 1
725741963 1
725778324 1
725784098 1
725819172 1
725830571 1
726015131 1
726221482 1
726292392 1
726534451 1
726556997 1
727052631 1
727147477 1
727463541 1
727662968 1
727864334 1
728095844 1
728415513 1
728677392 1
728903267 1
729220239 1
729520754 1
729594618 1
729642129 1
729694788 1
730000674 1
730105969 1
730241470 1
730243346 1
730397519 1
730951655 1
730997893 1
731362869 1
731377189 1
731585909 1
732108854 1
732358495 1
732529899 1
732799909 1
732850199 1
732858515 1
732866159 1
733008460 1
733060909 1
733184165 1
733190886 1
733263321 1
733461657 1
733715361 1
733781447 1
733956094 1
734015593 1
734228343 1
734403474 1
734465174 1
734624167 1
734957338 1
734963909 1
735019615 1
735578623 1
735990631 1
736000449 1
736516650 1
736544967 1
736607733 1
736698916 1
736974617 1
737038217 1
737121078 1
737170969 1
737186925 1
737562267 1
737655630 1
737992726 1
738220575 1
738285192 1
738525262 1
739565326 1
739687075 1
739756857 1
740576613 1
740775021 1
740886952 1
740951285 1
741114969 1
741532169 1
741587579 1
741713675 1
741727160 1
741816748 1
741900183 1
742061576 1
742448462 1
742601649 1
742712108 1
743009052 1
743047525 1
743182012 1
743191849 1
743672671 1
743875613 1
743963376 1
743983560 1
744392441 1
745089478 1
745587699 1
745600867 1
745720648 1
746044487 1
746104206 1
746158467 1
746196852 1
746226265 1
746618138 1
746703565 1
746718081 1
746947453 1
747100670 1
747103994 1
747135817 1
747258524 1
747379093 1
747739316 1
747770570 1
747919587 1
748278463 1
748531873 1
749077793 1
749107486 1
749155654 1
749364486 1
749433321 1
749447516 1
749594586 1
749601733 1
749617759 1
749748403 1
749890993 1
750022366 1
750241493 1
750453817 1
750591663 1
751256403 1
751286494 1
751469769 1
751546066 1
751547341 1
751640384 1
751647828 1
751812098 1
752214756 1
752244813 1
752386633 1
752541296 1
752569378 1
752629342 1
752673872 1
752703349 1
752805440 1
752899029 1
753143127 1
753291331 1
753304058 1
754101134 1
754195334 1
754807903 1
755350320 1
755510865 1
755620391 1
755736572 1
756139588 1
756384699 1
756606791 1
756748755 1
757170950 1
757382910 1
757605178 1
757625990 1
757963949 1
758196204 1
758207341 1
758358845 1
758539340 1
758572757 1
758657000 1
758854650 1
759117228 1
759274003 1
759495768 1
759576205 1
759580667 1
759598852 1
759681441 1
759798057 1
760101772 1
760187959 1
760394991 1
760403769 1
760534336 1
760635839 1
760653477 1
760733131 1
760988239 1
761055218 1
761191739 1
761303354 1
761355328 1
761553087 1
762396606 1
762561137 1
762627329 1000000000
763275590 1
763605578 1
763623218 1
763781126 1
763821428 1
764415319 1
764500871 1
764789031 1
764856005 1
764881548 1
765360992 1
766046024 1
766220491 1
766299833 1
766505900 1
766744739 1
767226864 1
767769142 1
767932993 1
768094426 1
768324449 1
768665786 1
768843951 1
768985708 1
769004245 1
769021971 1
769166362 1
769268986 1
769323984 1
769344993 1
769412787 1
769546924 1
769581280 1
769655145 1
770256948 1
770446836 1
770447685 1
770682993 1
770898427 1
770936127 1
770939744 1
770943503 1
771544499 1
771777279 1
772361362 1
772502658 1
772611251 1
772675013 1
773490294 1
774067214 1
774158337 1
774172208 1
774613604 1
774758148 1
774843592 1
774919256 1
775438605 1
775834631 1
775886314 1
776257507 1
776353465 1
776393511 1
776617153 1
776712109 1
776948533 1
777150313 1
777187721 1
777226980 1
777234563 1
777303457 1
777570021 1
777754178 1
777892261 1
777908147 1
777943665 1
778215141 1
778311562 1
778416598 1
778558272 1
778860971 1
778913155 1
779180950 1
779325931 1
779432664 1
779669393 1
780463364 1
780542264 1
780807150 1
780865495 1
780965173 1
781056482 1
781097848 1
781113624 1
781143198 1
781218027 1
781238686 1
781267233 1
781544769 1
781659023 1
782111260 1
782294536 1
782361070 1
782846439 1
782915201 1
782981587 1
782987832 1
783036723 1
783207807 1
783278697 1
783284548 1
783359151 1
783501795 1
783562355 1
783867088 1
784015348 1
784138245 1
784139635 1
784318700 1
784355424 1
784482481 1
784505293 1
784752391 1
784915217 1
785115000 1
785276843 1
785409056 1
785496488 1
785501242 1
785742602 1
785908707 1
786326565 1
786535756 1
787093884 1
787103785 1
787111468 1
787405215 1
787646478 1
787685051 1
787764840 1
787988308 1
788188130 1
788534989 1
788813787 1
789050027 1
789211520 1
789390451 1
789676264 1
789753355 1
789765230 1
789961185 1
790359305 1
790890659 1
790971980 1
791021149 1
791194941 1
791272189 1
791367406 1
791408078 1
791411644 1
791644569 1
791772944 1
791790757 1
791798522 1
791866012 1
791879889 1
791910804 1
792073083 1
792181374 1
792480053 1
792554602 1
792787293 1
792875820 1
792986657 1
793241674 1
793450246 1
793797172 1
794027109 1
794083725 1
794229651 1
794291602 1
794377205 1
795086176 1
795142048 1
795166398 1
795279515 1
795367804 1
795572199 1
795584432 1
795916522 1
796519386 1
796535740 1
796670309 1
796696560 1
797293133 1
797313996 1
797335125 1
797497156 1
797506751 1
797551491 1
797945723 1
798111476 1
798472318 1
798810400 1
798911269 1
799378909 1
799424923 1
799434112 1
799443882 1
799493831 1
799513588 1
799557236 1
799560377 1
800125988 1
801120737 1
801630458 1
801918000 1
802079813 1
802175619 1
802521137 1
802705944 1
803118642 1
803160892 1
803515820 1
804128072 1
804158465 1
804166110 1
804314960 1
804576961 1
804688353 1
805064126 1
805152736 1
805324196 1
805450582 1
805784118 1
806327864 1
806696839 1
806730189 1
806903549 1
806935406 1
807433862 1
807445609 1
807594018 1
807700406 1
808062876 1
808146318 1
808199947 1
808208159 1
808265214 1
808336030 1
809053872 1
809084480 1
809209349 1
809236307 1
809730149 1
809764388 1
809783563 1
809991539 1
810270897 1
810507401 1
810577660 1
810756806 1
810790061 1
810921731 1
810972190 1
811022364 1
811053938 1
811541672 1
812054044 1
812099595 1
812569956 1
812588750 1000000000
812669075 1
812699051 1
812840254 1
813038754 1
813995341 1
814044711 1
814148580 1
814200228 1
814626361 1
814958135 1
815126953 1
815196848 1
815304276 1
815487839 1
815491072 1
815520612 1
815662328 1000000000
815913983 1000000000
816030867 1
816319301 1
816445401 1
816561524 1
816840471 1
816861160 1
817141099 1
817248898 1000000000
817326332 1
817363996 1
817468663 1
817508660 1
817709300 1
817787065 1
817829703 1
817939064 1
818086518 1
818281355 1
818324341 1
818388675 1
818437389 1
818440660 1
818544701 1
818615139 1
818642147 1
819198862 1
819247045 1
819849777 1
819879826 1
819977861 1
820061023 1
820140240 1
820160247 1
820292616 1
820586845 1
821232343 1
821245539 1
821504311 1
821709892 1
821922466 1
821948485 1
821999653 1
822299422 1
822439839 1
822701610 1
822902828 1
823121778 1
823502548 885993353
823520685 1
823680621 1
823793383 1
824165156 1
824772490 1
824773742 1
824824840 1
825328164 1
825519040 1
825715258 1
825843739 1
825860795 1
825949127 1
826438452 1
826503709 1
826658797 1
826714723 1
826782586 1
826839453 1
826951064 1
826977258 1
826997183 1
827092876 1
827257021 1
827289138 1
827511923 1
827572102 1
827887387 1
827947054 1
827986376 1
828007018 1
828403579 1
828423222 1
828577766 1
828608570 1
828754910 1
828765624 1
829199047 1
829393817 1
829448324 1
830039422 1
830735712 1
830861910 1
830952440 1
831125468 1
831413167 1
831529912 1
831558576 1
831619636 1
831705311 1
831730710 1
831751221 1
832047053 1
832247894 1
832390129 1
832414677 1
832888939 1
832930509 1
832948034 1
832958149 1
833073777 1
833305742 1
833392178 1
833527252 1
833556356 1
833600607 1
834047213 1
834321866 1
834470775 1
834531119 1
834562694 1
834788258 1
834874868 1
835127317 1
835883393 1
836001204 1
836032113 1
836058054 1
836410934 1
836415507 1
836450009 1
836457402 1
836496685 1
837080215 1
837210167 1
837404466 1
837501580 1
837516849 1
837707608 1
837822892 1
837952774 1
838007550 1
838037402 1
838269559 1
838484085 1
838867785 1
839020460 1
839069646 1
839308720 1
839406711 1
839696204 1
839801410 1
839884428 1
840040973 1
840347991 1
840359057 1
840534634 1
840769756 1
841098804 1
841412189 1
841511701 1
841551717 1
841943364 1
842015599 1
842429110 1
842441292 1
842453235 1
842932281 1
842975920 1
843164312 1
843270617 1
843463565 1
843602421 1
843728477 1
843993409 1
844090534 1
844197613 1
844249227 1
844388218 1
844639161 1
844686366 1
844910842 1
844941182 1
844970729 1
845005435 1
845834323 1
846050973 1
846485401 1
846495221 1
846615628 1
846728581 1
846734311 1
846860697 1
846888298 1
847262585 1
847287887 1
847318681 1
847357816 1
847457135 1
847562803 1
847703904 1
847719858 1
847765570 1
847774867 1
847829302 1
847840804 1
848118895 1
848529397 1
848657570 1
848665089 1
848890909 1
848922399 1
848974860 1
848998115 1
849322412 1
849402356 1
849825821 1
849842111 1
849896011 1
850093329 1
850177136 1
850583123 1
851086648 1
851134640 1
851444996 1
851507089 1
851611846 1
851615905 1
851658614 1
851929335 1
852018709 1
852074757 1
852381835 1
852737029 1
853037875 1
853362892 1
853449575 1
853661101 1
853810251 1
854130899 1
854328757 1
854332883 1
854382319 1
854457910 1
854901424 1
854912103 1
855204998 1
855263163 1
855384495 1
855410214 1
855467081 1
855812443 1
856084185 1
856373689 1
856452518 1
856471524 1
857595262 1
857599599 1
857821866 1
857827155 1
857867850 1
857977627 1
858025501 1
858062006 1
858331620 1
858482272 1
858543058 1
858586404 1
858940930 1
859037353 442996567
859316932 1
859442956 1
859447155 1
859452847 1
859930099 1
860098035 221498281
860123961 1
860590987 1
860915719 1
861417682 1
861613928 1
861649651 1
861791005 1
861813603 1
862114173 1
862636774 1
862718861 1
862847253 1
862909368 1
862972057 6921751
863061032 1
863083062 1
863314787 1
863383175 1
863665330 1
863895686 1
864119980 865143
864267465 1
864284834 1
864451868 1
864664923 1
865153641 1
865369075 1
865497085 1
865860178 1
865903941 1
866018846 1
866095942 1
866270233 1
866298966 1
866594512 1
866746522 1
867496673 1
867501803 1
867851677 1
868043973 1
868250114 1
868572634 1
868730610 1
868801703 1
868882489 1
869184865 1
869320996 1
869579635 1
869725041 1
869883404 1
870036345 1
870366531 1
870868675 1
871029656 1
871043632 1
871115667 1
871259857 1
871594884 1
871599685 1
871955574 1
872166045 1
872184839 1
872791967 1
873101834 1
873180827 1
873182556 1
873379042 1
873671727 1
873762545 1
874017606 1
874314730 1
874390364 1
874500674 1
874847494 1
874998024 1
875089422 1
875304844 1
875415660 1
875507750 1
875567775 1
875658579 1
875744559 1
875869890 1
875871824 1
875940689 1
876135814 1
876328553 1
876724551 1
876821661 1
876880459 1
877576276 1
877596227 1
877691089 1
877712205 1
877721535 1
877927682 1
878316811 1
878480281 432533
878565848 1
878672661 1
879331171 1
879547590 1
879687848 1
879702615 1
879773284 1
879848429 1
880132813 1
880138732 1
880374982 1
880392914 1
880431519 1
880728835 1
880754324 1
881208037 1
881270846 1
881558053 1
881732836 1
881837964 1
882025060 1
882035921 1
882233406 1
882274511 1
882315823 1
882373149 1
882628063 1
882792616 1
883079079 1
883107520 1
883859197 1
884118827 1
884157891 1
884513708 1
884576899 1
884695764 1
885200634 1
885773956 1
885823898 1
886398824 1
886450956 1
886504067 1
886567816 1
886646998 1
886730129 1
887164760 1
887176629 1
887363877 1
887457124 1
887458899 1
887462535 1
887845614 1
887941354 1
888051325 1
888872841 1
889027929 1
889165384 1
889221698 1
889328754 1
889508133 1
889891696 1
889951766 1
890303708 1
890422396 1
890489058 1
890783679 1
891082155 1
891118383 1
891774151 1
892010412 1
892034885 1
892053108 1
892230366 1
892279879 1
892587627 1
892902546 1
892976210 1
892980664 1
893169348 1
893182981 1
893254769 1
893363906 1
893447751 1
893533069 1
893581969 1
893618767 1
894180694 1
894304619 1
894386687 1
894558159 1
894890385 1
894912151 1
895065025 1
895252845 1
895379941 1
895408603 1
895508666 1
895562310 1
895694777 1
895731551 1
896250513 1
896391071 1
896434194 1
896795934 1
896895216 1
896910714 1
897159682 1
897435064 1
897576105 1
897877189 1
897930430 1
898039510 1
898144793 1
898395688 1
898909635 1
899063956 1
899201002 1
899640978 1
899659937 1
899698686 1
899802839 1
899988316 1
900201644 1
900295000 1
900300617 1
900530023 216204
900628633 1
900851358 1
900853788 1
900867844 1
900922192 1
900980719 1
901192095 1
901345880 1
901451203 1
901750733 1
901795085 1
901946721 1
901975490 1
902176547 1
902247995 1
902498781 1
902779817 1
903052969 1
904112652 1
904385553 1
904435252 1
904456151 1
904476409 1
904803191 1
904880551 1
904980108 1
905039905 1
905054709 1
905085450 1
905258167 1
905305495 1
905367609 1
905511399 1
905584651 1
905682572 1
905814049 1
905944078 1
906476850 1
906524812 1
907158315 1
907455511 1
907519504 1
907593712 1
907792272 1
907957317 1
908262142 1
908263743 1
908390101 1
908493510 1
908588298 1
908728913 1
908751590 1
908835436 1
909165618 1
909210771 1
910135916 1
910856046 1
910955002 1
911070661 1
911267640 1
911307236 1
911394238 1
911544257 54026
911631546 1
911798141 1
912062374 1
912179685 1
912375201 1
912531004 1
912683860 1
912683958 1
913023137 1
913441372 1
913632449 1
913680512 1
913696997 1
913916673 1
914281621 1
915151982 1
915329362 1
915333218 1
915497168 1
915619547 1
915694851 1
915698708 1
915770583 1
916138780 1
916401684 1
916418757 1
916601925 1
916610243 1
916668640 1
916748081 1
917009459 1
917239262 1
917393461 1
917577029 1
917598945 1
917641037 1
917826588 1
918263246 1
918487740 1
919098925 1
919111368 1
919214114 1
919269052 1
919340015 1
919345490 1
919367436 1
919467258 1
919942606 1
920704843 1
920898463 3337
920939111 1
921305280 1
921377647 1
921489187 1
921561603 1
921902341 1
921994066 1
922070304 1
922559508 1
922629643 1
922665006 1
922714603 1
922735397 1
922758262 1
922800363 1
923486877 1
923521461 1
923563875 1
923582062 1
923605724 1
923804419 1
924290412 1
924410766 1
924498527 1
924582659 1
924927788 1
924966691 1
925649268 1
925818358 1
925938553 1
926006145 1
926694228 1
927035657 1
927530111 1
927601673 1
927819756 1
927875698 1
927928667 1
928028227 1
928394711 1
928429675 1
928550347 1
928593418 1
928751814 1
928826642 1
928874247 1
928911915 1
929031623 1
929132116 1
929133584 1
929285814 1
929393292 1
929510618 1
929518950 1
929875984 1
930008475 1
930168509 1
930214942 1
930242441 1
930315409 1
930325028 1
930514276 1
930694204 1
931055359 1
931215761 1
931396724 1
931473589 1
931617528 1
931670473 1
931739905 1
931816107 1
932422337 1
932447712 1
932499599 1
932519325 1
932620979 1
932661974 1
933132235 1
933476657 1
933634119 1
933796018 1
933803968 1
934021550 1
934547522 1
934663688 1
934709298 1
934798675 1
934895069 1
935354565 1
935395865 1
935447896 1
935464679 1
935988075 1
936117749 1
936329953 1
936641364 1
936824929 1
936985309 1
937287841 1
937316603 1
937317854 1
937480906 1
937798401 1
937915683 1
938040480 1
938416708 1
938840566 1
938959496 1
939448221 1
939596186 1
939609300 1
939965654 1
940094760 1
940361813 1
940419498 1
941034518 1
941315755 1
941477140 1
941575700 1
941648823 1
941685064 1
941697244 1
941920096 1
942019360 1
942491494 1
942539691 1
942585320 1605
943014019 1
943036826 1
943272500 1
943391117 1
943568771 1
943899045 1
943900531 1
944158596 1
944457884 1
944515487 1
944699949 1
944742275 797
944755214 1
944780430 1
945163019 1
945391297 1
945411192 1
945573061 1
945652693 1
945836097 1
946216405 1
946670701 1
946799516 1
946929369 1
946963819 1
947139010 1
947190481 1
947380808 1
947442010 1
947624797 1
947921901 1
947980667 1
948003436 1
948035327 1
948551519 1
948605396 1
948723317 1
948878507 1
949059983 1
949411942 1
949594469 1
949812199 1
950192459 1
950232232 1
950283078 1
950399789 1
950508776 1
950591728 1
950647097 1
950710539 1
951051981 1
951398570 1
951849667 1
951918773 1
952205087 1
952212157 1
952277532 1
952378483 1
952445498 1
952488242 1
952502011 1
952621985 1
952878223 1
953090785 1
953471498 1
954097524 1
954269299 1
954308029 1
954543345 1
954552142 1
954680516 1
955035424 1
955150502 1
955279968 1
955601912 1
955626347 1
955717428 1
956107148 1
956269549 1
956397290 1
956400284 1
956471239 1
956506117 1
956836912 1
956857452 1
957167479 1
957288335 1
957366113 1
957448178 1
957712006 1
957935616 1
958040411 1
958671868 1
958709188 1
959376140 1
959590882 1
959601267 1
959682532 1
960116534 1
960130345 1
960237767 1
960652639 1
960655994 1
960670005 1
960791017 1
961438054 1
961478537 1
961480537 1
961544272 1
961616608 1
961783388 1
961811096 1
961845315 1
962045143 1
962050121 1
962089714 1
962112730 1
962410506 1
962736354 1
962884318 1
963173879 1
963263996 1
963527862 1
963733884 1
963934041 1
964108642 1
964173380 1
964228454 1
964264016 1
964381946 1
964442831 1
964443047 1
964538791 1
964543873 1
964740798 1
965294381 1
965506244 1
965641783 1
965688416 1
965732210 1
965909750 1
966343753 1
966481971 1
966641087 1
966717461 1
966841924 1
966942781 1
967156357 1
967337238 1
967544537 1
967770789 1
967919431 1
967970216 1
968160552 1
968551572 1
968578892 1
968598030 1
969386661 1
969496045 1
969567173 1
969832541 1
969864231 1
969903408 1
969967659 1
970182951 1
970212606 1
970231103 1
970287553 1
970556491 1
970796221 1
970878993 1
970929638 1
971092122 1
971191733 1
971626328 1
971769065 1
971893854 1
972279613 1
972598227 1
972804514 1
972875711 1
972887491 1
972904188 1
972951719 1
973158463 1
973336103 1
973462278 1
973483421 1
973575352 1
973596414 1
973615602 1
973652920 1
973903649 1
974071778 1
974115959 1
974154371 1
974287471 1
974685085 1
974729540 1
974772323 1
975021452 1
975058137 1
975078902 1
975148480 1
975516079 1
975573318 1
975622434 1
975648798 1
975835526 1
975986597 1
976019672 1
976154025 1
976297923 1
977268892 1
977575526 1
977615664 1
977667561 1
977686794 1
977904846 1
977962254 1
978145029 1
978333282 1
978385212 1
978393069 293
978751200 1
978764709 1
978926094 1
979074858 1
979160042 1
979443838 1
979589286 1
980165619 1
980192439 1
980337486 1
980578334 1
980638793 1
980789529 1
980864688 1
980889976 1
980930415 1
980953342 1
980974730 1
981004110 1
981055599 1
981101414 1
981169146 1
981172286 1
981204065 1
981603927 1
982145814 1
982339913 1
982406953 1
982462920 1
982508959 1
982801944 1
983007326 1
983115661 1
983277144 1
983299096 1
983458254 1
983475476 1
983496916 1
983736650 1
984067796 1
984102869 1
984115336 1
984212540 1
984344855 1
984622043 1
984737000 1
984828082 1
984834092 1
985032106 1
985110244 1
985429145 1
985450919 1
985802787 1
985948263 1
986258646 1
986304474 1
986333615 1
986435101 1
986605320 1
986900533 1
986923871 1
986961891 1
987121995 1
987124653 1
987263333 1
987545829 1
987622043 1
987928146 1
988304375 1
988488726 1
988489261 1
988556587 1
988563908 1
988738814 1
989020022 1
989070516 1
989162855 1
989239154 1
989341134 1
989387034 1
989492628 1
989594381 1
989664301 1
989748227 1
989806063 1
990505120 1
990638078 1
990760156 1
990786135 1
990965408 1
991068855 1
991413999 1
991630910 1
991717429 1
991717889 1
991744878 1
992129449 1
992397310 1
992797712 1
992935102 1
992998377 1
993165820 1
993233633 1
993357961 1
993448898 1
993717197 1
993736423 1
993833694 1
994153593 1
994234575 1
994315833 1
994461197 1
994584795 1
994773150 1
994885684 1
994972556 1
995405218 1
995429849 1
996126892 1
996434022 1
996490314 1
996534747 1
996646432 1
996799178 1
996846384 1
997177670 1
997190957 1
997214224 1
997229973 1
997291424 1
997605811 1
998112226 1
998274111 1
998378784 1
998558509 1
999000752 1
999610994 1
999649349 4
999669499 1
999856048 1
