582 520641121
2885539 1
3934527 1
6164643 1
8444724 1
9073711 1
9833795 1
11910775 1
12753774 1
13078874 1
14654413 1
16558080 1
18078050 1
19148606 1
19241533 1
24258540 1
24558576 1
26098554 1
26177969 1
26566846 1
31217467 1
35855484 1
36323742 37
36704549 1
38933548 1
41998813 1
44676936 1
45874067 1
47121535 1
47484326 1
49757662 1
51301827 1
56355417 1
59448285 1
62886263 1
64121115 1
66844204 1
69969687 1
70156958 1
70572244 1
70611607 1
72088038 1
73003971 1
73391513 1
74168163 1
78747505 1
79260881 1
80106416 1
82546024 1
82867387 201
83397759 1
85146558 1
87208213 1
92227052 1
92634148 1
95136903 1
97300982 1
101211460 1
102249978 1
105537291 1
106541574 1
106759119 1
107708489 1
107906924 1
110876812 1
111089202 1
119464646 1
121895325 1
122776700 1
123146438 1
123334965 1
123485929 1
125440516 1
127293063 1
127753901 1
128146318 844
129369664 1
132406228 1
133384315 1
134302763 1
134309680 1
135018177 1
135517411 1
136865222 1
140431407 1
141200361 1
142867037 1
143791144 1
144664608 1
145070993 1
145204747 1
145935813 1
147717016 1
149135711 1
149250403 1
149667858 3400
150537106 1
150958258 13606
152367148 1
157928070 1
157989912 1
158509844 1
168207991 1
171037807 1
172890575 1
175274957 1
177899151 1
178631935 1
180153730 1
181727663 1
185740474 1
187017605 1
187088601 1
188021180 1
188734473 1
189086350 1
190015430 1
192311398 1
193754126 54459
196335860 1
196897882 1
202409634 1
203321668 1
203669833 1
205770962 217858
207037066 1
209255765 1
210828310 1
210855326 1
213452576 1
215356838 1
216922709 1
217876525 1
226343161 1
227210308 1
227756953 1
230693250 1
230771579 1
232947635 1
235086902 1
237269941 1
247690387 871461
249171916 1
253609762 1
254780142 1
256197709 1
257450056 1
258679044 1
262329867 1
263187547 1
266463063 3485857
271091048 1
277385847 1
281637473 1
281661725 13943436
283675157 1
283928116 1
284898958 1
285270853 1
285771522 1
291135401 1
292366113 1
294383504 1
295680079 1
299141599 1
299212049 1
300846593 1
302192834 1
302418850 1
305405779 1
311627031 1
311863889 55773761
312011201 1
316383948 1
317925491 1
319361170 1
319616386 1
323370301 1
324615687 1
325872213 223095104
329220827 1
330495095 1
331549085 1
331654957 1
332291041 1
333564472 892380434
333688202 1
334331629 1
334853222 1
335653234 1
336269859 1
345075743 1
345404266 1
347509645 1
348061609 1
349428848 1
351380204 1
353812002 1
358592853 1000000000
360618483 1
361668209 1
365796218 1000000000
371612363 1000000000
372251855 1
373533965 1
373860420 1000000000
377156588 1
377465054 1
381348711 1
382649678 1
384183902 1000000000
384853231 1
386684704 1
388078824 1
388101367 1
390015443 1
392282918 1
393660441 1
393823209 1000000000
393913284 1
394270847 1
395953186 1
396086800 1
396910330 1
405210797 1
405310033 1
407557431 1
407725570 1
408728914 1000000000
408842291 1
410370953 1
410654267 1
410844816 1
411391659 1
412254409 1
413693782 1
417682844 1
418821578 1
421187600 1
432528785 1000000000
433364122 1
436314312 1
440801511 1
441895999 1
442303334 1000000000
447206464 1
447942804 1
448657788 1
449254937 1
450592753 1
453289465 1
455934914 1
457274999 1
461680069 1
467266286 1
468581849 1
470544177 1
472399679 1
472729363 1
473561541 1
474539571 1
475051515 1
477897029 1
477940885 1
478345565 1
482169652 1
482186928 1
482596831 1
484851883 1
487411302 1
487721692 1
489618859 1
491965869 1
493317179 1
493531394 1
494954044 1
495270587 1
495622389 1
497032209 1
500776845 1
502118365 1
503827735 1
504093483 1
505346143 1
505578918 1
506908337 1000000000
507283666 1
507697165 1
513250886 1
514687722 1
516961437 1
519663717 1
521190367 1000000000
522683298 1
523323357 1
527241576 1
527532159 1
528817865 1
531103807 1
532218121 1
534355189 1
540707307 1
541705218 1
542921688 1
543720350 1
545919729 1
546175765 1
546777986 1
546902836 1000000000
547364279 1
547487063 1
549438981 1
549816054 1
549931297 1
551058270 1
551302032 1
554113993 1
558771351 1
559340939 1
561536176 1
564707945 1
568234612 1
570005562 1000000000
571655768 1
572376238 1
573706177 1
578493431 1
578732981 1
580760191 1
581485311 1
582996368 1
584615869 1
586602826 1
589438380 1
594150320 1
595259396 1000000000
595388386 1000000000
598700093 1
599467309 1
600355283 1
600830579 1
603536705 1000000000
603543477 1
603937706 1
604255625 1
604354646 1
606036286 1
606650042 1
606709635 1
608461588 1
610651653 1
613720344 1
616454965 1000000000
617182165 1
617488895 1000000000
617620458 1
618080789 1
619895656 1
621249872 1
621866688 1
622407975 1
624476535 1000000000
632272114 1
634217764 1
638818852 1
639462331 1
640367140 1
640812878 1
643516137 1
644342673 1
644726686 1
645238115 1
646694004 1
646902811 1
647876153 1
652243064 1
653548020 1
656862315 1000000000
657375647 1
657674789 1
657993663 1000000000
662056753 1000000000
663715230 1
664287593 1
666796626 1
671283587 1000000000
672002658 1
672715501 1
673138142 1
676733047 1
676886566 1
678230512 1
678711256 1
681300290 1
681375155 1
682437561 1
684563417 1
689443932 1
694135336 1
694236366 1
697928180 1
699009356 1
699915653 1
701002199 1
701842551 1
703511118 1
704783522 1
705370257 1
706214261 1
707314810 1
707917514 1
710710321 1
710713325 1000000000
711331368 1000000000
711561779 1
711895597 1
711957890 1
713340554 1
713792242 1
715346052 1
717768201 1
719170566 1
720107205 1
721002867 1000000000
723116783 1
726173651 1
726817513 1
729360377 1
733345479 1
733609439 1
737249774 1
739178219 1000000000
739855431 1000000000
744429939 1
749452278 1
751866474 1000000000
753177139 1
757067539 1
759354750 1
760186497 1
760533576 1
765236966 1
771266355 1
779322813 1
779389454 1
783882785 1000000000
784181948 1
784468384 1
784557743 1
784875483 1
786417366 1
788600143 1
789157320 1
790706352 1000000000
790896605 1
792680242 1
794393047 1
794852323 1
795262280 1
800728821 1000000000
800776424 1
801070066 1
802737331 1
804516808 1
807405311 1
808999943 1
812245204 1
813294957 1
814269656 1
815155923 1
815373818 1
818446134 1
820427557 1
820491475 1
821715693 1
823843401 1
826249999 1
828128406 1
828323971 1000000000
828637464 1
828734085 1
829486873 1
834193483 446190215
839212658 1
845048693 1
847257421 1
848333832 1
848957928 1
850513945 1
851494916 111547549
852422637 1
857583693 1
862328251 1
862840942 1
863889132 1
864126192 1
864735237 1
865930113 1
868833800 1
868937086 1
869677481 1
871497295 1
871533312 1
872259449 1
873047738 1
874464021 1
875556858 1
875858639 1
876682196 1
876842837 1
877028011 1
879687849 1
882359651 1
882951015 1
883488896 1
886522982 1
887384270 27886873
889305472 6971717
889997455 1
894807829 1
897784538 1742925
902247882 1
904412784 1
904578116 435723
904981801 1
905842470 1
910204669 1
912167420 1
912569572 1
914116049 1
917146450 108927
918081654 1
920682519 1
923526802 1
925322161 1
925808364 1
926010583 1
927844762 1
928162574 1
928249774 27220
930816705 1
931221014 1
931784607 1
935796143 1
937154001 1
938917585 1
939796891 1
940127439 6803
940922730 1
942778271 1
944444390 1691
945204258 1
945234884 1
947102705 410
947450771 1
949851011 1
954817261 1
956073319 1
956828933 1
960894863 1
962322025 1
963999843 88
964531308 1
965346485 1
966402783 1
966729193 1
967881106 1
968572792 1
973102143 1
975773141 1
976067366 1
976332642 1
978591473 1
979434855 1
980706254 1
984223740 9
987254196 1
988264594 1
994764907 1
995596054 1
997969573 1
999787639 1
999931937 1
