357 676596897
511332 34589194
2034848 297984798
3108488 4784
9161239 976412561
10462735 80897
10779830 187
11618425 353913206
12818229 63
12909569 2
20531880 276
23106823 17867
25223732 49
26703386 2317
28072274 3303
28545817 228659298
33260084 3
34444607 1
37732172 364658135
38965558 285
48542486 240725016
48650984 22382809
57133966 9
73764689 178914000
74385127 311267376
75088335 25284152
77422791 96
79424810 42294440
81805642 3694859
83249255 4744174
84780906 6543467
85594016 14954450
86786833 6
88040648 48387
88841225 407
101827004 617840448
103833787 910471
104255155 265
108678004 1152
111230935 918242425
118548267 7
121024326 738031
124732684 640573381
128342760 9934607
131721871 109232328
132989879 10601
139089875 90622757
139397808 13233
142819535 3438
143128161 4
144565105 75
148822442 30327
149459001 149236
152693999 43682
154775426 904569813
155376574 23087
156406757 32
160679585 14
161296634 6
161741867 3910
167307875 7176
167820960 2032104
170768905 13220
170978282 8916
171054052 98
171474375 7
173538955 104876
174106187 41636051
178134026 73019
181717124 3838853
197273327 561672792
201307714 132347
204079516 4436
205590403 2624
206728346 14085016
210022673 900789172
220942944 27
223954937 44189
228480690 2357
229551319 13925
231879306 68187
240085294 76248962
240398238 128199142
243587794 1685337
248257519 55510
252931959 1195754
256745658 316335737
258426582 58056273
261746329 525562479
261994438 2957
265124217 84490
270280503 21558
286033687 1
289660519 67080861
291259378 552322
292383114 128055984
295618641 74
297082236 25
300772568 132747
311324854 33574957
315698689 86
319705467 10
320896758 1532
320930342 200194553
321247564 207
322116577 30541461
324670260 4122652
324859974 899022297
325639198 6008
328124753 49169
331850385 142897
334388367 22883
335138728 165487
337454429 5116
338395747 26
339596859 2
341493527 10
342334116 29
342844082 548074385
345704905 129
345757155 47800998
348478491 1
353666229 4
354062824 4
360615817 41
366732657 903288111
367373349 50626659
371136211 1691853
373548288 193426001
374322557 15973
374802652 505427652
379766808 1246121
379798910 1495839
379907563 1
380974257 48576
386033711 38
388298780 243892
394635136 106
397888857 103
410445073 289009117
411000444 455697140
417776783 94
420594379 59539740
421136241 3563
421197762 186
423418230 64730671
432130745 72868297
433924470 10464779
434349622 517794062
435554398 1493017
437585514 76023805
440272140 9595
440303445 505
452515068 528
453634576 2
459642520 2525
462320107 333
462683449 902
462769324 32530360
465120307 76
468101554 3
469372743 104803
476467526 27
487198692 76030779
487805214 71
491594038 155524666
493176081 681
494300803 13270
496042693 120016
496709942 76543
499260736 7
502615557 2426928
504459646 26889107
504908930 12
506019304 1387
507108171 4
507733163 1593
518519659 924
519584398 8364323
521952263 83
525125974 744750411
530307083 422
531713691 1386
532898615 176
535651747 205
541430540 10027131
543552860 26072069
551375680 2049
551852550 74850
555367973 1556684
559723757 431081
559985574 121010
563830080 1574439
565432307 120696
566042615 43392
571206568 24899421
573783757 2159
575960506 288838
576258661 330365
587632688 483
589071081 7
592740738 273432393
595660581 76036000
595676454 136010
598384966 368747585
599325740 1402475
599549929 16
606722858 3274
606757064 9546
606863865 6647158
607484879 3143300
609038208 172807480
610382374 77556
617672120 11
619747663 824
621877172 56036745
626327116 82660368
628202760 731177
628599020 56
637115497 186952
637402620 144
639307923 9162051
640862340 1
642108528 1021692
642955708 5
643692544 889
644335910 20200781
647624577 22
647809208 11635
650039518 423
662868455 17633889
663106070 254
663971410 22874145
664297567 3341
665870539 172
668948909 8
669438002 181332
681196491 4402845
683561258 74773039
685310615 2397
686057116 5072180
691188346 76
693386030 994
695327969 120
695943060 412276347
696000201 4112
697599871 159328
702324090 1510905
702428232 56748
706659068 630550
707208332 469597204
710038521 51
712455966 167
715461441 3632689
721114690 151
721217791 91076
722502835 3974510
723076763 4147876
723799501 231467284
724411983 1532
726335971 780594713
726531197 141713
734786817 47417
736552811 66789473
744600143 16
749699538 403520
751759308 51238265
752549232 2036
757344045 178233833
757724157 54
758841477 100653
761436985 2146980
766964449 1733
772581937 525
776486066 5559840
776520245 1
776570418 58
780743666 2624080
780967107 187323
787356392 1750
787858677 1
789686073 1
794013985 46114552
798095122 199
801140046 17319777
802084974 401401298
804247398 16923878
807529536 367767383
820379113 1752474
820591912 736
820892044 15592732
821542808 537979
822000872 375128
823609874 64666960
829327928 265429
832273153 1443754
837938917 425676
842246434 151
842902922 402
848260324 1104
849467630 877019906
851178622 454343784
855827995 75819
856337502 2841
857770266 1191733
858104134 295782099
858164620 4127895
863343287 231804
866370691 39193671
874365313 18714
874530016 396794
874533077 1
874921957 4
875578998 23727104
876206435 470755
876728893 715
877661664 82509
883564650 39
885016636 3671339
892575816 18
893596146 10
893903822 7
894871641 243773
895065233 1
899018641 37
899175595 2
901877369 1288
906920292 6691990
907764921 582180
911387682 28
912735571 1296
914333664 119761
930794313 53772152
933039390 24
933327130 59052898
935878171 2802824
937212457 2
937218022 354
938737227 852217015
940472936 2
940889513 594
942397980 2065494
942652263 10
945742801 5840119
953206558 15
954305174 24800
957827250 34189
958130838 35
958438295 9659375
959945170 5968964
960179750 322251387
973918769 927299804
982452145 2
984995452 1040518
986294402 59
987765917 6510832
988776372 1
995104744 186
