115 526101567
28775605 1
29427320 1
29855529 1
52903280 1
54829337 1
65359949 258
68554400 1
76016850 1
84057367 1
90471014 1
124995606 1
125253352 1
132314700 1
164496728 6411
166216023 9236
180765698 106
181186592 58
184248974 1793
185467342 1
199734421 1
214591452 836
216384877 28973
232631203 3
244094334 54
258794510 12
278081868 1
284320648 1
285150957 165381
300793877 137
308227661 20
309373462 1
311109429 251
312810568 21
316383087 3334
332617781 339783
336397561 115897
337317832 75
367386458 3229163
392287510 24059
410826417 1973542
420135119 10996589
431306880 3502
432011073 59252938
433905123 2613949
442749647 8
446411773 1
449730118 26344032
455671430 79134
460251614 54
462090245 6
468264752 27
479850061 112739677
498071510 19940390
503765498 70490
516688478 3164386
520515327 214
520915269 9235209
527128428 25
530470841 30359
533586478 3
538498690 3
539489408 4685
549081213 570
555316340 45282936
575170901 27234341
575624044 16
583614007 4
596670778 2
597958292 1
640339493 1079
640912642 1
646403317 3112
655201971 1
658919227 52
663672668 1
669898521 1
677645781 13
688923273 290
689451780 14939
694240980 669049
709060493 1
724171352 1984
728253715 1
730342297 28361
738526498 35
743409112 4995
748496682 57427
755807787 91137
762785750 246526
769701346 1
774090378 523
780194866 1
811970818 218
816967625 1
840607510 1
848246972 11
849278183 2
865421847 7
882175489 2312
898849848 2658
905336872 551
912253077 1
918901300 1
925353321 1
932094152 1
932516993 1
933075876 1
936120638 2630
949471697 1
951412490 1
977382665 1
986609908 1
994410632 1
995101550 1
997858966 1
