205 835582753
1419788 801051432
3799482 129743018
6608987 79855095
7804672 488738895
22541433 869562175
26941249 88527174
28886667 567477629
39194681 537905905
41596630 815963982
43626199 211789317
61781103 122637345
65193456 301558873
71368434 144174124
76735799 821210625
79319211 424819107
94878316 823666075
95018382 617930535
96646096 601775080
101808103 84171132
103165491 686943902
108466892 642289279
109839046 975967867
110247496 558789974
111631300 528359069
112623609 264478185
115890896 576244496
119957611 859452816
120140435 237677224
129334158 964333836
142783193 724076049
143975316 80470971
144774077 712821284
147278327 81913351
147562678 396276603
148864652 703756575
150527859 865073479
170829895 573303785
184296236 247971680
186298418 631938871
190294922 416678301
201049940 974690104
204282115 269706853
204923766 530779184
216648384 51573382
222394675 479884907
224955247 73372229
240245237 531493231
251476101 478421429
263126879 699040880
264082838 898347084
266671917 954512392
273388756 948439986
277635903 322349351
283030555 822494172
290295916 881213255
292432443 661740633
300524919 372649444
302117543 859732203
303515652 932105515
311245701 392533337
348152484 561216497
354517278 13450371
358432817 778396390
361531497 53502647
376635409 571711754
378878642 314281282
391001035 950303582
396608643 979673416
400527177 930430943
405438249 112425432
424531584 127649711
432530805 62318906
437275933 330847381
437404630 637482891
438827452 894134183
440327183 911223435
442203213 168163141
443292701 534239925
450199615 255788617
452942817 84014480
457605268 782284412
466260559 164606277
468130570 510570571
478790136 159962480
480859009 890587578
481278070 124501818
490838197 260748439
491836625 158155431
493250050 528003059
494240959 624334636
496277070 403999438
498565285 426620292
501425291 521164817
504733068 846069443
508154499 760068544
510527886 352601771
513006667 927477615
523859910 53551421
528846742 506346997
530824230 108668819
539823907 338852447
540843959 284364780
540980074 726401575
543601305 184293128
555783030 878308006
562133569 733792950
562388024 698369478
563988794 423399338
580602191 174200315
580652344 817510036
582746977 237400947
585704614 376942701
590734765 61147275
595053385 81684499
595804992 725919109
595807354 315438872
602733090 197313400
610934181 783796694
617822369 794919559
620083196 917664966
621828299 545903445
624323357 720293649
626380821 236547512
627150936 246783591
639600113 828587692
642271252 852817424
645312988 555760521
650107124 229338432
650281437 69272184
652609008 208381102
667595905 742494755
673462605 113187687
673969869 493094059
676701320 399187678
677885937 640519646
679494785 76940872
682681771 344871081
685002984 235730214
685731103 355007947
696317469 567598883
696618391 138936267
699725372 928181023
700385248 867898412
700626288 687514507
707830253 524731358
709709256 468961783
716824928 305145590
720879691 782090216
720949727 509818273
724093345 552894190
724252850 399476310
727049489 586900470
732622112 10386250
747639347 674639836
747851639 336132905
758098086 858719556
769065919 40932610
777812114 873258410
783171515 291620738
784143082 945942966
786802170 545530212
789360420 468881108
791907184 999612712
803745000 773767684
805902061 174360066
807779874 260412910
816476458 874308629
817022787 89664568
821184877 661339616
824165952 672480796
829568935 460882680
840831663 187528756
841205721 829031415
841303338 731063704
843973038 147232180
848332098 470975530
850555175 570616243
853270060 126967855
856141272 335363039
871683432 409918754
872940067 640334198
882144801 938381764
896656605 476064580
899122530 553042295
906169054 48880915
910561538 820709580
911411795 88195681
919541425 655511898
922760664 46428755
926724907 1277649
932455304 482165482
934420180 841006926
943188375 464236916
943903546 165147376
945603561 423083588
949508673 317306538
951932489 763703204
958851216 872450650
960555972 771353098
968228697 702114842
983848475 54558090
986170981 222350038
989225147 614387340
994406315 561804831
996741983 332541886
