991 5459848
2800437 554294275
3035732 976756077
4473101 637662039
7616580 588504058
7837809 149800611
8290184 645125107
9054902 8761386
12806938 357410847
14261733 452068492
17475795 869310165
18217783 854935420
19882158 214442451
20091674 77892021
20191447 892017997
22071644 889329198
24845088 857940041
25434469 938137228
25601857 191604777
25630819 814929623
27329057 751176585
28574592 182705776
29165200 556802634
30920531 203129410
30946136 687272175
32503067 49524280
33915184 489967399
34262334 564431342
35285959 638840746
35347734 263771306
38421532 923683656
38806485 103759501
39290722 167972158
39668292 464293125
39913025 491021003
40466999 270896261
42447611 270183426
42480205 712398712
42799319 999849953
43856371 30912626
45220076 33565091
46346918 765411240
47238864 812561746
54613358 596410786
54825125 35288479
55092125 413585710
55453434 489834229
55519284 576798359
55759603 141437899
56061397 889453591
57785603 448513593
59813577 513188233
60272360 866275022
60612053 643217250
61468482 888022688
62020161 213389537
62040417 74303651
63151628 187074437
63436811 214223422
64059124 242243519
64689370 273106203
65460757 935998185
67867368 466266174
69578343 178083446
69656944 411146841
71422226 845227113
71546706 35861341
72478494 760049931
72503353 189392212
72632853 641713111
73210978 53161069
73440476 680767929
73509560 372097112
73559554 439723639
73886999 648003796
76333283 545165167
76628030 997131653
77256959 723137922
78983480 515125002
79492583 838953552
80995506 661213519
81951320 471161509
82701261 885663006
82839741 176561714
85442932 371357436
86070145 16034431
86463491 340798258
86975218 973660960
87363367 560552745
88943094 264451366
89709821 911907323
90003451 728908760
90013218 855364165
90572177 751049891
91853693 311817538
92561614 642330190
94438949 116072725
98708497 719477617
99512903 567604325
102236321 235496999
103320718 398036783
103732584 807999234
104588135 598228182
106273098 14595903
107579358 647376254
108007324 454031930
109264176 375463579
110928739 875998756
113561410 340603588
114003954 13958642
115084277 71436493
115505977 637583000
116623278 947360275
119547088 167327094
120008980 711242265
121569429 85326866
122256986 3611987
126936874 390433544
127336045 51576642
128100059 714198590
129369005 416094144
132074939 576592475
132777781 178902428
133316683 913297785
134122223 115303529
134215530 942708504
134430513 754017683
134612616 762711894
135359184 402489010
135642687 587858780
136297965 84379426
136531947 337831195
137085239 838958803
139697736 32560184
139704661 56193629
140509587 550901828
140557332 743516246
140676278 2219056
140754805 906438631
142389076 676384511
143663173 804307613
145223987 50957757
147054809 734734716
147571284 729240751
149503594 597061465
150609272 133631435
150959235 481185385
152206063 157824618
154271258 50049812
156588269 369554491
157429788 266174991
158795913 481254267
160894957 481618857
161466197 290356322
162046717 351332964
162283039 896725984
162701762 988770502
166130504 872123273
167596692 892604017
167597524 964100812
169109600 582492785
170296157 846794091
170619479 216094933
171022137 767082790
175021683 532110208
177078728 390921401
178992460 414933056
179385552 719818249
180058490 669752351
181849713 353472409
182584420 635445753
183004415 612975426
183079107 374500942
184025465 577827363
184292987 899286105
184502717 463011285
186263450 94039649
186693153 952444131
188901735 109004110
189455033 580883065
189721308 290680190
192702163 699422042
194322685 97299673
194446254 697799703
194463989 55466018
195803173 494630525
196090274 784824208
197325436 70279247
197810007 859609757
198235374 638823220
198283333 841425180
199122925 666204658
201009435 132609937
201227307 776732892
203204203 479664316
204016832 728619401
206510497 649261687
206539243 504842182
206690623 413962689
207689122 317014477
208687496 33642009
209177899 265008566
210339097 590492176
210339199 461925421
212186314 698520345
213693326 355442276
214175313 371809955
219674859 177246539
220232637 801581673
220875660 552702974
221168967 218789896
223505898 227232639
227182528 505125841
227719485 967256996
228311759 421883616
229930013 62899538
230995939 939435629
232303650 664136683
234822021 224759905
234827573 376527876
235223880 738240812
236326337 101795163
236327367 166959317
239784595 60996104
240611417 190410578
242712867 820127985
244347050 918690841
245266761 907491203
245352668 356389622
245374115 53979294
245978925 117436447
246523957 527958736
248568677 48466821
250226434 71210949
254507621 343693676
255440553 695562494
255960500 884172349
257015706 969177025
258211884 386240411
260814807 777678416
261024374 869972659
262163444 827294813
264402686 854941656
266327236 65389756
266660442 674614094
266773127 104855130
266891931 430116709
266954995 473678957
268345817 495145417
269036364 446203372
269625865 59316248
269684138 862307906
270339582 668305333
271658594 17166141
271714800 252136155
273484319 580999244
274271196 421138676
275445456 255302889
276007984 868794411
276091345 289133140
276996317 988419648
278275891 133288577
278895515 79471258
278924411 602367058
279269232 530977698
280509720 611861256
281187982 447056206
282742789 746362103
283562933 98166011
283955886 947140473
284286541 533516415
286130582 793999396
286748966 484705406
286875816 285081407
289872652 879469564
290282500 942835569
291242378 828748596
291634160 67316411
294066931 342294951
294446282 469442215
294699355 119490935
295052609 614470593
296830690 900333556
296964998 589115462
300048280 650946423
300505849 668797979
300662271 364572782
302751978 238033920
302837841 934937016
302926368 977885701
306966973 22424627
308104702 724263740
308981688 35331474
310402727 950582959
312066819 582393971
313172540 538309012
313752362 692776368
315533487 826858687
315992603 707970292
316517925 544799575
316847749 440818321
317640621 402686668
318972531 756761745
320441808 387622408
321071103 129752842
321498397 807479268
321966107 392780726
323116949 950710493
324593515 253525698
324852923 30912518
326421419 557442278
326763353 587806528
327883239 161803445
331659347 609516201
332685678 676063030
333439165 632104786
334184717 15304626
336171617 440135988
337498148 280099023
338686468 327723619
339306780 383054045
339562066 675739011
341659488 354474863
341933874 949038459
342897157 207829549
343380014 353259113
344949859 321204969
345555025 895855573
345949101 883763439
346379947 298486824
346853015 725027744
348494581 233171806
350179912 709293121
350453979 137586426
352053110 539890960
352706482 598674746
353207890 415167896
356623873 990455180
357735732 775144518
358363933 456771136
360548852 122085691
361835057 561715582
361897989 449993826
362282602 75168121
364170754 264629957
365924569 157810148
367560699 577802012
368244171 730779301
371535630 268369319
372035113 160380360
373432044 861093693
374539466 271696053
374588248 765108643
375197339 150620325
378054786 801130785
378814709 575076946
378985890 813931346
380393362 715381485
382447581 882565436
382980574 372111957
383535007 253358751
384381191 971775109
385565086 648896657
385600584 573288525
386069074 51767114
387007442 189022020
387753973 88683836
388488715 898503420
388623899 235801959
390138046 946295159
391462548 792929002
392286152 280558810
393354220 333333980
393888528 939107936
394820905 934508380
395863845 711647377
399746630 954291430
403026381 758113970
403308759 372292840
403723630 121058175
404769095 821313172
405708818 181916439
406327744 925269240
407182419 426645047
408825607 895579467
409483648 312623786
410118174 541322888
410295838 5062400
410586277 848738880
411851423 270364029
412655813 658838188
413113619 719419476
414283450 144755201
414561135 506352405
414723476 857337096
415262472 590384994
416507388 356754669
417809449 583564521
419509763 59617878
421547788 566830221
422683313 968299959
423219065 190345446
423355686 35068644
424263279 365111788
427894505 307498471
428364131 839030254
428886389 811616019
429110204 61781448
429189291 987688025
429730067 285371988
433775937 932267481
433922433 7604512
434021534 247902652
434635734 960582241
434919685 493776704
437222904 73261608
438682369 905558291
441646229 751618771
442183339 981086437
443092631 941907141
443707120 915772472
443924451 132734297
444120734 982399609
447405003 211315475
447761486 994754132
448204607 247473944
449554420 926690372
449693889 380334560
451374377 896729704
452446179 938395433
452710401 619819421
453952951 959833902
455434830 375521736
455483486 418680600
455549045 4237683
456459567 958159028
457180660 894659739
457824690 993128807
458494226 907602119
458510845 125625438
460504241 573462108
463654177 826305033
463871956 995063087
464207141 931599561
464726852 261497948
465929042 963773671
466138946 170090837
466298244 479592904
466300527 659531325
466539860 651857502
469319796 683694454
470066496 690316514
470393373 647860856
471379524 709761983
474298284 464808932
475583742 678845905
476346637 198955736
476656203 327209422
477264484 451499909
479962367 998820612
480824140 296840957
481288291 900734788
482235937 737210961
482837469 885798942
482948858 387446491
484284501 868174669
485852574 518053847
486514920 614951028
488763916 510464824
488780864 20240395
490113020 730385337
490258857 537611667
492130482 127362609
492324223 83850513
492367891 968551979
492530685 875182009
492813177 743886261
494146940 765331432
496957384 513757304
497277601 239167575
497406332 742513160
497797416 994018445
498200992 803865981
499385299 79919765
499607881 318444610
501648302 815107569
503799685 330571308
504026320 537840078
505645449 941685454
506235727 10271352
506519223 337193995
507992628 719284751
508076263 419274220
508195971 319415419
509556416 819852722
510838385 499283612
511221240 571427887
511377642 65549510
511890857 980739921
512485969 31765612
514244061 324561663
515388353 757433626
516264946 4103975
516570454 9161896
516627013 699503383
516997576 112721068
519166447 688250892
519641819 142335280
519791929 741863688
520377941 888256164
520703815 897126888
521027703 720319254
523616665 870802869
523642025 959713439
523700671 190236729
524244158 532737824
525434278 495675093
525488526 979528494
526212302 411631762
528345313 11117642
529219523 235028341
529325693 851555413
529750125 737817366
531130199 831101506
533625886 637479027
534922347 973253133
535270185 820195585
536456871 891901931
537099627 624156420
538877612 61803714
539560590 803909407
540648394 110497242
541507825 530992942
541728005 290944981
544464041 216021075
544827454 666745564
547593584 544720463
550213288 973622811
550370346 934308882
551316549 51755118
552248527 225202068
552813844 580527196
553463071 131893477
555328577 389248835
555459977 295208579
555770240 67253717
555875134 657154795
556054037 856153026
556523470 450635122
557406473 913722038
558504562 645944404
566328572 163294854
567069678 35303949
568100777 105233573
568108882 744603623
568116203 667949276
569695665 959145940
570824538 48132410
570912319 85924221
574614838 266395976
576146645 489707674
576402427 747094657
577356168 727936131
577672957 187165184
579169505 927113991
579268062 981708667
579877979 294828668
581083350 804522351
581735860 214192919
582620042 184390812
584407401 353422717
584680578 722220724
584757981 609900697
585210034 907595854
585275436 59480752
585635256 903509536
586613830 196740530
588488839 667154285
589702489 942546129
590939894 34991548
591039127 536052567
591473691 4925898
592056915 82510516
593260953 584890305
593560983 956388310
594619074 298385065
595013565 944386493
595031085 451174173
595412291 860860750
596013720 426691394
596572481 568764006
599004955 906738165
599134284 987072049
599767953 79142211
601024576 329218237
601139449 55832605
601262803 669367241
602182287 1874252
603788748 633008355
604533753 57594274
605012668 260480177
606220035 693275505
607953808 520570254
611104844 142389057
612424685 450763096
613710358 881917372
614043314 26330759
616612720 940650733
619406911 673745026
620461278 148696233
620509782 571151149
621341497 594845773
621435139 18762182
623647436 925604265
623727017 74436337
624180062 981801787
624215409 850481168
624878391 625026463
625317142 987048920
625531263 487486022
625944078 772326433
626196951 698102630
626996267 399938812
627596891 387467569
628047097 984555274
628344583 972982344
628856074 784751883
629606545 7588722
629702543 731076789
630414406 34624136
631574852 640380614
631816310 199837364
633519302 685868636
636109578 160753114
636986218 131792260
637634121 74276693
638090463 163212560
638393240 962496998
639104761 872305580
639411681 152504040
641253635 178267699
641551698 348952776
642350606 730430782
645216209 683098805
647053650 919079934
647386116 258084243
649758728 743744587
651455465 258933300
651467647 17971708
651970881 834291913
653115934 184604537
653342266 107838358
654938604 939637133
656037434 518554340
657281756 934171776
658397155 469364284
658502407 136381028
660973621 940942545
661910518 680387759
662337770 954502973
663623033 719094026
665103399 456978032
668011247 511280999
668088827 122221541
668491755 110814041
670805025 947875093
672879589 274414751
673455781 634041904
673528569 521824001
674658983 853303306
674670175 328535391
674754471 547610451
675481379 859025926
676831538 499648267
678073510 515248709
679330928 689556532
681105814 943299903
682757526 224365256
683260329 120205315
683340832 470029293
683381523 931923673
683909365 104437606
686011276 33457630
688444650 845542477
688710800 569343699
688742667 557766399
688753373 45238833
689148577 3274326
692404828 726860160
692933328 15534109
693060469 239697128
695115274 688259264
698630399 205949960
698857107 948613187
699337589 92658694
700624714 359775861
702456649 297603302
702603515 502632548
702683793 825926175
703608669 304539411
703848830 178169451
704537086 642456938
705744924 960631006
706345774 700690797
706417641 26391866
706983165 232144048
707500904 853485440
707753997 395255818
708503629 217627338
709647516 935954057
709919435 920696664
710778177 686168485
710946813 198162919
711364113 511299767
711869657 683323465
712770201 609243563
713173931 283168562
713496892 16746228
713652081 954836303
713726451 216267456
713869940 181935004
714086880 245709676
715273376 13230326
718746333 233687354
720646338 912264431
721048393 488774465
721950658 802502113
722555519 225676708
723133633 594182213
724307872 978910470
724526551 804033861
725047067 717678909
725439819 828231311
728988173 956482373
729846656 704224619
730760860 140210806
732005798 540553999
733604788 283557113
734302830 120115761
735196718 538869624
737143922 330635742
737403270 973312020
737679608 737743754
740157672 75759260
740665547 730498151
744343028 373235707
746038274 29840889
746271520 516359408
746411626 140947946
747602110 490839045
748136174 683015450
748786186 849558201
750816230 659051514
751502182 169019903
755653891 627408410
756648489 664193003
757543240 933457151
758012937 77180074
759099028 901977658
759894260 913084595
760017345 857338549
760767693 172116540
761542541 980674383
762499244 521136622
762938727 289437355
767341119 593915099
767733717 149845061
768066316 43232175
769725545 627819717
771198669 51010341
771724321 923623831
771901604 911288253
774494617 487809467
774990517 115664555
775177265 734526425
775390723 612746258
775446910 199820696
777298860 982916721
779590597 348298799
779846278 896731485
780356334 759709243
782598885 403130736
783297033 837267155
784274836 625151873
784812618 313444313
788179948 698354453
788568880 801887635
789931443 282951700
791006986 412056441
791403536 405219263
794256991 732923472
794590086 904617697
794671494 932681079
795870344 793460036
796782409 691843456
798783596 239660646
799241212 574683137
799383626 809714541
800527470 830805676
801274955 817909847
801283777 477265821
801476141 64542325
802669213 924050675
802760272 755093017
803476789 508811681
803951209 204871566
804708329 327836549
805243778 462117192
805387292 690186938
805536492 472294748
807267675 926475306
809640327 889842225
810186947 803918182
811442209 50379895
812020783 308215737
812343880 454561880
813005648 372502137
813656638 558834670
813943974 560349857
814881303 320228084
815368100 779473308
815428013 326192575
816632333 952330595
817743524 478228846
820255468 136124873
821526249 75349344
822095762 30996757
822662965 813676518
823826933 839205841
824632339 899163193
827011406 32624097
828882060 957743022
831581452 742491862
832364399 410309159
833586468 300341124
835232449 706381773
837521466 261931217
838649988 377186811
839662172 533891535
840143790 532341117
842075143 317243149
842485434 745971705
842547802 542595881
843507956 574108333
844796036 402536106
845911412 183151194
847023060 813444364
847093241 604463231
848235658 882914587
848751316 509304778
849378269 147831940
850711573 783451083
850909566 233377960
851469291 46535146
852371449 538134195
852906709 866900891
855464092 829386477
856038290 281892303
857601686 780003151
857717134 519338413
857899749 743548761
857909045 972179073
859149033 934179618
859255996 319448308
864668507 964426672
865334142 992879997
868927321 783524489
870894047 67713047
872178627 420610186
874097813 544795444
875278081 415070198
875348010 691550193
876005647 539632593
876076761 810458506
877973571 758903407
878649079 134450703
878696862 739302215
879513554 36684375
881932256 817359884
882121760 599898421
882866152 629269246
883814740 110343145
888547571 775804
888871153 524815833
889087867 139761118
889813122 691573121
890668304 119210881
891845790 770548902
892144315 412456994
892442004 872595921
893319249 771870575
893508800 492071675
895147420 825563611
895237173 56353156
895245965 49863089
897667610 192343914
898563380 290608492
900656341 909618102
900982129 93316421
901205009 590531641
901637277 344107532
902058230 988818040
902076760 581494587
902353374 70199780
903127863 822609479
904244342 466804046
905209107 549978425
905434218 981043609
906587855 796390525
913317481 494937008
915458029 371491834
915904614 276339130
916469226 631420258
916890188 63864204
916903054 178977226
919091989 156748895
919110856 675116668
919600500 596782018
923160744 551522572
924632185 329821137
925022995 443842729
925237089 318378151
925447088 802117300
925624544 912971536
927787129 194493590
928121706 792315011
928836379 464125134
930407363 771155023
930864033 569885512
931274704 132698643
933412759 361783029
934803516 258213234
935070844 318519959
935580566 90626311
936088833 293090524
937177578 455613079
937395684 498710446
938661293 115309701
938858651 129891529
943020785 222396042
943512310 618092429
944341727 242576804
945401709 528775701
947133139 782927183
947586247 603312007
947777881 388182514
948273958 636628397
949797138 993867932
951605048 922991556
951696096 248344559
952107454 16411284
954666457 683190364
954787145 601405888
956921265 681358224
957280237 271402079
959791015 855932717
960873705 567338186
960934335 782029501
962178375 48567735
962633831 339683
965496557 21987974
966722274 642749394
967348444 533791451
967788544 797623555
968198369 782120812
968496609 349975586
968817275 720429083
969214971 381633352
970245702 851978054
973037570 523473519
973259563 141838430
974360265 628332578
975136205 804695478
975679578 543059828
980030922 668345245
981520978 847544114
982367347 409677486
986312357 881131611
987251256 524105573
987480199 154341328
992378647 791553782
993103575 379476807
993170574 203865945
993645922 780467589
994133872 244303017
994163420 164520908
997045541 975772078
997171172 164017809
997307421 802649016
998088295 393235314
998172219 361742254
999332037 566919782
