773 496509685
875221 1
2760397 5
3834923 21
7420610 85
10828468 341
12763227 1365
14596295 5461
14826173 21845
15554066 87381
16034976 349525
16320771 1398101
21877764 5592405
22160350 22369621
22708822 89478485
27155977 357913941
27474376 1000000000
28094260 1000000000
32249265 1000000000
33049601 1000000000
34466951 1000000000
34571874 1000000000
34851414 1000000000
35298625 1000000000
41970592 1000000000
43439893 1000000000
43803314 1000000000
44948340 1000000000
46717880 1000000000
47292315 1000000000
47412688 1000000000
47659028 1000000000
49946153 1000000000
51233689 1000000000
53565901 1000000000
55107977 1000000000
56695982 1000000000
56967660 1000000000
57154464 1000000000
58339771 1000000000
58376984 1000000000
59060251 1000000000
59155626 1000000000
59328652 1000000000
61312456 1000000000
61860367 1000000000
62110598 1000000000
62662370 1000000000
64265664 1000000000
65706801 1000000000
66516908 1000000000
67764443 1000000000
69613449 1000000000
71008234 1000000000
72750634 1000000000
75124500 1000000000
75846205 1000000000
78662748 1000000000
81016532 1000000000
81063975 1000000000
82335279 1000000000
83324686 1000000000
85708483 1000000000
85825395 1000000000
87465478 1000000000
88420847 1000000000
88774903 1000000000
91714167 1000000000
91716453 1000000000
96252349 1000000000
96764375 1000000000
99266645 1000000000
100627379 1000000000
102628415 1000000000
102847197 1000000000
102912653 1000000000
103343772 1000000000
104129220 1000000000
105827159 1000000000
108575020 1000000000
109322215 1000000000
109398034 1000000000
110429051 1000000000
110679327 1000000000
113769418 1000000000
115560018 1000000000
116664887 1000000000
118706580 1000000000
120259354 1000000000
120548483 1000000000
121187476 1000000000
121549861 1000000000
124015975 1000000000
124570930 1000000000
125632421 1000000000
125806981 1000000000
127764474 1000000000
128273325 1000000000
128655707 1000000000
128856920 1000000000
129899615 1000000000
130739727 1000000000
133103474 1000000000
137959884 1000000000
138186749 1000000000
138189948 1000000000
138995785 1000000000
140091617 1000000000
141033047 1000000000
141211376 1000000000
143298218 1000000000
143744478 1000000000
144893510 1000000000
147671774 1000000000
147699950 1000000000
148334654 1000000000
149136943 1000000000
153720829 1000000000
154497240 1000000000
157237547 1000000000
159513901 1000000000
160742839 1000000000
161639155 1000000000
167478558 1000000000
168048656 1000000000
168347819 1000000000
170097815 1000000000
170774242 1000000000
172438418 1000000000
174327134 1000000000
174943398 1000000000
175152469 1000000000
176569810 1000000000
178290968 1000000000
179105134 1000000000
181129750 1000000000
181167169 1000000000
183201971 1000000000
183595761 1000000000
185527774 1000000000
185564880 1000000000
185698886 1000000000
186377476 1000000000
186904455 1000000000
186936685 1000000000
187651956 1000000000
188386571 1000000000
191685943 1000000000
193301215 1000000000
194781833 1000000000
194963219 1000000000
195267853 1000000000
195390370 1000000000
195590758 1000000000
197550267 1000000000
198071869 1000000000
198570995 1000000000
200529116 1000000000
206226835 1000000000
206368513 1000000000
207678011 1000000000
209259507 1000000000
210679228 1000000000
210897400 1000000000
211279774 1000000000
212295167 1000000000
216318112 1000000000
217542261 1000000000
218146186 1000000000
218269834 1000000000
218812835 1000000000
218939878 1000000000
219216954 1000000000
221603832 1000000000
225067266 1000000000
225800792 1000000000
225886064 1000000000
228524966 1000000000
228647465 1000000000
231608867 1000000000
232519972 1000000000
232625829 1000000000
233299333 1000000000
236356112 1000000000
236768834 1000000000
239150457 1000000000
239416192 1000000000
240865071 1000000000
241420612 1000000000
242462048 1000000000
242589721 1000000000
242761308 1000000000
243205172 1000000000
243824599 1000000000
244719024 1000000000
248422048 1000000000
251388400 1000000000
251414563 1000000000
255992236 1000000000
257813991 1000000000
259460570 1000000000
263987001 1000000000
264452591 1000000000
265626563 1000000000
266104933 1000000000
266186192 1000000000
266818396 1000000000
267886056 1000000000
268258584 1000000000
270449699 1000000000
271417657 1000000000
271683893 1000000000
274704960 1000000000
278029610 1000000000
278085807 1000000000
278152326 1000000000
278537235 1000000000
278743488 1000000000
279537550 1000000000
280792547 1000000000
281062606 1000000000
281825076 1000000000
284790346 1000000000
284847265 1000000000
285246408 1000000000
285814766 1000000000
289186593 1000000000
290664621 1000000000
291785153 1000000000
293451713 1000000000
297835010 1000000000
297902238 1000000000
299108315 1000000000
300130511 1000000000
300183317 1000000000
302888967 1000000000
302988377 1000000000
303505323 1000000000
303996760 1000000000
304391674 1000000000
309201258 1000000000
310405756 1000000000
311440664 1000000000
314892189 1000000000
315996620 1000000000
317390344 1000000000
318340537 1000000000
321778841 1000000000
322266977 1000000000
322339242 1000000000
327318900 1000000000
327653899 1000000000
327770324 1000000000
328031446 1000000000
329991611 1000000000
331898310 1000000000
333043777 1000000000
333071754 1000000000
333992273 1000000000
334340169 1000000000
337212993 1000000000
337879259 1000000000
337916513 1000000000
337916846 1000000000
339482282 1000000000
340305595 1000000000
344330361 1000000000
345134107 1000000000
345872738 1000000000
346601531 1000000000
347219953 1000000000
347991076 1000000000
348329876 1000000000
348987125 1000000000
350116953 1000000000
351913076 1000000000
352050554 1000000000
352574006 1000000000
353263357 1000000000
354029883 1000000000
354825177 1000000000
355755870 1000000000
356886708 1000000000
357812312 1000000000
357981981 1000000000
358354890 1000000000
360071610 1000000000
361405668 1000000000
361669412 1000000000
362106701 1000000000
363044299 1000000000
366168840 1000000000
366223934 1000000000
372540382 1000000000
376555306 1000000000
376870423 1000000000
380801325 1000000000
382213036 1000000000
382741008 1000000000
384259109 1000000000
386482462 1000000000
386648374 1000000000
387035449 1000000000
387175469 1000000000
387599715 1000000000
388364500 1000000000
392891397 1000000000
393429971 1000000000
393840228 1000000000
394379072 1000000000
394837040 1000000000
396425046 1000000000
396972516 1000000000
397480235 1000000000
397783561 1000000000
402553096 1000000000
403920557 1000000000
405699874 1000000000
406453669 1000000000
407662825 1000000000
409122759 1000000000
409126600 1000000000
410366683 1000000000
411158803 1000000000
411292317 1000000000
412549534 1000000000
417473871 1000000000
418843446 1000000000
419331035 1000000000
419752262 1000000000
420648359 1000000000
422068032 1000000000
422094038 1000000000
423811708 1000000000
423928700 1000000000
424193976 1000000000
424926061 1000000000
425242557 1000000000
427558986 1000000000
428058890 1000000000
428453273 1000000000
429784491 1000000000
433854311 1000000000
434016505 1000000000
435543228 1000000000
435686624 1000000000
438869465 1000000000
439282117 1000000000
441636798 1000000000
442753757 1000000000
444563513 1000000000
445246957 1000000000
445289864 1000000000
446537272 1000000000
449220909 1000000000
449811863 1000000000
450862522 1000000000
451006652 1000000000
451787199 1000000000
451899651 1000000000
453285702 1000000000
454204288 1000000000
457070054 1000000000
458047847 1000000000
460204508 1000000000
461251167 1000000000
465799323 1000000000
465968251 1000000000
466118724 1000000000
473406843 1000000000
475287486 1000000000
477617142 1000000000
477748972 1000000000
477840898 1000000000
479796287 1000000000
481466587 1000000000
482394327 1000000000
484158089 1000000000
485920269 1000000000
487358851 1000000000
488829540 1000000000
489936545 1000000000
491495717 1000000000
491553086 1000000000
493448777 1000000000
495558345 1000000000
495884288 1000000000
499694827 1000000000
500577404 1000000000
501031530 1000000000
501660917 1000000000
502213410 1000000000
502708845 1000000000
505830615 1000000000
508147666 1000000000
508847620 1000000000
510652160 1000000000
512823406 1000000000
513968484 1000000000
516417040 1000000000
517541896 1000000000
519221206 1000000000
520581701 1000000000
522578914 1000000000
524418848 1000000000
524667972 1000000000
525614146 1000000000
526901231 1000000000
527964462 1000000000
528531444 1000000000
528646007 1000000000
528709349 1000000000
529831521 1000000000
531317360 1000000000
531399491 1000000000
531406213 1000000000
531438965 1000000000
531503826 1000000000
537772273 1000000000
538612509 1000000000
538773835 1000000000
540147498 1000000000
543595563 1000000000
545466482 1000000000
546016940 1000000000
546532085 1000000000
548906768 1000000000
549768863 1000000000
550578277 1000000000
551892274 1000000000
551920759 1000000000
552614727 1000000000
552661276 1000000000
552844700 1000000000
555846469 1000000000
556202045 1000000000
556326897 1000000000
557107608 1000000000
557513330 1000000000
560516818 1000000000
560589785 1000000000
562426886 1000000000
562535346 1000000000
563730251 1000000000
564129741 1000000000
565076378 1000000000
565129980 1000000000
567349405 1000000000
575837001 1000000000
577072977 1000000000
578626427 1000000000
581483535 1000000000
582368263 1000000000
583109741 1000000000
585369702 1000000000
586978877 1000000000
587831466 1000000000
588747342 1000000000
589744914 1000000000
592244536 1000000000
592286319 1000000000
595413593 1000000000
598330795 1000000000
601795953 1000000000
604199948 1000000000
604669626 1000000000
604791836 1000000000
605724536 1000000000
607705015 1000000000
607902814 1000000000
609488036 1000000000
610572008 1000000000
611571400 1000000000
614756485 1000000000
616302346 1000000000
619384427 1000000000
620676976 1000000000
620709751 1000000000
621802180 1000000000
622189887 1000000000
622450041 1000000000
623345560 1000000000
623369412 1000000000
626079075 1000000000
626867721 1000000000
629537318 1000000000
629767061 1000000000
630848063 1000000000
631202115 1000000000
631388435 1000000000
632303126 1000000000
632519617 1000000000
633689874 1000000000
638315153 1000000000
638416157 1000000000
641681968 1000000000
645334079 1000000000
650963738 1000000000
651921671 1000000000
652148384 1000000000
653618692 1000000000
654612611 1000000000
656362625 1000000000
658475629 1000000000
661094192 1000000000
661722878 1000000000
661741722 1000000000
662773307 1000000000
665153841 1000000000
665219682 1000000000
665443510 1000000000
670110125 1000000000
670267234 1000000000
672373376 1000000000
674371746 1000000000
674838377 1000000000
675537714 1000000000
676914400 1000000000
677863753 1000000000
678377103 1000000000
678870825 1000000000
679010733 1000000000
681508078 1000000000
683280464 1000000000
684021579 1000000000
684725653 1000000000
686916139 1000000000
687545476 1000000000
688327926 1000000000
688672982 1000000000
688795782 1000000000
690213621 1000000000
690470350 1000000000
691188402 1000000000
691478195 1000000000
692749249 1000000000
692953037 1000000000
693643362 1000000000
694228818 1000000000
695636822 1000000000
696829759 1000000000
697483737 1000000000
701730622 1000000000
702246649 1000000000
703130156 1000000000
703152917 1000000000
703306653 1000000000
703889126 1000000000
704274885 1000000000
705409055 1000000000
710998112 1000000000
711384417 1000000000
714185815 1000000000
715901224 1000000000
717381294 1000000000
718184767 1000000000
719130668 1000000000
720391496 1000000000
722624137 1000000000
722814742 1000000000
725143096 1000000000
725730382 1000000000
726285314 1000000000
726373686 1000000000
727169026 1000000000
729647431 1000000000
730388466 1000000000
730865049 1000000000
731172170 1000000000
733975083 1000000000
734648148 1000000000
737336661 1000000000
738320139 1000000000
739141979 1000000000
741021252 1000000000
741536338 1000000000
742824249 1000000000
743183177 1000000000
745931377 1000000000
747835633 1000000000
749776709 1000000000
749959156 1000000000
750978941 1000000000
753448286 1000000000
754482231 1000000000
757991450 1000000000
758318267 1000000000
758572033 1000000000
759089963 1000000000
759103672 1000000000
759983620 1000000000
762387016 1000000000
765319724 1000000000
765848346 1000000000
766132982 1000000000
766727969 1000000000
766974742 1000000000
767131729 1000000000
768028227 1000000000
769179444 1000000000
769630286 1000000000
772428181 1000000000
777216025 1000000000
777332303 1000000000
778613384 1000000000
779763696 1000000000
781687251 1000000000
783024491 1000000000
785274557 1000000000
785333796 1000000000
786487126 1000000000
787320890 1000000000
788247240 1000000000
788295713 1000000000
788725992 1000000000
790374878 1000000000
790535185 1000000000
791803568 1000000000
792156029 1000000000
793397112 1000000000
798538592 1000000000
799330942 1000000000
799494833 1000000000
800752513 1000000000
803878395 1000000000
805366387 1000000000
810093404 1000000000
810218915 1000000000
810548785 1000000000
810686754 1000000000
811464616 1000000000
811497597 1000000000
818109391 1000000000
819506101 1000000000
819867730 1000000000
820041751 1000000000
822581886 1000000000
824078585 1000000000
824664969 1000000000
825351128 1000000000
827035688 1000000000
828618271 1000000000
828934405 1000000000
828937580 1000000000
829353529 1000000000
830077559 1000000000
832640396 1000000000
833622865 1000000000
833812706 1000000000
835581872 1000000000
836089860 1000000000
836200594 1000000000
837950005 1000000000
838541673 1000000000
838629927 1000000000
839690735 1000000000
840337948 1000000000
841176409 1000000000
843064232 1000000000
845586337 1000000000
848794648 1000000000
848826264 1000000000
848905225 1000000000
849656388 1000000000
849843428 1000000000
850172732 1000000000
850687754 1000000000
851989096 1000000000
852743228 1000000000
853349464 1000000000
856409143 1000000000
856424601 1000000000
857468348 1000000000
860930306 1000000000
861417329 1000000000
863701056 1000000000
864106023 1000000000
865914386 1000000000
866321336 1000000000
871144147 1000000000
872527093 1000000000
872702459 1000000000
875196570 1000000000
876458861 1000000000
878602539 1000000000
881306625 1000000000
881777279 1000000000
881809193 1000000000
881870838 1000000000
883459127 1000000000
888966870 1000000000
889952425 1000000000
890025198 1000000000
893247646 1000000000
893494679 1000000000
893944613 1000000000
901759385 1000000000
903228522 1000000000
903361179 1000000000
903775290 1000000000
904636835 1000000000
904838896 1000000000
905008705 1000000000
905350032 1000000000
905621540 1000000000
905952311 1000000000
907143526 1000000000
907489544 1000000000
915416524 1000000000
916546765 1000000000
916725509 1000000000
917929045 1000000000
919393972 1000000000
921191659 1000000000
921411948 1000000000
925636403 1000000000
925804642 1000000000
927170853 1000000000
927184140 1000000000
927693256 1000000000
933044182 1000000000
938146326 1000000000
939913727 1000000000
939950978 1000000000
939980663 1000000000
943731484 1000000000
943809948 1000000000
944281583 1000000000
944375494 1000000000
944794791 1000000000
944928033 1000000000
946185002 1000000000
946497167 1000000000
947861867 1000000000
948948019 1000000000
950059392 1000000000
952372243 1000000000
955915626 1000000000
961279643 1000000000
961808003 1000000000
965181216 1000000000
965503480 1000000000
965677479 1000000000
966974374 1000000000
967050231 1000000000
967871831 1000000000
968274581 1000000000
968300153 1000000000
968501888 1000000000
969285228 1000000000
969642622 1000000000
970765454 1000000000
971638248 1000000000
971749870 1000000000
972153680 1000000000
978547100 1000000000
979351870 1000000000
982751155 1000000000
984512850 715827883
986678644 178956971
987628551 44739243
987859570 11184811
988417411 2796203
989858998 699051
990248617 174763
990257728 43691
990843824 10923
991147351 2731
994106171 683
994124390 171
995423480 43
995934770 11
996992670 3
999679546 1
