180 523374389
4651806 1
8954973 1
11211202 18
18971279 205
28777207 1
31267697 1
33867963 1
40408712 1
46923053 859
51295929 1
60331534 1
66910963 1
68224411 1
96240613 1
111318477 1
111579418 1
119022004 1
120390770 1
122662077 1
123532820 1
125520478 1
132154200 1
137006897 1
144534164 1
145733399 1
147892471 1
151634002 1
155361059 1
156944595 1
161460374 1
164621906 1
166120722 1
174975048 1
178179606 1
189800102 1
192255553 1
193613489 1
196897374 1
204993507 1
205846467 6976
213562084 1
218941517 1
228078264 1
228582853 1
230073980 1
255849400 1
269143624 1
275299107 1
275749918 1
283385437 1
292994288 13963
303850802 1
304466262 1
307183876 1
313023568 1
314931604 1
316538488 1
316999200 1
323029124 1
339478554 1
339710210 1
345722083 1
354384152 1
373448157 1
383475367 1
386594429 1
389906977 1
405963769 1
413753186 1
417893851 1
422573616 1
425623885 1
433027064 1
433105919 1
433508107 1
440090940 893818
440849289 1
449878229 1
450369005 1
450978519 1
453646461 1
454298019 1
467776186 1
471025819 446898
486877805 1
487558021 1
495698783 1
498048603 1
505699612 1
520345986 1
526323207 1
529680017 1
534687799 1
535448913 1
537898220 1
538987556 1
540077701 1
546407656 1
551871160 1
565622898 1
566093847 1
584932533 223440
586605990 1
597562181 1
601187997 1
602567006 1
603490121 1
608036499 1
608039781 111717
625558607 1
634441977 55858
637766942 1
650291501 1
656719455 1
661259317 1
662164071 27927
664191858 1
664202988 3474
667758674 1
680287063 1736
685317331 1
687521342 1
694843510 1
698376831 1
711458738 1
712305255 1
712317907 1
712881537 1
713253465 1
722219968 1
726066194 1
727644105 1
735131690 1
743450019 1
746363956 1
747546932 1
754547699 1
754857987 1
756420197 428
762324805 1
779792309 1
781307581 1
785054099 1
797892494 1
807048976 1
812529715 1
818273429 1
820825053 1
823575606 1
823723524 1
824608389 1
827971836 1
836929104 1
848997305 1
850780314 1
851442808 1
869276293 103
869737730 1
872977255 1
883724542 1
906955443 1
913764848 49
915839662 1
929149168 1
934202692 1
936852918 1
943327253 1
947783445 1
956523928 1
957987128 1
961957127 1
962909920 1
963088019 1
968623012 1
971978594 1
979566651 9
980372858 4
989371834 1
993172800 1
998005630 1
