72 580810141
18661542 1
19992715 1
37044040 1
84874212 1
98997899 1
102190462 1
105057010 1
117654565 1
131697051 1
159404166 1
205385153 1
209762024 1
215557991 1
233182332 1
274736771 1
289435857 1
319078652 1
350015359 1
352630594 1
353813806 1
354385707 1
362306736 1
386790251 1
428827633 1
443740945 1
447383976 1
459683196 1
462681771 1
475180737 1
478642136 1
502955914 1
513395529 1
520289597 1
533784635 1
548962108 1
576382548 1
586333342 1
591502348 1
614363091 1
622611637 1
624116621 1
624801675 73
657405157 1
660047106 1
686634883 1
690214557 1
692936798 1
713868448 1
721245037 1
728745217 1
736450529 1
745566240 1
749728898 1
751911655 1
771437931 1
773049560 1
786336920 17
800264253 1
811253768 1
830354505 1
833825989 1
844330889 1
846112844 1
859237320 1
931726638 1
941550135 1
945675294 1
964958318 1
965995062 1
993251344 1
996965182 1
997387836 1
