778 509089467
560942 1
1326347 5
3799773 21
3976339 337
4186809 2697
6898624 10788
8528747 21577
10106943 172617
10583320 690469
12545454 2761876
14756308 5523752
15846205 11047504
17622951 22095009
18441370 176760073
19072449 707040293
19134276 1000000000
19964411 1000000000
21693217 1000000000
23441297 1000000000
25127903 1000000000
31814762 1000000000
33467733 1000000000
35107549 1000000000
35173578 1000000000
35843236 1000000000
38233990 1000000000
41822672 1000000000
42299246 1000000000
43312147 1000000000
44093232 1000000000
44183512 1000000000
46340594 1000000000
47559873 1000000000
48333929 1000000000
49408807 1000000000
50176926 1000000000
52249453 1000000000
53504972 1000000000
60164536 1000000000
60582831 1000000000
61521764 1000000000
62071499 1000000000
62776741 1000000000
64384731 1000000000
65554515 1000000000
67492387 1000000000
67992405 1000000000
72123542 1000000000
72286603 1000000000
73143639 1000000000
75257679 1000000000
77711423 1000000000
77715123 1000000000
77978485 1000000000
78075860 1000000000
78250786 1000000000
79181234 1000000000
81623708 1000000000
83350540 1000000000
84115231 1000000000
84804345 1000000000
86102755 1000000000
88175401 1000000000
90741327 1000000000
91501338 1000000000
91915872 1000000000
92334534 1000000000
92401315 1000000000
97994963 1000000000
101489038 1000000000
101914640 1000000000
103110000 1000000000
107020209 1000000000
108135913 1000000000
108962230 1000000000
109701644 1000000000
111660613 1000000000
112842450 1000000000
114397685 1000000000
117199632 1000000000
123792439 1000000000
124626424 1000000000
124847467 1000000000
129072046 1000000000
129162108 1000000000
129776480 1000000000
130850178 1000000000
133719655 1000000000
133872977 1000000000
136198973 1000000000
136372077 1000000000
136602810 1000000000
139335618 1000000000
140401552 1000000000
141653211 1000000000
144496424 1000000000
146178886 1000000000
151942706 1000000000
152168240 1000000000
152504441 1000000000
152954942 1000000000
154356547 1000000000
156241126 1000000000
156422829 1000000000
158010324 1000000000
161509311 1000000000
165949793 1000000000
166502527 1000000000
167823940 1000000000
168989129 1000000000
169844738 1000000000
170036255 1000000000
172521975 1000000000
173808015 1000000000
174696699 1000000000
175625121 1000000000
176709758 1000000000
177264366 1000000000
179175693 1000000000
180490672 1000000000
180919698 1000000000
181713333 1000000000
182143449 1000000000
182200404 1000000000
183215640 1000000000
184633757 1000000000
185272520 1000000000
186683757 1000000000
187995494 1000000000
190870697 1000000000
192141836 1000000000
192446911 1000000000
193085190 1000000000
194214519 1000000000
195107098 1000000000
195368790 1000000000
197604357 1000000000
198452154 1000000000
202819524 1000000000
203199290 1000000000
203451176 1000000000
205530478 1000000000
206029933 1000000000
206458851 1000000000
207268116 1000000000
207496033 1000000000
209744212 1000000000
211646732 1000000000
211879627 1000000000
214383822 1000000000
216306857 1000000000
217617913 1000000000
217843792 1000000000
217895865 1000000000
218478636 1000000000
219214815 1000000000
221791753 1000000000
223060960 1000000000
223433607 1000000000
223818831 1000000000
225378714 1000000000
226524404 1000000000
227060827 1000000000
228356921 1000000000
232706433 1000000000
235400671 1000000000
238678423 1000000000
239083035 1000000000
239418850 1000000000
239727434 1000000000
240201995 1000000000
240735071 1000000000
242192573 1000000000
242230424 1000000000
243326378 1000000000
243654574 1000000000
244079158 1000000000
244963055 1000000000
246028717 1000000000
246216732 1000000000
247906080 1000000000
248670158 1000000000
251033052 1000000000
251044086 1000000000
252822799 1000000000
252830587 1000000000
253415127 1000000000
254997197 1000000000
255192853 1000000000
256727592 1000000000
256865774 1000000000
258557808 1000000000
260232977 1000000000
260524283 1000000000
261088775 1000000000
262825048 1000000000
262905234 1000000000
265936430 1000000000
266898225 1000000000
266950812 1000000000
267590579 1000000000
267695532 1000000000
268652609 1000000000
273213431 1000000000
274430044 1000000000
274783748 1000000000
274941796 1000000000
275023055 1000000000
276360589 1000000000
277128021 1000000000
278254943 1000000000
279221791 1000000000
279422656 1000000000
281258527 1000000000
285140634 1000000000
286422046 1000000000
288195949 1000000000
289143034 1000000000
289247275 1000000000
289439094 1000000000
290287064 1000000000
292182858 1000000000
292946801 1000000000
293398646 1000000000
294858065 1000000000
298321004 1000000000
300350996 1000000000
300374246 1000000000
300381367 1000000000
304090782 1000000000
305524919 1000000000
307889104 1000000000
312958963 1000000000
315903565 1000000000
316846166 1000000000
318125689 1000000000
320365120 1000000000
321425932 1000000000
321728022 1000000000
322977251 1000000000
325822234 1000000000
329181329 1000000000
329821599 1000000000
331117118 1000000000
332117651 1000000000
334069866 1000000000
336508124 1000000000
337010873 1000000000
338034651 1000000000
340241962 1000000000
342888306 1000000000
343148464 1000000000
346092840 1000000000
346277376 1000000000
346764309 1000000000
348597943 1000000000
349124947 1000000000
350256407 1000000000
351195735 1000000000
354103589 1000000000
354761994 1000000000
355112608 1000000000
355333762 1000000000
355897306 1000000000
357158864 1000000000
357374505 1000000000
360003648 1000000000
364678100 1000000000
368016637 1000000000
368129241 1000000000
368489992 1000000000
368618812 1000000000
369158332 1000000000
369731630 1000000000
372711047 1000000000
373757148 1000000000
374933702 1000000000
375263207 1000000000
376649097 1000000000
377740805 1000000000
377778824 1000000000
377802758 1000000000
378785821 1000000000
379829372 1000000000
379956488 1000000000
380281010 1000000000
380515164 1000000000
380598790 1000000000
382173301 1000000000
385157215 1000000000
389426320 1000000000
390699899 1000000000
390851394 1000000000
391349837 1000000000
392282246 1000000000
395822442 1000000000
396443173 1000000000
398490033 1000000000
398993746 1000000000
400770939 1000000000
401381454 1000000000
404117601 1000000000
404188522 1000000000
404741139 1000000000
405047318 1000000000
405846723 1000000000
406526816 1000000000
406978298 1000000000
408038972 1000000000
408675369 1000000000
410038693 1000000000
414199920 1000000000
419951822 1000000000
420606797 1000000000
422896812 1000000000
423676390 1000000000
424469326 1000000000
425618420 1000000000
426283862 1000000000
431721634 1000000000
431833532 1000000000
432636392 1000000000
435461288 1000000000
435564599 1000000000
435912643 1000000000
442095757 1000000000
442309792 1000000000
442848516 1000000000
442938850 1000000000
443920084 1000000000
444395981 1000000000
444935023 1000000000
445050298 1000000000
446744071 1000000000
447496141 1000000000
448166069 1000000000
448579622 1000000000
448614498 1000000000
448791691 1000000000
449032578 1000000000
449350536 1000000000
449499902 1000000000
450391205 1000000000
454354032 1000000000
454528123 1000000000
454665056 1000000000
456788112 1000000000
457581865 1000000000
458653391 1000000000
459158837 1000000000
461832797 1000000000
461953086 1000000000
462378545 1000000000
462485618 1000000000
462858282 1000000000
462998224 1000000000
467010339 1000000000
470020306 1000000000
470117827 1000000000
470754392 1000000000
474662697 1000000000
474887237 1000000000
474905898 1000000000
474958476 1000000000
476159201 1000000000
477265028 1000000000
478792449 1000000000
479025279 1000000000
479851809 1000000000
480966923 1000000000
483210593 1000000000
483934535 1000000000
486415653 1000000000
486520042 1000000000
487425074 1000000000
493352805 1000000000
493944424 1000000000
494550541 1000000000
495556127 1000000000
495619680 1000000000
495878093 1000000000
496992516 1000000000
499235745 1000000000
501411360 1000000000
501693897 1000000000
503740232 1000000000
505509158 1000000000
506448968 1000000000
508879220 1000000000
509766641 1000000000
516918314 1000000000
517161639 1000000000
517215783 1000000000
519749525 1000000000
520864997 1000000000
521594545 1000000000
522186608 1000000000
524302876 1000000000
525230354 1000000000
525903134 1000000000
526323870 1000000000
526826640 1000000000
527974138 1000000000
528566868 1000000000
531814832 1000000000
532148945 1000000000
532492066 1000000000
534703277 1000000000
536210651 1000000000
537673442 1000000000
537723365 1000000000
537770486 1000000000
537805349 1000000000
538095104 1000000000
540612367 1000000000
540944166 1000000000
542915005 1000000000
542968175 1000000000
545358418 1000000000
546669107 1000000000
548491151 1000000000
550522156 1000000000
551816660 1000000000
552249514 1000000000
553008162 1000000000
554945310 1000000000
556445781 1000000000
557971515 1000000000
558030974 1000000000
558098285 1000000000
558857972 1000000000
559042286 1000000000
559937323 1000000000
560777361 1000000000
570955440 1000000000
573175605 1000000000
574158693 1000000000
579296845 1000000000
581244348 1000000000
582208954 1000000000
583363877 1000000000
583372720 1000000000
584938877 1000000000
585172370 1000000000
585705471 1000000000
586917155 1000000000
587854697 1000000000
587899124 1000000000
588499004 1000000000
590247078 1000000000
592699032 1000000000
592951959 1000000000
593031554 1000000000
594649965 1000000000
594840043 1000000000
594894392 1000000000
595106482 1000000000
602268048 1000000000
604124251 1000000000
605471568 1000000000
607350751 1000000000
608777774 1000000000
610314581 1000000000
610881364 1000000000
611186507 1000000000
611729224 1000000000
612195801 1000000000
612204838 1000000000
612360772 1000000000
613113837 1000000000
613174239 1000000000
614951111 1000000000
615423977 1000000000
617010442 1000000000
617675879 1000000000
618203807 1000000000
618368155 1000000000
618810334 1000000000
618848987 1000000000
618903614 1000000000
620158108 1000000000
621678334 1000000000
623090280 1000000000
623152476 1000000000
625910179 1000000000
626257555 1000000000
626667190 1000000000
626989395 1000000000
630928855 1000000000
631177712 1000000000
632698138 1000000000
636231536 1000000000
636957143 1000000000
638388809 1000000000
638601417 1000000000
643128951 1000000000
645269684 1000000000
645746328 1000000000
647120153 1000000000
647928122 1000000000
648285850 1000000000
648523155 1000000000
648844147 1000000000
649087461 1000000000
649778788 1000000000
650007253 1000000000
651714774 1000000000
656239355 1000000000
656825581 1000000000
658408313 1000000000
660038031 1000000000
662620287 1000000000
663632228 1000000000
663937035 1000000000
664261097 1000000000
666266105 1000000000
667152830 1000000000
668205473 1000000000
669446228 1000000000
671919834 1000000000
672402045 1000000000
677239269 1000000000
677252709 1000000000
680107285 1000000000
680881686 1000000000
682421217 1000000000
685063754 1000000000
686009133 1000000000
686202854 1000000000
690892349 1000000000
691694569 1000000000
691997674 1000000000
692461540 1000000000
693073533 1000000000
693866538 1000000000
700557805 1000000000
705131546 1000000000
705697645 1000000000
705838659 1000000000
707465402 1000000000
708894225 1000000000
712459212 1000000000
715377078 1000000000
716711012 1000000000
717429266 1000000000
720426220 1000000000
721423179 1000000000
721819100 1000000000
722109206 1000000000
722388311 1000000000
723135682 1000000000
724138763 1000000000
724169560 1000000000
728493927 1000000000
729175623 1000000000
730241564 1000000000
730613309 1000000000
731604626 1000000000
731644314 1000000000
734452061 1000000000
735353952 1000000000
736538360 1000000000
737007934 1000000000
737081787 1000000000
737428880 1000000000
737796702 1000000000
740842702 1000000000
742491153 1000000000
742534257 1000000000
743115702 1000000000
744768151 1000000000
745057593 1000000000
745714577 1000000000
745962320 1000000000
747760778 1000000000
749045760 1000000000
749631262 1000000000
750011702 1000000000
750438732 1000000000
750598112 1000000000
751970917 1000000000
752742049 1000000000
753254666 1000000000
753614300 1000000000
753777555 1000000000
754256704 1000000000
756241619 1000000000
756260408 1000000000
757205807 1000000000
757869722 1000000000
758126876 1000000000
759587013 1000000000
761823145 1000000000
763346823 1000000000
763443407 1000000000
764116419 1000000000
764338111 1000000000
766054602 1000000000
773518799 1000000000
773712338 1000000000
773820416 1000000000
774952241 1000000000
775521063 1000000000
775918944 1000000000
776898534 1000000000
777524586 1000000000
777785724 1000000000
778288732 1000000000
778485164 1000000000
784125261 1000000000
785316896 1000000000
785978193 1000000000
787060371 1000000000
787692863 1000000000
788577264 1000000000
792165402 1000000000
795108370 1000000000
797579603 1000000000
799861009 1000000000
800550196 1000000000
802096419 1000000000
802733055 1000000000
803925493 1000000000
805090653 1000000000
805679742 1000000000
806205118 1000000000
807085851 1000000000
807174588 1000000000
807986824 1000000000
808420823 1000000000
809507143 1000000000
810273040 1000000000
810323313 1000000000
811178038 1000000000
811542608 1000000000
811884743 1000000000
812913726 1000000000
813420185 1000000000
815239874 1000000000
815507526 1000000000
817883268 1000000000
817943836 1000000000
822716363 1000000000
823080115 1000000000
826426506 1000000000
827581512 1000000000
828578665 1000000000
829314258 1000000000
830445016 1000000000
833838814 1000000000
834325827 1000000000
835408588 1000000000
837250265 1000000000
839322997 1000000000
840257439 1000000000
843005238 1000000000
843394233 1000000000
843651602 1000000000
844464601 1000000000
846577956 1000000000
847749362 1000000000
847779383 1000000000
848018577 1000000000
848398439 1000000000
849560098 1000000000
851678859 1000000000
853720252 1000000000
856329711 1000000000
858100994 1000000000
858655299 1000000000
859481315 1000000000
859901152 1000000000
861069397 1000000000
862622247 1000000000
864708277 1000000000
866381905 1000000000
867494771 1000000000
869851345 1000000000
869859374 1000000000
871821715 1000000000
873608676 1000000000
876714798 1000000000
881274027 1000000000
881702350 1000000000
885739923 1000000000
885834003 1000000000
885906364 1000000000
886286680 1000000000
890207661 1000000000
892627195 1000000000
893236055 1000000000
893832279 1000000000
894531633 1000000000
895159888 1000000000
895375460 1000000000
897330340 1000000000
898753714 1000000000
898996645 1000000000
900203153 1000000000
903542232 1000000000
904334962 1000000000
905462502 1000000000
905683583 1000000000
907572760 1000000000
908062279 1000000000
908953826 1000000000
914952875 1000000000
916109134 1000000000
916553313 1000000000
918545728 1000000000
919995560 1000000000
920471632 1000000000
921530442 1000000000
922992232 1000000000
923411022 1000000000
923538765 1000000000
925900165 1000000000
926462689 1000000000
927078763 1000000000
927118963 1000000000
927919538 1000000000
930956998 1000000000
934756437 1000000000
936193090 1000000000
937150047 1000000000
938486297 1000000000
938943923 1000000000
940087923 1000000000
940496360 1000000000
941176065 1000000000
941855565 1000000000
944905554 1000000000
944967957 1000000000
947468935 1000000000
947979489 1000000000
948227148 1000000000
948285018 1000000000
948511143 1000000000
950607168 1000000000
952922820 1000000000
954288567 1000000000
954799769 1000000000
956269243 1000000000
957233720 1000000000
958087056 1000000000
959444892 1000000000
959447435 1000000000
960167735 1000000000
960333926 1000000000
961192551 1000000000
964021743 1000000000
965959102 1000000000
966124283 1000000000
967392729 1000000000
967413319 1000000000
968051248 1000000000
969605136 1000000000
970951315 1000000000
971712173 1000000000
972131886 1000000000
973585892 1000000000
975075659 1000000000
976593645 353520147
977607923 88380037
979308510 44190018
979873801 1380939
981027399 345235
981373715 86309
981886559 43154
983506828 5395
986184611 1349
987214179 674
993809440 169
994313108 84
994386753 42
994394993 11
998495574 3
998582904 1
