592 487072787
15195 1
5221698 9
5224509 72
6183046 145
7152713 2321
7662982 9285
7818212 37141
8380321 1188513
8413626 9508105
8515644 76064841
11326485 304259364
11545546 608518729
12310547 1000000000
13732908 1000000000
15310931 1000000000
16751591 1000000000
17072111 1000000000
17821584 1000000000
20262009 1000000000
21344200 1000000000
24440266 1000000000
25349860 1000000000
27957421 1000000000
31440231 1000000000
33457918 1000000000
35808316 1000000000
36839017 1000000000
37654330 1000000000
39193715 1000000000
40032233 1000000000
42015463 1000000000
42909890 1000000000
43579587 1000000000
43859623 1000000000
45370004 1000000000
48879544 1000000000
53457510 1000000000
55498758 1000000000
56760647 1000000000
57516630 1000000000
58063191 1000000000
59572238 1000000000
60740855 1000000000
63235292 1000000000
65948131 1000000000
66647791 1000000000
66702641 1000000000
67976044 1000000000
69960310 1000000000
72062505 1000000000
73949560 1000000000
75089418 1000000000
75578218 1000000000
76575455 1000000000
77581705 1000000000
78355269 1000000000
79504443 1000000000
85241011 1000000000
87357136 1000000000
89318980 1000000000
100870820 1000000000
101551217 1000000000
102956352 1000000000
102994043 1000000000
105172455 1000000000
105292607 1000000000
107181689 1000000000
107819064 1000000000
110269710 1000000000
112984042 1000000000
114158183 1000000000
114640051 1000000000
114778864 1000000000
115637747 1000000000
119334380 1000000000
119554875 1000000000
120547869 1000000000
122337584 1000000000
122630818 1000000000
122969769 1000000000
124004516 1000000000
124522877 1000000000
126728238 1000000000
126843042 1000000000
129149709 1000000000
130178799 1000000000
132152996 1000000000
133645710 1000000000
136724307 1000000000
136762862 1000000000
137538718 1000000000
137925647 1000000000
139441141 1000000000
142126770 1000000000
143932429 1000000000
145914759 1000000000
151851937 1000000000
152014144 1000000000
154180059 1000000000
155431155 1000000000
156052565 1000000000
156949746 1000000000
158321060 1000000000
159293927 1000000000
160344761 1000000000
161123065 1000000000
161847852 1000000000
163977886 1000000000
164109134 1000000000
164708888 1000000000
168376769 1000000000
169594483 1000000000
172669241 1000000000
173315737 1000000000
177174862 1000000000
178429537 1000000000
178440508 1000000000
184850981 1000000000
186109817 1000000000
189010400 1000000000
190665204 1000000000
197300907 1000000000
197577717 1000000000
199487891 1000000000
199714557 1000000000
204175838 1000000000
204279090 1000000000
204989902 1000000000
205282794 1000000000
205939798 1000000000
206795204 1000000000
209612328 1000000000
210925235 1000000000
213083574 1000000000
213838993 1000000000
217830147 1000000000
220341127 1000000000
225127021 1000000000
227232693 1000000000
227984388 1000000000
231011108 1000000000
231083602 1000000000
231275440 1000000000
234660952 1000000000
235064633 1000000000
237910550 1000000000
240583153 1000000000
241785333 1000000000
243796508 1000000000
246564223 1000000000
252016497 1000000000
254026653 1000000000
254219844 1000000000
255536921 1000000000
256020698 1000000000
258785982 1000000000
261413570 1000000000
261965437 1000000000
262020199 1000000000
265535700 1000000000
266721879 1000000000
268965713 1000000000
271688835 1000000000
271698593 1000000000
272753731 1000000000
273418067 1000000000
273525943 1000000000
273839808 1000000000
274301476 1000000000
274822626 1000000000
276964137 1000000000
279410674 1000000000
279445323 1000000000
279573091 1000000000
281325661 1000000000
282447603 1000000000
282528974 1000000000
282718002 1000000000
282832815 1000000000
285765355 1000000000
286270230 1000000000
286456811 1000000000
286726729 1000000000
287522631 1000000000
287996300 1000000000
288067416 1000000000
289006069 1000000000
291272521 1000000000
292331586 1000000000
293328372 1000000000
294478146 1000000000
294820296 1000000000
295623238 1000000000
300492409 1000000000
300689131 1000000000
301812083 1000000000
303666568 1000000000
305547200 1000000000
309413577 1000000000
310054439 1000000000
310133156 1000000000
314171670 1000000000
314393908 1000000000
314590949 1000000000
315090995 1000000000
315700928 1000000000
324430015 1000000000
325868225 1000000000
328015524 1000000000
331664704 1000000000
333171338 1000000000
333674207 1000000000
335916217 1000000000
337136511 1000000000
340284206 1000000000
345850914 1000000000
346539967 1000000000
348047415 1000000000
348072358 1000000000
351018945 1000000000
355075530 1000000000
355112259 1000000000
356350706 1000000000
357014365 1000000000
365973395 1000000000
368476399 1000000000
369717801 1000000000
370144594 1000000000
373626401 1000000000
374168801 1000000000
375943936 1000000000
377039724 1000000000
377407583 1000000000
378462919 1000000000
378976662 1000000000
379830883 1000000000
381341636 1000000000
386089194 1000000000
388293158 1000000000
392272529 1000000000
392964071 1000000000
395022197 1000000000
395043304 1000000000
396401125 1000000000
396773029 1000000000
397297060 1000000000
397984753 1000000000
398475305 1000000000
400570124 1000000000
403155086 1000000000
405274134 1000000000
408242511 1000000000
408812857 1000000000
409535965 1000000000
410288861 1000000000
410893272 1000000000
411539994 1000000000
411618775 1000000000
413643221 1000000000
414488489 1000000000
414571779 1000000000
418264628 1000000000
419657612 1000000000
421315540 1000000000
421788293 1000000000
423987524 1000000000
426154616 1000000000
427229967 1000000000
427957002 1000000000
432370894 1000000000
444752517 1000000000
446116777 1000000000
446624205 1000000000
449616656 1000000000
453486277 1000000000
454402279 1000000000
454820478 1000000000
457199916 1000000000
457692898 1000000000
458634274 1000000000
460031588 1000000000
462007784 1000000000
464290874 1000000000
464419035 1000000000
464873595 1000000000
469212734 1000000000
469379657 1000000000
470478628 1000000000
473508286 1000000000
476516314 1000000000
476956370 1000000000
477178051 1000000000
482641454 1000000000
485005550 1000000000
485265718 1000000000
485292240 1000000000
488128740 1000000000
488435094 1000000000
488665242 1000000000
489554407 1000000000
490045649 1000000000
490676192 1000000000
495507165 1000000000
495648085 1000000000
498199201 1000000000
502078364 1000000000
503865697 1000000000
504460310 1000000000
504558934 1000000000
506057333 1000000000
506150535 1000000000
509052544 1000000000
510040990 1000000000
513716482 1000000000
514301487 1000000000
515203541 1000000000
519818951 1000000000
522511381 1000000000
524497373 1000000000
524740644 1000000000
526945923 1000000000
527228864 1000000000
527274662 1000000000
528094648 1000000000
541159230 1000000000
544332708 1000000000
546873685 1000000000
548119590 1000000000
548229075 1000000000
549152953 1000000000
549908763 1000000000
551967583 1000000000
552294862 1000000000
553073565 1000000000
553386695 1000000000
556824948 1000000000
560658300 1000000000
561982397 1000000000
563116935 1000000000
563333154 1000000000
563518771 1000000000
565311006 1000000000
565559262 1000000000
565981543 1000000000
567186871 1000000000
571208549 1000000000
571250979 1000000000
575633909 1000000000
577026294 1000000000
577905067 1000000000
581653633 1000000000
583081710 1000000000
585161492 1000000000
585477094 1000000000
589650909 1000000000
593440243 1000000000
593704146 1000000000
596281403 1000000000
597211886 1000000000
597847219 1000000000
598167232 1000000000
600308107 1000000000
603180602 1000000000
603341039 1000000000
604302912 1000000000
605915302 1000000000
610491640 1000000000
610614661 1000000000
613764982 1000000000
614382478 1000000000
616903659 1000000000
617310073 1000000000
617989233 1000000000
620220327 1000000000
620263198 1000000000
620520442 1000000000
622321692 1000000000
622343996 1000000000
626848037 1000000000
627390872 1000000000
628145358 1000000000
628781188 1000000000
629190658 1000000000
630897721 1000000000
630969947 1000000000
633876902 1000000000
634536310 1000000000
638497035 1000000000
639445511 1000000000
639805350 1000000000
640713815 1000000000
644571886 1000000000
645710451 1000000000
646590072 1000000000
647797775 1000000000
649248756 1000000000
649434039 1000000000
649560225 1000000000
654300227 1000000000
655483141 1000000000
655638476 1000000000
655801545 1000000000
657193968 1000000000
657838165 1000000000
661331716 1000000000
661498369 1000000000
661766987 1000000000
662841999 1000000000
664754273 1000000000
667558213 1000000000
669733452 1000000000
673721875 1000000000
674007555 1000000000
676919760 1000000000
685080747 1000000000
686088116 1000000000
687310772 1000000000
690589088 1000000000
691358534 1000000000
691447979 1000000000
693763671 1000000000
694707819 1000000000
695168914 1000000000
695741609 1000000000
698204165 1000000000
702920003 1000000000
704194898 1000000000
709136670 1000000000
710527282 1000000000
712148325 1000000000
712922224 1000000000
714657652 1000000000
718425034 1000000000
719366488 1000000000
719877529 1000000000
721068170 1000000000
721331028 1000000000
721686013 1000000000
722804533 1000000000
726492751 1000000000
732491871 1000000000
733992804 1000000000
740833540 1000000000
741869839 1000000000
744067339 1000000000
744122038 1000000000
745521095 1000000000
746024057 1000000000
747560929 1000000000
748933338 1000000000
749164174 1000000000
751980285 1000000000
751994005 1000000000
756727553 1000000000
760305436 1000000000
761681953 1000000000
763905563 1000000000
764889532 1000000000
764913736 1000000000
766598460 1000000000
767334203 1000000000
767514728 1000000000
768824929 1000000000
774681044 1000000000
775878048 1000000000
775938619 1000000000
776431304 1000000000
777622875 1000000000
779864966 1000000000
780186762 1000000000
783225532 1000000000
786908024 1000000000
789070069 1000000000
789284615 1000000000
789923033 1000000000
790558981 1000000000
792650750 1000000000
793314971 1000000000
795041262 1000000000
800971198 1000000000
801134223 1000000000
803940555 1000000000
804266768 1000000000
805656266 1000000000
806042079 1000000000
808407611 1000000000
812328471 1000000000
813101032 1000000000
813167301 1000000000
815573435 1000000000
817207977 1000000000
818402878 1000000000
818836181 1000000000
818991738 1000000000
819246864 1000000000
819273990 1000000000
819293121 1000000000
821496390 1000000000
824121256 1000000000
825852258 1000000000
825872290 1000000000
826180973 1000000000
826810475 1000000000
828520447 1000000000
830252352 1000000000
832868834 1000000000
836433398 1000000000
838014382 1000000000
840081232 1000000000
843310619 1000000000
843363785 1000000000
845751205 1000000000
846927119 1000000000
856640198 1000000000
858938950 1000000000
860028580 1000000000
860403123 1000000000
861636151 1000000000
864662749 1000000000
865277314 1000000000
865285200 1000000000
867128291 1000000000
868208679 1000000000
871858933 1000000000
872171393 1000000000
872343239 1000000000
873060161 1000000000
875659542 1000000000
877969471 1000000000
879814877 1000000000
881092645 1000000000
884272798 1000000000
887894979 1000000000
889642737 1000000000
893004513 1000000000
893889796 1000000000
896079029 1000000000
900180558 1000000000
901687007 1000000000
902684907 1000000000
902914667 1000000000
903436507 1000000000
904182084 1000000000
906492429 1000000000
907764835 1000000000
909353898 1000000000
910237625 1000000000
913509843 1000000000
919432981 1000000000
919893879 1000000000
922939796 1000000000
924336469 1000000000
930125249 1000000000
933149943 1000000000
933220957 1000000000
933628081 1000000000
935514658 1000000000
935625785 1000000000
936173969 1000000000
936768612 1000000000
937397463 1000000000
944278290 1000000000
944640287 1000000000
945723165 1000000000
949340543 1000000000
951233504 1000000000
951694037 1000000000
954742698 1000000000
955059682 1000000000
955731540 1000000000
956157967 1000000000
956322232 1000000000
962759289 1000000000
963259291 152129683
964328202 38032421
964371874 19016210
965401869 4754053
967683228 2377026
969912452 594257
971006522 297128
972356698 148564
976169617 74282
978987740 18571
985775918 4643
986842284 1161
988789446 580
989821529 290
992542455 37
992752833 18
993696613 5
994965167 2
999736443 1
