2522 255298059
90589 319708722
421558 177964483
1528062 354564565
1792029 597323081
1967241 615083568
2502053 135164759
3396447 673749082
3609046 145429395
4815093 636198489
4860666 467078517
5451602 938049203
5673081 735856632
5858499 87583557
6432358 696206478
7099231 745839442
7278874 98587475
7383000 451847390
7975547 67660933
8135759 820886845
8176491 617298740
8619096 379837158
8766189 875244853
10097553 325425804
10110400 246032988
11294796 126976879
11538234 907011817
12548350 569387758
12644421 872300354
13162627 172615009
14074317 155864290
14271062 89359909
14589243 583073425
14604612 279117047
14764609 140009941
15306858 804705925
15641731 494962600
16273377 104300098
16291502 828137578
16989521 490339705
17620650 105353496
17629614 401058725
18114782 650402750
18449559 18924543
19220268 166243114
19226490 703646807
19471680 980719074
19618861 536377127
19972497 457556055
20062748 126437092
20176577 6098009
20543230 975017623
21290464 863751117
21794494 212260268
23309890 947053214
24101655 441728778
24822977 208083441
24867243 975598435
25298235 569265308
26143396 312623820
26252949 601100503
26404996 94768527
26619546 491788084
26824146 986492992
27176375 207945420
28591628 384994574
28994234 72541882
29230702 767054426
30997061 600568525
33324834 177758861
33338108 370016120
33690017 793597222
34355648 963284749
34580613 599797521
34755225 937022506
36292854 538499647
36564737 429805427
36602987 619490930
36679116 146797697
36742792 73830744
36756583 629509657
36973115 60909531
37010381 890980768
37364430 599681719
37650407 487683022
37782097 384223308
37967704 759846562
38736373 152200629
38928145 362151061
39954540 492765976
40174460 41484562
40286032 600042303
40644715 226309668
40753880 108885095
41134594 108454257
41587653 755026008
41797556 494989414
43367353 538239413
43843624 298009523
44276373 376490133
44324485 154143226
44438583 414093905
44550012 135231426
45083640 364404383
45137485 293857457
45320100 320267231
45684600 165533178
46382652 880314037
46533156 304590355
46541659 960598231
46729898 788916139
46885332 426926375
46915068 297777627
47130919 828963587
47487490 65029531
47569446 114815708
47633271 930332279
47746627 235361797
47777987 655401601
49626458 753130445
49843076 446576009
49984025 835299791
50224959 994876811
50538187 67730311
50775504 132134504
51591803 713662249
52364962 20034777
53198754 901486509
53227447 159387296
53676174 594990126
54024574 944157183
54417486 363418740
54620078 735276654
54711671 288918223
56754961 479188615
57101076 382337318
57696610 103419204
57798345 250649934
58162063 10291821
58290194 110656160
58613981 496273995
59161008 648249541
59170504 427248801
59178133 438547923
59446637 666760412
59543484 937665949
60651738 648559497
60808720 171712582
60959561 962951942
61427934 536698903
61447229 491828604
61856545 547703442
61986908 823035404
62421989 224954055
62492655 690154824
63614510 624136421
65044491 293209828
65547380 745126163
66144383 342500524
66727369 704216960
67398969 484887736
67933490 520005048
68194773 596736223
68220178 278804793
68982459 961151849
69163758 876438342
69419724 157359879
69711202 150732282
70062626 197394951
70228206 69125279
70284626 427213507
70459330 110272832
71220556 385942362
71520830 836983676
71769462 549904034
72233158 301127836
72432685 861612125
73251460 250943720
74010030 481268906
74072989 533513781
74243581 720587453
74658176 277985218
74800612 952838354
76095355 155730245
76191309 118539614
76348833 77009216
76478570 792862599
76945151 261958808
77131738 340694230
77271351 958562151
77277395 827126315
77661099 236354320
78170277 839340016
78469067 456575892
79097639 66696081
79741647 978908195
80330637 908546091
80412792 769214710
81011772 84533891
81144436 983545947
81183008 240014393
82383474 287286545
82763795 359270972
83300397 3439573
83596200 707075712
84404166 197794876
85072068 634688238
85094174 329095363
85511999 981122460
85760141 270246436
85862853 583784510
86147260 620063722
86576991 375228123
87030966 84137031
87826938 789225411
87935364 287668517
88040039 942743743
88223334 173166202
88390685 137486730
88544003 214089696
88653611 759145856
88859874 291376996
89069711 879376533
89182707 268573597
89254630 839795592
89712096 323111168
89838429 322800471
90416562 853330035
90490218 200194549
90714043 633045791
90792829 478523450
90880941 120835465
91224178 345847066
91464132 535254500
91562222 291363865
91783375 468032928
92142588 278266110
92414271 792771142
92988826 291374278
93347853 519204231
93398095 778190811
93655501 948522129
94925601 618588037
96528289 539651236
96769398 9297056
96852145 966424805
96943561 533062543
97787339 739802994
99093133 685712240
99363558 644295605
99531029 151411345
100199753 695594493
100543177 707358753
101889596 922878538
101989891 106585898
102530050 456873576
102956394 442913470
103058178 923719998
103373767 944269168
103680998 871063911
104852011 902246918
105123043 632310017
106153187 304865644
106671249 574948549
106816475 691806698
106940594 505128536
107265946 952805785
107331170 255598048
107836351 592217106
108096405 502009561
108335554 610065257
108446660 98809896
109609430 448485977
109720396 92002671
109806453 25849280
110304013 729380259
110369908 377674573
110477020 283656924
110822390 19088247
110881235 174292332
110944875 519653552
111310224 89104946
111689040 869694938
111900008 728537647
113377252 644886010
113394423 859218777
113995883 822225706
114386044 481541807
115064794 170932948
115197395 900633997
115246744 927751964
115261960 823604801
115417213 911623582
115443710 81253341
115673743 64691033
115818716 496739150
116419608 296087018
117196959 246644653
117949180 170173436
118173339 947637717
118611883 820834046
118858782 247448885
118917784 430611479
120999511 10882022
121838954 159670870
121858682 267570687
122132732 275863598
122626428 904951848
123034668 273212961
123180207 149580141
123297682 958814906
123691530 698258516
124223137 511233983
124318062 781058864
124878100 339443367
125751044 710117815
125847339 863934025
127508941 173661650
127721805 908133846
127917077 827887540
127987716 406049033
128398646 903536942
128511572 150514588
128581223 185105984
128638067 411774461
128880826 107058930
128891714 920355649
129063612 50377316
131095472 156835929
131154041 989503268
131653120 810534018
131891801 628435647
132058271 640445186
132243157 356520090
132541797 392994320
132642724 742185986
133201007 715307283
133913693 94584704
134167690 738537487
134709052 702541169
134779303 872669276
134994507 733332438
135734572 161811096
136710397 889092969
136790131 419342302
136827036 807515632
137901595 453211191
139281121 812365268
139726917 845019216
140057809 659309812
140317674 789717613
140911370 371423414
142926157 327443101
143177377 372661599
143838974 607060015
144192785 571508388
144735366 766504036
144825420 802197377
144876295 857224293
145193197 126365512
145590140 666215031
146613709 389319164
146666258 145282156
147215492 61955039
147341772 17239900
147496217 749827657
147702925 661997717
147862350 478064058
148175736 614382031
148530672 893430066
148679325 771019939
149231778 809067712
149314724 151928126
149960189 421584217
150114197 530419281
150537307 158412779
151653022 942083659
151751571 101916080
152213773 970422730
152400298 220045767
152533557 563803982
152548140 695458303
152830620 597050927
153484318 293278454
154363275 964917969
155240675 252864866
155528982 972349461
155764338 555508398
156071577 50158098
156158764 907965640
156192684 580612612
156206589 535416633
156304746 216997764
156545809 830810997
156607549 26576121
156617601 925976692
157743259 286786894
157810604 265017216
158626870 240926948
160432910 436198480
160960113 640783818
161062634 582341718
161239331 213273899
161709562 317523797
161828551 891778055
162171265 249152309
163229283 505209126
163562695 163331354
163759255 769728584
164851082 72819634
165778252 729206433
166037827 424916686
166364146 952194691
166395878 341131828
166707972 290439261
166812487 906120114
166903297 436033763
167181700 31908982
167402266 204187278
167457613 234760093
167518847 516320327
168817307 835788809
168819937 107217758
168895065 96271735
169179926 994442944
169455537 522501839
169734520 218036073
169853143 167360446
170218767 505306135
170455139 350038401
170735873 847529535
171110004 566138116
171300160 126799428
171779899 59607595
172036623 849621734
172261143 392952430
172320595 979542520
172744914 71685291
173355278 690299990
173578188 728716855
173792393 144660
173894643 250128693
173911361 862748154
174157793 29464619
174170191 895147312
174307031 730501841
175002630 387350581
175030023 478570028
175219652 810216981
175805936 724515804
175903220 715071195
176186098 557830833
176187306 442548291
176248920 502008451
176392391 515329972
176581431 155290434
176716775 731129708
176834744 771288907
176969278 369603836
177192625 767372029
177573330 262839543
177665498 675954572
177807986 837230566
177808221 202129684
178198966 987919998
178310880 866295281
178392412 889253652
178775927 218329421
178845517 523929168
179178707 456050937
179249142 843559713
180534400 700160640
180971444 659050480
181038153 325696377
182236412 132248855
183461784 125514525
184318180 911417492
184656647 561426200
184736685 501945593
184889756 520899491
185241402 519740327
185460549 575897810
185787358 225242683
186729811 407022890
187506305 835291463
187653888 878247798
187878239 84021316
187937500 377795034
188252180 538613959
188461049 806277672
190177372 858341619
191997450 381367666
192589592 5903150
194621538 981455071
195463782 964574487
195902774 84725186
195913900 391264695
196796806 503065320
197379224 233728246
197385919 514698033
197614259 325985871
197864105 337514849
198012697 931574471
198180003 185303864
198496439 584258587
198674122 468432319
198831905 517191992
199160951 193483492
199538893 670391791
199686591 915994697
200214553 846950376
200632339 806502744
200759519 245539031
201090039 625202842
201183904 30053358
201223235 344938569
201394141 209237138
201673994 391146531
201765852 336818256
202105982 324900480
202339659 198858258
202352014 337774758
203116768 55246477
203816447 153828956
204098389 904884733
204201299 974607036
204651577 861131028
204928402 656887373
205087943 295968559
206689157 543633488
207314914 441974218
207804105 352371034
209548284 735134006
210195985 425634594
210389224 386195081
210881532 921425308
211131276 575646932
211146512 969908038
211236664 534125467
212827560 25735361
212973710 738227841
213412587 909355938
213640355 159151171
213931137 404801674
214070987 37123303
214390768 953790579
214529545 517377844
214902796 751528781
215175433 926464868
216055316 313326024
216190349 495439640
216598348 243352179
216653072 664769675
216952862 707721734
217670729 208225546
217834654 453563643
217866873 686796451
218014859 602496098
218933608 901490972
219801175 395627509
219841953 141188134
220235189 816016746
220430452 872148690
220795029 825946376
221115136 344295492
221314095 525800829
221341207 632837029
221682821 962984686
222149164 790389598
222358530 420263758
222378373 161679234
222667505 530318322
223061467 729809291
223283741 465073765
223717238 285620040
224335425 584608376
226153939 242696470
226160999 250183582
226400446 219846990
227594390 89796470
227650008 606397181
227980585 122453927
228299817 464723418
228476633 366970611
228884650 516435828
228957031 796994950
229194321 641126826
229300603 408836239
229402623 68506208
229410229 228363538
229708632 216879727
229775743 439229435
230226461 115622877
230860441 395759477
231633317 242598734
231831219 1076604
231840546 472011961
232128792 836058544
232235238 327444829
232726248 953694316
232751102 2001142
233221665 488493847
234533674 968933932
235197397 775442873
235394406 18734668
236382631 189012433
236881568 504212025
237306866 981709925
237588097 626054820
237847300 582000985
238151389 902613370
238355757 774991364
238678533 14218398
239418459 128430848
239657568 930526168
240001751 762841409
240111218 411954700
240347855 211990632
240863690 541198254
241118563 367183449
242074406 392432757
242869627 941917194
243296669 25445454
243437131 698347934
243453683 487288723
243456367 112891825
243543774 53623932
243756363 928753653
244753082 236004821
244843701 663650557
244941673 5915377
245158198 893009240
245942987 240826590
245953816 972711394
246457960 735814361
246825719 787194198
246858759 5876740
247154720 219120934
247551066 209825877
247826887 231364494
248307335 689582802
248326262 656285414
248556380 296516346
248649823 314671159
248987417 142719366
249256856 776102673
249291243 735133265
249641048 832211099
250272442 998925203
250346373 267239915
250918356 451579477
251298561 590832024
251494984 432184864
251503617 114901644
252099167 886612984
253280900 537459742
253586383 547327112
254638912 424032607
254941531 407253918
255248050 752365491
256109480 661380313
256306347 15299748
256788763 345163167
256791741 29765874
256890547 863559765
257229428 530725614
258320787 536269002
258942770 899521543
259586860 183084531
259885556 105343397
259900425 310216413
259954528 782172981
259982232 257570526
260360270 631219588
262533109 458220302
262843714 846777680
262898956 604172533
262992158 342356252
263640937 229455493
264193242 531478595
264427320 709952330
265099198 310305616
265260394 875879135
265960358 406483852
266715295 667011747
266799577 721953239
266927893 696621741
267519340 186954427
267780856 318211580
267972354 540914622
268814249 50577907
270290555 652071927
270401398 149191939
270605523 490609123
270831677 801999529
271045749 258389624
271111918 417904283
271355136 506135419
271933463 719020861
272775206 536887566
273269737 792226138
274009835 798602380
274836019 606743824
274946763 27512473
275485202 959496202
276146824 382478452
276265064 146034932
276337503 205270158
276726971 556408363
277140745 155365984
277228031 159426996
277278888 152107897
278186757 704882800
278725813 360609238
279026589 380183180
279152155 449998197
279203406 787337022
279278921 197162796
279381597 996219309
280261061 229653174
280267060 635249456
280461756 351308302
280558013 710141627
280816738 696676863
280909267 984166805
282391050 686449660
282746343 474676558
283258507 576241964
283480717 72449264
283605838 618236617
283726673 220324212
284272577 579320746
284389404 454724471
284693975 900991773
284890345 730412589
285157236 245050106
285365829 996225430
285576707 523434740
285858549 374098414
286037998 963782962
286231521 26906729
286407151 225412125
286441799 357471007
286680430 449116027
286683888 759701061
289597656 919708348
289811631 426322077
289953135 2071188
289967984 804402991
290111484 633807305
290116315 377771065
290403467 156617549
290861904 558314851
291388423 473119119
292359921 14153526
292835094 13062413
293958433 173550543
294836577 400390701
295123497 388053199
296151262 536180301
296642381 52570261
298687171 662473240
298733728 525133487
298773234 99875611
299586219 98453901
300048170 395056791
300154625 767880055
300429073 713113496
300440567 735379136
300472636 292190790
300879908 282616123
301032299 375616634
301161772 197105390
301600126 359573396
302037346 678605829
302520063 744572811
303004882 765560841
303695295 509201221
304014566 574801489
304174006 98237992
304592996 445844408
304965748 445980400
305446490 642591631
305513906 205875138
305608311 917642709
305876491 314510209
305998473 8257189
306011526 323511905
306483779 29261551
306496545 725057465
306904202 858595434
307216868 923557148
307442782 722617033
307690091 56626857
307755644 789446700
307886094 334682786
308086299 234450137
308963107 213055035
309580326 342100523
310391031 379338164
310473191 907180234
310547428 787804585
311149470 962910236
311365959 462584744
311430160 411942138
311794514 987477508
312467466 138127270
312970566 169680616
312993204 956950269
313525833 791034542
313705012 524164840
314294332 973625201
314520860 396381208
314657880 869316576
314990473 773000945
315247379 830862677
315336497 432100806
315539140 663707429
316908194 857198151
317099559 959375673
317997714 863018039
318743039 1783261
319061075 888615265
319569984 528735447
319934786 424348364
320800232 675947963
320838931 291373869
320865492 55532925
321073787 962753692
321195700 887289672
321564826 538439051
321794721 393128589
321930583 779212019
322001129 274918494
322515338 167371215
322535543 875170811
323565879 29997005
323948184 320295597
324263411 776918339
324318877 795387602
324436662 384497247
324685747 996335161
324907932 991843234
326476334 422731183
326585179 490928527
327429080 941689817
328798259 24265631
329270278 904915268
329341768 69089399
329617679 204376506
329844379 290687324
330330876 823522519
331035580 622719206
331341900 750160859
332009334 929285875
332067459 538777280
332281480 407870430
333415159 692806287
333577913 644477681
333634341 429966574
334472545 819472407
334490601 44055294
334636871 145602774
335548798 194915171
335739301 72360571
336257157 412453795
336264036 889248150
336357951 505919668
337062852 457135272
337583650 472966351
339681258 583998491
340101984 529792138
340124706 400444273
341148339 154790693
341954466 884566464
342166897 340581923
342590991 67374941
343010189 813524508
343353909 26816215
343859519 571155153
344260982 648193831
344541365 125010048
344888611 704589093
345073560 179834490
345495665 811743292
345709259 55860978
346259999 77823073
346626878 760694806
346953879 865003840
347049960 699257955
347397899 747779256
347999127 558664245
348253880 507239561
348744558 368520349
348995571 516364620
349772062 530983286
350095375 825542818
350514601 522088122
351154549 702317744
351614433 855175953
351907102 686619338
351943875 562319275
352025953 346770286
353751214 436156750
353861482 65176435
354250992 683768498
354491232 69252737
354740371 311201292
355116790 239526595
355138336 204836840
355293379 559120347
355307280 150507323
355737426 40796950
356643149 884082872
356723696 322361568
356967533 284539746
358175021 306704250
358702762 771050082
358861250 324993769
359362388 661819418
360091237 571279921
360137159 660287609
361644028 774040515
362025764 265627280
362072009 197530931
362163766 669025637
362567016 843758637
362867435 329722375
364012793 202576041
364142030 871176930
364321946 432559197
364799616 304319060
364861430 52847475
364905199 374044287
365871540 259019388
366261581 362458720
366390785 302464931
366971416 632759328
367078422 848931109
367250982 159311018
367336015 623799552
367966476 529651325
368001458 153356266
368104674 336263618
369088927 608925572
369782836 509408673
369941279 251055567
370755487 416447695
370763318 266205662
371793750 772047723
372204108 339219405
372287382 499661834
372503143 857549297
373172411 791116304
373712238 865472848
373756128 551214913
375060555 801349459
376217244 2253975
377126351 396605114
377280067 902349397
377504363 760946127
377925970 493507931
378990412 770195934
379093906 365784508
379140573 782009828
379586386 675948173
380019226 46546565
380769988 804149504
380815438 781450563
380954529 77564080
381490690 352185581
381918564 638836029
381965516 182516564
382619514 808296731
382628045 74381380
383163565 457936807
383373758 719412146
384117074 729058939
384553614 457747761
384596265 588115970
384924979 488823978
385612416 444167502
385798775 302512716
386252679 236639016
387435388 309217729
387609014 251627624
388134198 727017121
388199443 855655303
388322924 115773995
389674312 547115378
390284717 15358002
391869211 236754848
392151263 248132948
392220922 740076390
392261339 147465842
392332089 952398985
392595820 590058843
392674465 810496277
393856381 928880842
393858179 642778220
393920698 707010962
394621823 850118049
394880219 954850583
395384499 624247046
395683468 251591936
396385105 216951043
397231381 680146474
397249594 421527593
398075922 13416159
398139309 80306310
398560029 890929735
398655971 235929146
398711817 850925854
398795034 244885834
398990535 590027175
399394544 168871603
399720077 300675807
399879205 337337538
400870217 841190646
401138100 543714978
401429012 601112826
401507524 779624758
401672956 264164309
401794292 879158057
402583952 637169785
402705823 110383682
403083531 37001049
403566276 57049084
404542735 944423194
404623903 698038613
404913197 425843338
405240492 899678182
405554429 545975760
406177239 345755699
408077888 120190693
408183553 219675460
408806857 258186050
410292410 434103668
410534059 270503131
411407351 306003592
412643554 935648843
413332125 589807874
414027705 895626320
414597335 976454839
415173525 545653368
415439540 169100959
415751896 111575324
415998093 892744172
416315085 110625421
417091706 569710173
418691040 687453069
418990876 357735891
419494894 290343681
421020657 472429348
421512841 454887651
421957043 884165166
422436114 591850109
422813894 698658607
423265853 592489427
423725571 876173140
424087889 130789472
424194911 278102159
424247331 274071301
424455035 374555309
424608482 233584446
424632114 210858407
425144224 404505494
425791371 319651127
426269345 712238940
426432673 426321838
426854716 107461527
426987899 86039556
427027010 702902070
428234725 918699824
428801286 951832715
428823103 696043706
428827281 236318202
428958159 425893517
429459255 575087597
429670241 282896913
430697689 321829386
430809491 987162745
431253696 31481256
431454717 246980185
431729950 302932350
431752645 145071738
431861913 365001373
432434379 894988273
432717806 341999776
433527897 95064941
433970037 132948769
433981634 895595473
433988440 580206190
435337188 843735554
435710341 458640252
435965379 773088769
436079254 774059291
436091245 653575483
436555537 687792747
437017372 468439071
437714874 626144910
438502961 434355441
438750094 894602654
439186044 102854110
439908346 314134753
440090750 177460815
440830056 848005179
441508380 163467649
441835939 868133091
443062451 525352533
443099406 573833561
443371915 567858788
443495439 780669591
443868183 79613014
445391849 489210502
445662966 865856372
446116673 389396403
446528958 651945594
446606215 901254722
447431435 433659825
447598442 898905634
447875081 26854973
448673644 208516737
450539572 803403955
450848435 716213378
451855857 283350254
451881846 314595117
452281928 201801506
452655791 401874087
453270269 765708337
453645774 524028578
453825691 170999101
454570050 35349526
455384651 603135102
455771466 782273073
455797300 555247444
456392208 768779915
457285534 385555871
457850691 529458333
458542852 823046222
459283095 548345971
459823863 504600374
460019630 95140000
460029356 44704292
460061726 417506163
460859795 150280501
462733553 941751655
463294707 588271204
463633181 498463455
463798657 868780131
464093650 293021458
464391776 781800623
464491849 531066435
465353531 133934814
465687116 99788086
466190148 736071483
466290401 156304350
466378477 888395412
466898332 378084186
467326889 430340945
467582500 283249442
467989877 745446856
469003011 462827901
470309863 412166096
470430450 167358774
470597871 63393172
470715462 810845838
471006272 193102760
471082082 851772788
471289063 616531041
471744870 948268787
471834084 157506656
472388556 73548267
472786489 299041904
473141588 807063299
474166255 3437202
474534412 260462557
474703560 144792660
474713391 383855500
476727613 226395241
476945965 533136450
477302855 655397238
477324220 946379341
477944183 645635625
478090236 339978820
478413635 371402896
480395787 393705085
480688735 736079016
480844435 760631745
482944004 831420467
483022360 138696003
483414651 30511053
484397570 696116173
484943073 807681857
485425144 252994107
485738708 132415768
486353291 83459373
486684493 752075123
487179216 97290743
487466954 551114266
487634524 376846044
487892846 717360596
488924943 285586556
489047289 311785208
489336183 697723530
489681149 410087235
490013621 812366785
490767037 96972012
490923500 496525080
490944760 912951030
491300143 609696307
492005909 893765316
492185976 167630109
492424971 642231026
492668198 256013108
492930168 666479457
493204479 63994212
493695310 468440723
493934089 836607895
494013375 423165498
494044911 871126892
494173590 873714955
494571100 175016486
494745884 575288278
494815569 507439590
495244167 882196955
495517620 375681053
496365536 471659605
496490329 697365819
497113690 38706011
497677589 562858412
498990899 463925736
499961504 976695812
500398473 689763128
500959431 761755768
501519420 175982933
501796774 576090000
502033224 539735792
502832276 334714394
503011212 991019636
503448064 880330337
503850781 373474904
503963109 350278302
504071305 79888564
504098998 182826671
504497197 703185431
504551998 370422022
504877626 951072151
505060163 766190307
505366929 712297000
505556787 321696709
505583297 436887857
505601866 986291741
505623314 282056284
506065052 97379141
506166495 900483245
506183820 107923632
506199672 779165397
506416221 732436065
507057988 331488968
507364044 51177120
507620610 860351117
509903546 514652907
510433803 939501140
511278895 831657515
511482327 668364749
511555381 48152103
512136582 443333303
512740271 453315133
512830453 418586294
514115620 838411598
514180359 8566889
514507220 909743866
514523735 325031867
514618722 145113613
514789002 618786169
515036794 708340792
515062079 566184485
515119203 758563587
515576867 952347145
516369927 662328834
516577131 691601550
516747611 21986374
518038532 892737741
518201318 351637782
518223948 613790054
518296393 907593183
518664430 360996241
519057505 804982120
519070087 547185522
519683553 668261449
519788672 152552368
519841665 425021085
520549697 328400455
520749882 413986038
520749972 937598109
521181460 193524369
521293603 351723219
522713955 818487498
522868437 703702110
522906928 925982673
523524739 450964949
523622715 789026974
523936504 235016715
524170611 94561314
525190190 680890464
525386505 143991230
525457656 987768404
525644073 858967800
525709972 787092572
525758916 699675756
526031462 753620473
526334081 832827904
526646509 774838021
527734521 521486427
528465667 180539983
528605468 377168278
528722711 551618410
528753132 272812340
528763806 911103426
529712972 106637135
530249983 38298863
530588072 54659860
531099753 97479245
531189905 983293553
531291590 408274892
532009733 311219468
532493246 875868675
532516152 350444662
532751343 511679883
533199920 804809120
535495113 161398666
536087283 556822925
536359686 493227405
537515516 493228873
537546199 101796507
537567686 202883353
537579727 55779718
538088921 403783411
538127877 260915332
538709372 265690672
538730538 635650045
540494210 560978559
541067506 865893030
541209063 718094877
541257707 599360717
541346702 739666754
541507823 303964918
541567474 409192670
542627772 528393127
542702533 24461956
543339030 846092928
543355331 69301158
544946730 482046094
545432407 618207235
545530201 847839199
545746709 587829084
545814262 716623961
545878317 845821549
547304324 531849671
547613595 460770587
548603733 328867636
549076736 803171305
549397448 923607932
549402517 732252336
549935730 258146591
550411977 635235983
551418815 988042072
551535996 724749087
551642334 725156462
552079215 585660651
552741706 923358537
553374603 816682271
553398114 542723655
553843715 871405694
554097197 621112656
554360376 273702809
554613503 415187239
554838882 921313341
556079421 650307075
556556485 512685100
557420688 413667165
557702388 527623952
557866909 208263435
558281436 32411052
558357642 5296014
558874552 17572948
559047233 981997991
559119588 535137439
559284375 480936239
560882813 761043546
561465912 623491368
562141851 67219903
562670966 91588878
563973215 86360294
564910761 318680435
565360770 676568698
565517287 407763914
566277963 610185136
567439018 832825730
567799447 462298997
567854157 346744918
568129938 241353958
568220572 714801635
568398770 924977413
568856425 402332794
569131772 669215144
569637370 433768759
570216675 164730804
570629730 683088210
570702364 446514827
570876603 229962420
571290861 117456578
571492075 162588621
572221371 669863447
572387675 882273444
572542181 866175138
573662241 495243567
573793778 297734985
575608421 153522404
576033311 269539192
576052172 736258447
576307672 572857874
576400252 832271206
576512759 711072674
576800532 226699354
577068648 108573653
577077843 788674735
577611876 598432812
577837125 719162062
578495160 391700461
578537564 447898201
578683226 704466266
578684592 904740992
578961364 345563685
579031434 343766930
579160174 853384482
580276122 614859735
581461825 82189630
582977354 310758812
584304043 118885295
585011986 843508366
585277756 1893740
585801955 504952907
586130253 836664799
586622885 576880182
586626761 224588505
586850197 486520458
587352789 190700486
587429236 99656881
587479307 857927201
587600067 856507094
587965872 545530665
588916997 590317240
589110797 795692245
589113843 878140865
589280829 71531524
589292794 833679959
589348044 87470072
589990144 458312817
590416624 116635397
590845240 266188140
591180855 4460165
591286210 269115678
591328738 302520334
591525703 1704491
592021812 187219430
592403082 795408279
592551930 702253239
592553584 6742940
592593003 823484030
593129962 392887230
593614744 794240713
594226321 400036891
595997565 222774305
596327640 440115719
596687888 517026500
596902617 319496664
597094616 481644695
597856468 909300733
598122365 254344794
598546294 271250773
598619575 28484125
598836178 140574398
599005555 570566898
599234094 114726891
600259364 865664995
600537668 228090746
600579919 804976678
600709240 865882693
600819255 504878734
600860909 862716407
601770238 725646917
601957050 120934114
602373848 812375224
602785965 209408272
603839100 988476114
604067502 813307543
604076393 702437739
604716955 726689585
605404910 838940418
605614661 675123467
605789096 862823082
606196177 938062045
606400040 96209474
606529566 638620474
607581207 481461737
607658149 899855145
607713691 452329648
607786716 660541427
607828252 404579472
608135831 284541502
608550082 851851165
608590731 416170586
609436854 35775611
611059426 27006938
611913089 682045969
612016059 945748582
612342284 467241596
613249587 10809807
613498184 318562631
613601755 523278180
613930996 29005528
614529938 180724867
614653760 176195372
614811026 80205426
614902647 821831110
616546426 335779183
616562242 251186404
616574504 74715397
617208807 719495156
617737104 763653536
617871694 771985734
617964124 918082404
618902285 497220353
619056826 393982521
619273434 991943003
619437356 995456810
619525420 629445124
620242154 25931503
620426945 359217890
620816147 156286408
621049007 981332484
621115694 367673483
621522480 768533711
622206041 33881856
622597703 153923197
622959558 341858156
624089892 591014344
624497534 390631275
624951709 270575585
625323409 859930114
625503944 535045287
625587445 999535348
625889067 568925717
626189961 417886036
626374561 96584443
626719013 446835547
627265171 37650160
627315914 686121851
627475426 545678214
627617439 358921908
628068013 972717759
628370735 796565029
628610194 724295360
628616997 453201381
629114679 71883972
629154979 71305491
629484096 482626386
630954658 86237995
631007978 74618802
631064789 938837147
631082862 840480925
631242239 431239829
631587681 151922739
632026042 72677926
632209274 854180657
632527289 846515848
632758122 958676834
633417870 877787827
633711746 573770582
634379349 497182265
635723937 323555153
635743663 314067283
636385296 651315590
636481788 200481334
637207853 758104965
637300035 535220139
637422081 572722416
637472103 381353182
637658592 553325429
638477834 922118261
638739148 428061175
638904614 910374628
639073441 887680782
639078471 812887551
640122852 902320305
640682395 512606160
640714165 296194866
640868930 411265194
641303303 976181609
641395880 644396669
641584133 154090036
642209937 883882860
642352946 905584414
642647970 291332508
642824508 102786653
643229637 180584015
643887894 34579970
645637062 22224944
645650336 44964971
645769094 382940912
645885202 260316155
646493089 346002449
647197588 133819405
647505096 465132800
647537950 554032421
647792883 879539305
647864875 588282472
647941888 416190151
648023346 949928525
648187503 32491065
648267214 336630421
648658358 195764124
648916573 989922168
649152178 882640085
649373757 529708064
649770511 6532206
650076180 430484570
650380606 917809252
650633233 94773642
650984881 83968062
651098303 445456608
651301995 364455009
652724138 546150601
653082137 545103010
653542944 218827175
653851736 640665629
654513675 451774915
654555190 778606148
654616100 258273922
655685783 631127866
655752335 885768918
655841502 11725153
656507595 166115575
656763883 159839793
656862522 400961363
657722517 933246027
658745023 111738563
659084362 887377101
659457630 472382462
659803061 506453479
660998529 762156114
661269642 705971374
661582416 438850960
662106044 897783344
662118365 58623815
662276366 636321224
662746883 908209973
663294408 866018482
663746433 233511674
664247963 49111265
665027277 7811855
666085242 245468431
666543031 486379253
666671315 752286230
666949390 273689265
667746075 385386878
668066230 90807671
668145556 460016982
668271906 920923556
669406891 633891143
669596026 997096945
670274942 602317541
670367379 38685157
671009761 704173384
671349794 460965259
671965932 226429403
672024552 599606885
673420873 415011443
673721603 510659488
673991960 997314723
674860237 589455240
675781167 445194830
676044454 49305661
676763741 147770236
676952778 212167591
677257789 843221361
677724171 907084454
678363545 987266811
678544335 631721870
678568744 494337548
678906874 327578578
680387373 619451015
680675776 927659774
680890535 881322590
681212075 60055786
681273447 386060508
681607666 140264236
681760781 49255743
682109965 515966926
682714837 844712073
683105302 635929920
683106606 50252439
683115310 311928207
683147649 275322482
684968206 511268567
685797579 797008356
685826644 904793846
686196413 912330830
686600449 419662978
687770215 758465720
688734134 433227516
688895564 499648298
689310585 77749829
689414085 240585529
690351804 636880208
691217555 723447268
691318201 226932760
691435108 265118880
691484765 208817364
692037745 604523952
692156768 522272362
692625682 276503482
693051688 696616992
693151566 610668183
693699127 244860569
693906514 839493482
694533254 257463806
694555929 32854003
695066883 239097210
695195911 114565925
695736332 68538860
696632293 831880949
697153138 111079384
697189666 174133620
697814013 734675101
698033093 658107167
698071637 546985197
699174477 657302134
699922612 212490872
700060708 634588874
701130048 940837610
701403105 941002331
701445685 97407000
701734214 246709666
701762763 523372917
702661527 870371306
702974110 72740042
704174917 2402596
704519140 620101670
705201769 365868796
705206736 41171730
705315110 308255527
705329842 393051401
705505025 64736510
705597316 678983462
705760142 960875088
706250845 652521759
706726433 437239667
708643332 484754801
708675681 189499036
710478598 549433052
710483972 14424176
711513510 645744914
711995344 488037338
712454853 326056618
712563176 640728351
712822537 853164122
713500214 126770222
713521813 479567717
714570820 843692604
714594369 594704722
714712042 341875856
715442406 947245790
716201148 295568027
716360266 330664498
716753351 582827851
717396610 753840216
717544848 462469536
718180532 571120619
718594459 191503486
719029297 487964942
719042143 385317829
719593513 537873055
719714634 272760478
719974554 980340395
720892645 275661592
721230373 513529379
721903593 71071986
722805549 844626384
722830909 465400250
724041533 84229252
724589797 73550870
724833350 174667409
725180308 834079841
725535123 323961471
726009750 156945017
726499317 412892408
727041276 394563286
727288975 973472263
727341725 429247711
727625533 580726657
727704687 881367160
727764988 171492034
727786780 365029087
728816268 561702813
728945794 812174520
729068874 704810125
730029572 519549797
730152737 742826031
730383348 851255195
730439858 890641396
730473406 999245618
730906552 792881681
731008119 406420539
731041068 151080123
731085374 544930647
731320497 530766992
731469287 470494022
731677095 440960600
731964531 433772990
732544937 69738988
732725832 844991869
732727187 624193141
733768334 345513377
736342989 688928218
736921555 918290999
736957336 566206835
738130228 347745809
739057874 162422274
739114174 936096731
739567912 544530658
739623854 890592880
739741244 648158336
739862224 165969513
739951940 464294922
740977110 892167927
741966563 26748007
741998303 728971250
742383449 573816422
743306341 924417841
744651230 482661433
744808535 637034779
745121066 798349348
745631857 824120446
745873862 993120880
746237857 669487519
747179857 613955750
747274486 296091793
747374925 236691449
747480691 523034314
748411435 355348739
749178573 57661938
749430887 93538996
749698811 885790718
749989545 534996102
750203112 7921277
750550878 320976373
750770155 577219378
750948547 703507246
751627749 267249122
751876971 115273478
751981764 341752686
752251843 831000109
753467457 26196003
753860575 63870371
754429829 275178320
754554973 59368554
756209108 371508248
756224676 252459644
756467931 720165258
756773743 775380735
757506710 322276334
757598042 708595638
757804420 888175457
757830945 766352315
758058475 124358052
758202544 848672106
758233905 298005296
758370013 517272992
758550543 667060109
759067161 760196645
759725451 864216291
760226441 920553830
760352812 341477584
761355232 173136231
761451410 504244348
761771030 64137719
761785337 308941291
761956519 850051620
762455660 930017938
762746362 152927985
762922206 267249452
763671121 668802374
764259861 541264589
764726389 557526823
764732318 762127159
764827786 722346024
765369278 732527723
767449367 59088160
767615332 549300611
768248156 347700508
768542957 656419006
768584539 132149142
770440856 329308380
770659026 862291431
770853029 195441068
771194296 936925177
771606822 276063202
771756572 634996288
771937080 936471598
771990888 957436650
772047685 488794505
772564740 332836948
772839959 199366353
773071931 851453120
773127052 940367256
773195693 349835589
773826566 955383864
774129810 341065734
774142442 721288490
774451743 305279910
774593245 609219479
774660910 243614715
775902672 103555887
776440467 323849729
776865505 917099834
777012752 106162448
777664305 148391148
777739401 553162065
778473372 963147516
779375442 251845486
780006616 613828727
780399420 148350856
780562949 12422353
781511335 843248494
781935689 268448060
782337106 506056202
783172232 328932156
783568146 224070686
783604714 3829371
784906366 895496752
785242663 42048985
785272472 503572931
785705739 902394823
785978689 984041927
786056231 404444629
786192418 635361361
786620936 958840200
787035742 383669646
787450557 722629744
787923809 64428533
787927412 330320762
788322508 940466107
788640210 930923906
789420601 979570060
789525386 531546412
790963536 605783671
791058237 576665588
791903302 696327465
792475587 338529922
792624005 894482525
792679808 913865794
792797817 531723411
793107334 662994996
793490405 553621759
793629172 557381376
793848935 517586372
794157980 158087757
794650599 631012705
795017972 832648530
795323121 942988139
795683357 977046188
795696590 844796028
795938608 912883570
796027742 489712491
796162014 330419590
796398180 176572861
797607942 882059565
797719032 118771034
797996322 191035362
798708611 14530947
798951950 102973542
799721817 720516355
800735855 908471323
801227595 379718052
801445244 703740818
801538500 115473124
802188548 451605602
802806668 916252648
802952344 977959483
803655894 652140209
803770702 129033530
804376024 565828237
804508532 857699710
804720558 753843151
805727596 533769722
806547547 663804610
806938180 862625420
807258745 888082906
807389700 498940751
807793785 581430572
807827798 30623532
807874990 262953759
808134160 396281783
809323774 585499235
809388167 444051000
810165659 667330850
811091255 546732550
811922426 920447350
812120738 207930907
812348453 957906202
812366688 169956837
812962055 453500515
812971919 167579994
813838742 694754928
813852797 567565390
813963916 136984736
813988517 427596552
814064895 135476548
814191005 263938578
815780200 725094805
815838446 905301839
817041115 872209640
817439963 513814099
817572274 72245535
818234409 554184686
818271577 14839906
818277388 293877514
818454147 161773583
818509807 822770870
818767428 65510126
818956574 22008194
819023364 532222121
820237587 977325068
820390758 285399674
820435304 415746267
821106185 667239206
821215342 465905515
821641751 892533801
823114259 872878728
823123431 236945458
823842047 467322335
824423646 446203089
824739108 927767249
825189280 778660206
825203861 382232714
825243051 457007997
825802375 219217234
825989368 670683119
826022261 924313890
826415079 113005547
826570136 409011066
826820104 416065725
827040766 695465073
827134128 696555790
827440111 97974541
827534717 500219221
828209886 979437268
829138844 417212813
829519854 521982115
829613070 516125224
829634643 132583101
829647054 378366019
830161949 614640678
830349932 9233690
830387770 679810354
830511847 501932221
830626525 348228440
830651467 553218051
831099875 595542091
831170254 823786943
831761035 357003851
831829228 283078449
832059956 745736119
834501391 399030207
834591975 234549223
835416624 745489380
835513807 62354744
835723973 971938152
835838298 331700839
837524481 900223697
837569318 141416738
838017830 140290585
838715906 78201820
839845661 784259232
840323503 549043424
840779775 207077476
841038662 517602472
841221852 48440942
841397312 996584815
841790302 325699727
842398662 719538693
842846370 121940556
842927220 108245473
843505348 756875030
843923639 744918140
843945492 496902590
845119230 405471708
846504734 348753703
846537815 447916654
846563052 44572220
847105437 859568665
847496551 312627492
848017793 861157519
848042510 431755700
848476185 681366245
848964579 837451045
849039687 198311525
849251416 893735174
851567537 593932963
851718032 69316467
852285104 700377293
852657962 733080199
853055751 926427719
853265634 58005262
853343826 997376631
854120542 576323711
855017806 429982684
855948963 499400232
855960796 483256421
856065165 963505067
856421175 665218816
856608641 355798184
856639264 944691824
857609278 334599611
857974955 179284323
858528763 391486633
858716810 647414723
859227044 772654037
859643360 525758284
860035829 103365880
861098636 776066398
861159421 96108304
861725348 595276307
861736501 63736217
862363304 511079060
862480500 604742394
862828188 329707176
863038142 662329922
863581932 314224525
863962619 466882067
864272613 667999243
864376537 980025566
865890755 664338885
865915623 143517264
866155240 216637394
866172350 878773771
867697663 399369355
867839264 729066904
868128585 604133542
868407436 233122204
868866147 335327107
868964937 954959946
869626122 666565317
870252994 422681
870628202 811049765
871260757 215541174
871956030 144891522
872398122 328377402
872535603 621049147
872643966 824588447
872669440 389755585
872757946 393802608
873107710 502959463
873147465 306058176
873757659 745305468
875137289 114521180
876324017 431293851
876518912 658337859
876983260 247195712
876985004 681882710
877304214 604852894
877500896 379823179
878243704 102033584
878463268 205306599
878664801 237193870
878765964 364022636
878827576 708847873
879345392 548441167
879662747 207077209
879960635 163969325
880003864 627653245
880100491 93188096
880427222 721760066
881984383 456716173
882007989 148645888
882062385 598843680
882786434 59823970
882888135 410308987
883540374 465511038
883858491 972181259
884563702 66612773
885030641 406417757
885061992 136274811
885247782 751545296
885982173 728382409
886042614 892102026
886193689 61314961
886470738 394267311
886717435 586269922
886989195 551527120
887144548 444691694
887265671 987802785
887282786 889043161
887447097 483005167
888124066 974410195
888188259 994016464
888512396 368899688
891217848 457565979
891591488 906930454
891744504 888719130
892163062 320491039
892229148 164988030
892351387 580047521
892352521 441057426
892611818 684605667
892656130 736586419
892800848 16767984
893534694 657833471
893623704 445011562
893837298 430019149
894233019 30149271
894243000 636302428
894455745 44323264
894589623 810547534
894816504 343261370
895096042 340407638
895517428 999606212
895837246 345929648
895995888 370028436
896222905 970511313
896228380 465806251
896474722 951311328
896629097 536509936
897019769 742071396
897309947 707023229
897673063 335167293
898319938 400611507
899146608 381199832
899432618 395615891
899472365 216457374
899931081 369453392
900177617 83070892
900226598 40530975
900783857 653931721
900822345 32990290
900977394 350950036
901415238 311515556
901798846 53139709
902001323 37501910
902440016 95990518
902500815 449252730
902559450 874081641
903033794 797155854
903633179 816955755
903846821 825972044
903966531 101819826
904216131 734442943
904299020 768267076
904660328 860998297
905144756 244457329
905426192 822092483
906871823 751909123
906879556 924683062
908911605 66109107
909133634 474248841
909358414 286736093
909675477 309385674
910228389 452423287
910373234 947578512
910633309 99512639
910881255 362408528
911254867 373361459
912108786 985929455
912644272 480158022
912722577 970112153
913655168 253715280
913700741 823592144
913971408 895250757
914498858 562589383
914829519 489855913
915190394 199967472
915709917 148794691
915730933 324781523
916331597 102151184
916875392 456092705
917236965 100824442
917774457 522386953
917857287 456429002
917976631 964305353
918070879 62096090
918234994 168032135
918445115 633522701
918469232 301840993
918682019 684902787
918899358 570070209
919059120 816920713
919073149 210441718
919606264 188030799
919643935 792801536
920002878 840260060
920006233 865179306
920457052 439431237
920665397 377586910
920929259 339868700
921965289 428413748
922568004 539498791
922683802 923360971
922736618 933130066
923364490 948792156
923467977 956583909
924204801 697700236
925984472 827556857
926010900 334430336
926041630 84755496
926538493 644477110
926709440 591528835
926719434 724726803
926765881 107362760
926927959 335474487
927072429 25382100
927223270 214780440
927709859 254635350
928011307 195201486
928076620 135575237
928310774 22953899
928336635 6739603
928534763 364956046
928823887 168779426
928941040 477574520
928950315 899937527
929191988 707557983
929468743 359223981
929552738 925687874
929615530 210383915
930241417 91176317
930701539 727539865
931061889 279514462
931114666 765076111
931935190 92141047
932114743 449418767
932403803 157250869
933504746 212225461
933645079 277185329
933760052 158021420
934136759 189165510
934281301 449736420
934531188 776980834
934596811 223148289
935094545 239589153
936754419 894503830
937043477 251072535
937072820 238150674
937663299 449033197
937687394 489586170
937773837 751466158
937963870 592187096
939463438 176836578
939533422 7085427
940227569 89983708
940557066 222968895
940805896 141706832
940825428 387696918
940981449 519871784
941259898 541342760
941279687 644708503
941457367 9519152
941606681 153808749
941803222 537212904
942067837 152872109
942310946 760068798
942358396 360196956
943361583 524234440
943655310 29636507
943722832 247170036
944462397 914883832
944477088 16119939
944581604 213859840
944704631 876494007
944756254 738739992
945297167 340997578
945496670 4216972
947603727 185385506
947842917 386508776
947981425 312417987
948349206 39782022
948431655 807734789
949085975 622916456
950134363 716489094
950890965 658439751
951355692 61391713
951410982 418703851
951678824 114308255
952372200 936300477
952398270 682297069
952769104 588822170
953434870 424622991
953693030 575909097
954427668 299441556
955032221 458974191
955066376 664984395
956157543 7064673
956745294 611195125
957269487 933972538
957766760 535993531
957845053 55011279
958024076 929026530
958471410 798853152
958801332 499010876
959275069 185739888
959455938 286825697
960216521 628454678
960305073 971827999
960342269 449037717
960420502 241363118
960448201 212516842
960570435 590869544
960874354 507579173
961564115 686311095
961601968 447478587
962825714 682341903
963550621 925253145
964065884 741703071
964169001 967839228
964596779 41611010
964664574 365992191
965061416 193953723
965074179 208054773
965237207 725310497
965246218 37527161
965426300 701080984
965871873 124062274
966162090 345813505
966911110 995220411
967092406 659020915
967473795 982467026
967860859 515346730
968316915 161853199
968344896 994415295
968912112 553479657
969116315 673660569
969348224 738677332
969708737 494126243
970759394 118764190
971333500 259377215
971782772 569580923
972232694 91747961
972474413 920376670
972512603 436904831
972792613 122904841
972838812 907072337
972948905 74113383
973913115 450172340
974185832 657735321
974571170 850643308
974852940 587670606
975883448 666920105
976355757 475686231
976782983 106311873
977120572 328417402
977303772 153249567
977314371 465848965
977959145 496556923
977991510 871812518
978430091 999659851
978559256 848831994
978845354 880796792
979037264 142411107
979151006 137637204
979228975 793823389
979524772 79188428
980176500 206411667
980213208 45234137
980226702 969734895
980521749 840589116
980634676 536980719
982190092 519272042
982408950 736584063
983526323 916920516
983558509 485668739
984120555 462354954
984393151 555575667
984799090 525309201
984809736 170286893
985692540 566758836
986235509 188659973
986712345 822052360
986748082 953415201
986867462 174586579
987301229 658810884
987512917 850213181
987924259 109764455
988102299 463019976
988619110 292964943
988870926 817493629
989102712 365069147
989183509 890220647
989863947 93132894
990075974 692398661
990175915 673629741
990246884 58527866
991516788 385673657
991668464 961038920
991690217 595415647
991827225 559687741
992006502 932120446
993107606 236054508
993662436 85909322
993667219 208959200
993884451 494047967
994751732 344346317
995488352 898609049
996169194 50786569
997428386 42672546
997856081 570998073
997864987 937894859
998149951 156317519
998795301 357590687
999000365 824881331
999762605 869788341
999791097 90226880
