54 565068431
41298026 1
86650157 1
112020464 1
112120903 1
131373664 16
138759733 1
158691176 1
177937965 1
269660551 1
278149271 1
300535622 1
306706261 1
364521584 1
369483881 1
371223250 1
385354177 1
425017331 1
429820113 89
433166760 1
456652077 1
457423094 1
478807893 1
497972342 1
508530338 368
536732560 1
558632342 1
561962779 1485
567240419 2974
579224276 1
597272499 1
601661974 1
621362259 742
633817107 1
639793982 1
645049232 1
657986145 1
662146064 1
665298815 182
669858232 1
671539789 1
672156500 1
744053894 39
747057578 1
755812271 1
769751663 1
787868828 1
803689150 1
818888585 1
826230009 7
839189966 1
839269124 1
841150231 1
903211990 1
993172757 1
