890 572685442
1387006 229499
1828294 2
3142445 98
4286557 19681579
7858139 5384402
8347611 142
8454496 8591
8867391 2376
12729744 2931541
12851090 815467039
12922927 1044745
13529136 28
13801515 266187977
14183002 6
14502353 32944439
16266949 46
16317200 456
16497484 1
17493698 171908
18988046 38
19962687 308081
20653889 48287
21197987 779314
22387865 990
22451673 539836855
22509536 4572
22964870 35347
23953879 1160372
24362362 9405
25330661 59710176
25871531 1705287
28415297 44647957
32618377 1
35553226 21
35569790 827167
36571886 19611622
38233807 8402
38573471 4778
39480180 119
41984542 3290
42439764 24534265
43222378 703325657
43272768 11210348
43738620 79225
44833677 18323801
45040819 72398
45411991 443
45480206 455029
47739191 84
50253940 2
51693604 2805191
51853974 122886567
52813135 206044
55996994 98262
57504350 321530733
58187937 9
59874782 8622
61026274 16394556
61926261 2097
63326222 129688252
64692967 350
67181740 8
68242547 14423
69066013 86631
70804970 63558
72502590 224918
73141342 12
73678070 950
75794847 2
76500789 9214
76819930 30658
77987836 94757669
80507149 199734
81469525 2993117
82565240 40221121
82588835 687620
83003299 67
87041107 318259810
87104584 143123
87425243 33258
87804773 22665359
88916678 782495726
89453239 977550931
91883220 4994978
92357163 167
94257601 135099
94522925 22760
94576456 10767
96321166 530535
97416748 1871
98771888 157303
99958976 2340
101430412 1012
102338323 61
102685545 33047
102715241 515683
103001554 18
104384365 19354612
108156786 26712770
108639920 6321
109205766 9
110242238 4
110311943 7399
111213781 208
111818374 621894
111963316 878643
112154974 625766939
112700304 1730
113348643 17419
115876846 3463818
116565925 94335984
119183522 370110806
121786703 37
122323933 4
122530609 23261
123373321 68477
123606965 1352
126778490 53
127542633 4361
128098808 8702
128792089 13
129816176 4180
130056528 11575
131189178 44
132612310 14982910
135106665 301
137832737 61
138672172 793304
139980814 6674
140740989 30069
141418696 175
141425056 150
142420898 256380099
144262638 167
144887766 1623599
145244952 691782
145402024 183670957
152617834 1347
155589629 80543
156416149 6567
156644688 24608
157086378 387
157641823 20
159251051 1831228
161359328 55971864
166366019 61154
168476076 64
168626134 9
169848610 1
171108430 6308
171601999 1
171803064 9850
172664807 1316615
173262669 1622
173401394 9726529
173959990 446947329
175667143 4
177893812 72868555
178994182 72910007
179021274 2
179125418 5893
180302992 3435660
181091709 274816
182076035 5373
183199736 41108390
183327874 1
183444464 120195292
183691920 220038
183856471 52393
185404859 3
186508009 913214
187469083 2236
189188535 3
190081154 10363
190645911 31210
191773963 114
192743672 90757085
192884239 38808055
193618389 2605217
195325623 10269550
195400157 63
196280475 588312
197664966 9515
199712366 98257263
200008110 321
200548343 154041
200555922 8239
201731258 230370524
202710076 420
204213886 40668
207743854 11211
208193081 23423
211620052 744409
215990441 278
216070266 47645
216478952 610014
217310428 26833016
218915329 1295030
219085843 1504
220238159 144257159
222572461 69846422
223404345 3794758
224728966 365728782
226169361 1669160
226309913 156761
226888778 13
227878228 13
229118125 307
229941122 67938644
230397706 101
230869323 352329763
232543591 7
233105051 2202
233949064 51755036
235186978 4306
235555851 235
237894876 1478
242260322 1555
242483674 424
244157605 58
245402483 4
246061778 34090
246896936 1979
248102082 6259
249003060 12339
249589291 82
250708774 839998239
250930049 129328
257048184 1008
258387455 4
258668370 1
260124456 26763077
265553444 2
266776371 5
268117638 93721
269122601 175
273319593 135821948
273526101 448
274510571 226
275127176 30912
275205906 26209
276199215 883
278609930 289
281450237 27961712
282088212 31622
283891837 75
286008473 3284
286741456 4004
288875070 298
289171706 77
292855310 872
294644795 584
296426773 113973
296901378 1
297446671 4786828
298097110 395392343
298419420 39206
298872868 9641285
301313047 161248
301768399 82454728
304075268 3979
304253939 604
304368142 3507886
305210607 4117
306832972 2273
311160783 3
311455945 2683
312039458 494107386
312069385 65483
318236398 22
318238297 41376
318677657 10198
318712177 20
318863571 110
319497119 16420007
320425692 37
324531083 216
325240258 2729792
326078850 651488076
326152297 693879500
326187504 9
326729809 5959
327847094 1
327965875 2
328655558 2227912
329266181 3352
329365263 13805654
329369908 102533674
330942460 989625
332667337 7523
332695015 43630838
338683702 1220514
339264127 417333194
339701654 149286
341708720 1985268
341882280 19
344043736 3709
344216654 17608
346008526 548305
346802542 4333973
349048828 896418505
350891151 121261
352552583 2371
353453224 6621341
353546539 106090578
354694643 429541
356038133 621695981
356682437 335
359199299 25822
359294351 311
359911957 9581
360117961 674
360286413 203242
360630307 15535632
360751149 649961512
361853040 10879
366783581 8021326
368345777 1993259
368799134 29210
369094748 4
369101338 739754023
370156626 124
370816803 4
372908211 4
373203259 7833
375000114 432
375291068 122
375346733 143078975
376139905 95183051
377054997 120170423
377665524 125965
380160952 295994
381260289 22221
381488668 7685083
381562715 1
383439221 425353
383612516 423846
383983969 951
384881794 3241
385019495 400568087
385837611 160839171
386147801 224990438
386425020 259168
387235729 1097
392982516 2942
395943269 4353122
396372436 34356300
396743650 36
396836111 9
396941015 112810
397819589 33860
398374721 390909923
399087181 3
399177499 6105
405700256 45
406264807 4
406765063 160488
408515889 23168
410751406 1734782
411177881 2
412078656 226
412205567 49112046
412598860 15178
413234222 54
414068747 9890878
416006994 316
416629335 3726
418102034 24748
419053521 40186
419646331 562767105
419755919 44505732
420528882 932623
423654107 5
428263717 1038
430291404 232912116
431045101 121561823
432443377 145354
433293654 20259
433700475 2232
434476254 603517373
434654931 77
434804553 71
435411231 596
437108345 12005
437626345 69543
437681121 212
437780951 344709709
439139640 968583
439260145 120053
440404979 4085
441798183 5430210
442045368 6039050
444687788 60
446521410 58
446677823 282662873
447285332 1495
447504964 2694
447691312 10
448242685 3790
449910518 839528840
450595359 988576
451046817 568186098
452291197 2224562
453651993 6250821
454062406 385761
456060679 89401
457518256 136242232
458482217 225
463020504 3437
463175776 731150
463664767 118084935
464293056 77643
465810281 337639118
467186542 12260604
467510003 891608
467569858 985444174
468286477 729895504
469899876 15
471709580 8259
472155517 41
476275226 648
478539926 3620
479567318 33776724
483571449 19937217
483777764 28087
484740319 9414639
484873953 5743
487330126 10
491824178 207206858
493312766 83
493495698 49255
495229747 51
495912322 5
496359020 8085540
497506352 5609
498209279 416455307
502882500 682693
503356284 1
503860144 291761
504432321 83031254
505076325 128
505207875 3
505226095 109701130
506607221 66440
507077801 11
508904516 337890423
513230026 123
513566946 86415860
513882199 89253574
514398709 111904089
517883144 2106810
518449487 191582030
521285805 5
521447585 2
522508865 122025073
522581493 2093
522944374 56
524559788 1248
525232298 145362057
525561719 38477870
528554314 19605377
528977370 12
529213711 262025
529887894 1
530532285 26950424
530971066 292
531569123 2440
532880214 9
534407965 48801
534977822 12816841
536335885 173908
537058698 4884
538011560 91102496
540020274 1643442
540049650 113151993
541360906 87925801
543082234 71
543487355 450859
545698665 58298
546078275 26187957
547975748 513113112
548177147 12961
552351268 5162422
553244458 1
553891698 684
554641106 104729
555455549 1531
555949806 19
556097829 366907027
556344345 3017153
556549925 1
559078422 1057496
559083757 11
560986613 310116341
564728237 56151433
564794434 169266426
568112300 8652
568711277 318889
571284025 677966360
571910661 16
574524972 10718068
574707501 7
575037420 248263972
576360685 628641608
576768546 1
577871016 2
578980741 384109
580041743 961
581335844 6283
581738954 16
582042224 3
582432159 20800347
583233179 9071863
583796616 558431
585134836 1732237
585936614 23878
586393025 2324542
587344338 1070
588958949 913
590890974 16515854
591393967 688756
592429447 47
595943309 17
596510995 26
598270939 5890115
598676141 44205
599291483 59
600358504 247220877
600753696 607708
601051412 4
601655395 374971730
602287469 523
603166565 2205
603414714 2
603709546 1230640
603896671 1842105
607469609 310237244
608441376 265383
608915963 1696
610607964 161
612811986 467874570
613473266 12453
615808532 5636319
616751649 39
617400841 9322
617483637 207
619696523 186
621463897 2298366
621852751 111735
622011963 177532099
623728607 16
625405836 225395
625582346 245
626803429 23
626943175 11
627881528 126
628210901 34081586
628417850 54777330
631820803 3517712
632516505 13045653
633009152 250
635265400 1016
636043565 150330175
636973764 1494138
637617104 7
638270861 254827
639433717 1370
639748119 7704
639921380 212933
640629542 1197208
640815479 260364
642176095 725891
642999768 81807
643537428 20025487
643669394 273571
644322683 184006596
644609399 9637540
644803100 19721
645010898 4554
646193559 160054577
647468697 1852
648474782 3
648921164 824957902
649059103 203
650158954 949013207
652194727 3
652844868 40880074
656643014 1395
657850948 2216
658384364 55292048
659288151 150221
660381903 4095
661126878 5875
662018291 317609328
663851401 45
664015388 171637567
664785583 1071
667480040 158680276
668172455 46539264
670256636 24503556
671458132 7577566
672470695 2913
674323809 224862708
675811768 68750
677762122 38
677847358 23231
678710212 419752
678890232 379
678939399 89526
679118131 4039
679600256 1791
679854882 9
681389772 423019
683053801 18
687593889 1
687984591 19
691146618 408559
691631353 81694
694961269 1562
698886343 171531260
700264655 14
700869995 75
701348059 163008125
703476263 113655
705025732 204175215
706422312 1
706952552 139573468
707220555 24
707678577 1
707998984 4865170
708506381 115234
710482923 67330
711374093 400333
711438797 542420669
713114427 17
718590164 4127
718917037 39
719713741 75372149
720187581 604142831
720649262 331230
721022306 3
721977050 173311970
722244857 4663871
722388045 39
723473541 527880981
723969326 7680114
724872778 6123
731661785 400122
732593737 13
732809466 31266787
734400246 3
735514571 493607722
735582308 15011009
735799944 201458
737604181 172
737632711 144510623
738464254 993686373
738587154 193
738597788 553
739168893 1105
740155781 8056343
740843615 218
740937455 1300941
741452977 17269353
741829965 7848
742927694 692
744764271 508103
745164499 2
745446305 14469
745638505 20370410
746167007 3729
747314758 3141
747368688 235520715
748431088 12343686
749361131 2
749994685 125
751608433 15275
753396007 765007
754648027 2
754884533 3043536
754905542 89107
755189903 4593
756443993 222
758648646 6
761757720 3548
763348329 11
763664179 539859442
770179343 10
770781527 54
771024920 4
771949652 502
774034433 915504
774825524 28251
776314619 1
776841956 29035167
777367931 33
778648246 108154
779451065 3768025
780512622 3
782327307 558568
784914566 3
788198772 12
791115819 67275609
792456675 204489
792491338 35
801006699 1
803740119 394
805736149 123
806308879 89
807780268 7525050
809065135 1
810722471 1
810971653 18
812053310 165912885
812811094 167582789
814947193 204179
816013356 133695107
816353541 2
817020443 15
818586319 1559
818821235 101473
820585322 31
821562049 617
822365411 646
822568836 692269308
828117798 101
829389355 181287727
831297816 43413
831486954 2320012
831790249 732146251
832102486 43
832107735 712229413
833444535 79474353
833618000 8641
837993545 61870
840829964 231
840906454 23959
842228881 3014
842635740 3
843419140 33379268
843502997 63
843648311 1007749
844739710 16727637
846242214 4904626
846356995 1548790
846414216 698
846928254 452607
847599831 213162099
850385413 38
851363568 565071
852830714 30117
854664258 1
856476061 5
858408270 40
858990763 892
860076763 11592
860394489 151835431
862211593 90
862773211 122
864295865 854
867768593 5507
867979674 199684
868178438 1
868619016 7
869370122 6090350
870552559 251
871640720 39640720
872179513 1342
873242282 24780276
873542149 3515
873556334 345301
876888853 47352
877489478 1422
881989018 36
883663413 1453
883833547 256
884238645 29
886335166 556
887982144 243049945
888577434 1997
888635433 6
889704917 16823
890192054 27197345
891332416 213324
891668825 1962
893284199 1492535
893913431 150
894669976 13054
896826741 2
897009845 165
897088413 14072565
897273517 70
899019130 16107750
900896520 867
901281562 128
901347593 846290273
901405320 2077914
901985758 515
902223115 1
902503001 7038761
902534850 38
904311304 224
904382193 1643
906276274 249037464
906492327 116436467
907212485 76
909210982 627052
910565211 590603
911816417 162621
913072646 382536914
913613324 9716756
914403172 222702059
914591429 236471166
914664943 6816812
914881111 5529
916280965 1
916445904 152723
919065195 4841
920736932 4684
920859755 4413
922390943 4078477
923371826 11294
923978460 466338198
924525652 647376
926138238 87889
926551968 2
929876961 6782828
931896632 3390628
932363342 11469
935076228 700466465
935604049 259559
936531854 3229350
937443031 862545
940090410 780
943974743 78967
944502381 39844
944593883 354862331
945829555 302543807
947090243 3053
948011261 70475
952563082 9
953758357 427575
954613899 492
955071880 65978
955122098 3
956085790 10
956802736 109013928
957165157 266785660
957766427 220397
958890581 1667241
961445582 16463
962621591 17209481
963696419 124890
963973925 11
966495306 382
966816097 2
966876944 28
968374453 683868
969714423 1500436
969793590 2037816
970538555 89
971728495 681
973756616 107697
973867267 1121
974517488 13134035
974869661 278450
975177903 104
975232337 1022
976165655 1216
978362371 26
978396802 926691324
980050276 3167
981685674 10463
981964503 15
984611856 29421253
985526739 12508
986067151 19775521
986106314 11423
986313075 183
988188747 301195
988670052 15096
990148612 81
993059368 6890
993219838 176242
994309826 2482
995847725 49
997981495 284112
998816003 346800202
999262359 9961
999698901 13104
