81 628894325
31262034 509928121
37119022 727751951
47628333 14723492
87027328 265804420
125660016 569328197
131381221 234828607
137831502 807497925
138344965 360472167
138996221 537560717
155374934 613363438
160449218 889089200
161735902 741106986
164163676 846216104
180999835 325976483
189330739 76823620
189766466 279509806
190870607 242790881
191890310 9676858
208032501 792345559
211047202 322056553
215208399 632488502
262703497 444723554
298309896 70422962
303238506 27172325
317063340 26697435
346948152 40309279
350034067 992120464
353195922 751627327
384836991 499482549
404011431 277429832
404539679 736386595
409233792 471708200
421624712 940778720
430302156 417787658
433933447 306890639
450968417 248789992
455797489 1849130
462224593 203226467
469187475 672298989
470338674 938207958
476190629 331602581
492601449 313746600
492686568 206347466
501899080 864661473
506147731 149811929
533206504 787179775
545531545 316412581
554374432 803189770
575207354 927999455
576823355 116383718
650287940 441504628
666538409 174616807
677959980 673419335
694053968 374281898
707723857 198091552
731963982 286986530
773361868 599715811
782177068 702179569
797829355 441414148
799979694 527003384
802329211 80656954
810900084 893508913
816248153 110880114
818008580 519216315
822804784 233703686
824284691 370689334
839296263 209550382
840594328 846701392
846045895 214278326
871216480 574671008
880895728 936333553
888987010 889270962
893229302 989214957
910286918 121514850
910748511 989248231
913575467 935422061
923078537 954621185
954291757 219371588
971407775 909664305
973708325 394002980
982631932 887357564
