8119 508488718
180790 1
227859 1
252164 1
356276 1
380740 1
452839 1
482980 1
511782 1
631761 1
785815 1
943603 1
1174663 1
1181428 1
1338284 1
1400112 1
1438808 1
1476210 1
1571547 1
1611275 1
1631531 1
1682745 1
2252919 1
2302985 1
2520272 1
2631519 1
2688606 1
2695490 1
2967245 1
3053266 1
3171959 1
3287832 1
3517330 1
3710804 1
3838149 1
3912437 1
3998238 1
4211218 1
4359524 1
4404736 1
4533770 1
4673670 1
4753377 1
4844920 1
4860542 1
5105265 1
5244568 1
5475349 1
5475827 1
5757702 1
5879602 1
5940680 1
6008688 1
6348603 1
6444333 1
6451257 1
6702305 1
6710865 1
6734068 1
6877288 1
7025305 1
7326093 1
7414190 1
7489966 1
7928583 1
8047962 1
8056594 1
8179939 1
8223816 1
8260740 1
8293565 1
8331586 1
8382087 1
8512307 1
8607941 1
8666764 1
8783300 1
8794247 1
8835546 1
9110685 1
9336099 1
9373802 1
9592395 1
9652013 1
9652850 1
9930172 1
9934775 1
10171845 1
10463036 1
10759577 1
10884931 1
11132398 1
11270140 1
11316663 1
11326313 1
11418604 1
11426313 1
11479584 1
11748526 1
11852181 1
11988413 1
12166291 1
12401580 1
12476087 1
12631215 1
12671893 1
12674644 1
12720579 1
12784321 1
12945146 1
12964188 1
13108974 1
13219645 1
13260036 1
13319029 1
13411951 1
13733871 1
13754467 1
14098631 1
14315005 1
14411377 1
14443467 1
14453213 1
14805558 370
14888520 1
14982408 1
15063263 1
15267566 1
15318672 1
15362667 1
15506967 1
15602531 1
15695723 1
15728032 1
15738166 1
15746064 1
15970848 1
16085869 1
16143507 1
16217083 1
16254009 1
16260485 1
16297812 1
16370939 1
16416970 1
16621755 1
16789920 1
16919619 1
16929703 1
16941235 1
16968124 1
17196235 1
17294193 1
17439381 1
17445359 1
17459910 1
17540230 1
17761929 1
17834616 1
17867434 1
18084231 1
18203546 1
18308313 1
18351853 1
18489373 1
18515264 1
18532816 1
18552142 1
18766279 1
18828210 1
18919545 1
19222665 1
19297240 1
19511881 1
19681638 1
19787585 1
19886205 1
20025315 1
20054988 1
20346767 1
20413340 1
20636042 1
20842229 1
21051025 1
21093500 1
21126412 1
21235104 1
21270729 1
21312433 1
21356315 1
21406788 1
21870941 1
22004234 1
22167849 1
22193019 1
22410774 1
22451885 1
22519319 1
22611206 1
22733394 1
22788885 1
22842410 1
23102996 1
23231144 1
23401933 1
23481315 1
23843026 1
23955335 1
24069320 1
24145882 1
24294285 1
24345894 1
24830207 1
25128499 1
25162683 1
25170441 1
25204577 1
25473784 1
25590038 1
25639534 1
25685654 1
25812874 1654
25819090 1
25831178 1
25872853 1
25928136 1
26098626 1
26306473 1
26438095 1
26696313 1
26892203 1
26972842 1
27124465 1
27404567 1
27440861 1
27545546 1
27592875 1
27871163 1
28144148 1
28351360 1
28496273 1
28631461 1
28792579 1
28877785 1
29149427 1
29469676 1
29555121 1
29737023 1
29864956 1
30141850 1
30556658 1
30563596 1
30626585 1
30629970 1
30741664 1
30746022 1
30875396 1
31179056 1
31187273 1
31199782 1
31226410 1
31422879 1
31434365 1
31693600 1
31759847 1
31792635 1
31794980 1
31830890 1
31832081 1
31983163 1
32028723 1
32288024 1
32510968 1
32602881 1
32679401 1
32777506 1
32849793 1
33130988 1
33402466 1
33446531 1
33482331 1
33535902 1
33567789 1
33614496 1
33883101 1
33903865 1
34024977 1
34111389 1
34360511 1
34430506 1
34683919 1
35204270 1
35370833 1
35404885 1
35533469 1
35559624 1
35705706 1
35894087 1
36076715 1
36083954 1
36255099 1
36261167 1
36416600 1
36883623 1
36959109 1
36978135 1
37113242 1
37168958 1
37295201 1
37327803 1
37353106 1
37435023 1
37465311 1
37733647 1
37939370 1
38074413 1
38107089 1
38133452 1
38302172 1
38808332 1
38894511 1
39116453 1
39339236 1
39361245 1
39372524 1
39507555 1
39563047 1
39653658 1
39908222 1
39962625 1
40092399 1
40312274 1
40362120 1
40391384 1
40603125 1
40746700 1
40755063 1
40832512 1
40833285 1
40864917 1
40874872 1
40878514 1
40955053 1
41095986 1
41475272 1
41483293 1
41540037 1
41577071 1
41585338 1
41685988 1
41710476 1
41920814 1
41939516 1
42009412 1
42577439 1
42845626 1
42859143 1
42929828 1
42995765 1
43620482 1
43726703 1
43747436 1
43823181 1
43935620 1
44142926 1
44204055 1
44219847 1
44331935 1
44388934 1
44653830 1
45125047 1
45313172 1
45322382 1
45371537 1
45423403 1
45719349 1
45812504 1
45820960 1
45935856 7205
45954658 1
46078667 1
46084065 1
46140099 1
46336919 1
46377382 1
46398851 1
46418959 1
46469301 1
46499487 1
46568708 1
46767677 1
46808158 1
46975566 1
47170412 1
47182457 1
47345389 1
47413068 1
47492460 1
47594670 1
47628098 1
47710853 1
47720247 1
47760925 1
47837005 1
48073936 1
48223190 1
48737197 1
48968542 1
49247174 1
49257224 1
49337854 1
49482413 1
49571161 1
49601919 1
49666253 1
49784393 1
49924075 1
49942788 1
50007841 1
50041484 1
50153199 1
50173039 1
50179158 1
50252596 1
50408020 1
50788875 1
50831089 1
50848255 1
50918299 1
50984169 1
50993539 1
51043269 1
51067018 1
51148610 1
51255732 1
51358456 1
51362118 1
51401427 1
51693288 1
51773846 1
52207602 1
52232045 1
52235689 1
52333094 1
52507655 1
52544159 1
53183774 1
53702059 1
53767844 1
53926011 1
53989090 1
54013490 1
54028160 1
54075427 1
54382384 1
54429754 1
54518414 1
54586945 1
54608269 1
54710697 1
54867125 1
54985499 1
55004277 1
55039097 1
55424824 1
55493307 1
55768769 1
55822519 1
55876856 1
56170276 1
56456679 1
56493911 1
56598283 1
56654379 1
56831969 1
57163409 1
57168462 1
57252096 1
57350332 1
57550754 1
57719747 1
57891728 1
57964054 1
58638733 1
58653700 1
58670634 1
58699162 1
58999967 1
59012202 1
59248210 1
59509526 1
59745181 1
59920116 1
60032966 1
60127191 1
60357279 1
60405442 1
60468500 1
60608495 1
60804284 1
60826671 1
60938646 1
61060943 1
61134934 1
61182074 1
61476113 1
61723518 1
61828920 1
61854633 1
61931414 1
62296660 1
62453718 1
62615944 1
62682812 1
62716056 1
62821362 1
62859686 1
62988890 1
63306069 1
63448652 1
63553133 1
63602988 1
63675696 1
63758583 1
63842339 1
63925815 1
63987009 1
64021266 1
64121102 1
64186261 1
64352889 1
64422375 1
64449635 1
64649689 1
64923287 1
64935065 1
65150076 1
65430027 1
65653236 1
65740567 1
66081991 1
66486810 1
66534959 1
66595976 1
66669261 1
66775364 1
66827289 1
66897804 1
66980782 1
67070932 1
67080959 1
67223750 1
67324463 1
67452962 1
68041756 1
68113948 1
68441977 1
68733368 1
68903715 1
68931846 1
68953281 1
69214620 1
69292777 1
69317096 1
69589028 1
69951170 1
69972046 1
69973046 1
70040901 1
70421327 1
70435787 1
70626603 1
70697129 1
71033257 1
71170838 1
71210021 1
71414097 1
71425040 1
71494290 1
71670872 1
72044929 1
72050435 1
72138349 1
72370750 1
72734235 1
72864917 1
73142730 1
73270850 1
73362439 1
73364525 1
73937442 1
74543377 1
74561227 1
74824024 1
74832741 1
74958301 1
75153332 1
75364937 1
75634766 1
76009070 1
76030270 1
76123545 1
76387503 1
76394717 1
76404055 1
76460677 1
76872414 1
77024809 1
77031813 1
77037959 1
77235867 1
77238437 1
77496193 1
77505142 1
77749894 29090
78174043 1
78210332 1
78442724 1
78515805 1
78896533 1
79020740 1
79132406 1
79139809 1
79288657 1
79951344 1
80005600 1
80094268 1
80256079 1
80381367 1
80405670 1
80584939 1
80609723 1
80701800 1
81082161 1
81326503 1
81456144 1
81516258 1
81573852 1
81626074 1
81679633 1
81759130 1
81929935 1
82018033 1
82151772 1
82158738 1
82238706 1
82261434 1
82290895 1
82297346 1
82449827 1
82456078 1
82543558 1
82763724 116430
82816818 465827
83016013 1
83085399 1
83181893 1
83195525 1
83307308 1
83360258 1
83465849 1
83552117 1
83585334 1
83638957 1
83681989 1
83741396 1
84002843 1
84074396 1
84089052 1
84143420 1
84244914 1
84371862 1
84408138 1
84577998 1
84627830 1
84674401 1
84970616 1
85054738 1
85106057 1
85166454 1
85647470 1
85688365 1
85807693 1
85972189 1
86228939 1
86651211 1
86711075 1
86722036 1
86771702 1
86789078 1
87025769 1
87235829 1
87304809 1
87478743 1
87543453 1
87614329 1
87770191 1
87902165 1
87923181 1
88098904 1
88465273 1
88500603 1
88775181 1
89048702 1
89134344 1
89182269 1
89406901 1
89637709 1
89933256 1
89942907 1
90087531 1
90093785 1
90112701 1
90207523 1
90280061 1
90528101 1
90920863 1
90982429 1
91136591 1
91140088 1
91701665 1
91790390 1
91909329 1
92084872 1
92110509 1
92158789 1
92362604 1
92490289 1
92802955 1
93016897 1
93101440 1
93207840 1
93222332 1
93291025 1
93349322 1
93508071 1
93555552 1
93628446 1
94131335 1
94137282 1
94305339 1
94334923 1
94421949 1
94555156 1
94824604 1
94917601 1
95204641 1
95302642 1
95442677 1
95558754 1
95787797 1
95803109 1
96225532 1
96235597 1
96257091 1
96498285 1
96563661 1
96847087 1
96988483 1
97038574 1
97095219 1
97177903 1
97443811 1
97632668 1
97663335 1
97697671 1
97943118 1
98126554 1
98193225 1
98227945 1
98399932 1
98417447 1
98526201 1
98532383 1
98535791 1
98561764 1
98607083 1
98830496 1
98834673 1
98880511 1
98924292 1
98948650 1
98958741 1
99107357 1
99144094 1
99219024 1
99279508 1
99544483 1
99557948 1
100004512 1
100085437 1
100150603 1
100352238 1
100379049 1
100527744 1
100773893 1
100998726 1
101054392 1
101155011 1
101319036 1
101335277 1
101337398 1
101427978 1
101513300 1
101626838 1
101829010 1
101850910 1
102065454 1
102076170 1
102189121 1
102233884 1
102237552 1
102325927 1
102345175 1
102390216 1
102477901 1
102549313 1
102591185 1
102592009 1
102749167 1
102786843 1
102839068 1
102845015 1
102848274 1
102898704 1
103027457 1
103481643 1863831
103518077 1
103537107 1
103636273 1
103739892 1
103759192 1
103952189 1
104118322 1
104142300 1
104220087 1
104333100 1
104343971 1
104617767 1
104648057 1
104727805 1
104809243 1
105162346 1
105304562 1
105548412 1
105739338 1
105831809 1
105881160 1
105967202 1
106163613 1
106414117 1
106568508 1
106742849 1
106950374 1
107126931 1
107141403 1
107245881 1
107295844 1
107322210 1
107627779 1
107697269 1
107710119 1
107793310 1
107887460 1
107906050 1
107940114 1
108214104 1
108428861 1
108489628 1
108512385 1
109035624 1
109402723 1
109463182 1
109562673 1
109650707 1
109759117 1
109841277 1
110018859 1
110066380 1
110273992 1
110468205 1
110546654 1
110606623 1
110623032 1
110774205 1
110798278 1
110865187 1
111024073 1
111054625 1
111063920 1
111121079 1
111162303 1
111245639 1
111467710 1
111743835 1
111857864 1
111989769 1
111990284 1
111995360 1
112013455 1
112253647 1
112408198 1
112485172 1
112500350 1
112593021 1
112637034 1
112912773 1
113191707 1
113278821 1
113293466 1
113881808 1
114123072 1
114211124 1
114743196 1
114745156 1
114785808 1
114793092 1
115042375 1
115059040 1
115116115 1
115405275 1
115624074 1
115721612 1
115758078 1
115769259 1
116159285 1
116463332 1
116746361 1
117165721 1
117253951 1
117285914 1
117318752 1
117356797 1
117484211 1
117558042 1
117755484 1
117939776 1
118073114 1
118153609 1
118161985 1
118354947 1
118576528 1
118645815 1
118704085 1
118714226 1
118760106 1
118963732 1
118975815 1
119087289 1
119238334 1
119304110 1
119351489 1
119392039 1
119541736 1
119552911 1
119554556 1
119630044 1
119864362 1
119950868 1
120222984 1
120340586 1
120341537 1
120586981 1
120645067 1
120716693 1
120824987 1
120909865 1
121447258 1
121449962 1
122140602 1
122163355 1
122163613 1
122513568 1
122564172 1
122583485 1
122608428 1
122702765 1
123015616 1
123045601 1
123187509 1
123205662 1
123323834 1
123523036 1
123579857 1
123760550 1
123799694 1
123897454 1
124279997 1
124282256 1
124762113 1
124901166 1
125169743 1
125183608 1
125263574 1
125294234 1
125304045 1
126356840 1
126683405 1
126687550 1
126885587 1
127051497 1
127074089 1
127085236 1
127441405 1
127553577 1
127681656 1
127731589 1
127740119 1
128076166 1
128245768 1
128268939 1
128299121 1
128312747 1
128378012 1
128449485 1
128754882 1
128847793 1
128949221 1
128951719 1
129106694 1
129177129 1
129211971 1
129487044 1
129740653 1
129770626 1
130018482 1
130020449 1
130158152 1
130364688 1
130368071 1
130444141 1
130485266 1
130515181 1
130522377 1
130647096 1
130687876 1
130977201 1
131134200 1
131215824 1
131328094 1
131547657 1
131661561 1
131734402 1
131741613 1
131815510 1
131920438 1
131968193 1
132006758 1
132019271 1
132097667 1
132112871 1
132137778 1
132188684 1
132203500 1
132223147 1
132518045 1
132530140 1
132609277 1
132683287 1
132808002 1
132856575 1
132960366 1
133123438 1
133181162 1
133227069 1
133333225 1
133480394 1
133580821 1
133587562 1
133988282 1
134024635 1
134410465 1
134757039 1
135063576 1
135164449 1
135229153 1
135331364 1
135518866 1
135590121 1
135743663 1
135766482 1
135959096 1
136147812 1
136154674 1
136341449 1
136493716 1
136536075 1
136648802 1
136768886 1
136853462 1
136924288 1
137256600 1
137286779 1
137485647 1
137545965 1
137585672 1
137755958 1
137918252 1
138029755 1
138161392 1
138193275 1
138223699 1
138257552 1
138303249 1
138523047 1
138583320 1
138737709 1
138844764 1
138904494 1
138992974 1
139197910 1
139705855 1
139750590 1
139880203 1
139885346 1
139942053 1
140258431 1
140267070 1
140331814 1
140522776 1
140787653 1
140868913 1
141022166 1
141313745 1
141408010 1
141502559 1
141549193 1
141910880 1
142316198 1
142316890 1
142368292 1
142946818 1
143129293 1
143145836 1
143172965 1
143187304 1
143244760 1
143371826 1
143529860 1
143693229 1
143782937 1
143796326 1
143928321 1
144137955 1
144206671 1
144465071 1
144521657 1
144593442 1
144654188 1
144776618 1
145359427 1
145456470 1
145459451 1
145592510 1
145599317 1
145659221 1
145863559 1
145991911 1
146036908 1
146268390 1
146303236 1
146320010 1
146362400 1
146625138 1
146631872 1
146717475 1
146940386 1
147472267 1
147475286 1
147646508 1
147692021 7455682
147997299 1
148043494 1
148086538 1
148533896 1
148788991 1
149164453 1
149317127 1
149791299 1
150213522 1
150380763 1
150394867 1
150409020 1
150972074 1
150996579 1
151012736 1
151072621 1
151207278 1
151253015 1
151622676 1
151826276 1
152082626 1
152306019 1
152392853 1
152866209 1
152987276 1
152989601 1
153083121 1
153198089 1
153241073 1
153280976 1
153805286 1
153844965 1
153952522 1
154083470 1
154391367 1
154429562 1
154533414 1
154686344 1
154736721 1
154939340 1
155103022 1
155374023 1
155402101 1
155414313 1
155424264 1
155509101 1
155593282 1
155718350 1
155800874 1
155900707 1
155925894 1
156022166 1
156144393 1
156233900 1
156718791 1
156774580 1
156919887 1
156944621 1
156972824 1
157182934 1
157740030 1
157834190 1
158036912 1
158194394 1
158229482 1
158375110 1
158455227 1
158488510 1
158505173 1
158530980 1
158562582 1
158894528 1
158897732 1
159352423 1
159471120 1
159528211 1
159540625 1
159552889 29823198
159727476 1
159906709 1
159996331 1
160245054 1
160260359 1
160460922 1
160553841 1
160793258 1
160821786 1
160839806 1
160846205 1
160987665 1
161141481 1
161339540 1
161434599 1
161463505 1
161489884 1
161543214 1
161578653 1
161636451 1
161667152 1
161792122 1
161855327 1
161950591 1
162267623 1
162395208 1
162534691 1
162591704 1
162815433 1
163140183 1
163226061 1
163269498 1
163300550 1
163329536 1
163519331 1
163600234 1
163787199 1
164173189 1
164200473 1
164505171 1
164971367 1
165118646 1
165356951 1
165372720 1
165395285 1
165417543 1
165429505 1
165446180 119292928
165613446 1
165633620 1
165636899 1
165748909 1
165947377 1
166062030 1
166146868 1
166206624 1
166562001 1
166738911 1
166790610 1
166879685 1
166929768 1
166932759 1
166959509 1
166960600 1
167108765 1
167219404 1
167295163 1
167321392 1
167324623 1
167391758 1
167411662 1
167763792 1
167807350 1
167826545 1
167845117 1
168177578 1
168435920 1
168439522 1
168484629 1
168695274 1
168864422 1
168888558 1
168953249 1
168981247 1
169509598 1
169658829 1
169891705 1
170023429 1
170065252 1
170150826 1
170525902 1
170684365 1
170687237 1
170704734 1
170760333 1
171057658 1
171148875 1
171214179 1
171260271 1
171326075 1
171597575 1
171648246 1
171794372 1
171812634 1
171818295 1
171955606 1
172028685 1
172181368 1
172232292 1
172786717 1
172802754 1
172841086 1
173215306 1
173257242 1
173325190 1
173354007 1
173451837 1
173483225 1
173533874 1
173678800 1
173895329 1
174023911 1
174029122 1
174062267 1
174076552 1
174582488 1
174965363 1
175078478 1
175127367 1
175236140 1
175239689 1
175389443 1
175458940 1
175510231 1
175792943 1
175914133 1
176200630 1
176489970 1
176572291 1
176635930 1
176791412 1
176885568 1
177015955 1
177182729 1
177444106 1
177730334 1
177791306 1
178325093 1
178482104 1
178557195 1
178699216 1
178803040 1
178838161 1
179244651 1
179384698 1
179569658 1
179608517 1
179747637 1
179858636 1
180055278 1
180534488 1
180691779 1
180794942 1
180804874 1
180918330 1
180971456 1
181125831 1
181153690 1
181196061 1
181396402 1
181443605 1
181695179 1
181720246 1
181734541 1
181792124 1
181871513 1
181935752 1
181994692 1
182208525 1
182213531 1
182273508 1
182299903 1
182332592 1
182511626 1
182525061 1
182596968 1
182637277 1
182729781 1
182924788 1
182946704 1
183146944 1
183208089 1
183221446 1
183358414 1
183390517 1
183474851 1
183614830 1
183630857 1
183654996 1
183716629 1
184234994 1
184319931 1
184368897 1
184410157 1
184512477 1
184676053 1
185279974 1
185292255 1
185515929 1
185554679 1
185677236 1
185844208 1
186968193 1
186982366 1
187072869 1
187206781 1
187326956 1
187466953 1
187571137 1
187749141 1
187752946 1
187885597 1
188067094 1
188267882 1
188287473 1
188376241 1
188508022 1
188594826 1
188642250 1
188692232 1
188817530 1
188955490 1
189014083 1
189148606 1
189185686 1
189317627 1
189345525 1
189504457 1
189580136 1
189633028 1
189731308 1
189778383 1
190001804 1
190006300 1
190098037 1
190121723 1
190240472 1
190266993 1
190383931 1
190424706 1
190458813 1
190476735 1
190641182 1
190641984 1
190685201 1
190695027 1
190697287 1
190716501 1
190836154 1
190881953 1
191268001 1
191282915 1
191496952 1
191525351 1
191663769 1
191686239 1
191802667 1
191851017 1
192173738 1
192313605 1
192839394 1
192844000 1
192866653 1
192900394 1
193227097 1
193476413 1
193480536 1
193485868 1
193626301 1
193795810 1
194017008 1
194464292 1
194525318 1
194541173 1
194549701 1
194570914 1
194652829 1
194761820 1
194787773 1
194911360 1
194981806 1
195002011 1
195211941 1
195622633 1
195922206 1
195990552 1
196041496 1
196144518 1
196357165 1
196517179 1
196578533 1
196674052 1
196843880 1
196931113 1
197217452 1
197222454 1
197398254 1
197737523 1
197841390 1
198187748 1
198205406 1
198220155 1
198450232 1
198453360 1
198513822 1
198630573 1
198637921 1
198744246 1
198792621 1
198809092 1
198873523 1
198936014 1
199185414 1
199654044 1
199746334 1
199774742 1
199941223 1
200027879 1
200356112 1
200376724 1
200443325 1
200485092 1
200585748 1
200683200 1
200818898 1
201063701 1
201239759 1
201618269 1
201785741 1
201814474 1
201825440 1
202003886 1
202180267 1
202295714 1
202339257 1
202431448 1
202476769 1
202650867 477172418
202951142 1
203229659 1
203347424 1
203377179 1
203489285 1
203602762 1
203794553 1
203853189 1
203893986 1
204092254 1
204248218 1
204262953 1
204325570 1
204604212 1
204699466 1
204854653 1
204907173 1
205049058 1
205104564 1
205327999 1
205417886 1
205456284 1
205681571 1
205693805 1
205726440 1
205748711 1
205787600 1
205953893 1
205968211 1
206110432 1
206291848 1
206503949 1
206595142 1
206624047 1
206661965 1
206700068 1
206755617 1
206866713 1
206929130 1
207097660 1
207121765 1
207430978 1
207515756 1
207653522 1
207667333 1
207670215 1
207712627 1000000000
207724830 1
207917898 1
207921536 1
207935636 1
207941901 1
208037132 1
208037369 1
208104439 1
208125249 1
208127452 1
208198945 1
208254774 1
208274941 1
208414147 1
208431472 1
208648765 1
208672254 1
208684970 1
209005345 1
209024294 1
209140128 1
209213218 1
209391482 1
209534711 1
209560823 1
209664101 1
209669464 1
209686648 1
209844872 1
209869270 1
209963789 1
210021202 1
210217024 1
210221423 1
210343392 1
210469692 1
210486193 1
210590560 1
210946486 1
211005514 1
211029194 1
211059073 1
211109518 1
211132876 1
211361114 1
211543725 1
211560751 1
211575219 1
211710822 1
211737153 1
211804900 1
211944140 1
212230301 1
212527832 1
212575726 1
212580569 1
212823446 1
212932180 1
213024074 1
213038973 1
213302707 1
213344009 1
213500802 1
213547195 1
213862239 1
213923173 1
213986046 1
214039138 1
214060134 1
214140170 1
214219766 1
214354259 1
214382954 1
214631653 1
214644817 1
214874622 1
214907999 1
215126634 1
215287669 1
215315390 1
215460620 1
215509100 1
215584400 1
215600146 1
215607945 1
216026417 1
216091455 1
216325310 1
216415054 1
216976336 1
217474693 1
217479966 1
217506389 1
217532083 1
217601654 1
217664925 1
217751330 1
217758896 1
217988601 1
217998078 1
218002235 1
218118203 1
218191192 1
218250523 1
218267320 1
218284870 1
218300678 1
218346340 1
219412763 1
219501341 1
219506298 1
219538199 1
219710157 1
219905310 1
219950622 1000000000
219997528 1
220034187 1
220164552 1
220198963 1
220427125 1
220554897 1
220577595 1
220672815 1
220733201 1
221036980 1
221133356 1
221134384 1
221370891 1
221393055 1
221432015 1
221460892 1
221524239 1
221558768 1
221868369 1
221923788 1
221938778 1
221972327 1
222002669 1
222123571 1
222378389 1
222446438 1000000000
222508546 1
222606584 1
222634505 1
222866005 1
222979473 1
223208425 1
223237463 1
223239294 1
223352081 1
223430364 1
223597198 1
223790570 1
224184037 1
224224057 1
224507411 1
224730300 1
224797315 1
224974168 1
225242553 1
225297299 1
225371999 1
225461942 1
225480806 1
225640046 1
225690957 1
225724450 1
225747335 1
225817850 1
225985264 1
225997685 1
226067469 1
226301559 1
226308396 1
226445497 1
226525818 1
226630640 1
226796156 1
226899739 1
227222011 1
227223629 1
227293764 1
227424618 1
227553170 1
227595391 1
227626873 1
227896443 1
227920706 1
227934708 1
227962552 1
228153516 1
228191390 1
228322592 1
228556958 1
228705890 1
228800244 1
228800450 1
228850610 1000000000
228869807 1
229173043 1
229182371 1
229416322 1
229538969 1
229658645 1
229743261 1
229967072 1
230033488 1
230134949 1
230179626 1
230228260 1
230321726 1
230355535 1
230366016 1
230472371 1
230605934 1
230667088 1
230685549 1
230834050 1
230906082 1
230918646 1
230948400 1
230955831 1
231011460 1
231143775 1
231316977 1
231507172 1
231590892 1
231691997 1
232120570 1
232190225 1
232440952 1
232534865 1
232548756 1
232693220 1
233094527 1
233181487 1
233519545 1
233535933 1
233558341 1
233566775 1
233670871 1
234055257 1
234279002 1
234396255 1
234576637 1
234676294 1
234847465 1
234875375 1
234898570 1
234912403 1
234999291 1
235170356 1
235474040 1
235719346 1
235737163 1
235982478 1
235989860 1
236339445 1
236531564 1
236558499 1
236574249 1
236678404 1
236793158 1
236972151 1
237155740 1
237198185 1
237469673 1
237621766 1
237698181 1
237704886 1
238156664 1
238217490 1
238633258 1
238821376 1
238841001 1
238974526 1
239004570 1
239166792 1
239239387 1
239485714 1
239747210 1
239793799 1
239912898 1
239943015 1
239974134 1
240122295 1
240130848 1
240615769 1
240716080 1
240749965 1
240797398 1
240946146 1
241060103 1
241204526 1
241242374 1
241255319 1
241332536 1
241336740 1
241750353 1
241866181 1
241871141 1
241947348 1
242010941 1
242319399 1
242904438 1
243023681 1
243088436 1
243238511 1
243353771 1
243791345 1
243855390 1
243897160 1
244017226 1
244036498 1
244075939 1
244226025 1
244434577 1
244572681 1
244632366 1
244693893 1
244888287 1
245191018 1
245343571 1
245427709 1
245431144 1
245697027 1000000000
245728025 1
245813390 1
245842029 1
246637617 1
246647549 1
246794654 1
246799863 1
246884237 1
247169473 1
247286911 1
247295309 1
247422826 1
248115666 1
248300726 1
248368503 1
248848081 1
248883140 1
248886981 1
249152804 1
249491457 1
249538826 1
249581984 1
249589325 1
249694308 1
249820197 1
249951751 1
249973387 1
249998886 1
250023089 1
250179404 1
250225868 1
250361944 1
250770811 1
250803883 1
251122392 1
251136604 1
251421203 1
251433033 1
251520863 1
251627134 1
251776477 1
251842754 1
252023144 1
252223792 1
252584648 1
252631020 1
253132488 1
253168451 1
253288718 1000000000
253324341 1
253471295 1
253496043 1
253644803 1
253696829 1
253857762 1
254097515 1
254131451 1
254329133 1
254539767 1
255063914 1
255113674 1
255339470 1
255431110 1
255722896 1
255895606 1
255936101 1
256022834 1
256080613 1
256139199 1
256212192 1
256425651 1
256573162 1
256602028 1
256696119 1
256927684 1
257232959 1
257344443 1
257492483 1
257600684 1
257786132 1
257801964 1
257849538 1
257862759 1
257951363 1
257987933 1
258300045 1
258426588 1
258456296 1
258549351 1
258652198 1
258789185 1
258858575 1
258868135 1
258888157 1
259148203 1
259217506 1
259280605 1
259349352 1
259455033 1
259744251 1
259780978 1
259786903 1
260100188 1
260870772 1
261002392 1
261005670 1
261213337 1
261340855 1
261397517 1
261417229 1
261512113 1
261754000 1
262011598 1
262024393 1
262129040 1
262151403 1
262332511 1
262351719 1
262700270 1
262946145 1
263015955 1
263020054 1
263150501 1
263262717 1
263394067 1
263499423 1
263694819 1
263995742 1
264015375 1
264187115 1
264363908 1
264461223 1
264529639 1
264556087 1
264643817 1
265016665 1
265065495 1
265102682 1
265157437 1
265159287 1
265438491 1
265495873 1
265559165 1
265641841 1
265700926 1
265797391 1
266072435 1
266135524 1
266213578 1
266243053 1
266927928 1
266975900 1
266987119 1
267040447 1
267058433 1
267310278 1
267459378 1
267551236 1
268299104 1
268595845 1
268621339 1
268774338 1
268777371 1
268938306 1
268994586 1
269142473 1
269147237 1
269169101 1
269172482 1
269205364 1
269310197 1
269403997 1
269578653 1
269929802 1
269936287 1
269985851 1
270004387 1
270389559 1
270487478 1
270499110 1
270531176 1
270973967 1
271028990 1
271164354 1
271240655 1
271362283 1
271423962 1
271456244 1
271565743 1
271706126 1
271906230 1
271997727 1
272022083 1
272078791 1
272242003 1
272293900 1
272342255 1
272460435 1
272558962 1
272600797 1
272691107 1
272722569 1
272783391 1
272890362 1
272899208 1
272955902 1
273015096 1
273031332 1
273281649 1
273356432 1
273750017 1
273770797 1
273909083 1
273973218 1
274151667 1
274162158 1
274175678 1
274189139 1
274202441 1
274270915 1
274604390 1
274606192 1
274720992 1
274835997 1
274942742 1
274997579 1
275031799 1
275221373 1
275343518 1
275363968 1
275540777 1
275596421 1
275701396 1
275743575 1
275767469 1
275771274 1
276067152 1
276217216 1
276222491 1
276395596 1
276503120 1
276741140 1
276896657 1
276976425 1
276980782 1
277029112 1
277030891 1
277398793 1
277621031 1
277838668 1
278100555 1
278614273 1
278730637 1
278740367 1
278822412 1
279195117 1
279293809 1
279637212 1
279725829 1
279942904 1
279999226 1
280067787 1
280277691 1
280321262 1
280584382 1
280733137 1
281167329 1
281390862 1
281543195 1
281736344 1
282227251 1
282328131 1
282338917 1
282403856 1
282475590 1
282600729 1
282757559 1
283017600 1
283168953 1
283284214 1
283533961 1
283651523 1
283820091 1
283893874 1
283933844 1
284064231 1
284089987 1
284111926 1
284129946 1
284347075 1
284381072 1
284394768 1
284620449 1
285000131 1
285567209 1
285737836 1
285770705 1000000000
285913720 1
285949876 1
286007653 1000000000
286203099 1
286316862 1
286508451 1
286516676 1
286517049 1
286558607 1
286889774 1
286975172 1
286980806 1
287415418 1
287567953 1
287677995 1
287693127 1
287769856 1
287942897 1
288055205 1
288087247 1
288506697 1
288632416 1
288657694 1
289061624 1
289442683 1
289715563 1
289818249 1
289875094 1
289901120 1
290142727 1
290236542 1
290664282 1
290691210 1000000000
290725136 1
290877043 1
291338524 1
291582111 1
291630841 1
291632907 1
291971608 1
292163662 1
292187278 1
292193073 1
292468670 1
292519821 1
292533028 1
292592377 1
292716440 1
292724518 1
292945587 1
293008052 1
293096578 1
293098553 1
293141183 1
293238585 1
293316365 1
293321540 1
293435893 1
293470793 1
293471310 1
293495017 1
293715616 1
293794900 1
293863266 1
293960816 1000000000
294046497 1
294105301 1
294299865 1
294590684 1
294690961 1
294907787 1000000000
294924975 1
295077003 1
295171006 1
295184860 1
295298186 1000000000
295374618 1
295390366 1
295426185 1
295829213 1
295848214 1
296055695 1
296112571 1
296478281 1
296854651 1
297145346 1
297260588 1
297321239 1
297352771 1
297475396 1
297712479 1
297738756 1
297811859 1
298052080 1
298060144 1
298369618 1
298592433 1
298686774 1
299139622 1
299148137 1
299704619 1
299728353 1
299896572 1
300162273 1
300169331 1
300260102 1
300321238 1
300416299 1
300427330 1
300628891 1
300770930 1
301142536 1
301181049 1
301216929 1000000000
301233041 1
301235374 1
301277302 1
301350770 1
301389298 1
301545003 1
301887963 1
301926058 1
301938982 1
302057536 1
302077847 1
302497218 1
302964826 1
303154747 1
303416535 1
304063082 1
304118748 1
304304661 1
304352739 1
304415068 1
304471497 1
304672519 1
304881965 1
305064731 1
305466687 1
305607875 1
305750348 1
305888842 1
305906195 1
305926809 1
306007394 1
306087038 1
306170864 1
306331768 1
306705645 1
306805442 1
307056049 1
307291506 1
307469824 1
307508832 1
307772363 1
307841142 1
308102221 1
308170436 1
308201706 1
308320047 1
308337307 1
308368748 1
308416177 1
308572154 1
308641010 1
308736438 1
308946976 1
309008478 1
309317394 1
309383825 1
309465970 1
309479069 1
309700499 1
309725232 1
310001405 1
310045537 1
310356614 1
310425385 1
310447503 1
310485922 1
310605688 1
310909993 1
310995478 1
311022908 1
311141068 1
311233460 1
311298028 1
311928057 1
312164872 1
312229173 1
312289530 1
312322722 1
312526374 1
312528491 1
312870459 1
313083874 1
313103891 1
313166053 1
313205254 1
313256053 1
313265896 1
313615868 1
313886369 1
314173745 1
314326239 1
314506391 1
314518128 1
314648457 1
314681229 1
314712938 1
314743525 1
314959508 1
315329958 1
315380203 1
315411259 1
315692394 1
315739039 1
315751596 1
315862906 1
315887728 1
316282270 1
316385902 1
316434543 1
316832770 1
316894074 1
316985491 1
317048983 1
317065737 1
317106657 1
317157916 1
317480299 1
317715698 1
317847031 1
317876996 1
318034807 1
318082070 1
318261646 1
318287101 1
318340293 1
318367839 1
318438050 1
318535130 1
318558075 1
318760712 1
318786067 1
318959583 1
319030691 1
319101218 1
319118201 1
319423255 1
319808036 1
319808899 1
319844523 1
319929951 1
320130401 1
320232839 1
320398781 1
320863868 1
320924322 1
321120257 1
321422603 1
321464226 1
321509261 1
321532279 1
321591932 1
321662089 1
321734068 1
321823145 1
322038106 1
322252509 1
322616206 1
322727152 1
322797426 1
322901421 1
322937077 1
322972796 1
323190476 1
323319535 1
323668748 1
323967922 1
324040734 1
324059142 1
324067891 1
324181068 1
324276780 1
324364095 1
324392979 1
324501389 1
324641549 1
324712243 1
324843937 1
324883362 1
325091177 1
325120236 1
325140472 1
325410333 1
325425001 1
325532548 1
325589772 1
325604332 1
325775528 1
325782111 1
325903014 1
325968169 1
326058891 1
326166369 1
326349928 1
326403838 1
326418507 1
327013447 1
327297468 1
327345367 1
327454060 1
327602027 1
327687247 1
327762159 1
327880737 1
327933819 1
327949394 1
327960442 1
328063997 1
328431627 1
328436742 1
328876959 1
328916347 1
328953645 1
328963171 1
328985629 1
329186993 1
329256805 1
329399913 1
329523209 1
329584343 1
329728867 1
329975016 1
329985218 1
329995616 1
330003642 1
330214071 1
330256519 1
330308377 1
330490563 1
330537852 1
330716320 1
330884521 1
331095670 1
331184986 1
331261094 1
331606847 1
331663922 1
331704539 1
331947852 1
332076815 1
332182722 1
332368913 1
332590929 1
332663163 1
332677128 1
332716183 1
332749455 1
332763649 1
332828412 1
332852036 1
333277114 1
333316668 1
333470198 1
333625734 1
333660078 1
333710339 1
333893169 1
333964454 1
334011832 1
334247761 1
334302059 1
334321649 1
334496738 1
334705870 1
334832760 1
335049536 1
335078082 1
335172607 1
335176557 1
335260139 1
335267398 1
335323845 1
335448065 1
335803104 1
335843157 1
335856916 1
335983250 1
336039516 1
336121797 1
336161751 1
336221577 1
336335249 1
336398224 1
336689933 1
336782264 1
337023699 1
337122691 1
337238809 1
337250371 1
337353800 1
337449476 1
337837974 1
338129904 1
338133662 1
338217118 1
338276195 1
338284337 1
338506219 1
338735630 1
338804948 1
338853935 1
338998138 1
339151851 1
339171477 1
339274806 1
339335068 1
339414348 1
339457543 1
339705617 1
339879902 1
339889007 1
339943279 1
339954094 1
339981860 1
340194019 1
340232974 1
340392690 1
340926090 1
341054838 1
341073358 1
341275800 1
341313735 1
341511890 1
341516579 1
341598392 1
341628241 1
341694646 1
341694874 1
341708951 1
342007394 1
342194110 1
342456971 1
342487047 1
342538607 1
342583830 1
342741889 1
343096061 1
343155978 1
343170747 1
343199376 1
343358299 1
343361868 1
343443758 1
343643192 1
343908923 1
344118007 1
344318406 1
344520885 1
344541604 1
344800854 1
345158139 1
345190902 1
345220497 1
345317854 1
345980396 1
346058883 1
346064286 1
346122336 1
346450245 1
346480658 1
346600454 1
346615909 1
346787145 1
346842450 1
346900237 1
347115645 1
347175306 1
347199321 1
347252248 1
347354673 1
347435040 1
347488111 1
347525832 1
347535205 1
347625702 1
347655464 1
347762072 1
348324327 1
348520701 1
348637570 1
348817870 1
348887200 1
348887398 1
348953129 1
348981200 1000000000
349201153 1
349268348 1
349310210 1
349521924 1
349678347 1
350174016 1
350220084 1
350223663 1
350257593 1
350280164 1
350283699 1
350424683 1
350464550 1
350498951 1
350591218 1
350706044 1
350915007 1
350931896 1
350951303 1
351239387 1
351413924 1
351535517 1
352032845 1
352168773 1
352271043 1
352466707 1
352474676 1
352622502 1
352723578 1
352756418 1
352813900 1
352814622 1
352895406 1
352931558 1
353106543 1
353201699 1
353243571 1
353354037 1
353665396 1
354058534 1
354433969 1
354466814 1
354681211 1
354837996 1
355109487 1
355568324 1
355698755 1
355713285 1
355818884 1
355977043 1
356230897 1
356301961 1
356431223 1
356480012 1
356556746 1
356693316 1
356861185 1
356967600 1
357074292 1
357226694 1
357330005 1
357343560 1
357684140 1
358037628 1
358091120 1
358162695 1
358311882 1
358434508 1
358453162 1
358586335 1
358673470 1
358955225 1
359006949 1
359010720 1
359014608 1
359228682 1
359510809 1
359633793 1
359956676 1
360002250 1
360065702 1
360073835 1
360187681 1
360292814 1
360296670 1
360512989 1
360519704 1
360632251 1
360699132 1
360816501 1
360825649 1
360840955 1
361032213 1
361200907 1
361348424 1
361385625 1
361770986 1
362197133 1
362218209 1
362226747 1
362248812 1
362562372 1
362803137 1
362867197 1
362896384 1
363272898 1
363428312 1
363528723 1
363997824 1
364029010 1
364075722 1
364085960 1
364402980 1
364495682 1
364497461 1
364526466 1
364635875 1
364870084 1
364890451 1
364910911 1
365117809 1
365123889 1
365140094 1
365345073 1
365370248 1
365378936 1
365527290 1
365630260 1
365632593 1
365728083 1
365731747 1
365868784 1
365971540 1
365992658 1
366006174 1
366040736 1
366167780 1
366170405 1
366196725 1
366224833 1
366362712 1
366601147 1
366617124 1
366623463 1
366723661 1
366953259 1
367035966 1
367144500 1
367452519 1
367549461 1
367702583 1
367772118 1
367831330 1
368070938 1
368098524 1
368128702 1
368164362 1
368294759 1
368308940 1
368489532 1
368497333 1
368564584 1
368589646 1
368617768 1
368656505 1
369022999 1
369358067 1
369389293 1
369649078 1
369670482 1
369796742 1
370439171 1
370556731 1
370612041 1
370754099 1
370768102 1
370853519 1
370900436 1
370912479 1
371015404 1
371042665 1
371371040 1
371736297 1
371737742 1
371752254 1
371835950 1
371927836 1
372136270 1
372206009 1
372260787 1
372265490 1
372899357 1
372950058 1
373037870 1
373108859 1000000000
373152632 1
373430740 1
373618316 1
373641351 1
373873801 1
374026395 1
374287591 1
374356522 1
374400039 1
374462451 1
374480192 1
374588026 1
374698439 1
374745513 1
374822921 1
374913535 1
375039610 1
375176278 1
375262938 1
375591197 1
375720908 1000000000
375755696 1
375769400 1
375872118 1
376034155 1
376533244 1
376633973 1
376711845 1
376773113 1000000000
376824145 1
377192736 1
377205215 1
377391307 1
377397552 1
377404213 1
377508616 1
377561859 1
378192546 1
378251100 1
378295012 1
378704479 1
378723901 1
378778427 1
378826289 1
379035922 1
379065442 1
379093750 1
379188965 1
379230938 1
379363822 1
379386927 1
379532804 1
379536641 1
379652169 1
380200530 1000000000
380308806 1
380397627 1
380403295 1
380841878 1
380906291 1
381434624 1
381464342 1
381555430 1
382021390 1
382195838 1
382236736 1
382578129 1
382590551 1
382619486 1
382808660 1
382818935 1
382926915 1
383208917 1
383221752 1
383245817 1
383261471 1
383438370 1
383470130 1
383493782 1
383600598 1
383845987 1
384167543 1
384324143 1
384629161 1000000000
384766307 1
384980289 1
384996070 1
385032096 1
385239436 1
385321221 1
385550155 1
386087092 1
386469915 1
386480195 1
386482693 1
386604445 1
386733223 1
386792886 1
386930062 1
386937060 1
387050964 1
387140969 1
387881732 1
387886520 1
388029545 1
388049343 1
388061388 1
388062676 1
388107072 1
388397134 1
388488515 1
388552907 1
388846828 1
388961373 1
388998720 1
389040484 1
389103754 1
389135824 1
389228829 1
389341776 1
389466856 1
389492345 1
389563521 1
389605719 1
389702123 1
389721647 1
389727694 1
389761818 1
389816997 1
390311767 1
390326291 1
390612433 1
390669243 1
390840621 1
390893385 1
390934397 1
391047435 1
391075701 1
391157799 1
391205444 1
391213906 1
391319938 1
391515420 1
391796745 1
391951913 1
392013821 1
392219482 1
392249490 1
392455524 1
392476808 1
392524130 1
392578390 1
392660985 1
392690806 1
392829460 1
392867879 1
393355974 1
393406548 1
393448924 1
393464035 1
393465605 1
393465807 1
393500475 1
393574063 1
393737519 1
394013921 1
394174864 1
394217882 1
394308682 1
394337627 1
394429960 1
394492605 1
394517548 1
394612747 1
394800534 1000000000
394941103 1
394988769 1
395179382 1
395472994 1
395641210 1
395774033 1
395782632 1
395829927 1
395849663 1
395992832 1
396023249 1
396346903 1
396394986 1
396407718 1
396445198 1
396536722 1
396627520 1
396705664 1
396817103 1
396941313 1
397048372 1
397339115 1
397446732 1
397484620 1
397510378 1
397628535 1
397797138 1
397880570 1
397963698 1
398016291 1
398024511 1
398065801 1
398116154 1
398136788 1
398201622 1
398264647 1000000000
398641676 1
398729235 1
399253030 1
399271458 1
399337347 1
399543034 1
399611267 1
399617292 1
399865485 1
399969141 1
400010958 1
400021757 1
400056868 1
400113660 1
400119220 1
400215640 1
400663806 1
400708875 1
400711710 1
400731302 1
400737182 1
400903150 1
400908170 1
401346069 1
401363518 1
401413581 1
401567505 1
401689010 1
401901627 1
402071853 1
402355316 1
402414420 1
402491615 1
402808404 1
402852595 1
402901912 1
402923638 1
403346141 1
403515969 1
403825453 1
404011331 1
404013084 1
404066688 1
404135190 1
404430034 1
404441430 1
404493059 1
404502142 1
404512520 1
404917637 1
405163915 1
405438000 1
405454153 1
405837782 1
405867032 1
406309802 1
406409156 1
406521959 1
406613626 1
406715686 1
406729709 1
406743353 1
406807720 1
406941308 1
406976350 1
406982621 1
407117765 1
407129741 1000000000
407189454 1
407196654 1
407262258 1
407311994 1
407376718 1
407464001 1
407785378 1
408187577 1
408190349 1
408199667 1
408229328 1
408269331 1
408270322 1
408404025 1
408440058 1
408617282 1
408689725 1
409341623 1
409362811 1
409433307 1
409435492 1
409510484 1
409656892 1
409947048 1
410112713 1
410285695 1
410303298 1
410350379 1
410454381 1
410521971 1
410533861 1
410559772 1
410563074 1
410595439 1
410719964 1
410726076 1
410745354 1
410809264 1
410930016 1
410953926 1
411485002 1
411488554 1
411576068 1
411765353 1
411926441 1
412004637 1
412012760 1
412063783 1
412133036 1000000000
412158202 1
412176288 1
412195580 1
412410690 1
412459952 1
412528285 1
412575244 1
412743554 1
412998730 1
413232851 1
413264181 1
413298913 1
413649779 1
413870763 1
413953214 1
414099261 1
414315713 1
414322005 1
414322153 1
414461898 1
414463132 1
414509096 1
414635624 1
414850975 1
414921287 1
415247734 1
415526356 1
415557447 1
415579743 1
415669149 1
415785042 1
415877058 1
416021072 1
416164701 1
416273470 1
416295627 1
416331794 1
416332169 1
416418532 1
416724369 1
416937705 1
416973674 1
417065303 1
417200778 1
417265891 1
417513575 1
417599403 1
417760939 1
418105151 1
418573596 1
418582721 1
418650701 1
418668420 1
418875904 1
418986245 1
419097421 1
419121153 1
419126946 1
419181393 1
419278734 1
419367701 1
419601790 1
419681157 1
419807363 1
419816176 1
419953742 1
419968556 1
420286881 1
420510887 1
420786653 1
420846279 1
420928104 1
421154153 1
421214986 1
421375137 1
421470930 1
421599515 1
421776192 1
421924792 1
422040913 1
422085702 1
422139556 1
422147616 1
422235030 1
422313400 1
422591776 1
422727727 1
423403590 1
423465609 1
423607066 1
423643518 1
423865193 1
423903250 1
424066170 1
424075532 1
424082201 1
424262498 1
424343793 1
424480648 1
424982077 1
425060472 1
425302273 1
425426437 1
425461615 1
425614282 1
426106876 1
426117168 1
426275630 1
426467714 1
426573649 1
426582482 1
426664669 1
426760729 1
427081054 1
427493772 1
427500135 1
427507049 1
427605746 1
427679583 1
427874139 1
428155087 1
428200026 1
428498980 1
428979147 1
429158004 1
429208624 1
429290297 1000000000
429307114 1
429384218 1
429438695 1
429464749 1
429471209 1
429528013 1
429690012 1
429986644 1
430193346 1
430235531 1
430326606 1
430394832 1
430428887 1
430559934 1
430592290 1
430636930 1
430730332 1
430747354 1
431521937 1
431565411 1
431715548 1
431749952 1
431762839 1
431878222 1
431920877 1
432003370 1
432130011 1
432297394 1
432373999 1
432554482 1
432649998 1
432712049 1
433064856 1
433289391 1
433511405 1
433591894 1
433671028 1
433806596 1
433911014 1
433956177 1
433959340 1
434032758 1
434045814 1
434115823 1
434120455 1
434221735 1
434236377 1
434241767 1
434251327 1
434297650 1
434298511 1
434386077 1
434469020 1
434599403 1
434750509 1
434791995 1
434830170 1
434834028 1
434836215 1
434977773 1
435018273 1
435060211 1
435241338 1
435295990 1
435326947 1
435335891 1
435619995 1
435626799 1
435740480 1
435930235 1
436012421 1
436018651 1
436039138 1
436047183 1
436129032 1
436889016 1
436998101 1
437026121 1
437038362 1
437153061 1
437213854 1
437291074 1
437656027 1
437683301 1
437723013 1
437914925 1
438177710 1
438185038 1
438204739 1
438363825 1
438483835 1
438485172 1
438638918 1
438664526 1
438848667 1
438931085 1
439101997 1
439134766 1
439174860 1
439289592 1
439307601 1
439719829 1
439855388 1
440005497 1
440067992 1
440175327 1
440346346 1
440347154 1
440511411 1
440548217 1
440674696 1
440742231 1
440795563 1
440891304 1
440913329 1
441651387 1
441724893 1
441850124 1
442081932 1
442321689 1
442335861 1
442363444 1
442481783 1
442851014 1
442883563 1
443659327 1
443671925 1
443811665 1
443948310 1
444370503 1
444410750 1
444671093 1
444811071 1
444855750 1
444925881 1
445012817 1
445116071 1
445196432 1
445214199 1
445214853 1
445362530 1
445439670 1
445526062 1
445539901 1
445645211 1
446018574 1
446284887 1
446532087 1
446723206 1000000000
446745829 1
446900317 1
446904102 1
447003384 1
447039440 1
447466562 1
447511476 1
447706511 1
447861425 1
447882123 1
447974179 1
448059759 1
448068363 1
448130095 1
448227315 1
448254992 1
448361579 1
448609355 1
448828818 1
449006634 1
449215771 1
449249403 1
449284935 1
449477897 1
449533714 1
449853337 1
450178025 1
450279853 1
450342319 1
450411819 1
450783976 1
450844029 1
451017115 1
451241228 1
451282010 1
451304662 1
451413528 1
451566434 1
451672585 1
452010703 1
452033683 1
452102716 1
452124166 1
452129416 1
452132393 1
452254273 1
452294494 1
452452716 1
452534080 1
452663518 1
452815312 1
452826796 1
452826967 1
453186530 1
453214371 1
453300730 1
453395055 1
453575183 1
453597131 1
453636793 1
453697466 1
453734434 1
453737632 1
453771792 1
453787562 1
454133977 1
454198834 1
454199070 1
454248756 1
454517846 1
454670198 1
454775676 1
454887270 1
454921570 1
454983434 1
455146205 1
455169240 1
455262181 1
455280641 1
455339319 1
455449259 1
455491238 1
455599128 1
455689634 1
455814565 1
455816227 1
456015635 1
456052649 1
456271021 1
456354453 1
456501475 1
456535159 1
456582111 1
456606862 1
456624529 1
456704849 1
456777206 1
456897695 1
456923466 1
457109575 1
457929960 1
458159229 1
458193827 1
458235379 1
458281187 1
458457148 1
458903057 1
458911372 1
458946372 1
459373634 1
459746121 1
459791692 1
459817566 1
459935146 1
459960447 1
459964804 1
460056029 1
460191408 1
460308446 1
460343062 1
460360370 1
460386896 1
460407764 1
460615326 1
460676952 1
460710227 1
460711443 1
461251113 1
461332507 1
461368153 1
461499546 1
461506720 1
461617123 1
461788331 1
462092065 1
462098850 1
462414219 1
462485706 1
462709969 1
462849200 1
462930831 1
463016309 1
463102803 1
463285230 1
463752464 1
463783487 1
463860495 1
464140914 1
464170160 1
464402153 1
464485107 1
464739923 1
464747491 1
464777209 1
465059159 1
465089821 1
465719792 1
465831544 1
466063800 1
466115952 1
466159834 1
466260967 1
466366067 1
466710895 1
466805596 1
467171045 1
467464678 1
467954059 1
468095399 1
468144281 1
468262937 1
468699981 1
468845587 1
469409335 1
469515524 1
469669611 1
469782768 1
469931183 1
470322783 1
470447449 1
470527406 1
470645514 1
470774766 1
471017907 1
471052847 1
471401370 1
471444014 1
471572208 1
471594013 1
471595261 1
471949569 1
472011376 1
472067981 1
472068782 1
472082887 1
472250177 1
472258125 1
472397109 1
472402964 1
472567715 1
472695671 1
472734183 1
472747870 1
472783101 1
472798459 1
472845869 1
472857928 1
472913491 1
473001483 1
473194628 1
473256078 1
473415580 1
473510743 1
473664347 1
473666703 1
473791207 1
473833405 1
473903000 1
474058161 1
474177608 1
474192314 1
474383720 1
474484847 1
474549446 1
474580340 1
474807812 1
474882335 1
474994983 1
475194055 1
475924010 1
476405587 1
476417898 1
476490116 1
476644185 1
476882412 1
476892221 1
477026234 1
477114531 1
477183355 1
477212821 1
477223229 1
477242275 1
477244435 1
477351111 1
477444923 1
477715427 1
477810757 1
477819018 1
477820750 1
477957859 1
477963105 1
478031002 1
478094991 1
478243789 1
478306233 1
478334676 1
478467107 1
478499220 1
478561755 1
478570220 1
478596468 1
478639269 1
478644037 1
478800496 1
479192664 1
479614455 1
479656908 1
480015451 1
480032217 1
480065604 1
480195087 1
480371043 1
480378579 1
480421676 1
480463885 1
480659413 1
480699971 1
481157662 1
481604667 1
481643740 1
481646125 1
481697582 1
481716819 1
481854857 1
482141757 1
482851777 1
482973815 1
483046215 1
483084067 1
483145593 1
483379019 1
483598347 1
483609984 1
483849189 1
484219214 1
484254865 1
484320864 1
484405320 1
484495195 1
484577888 1
484670964 1
484766446 1
484773012 1
484941458 1
485021809 1
485038599 1
485264306 1
485483664 1
485609905 1
485790348 1
486080386 1
486093253 1
486131363 1
486147585 1
486361249 1
486426597 1
486559728 1
486566282 1
486734278 1
486806018 1
486895413 1
487009176 1
487051844 1
487150266 1
487185820 1
487312915 1
487451105 1
487651339 1
487652503 1
487816612 1
487819927 1
487830548 1
487855157 1
487929933 1
488374830 1000000000
488445538 1
488654225 1
488715558 1
488789706 1
488866478 1
488869066 1
488946016 1
488999894 1
489060053 1
489070499 1
489155758 1
489233500 1
489268945 1
489407005 1
489554174 1
489805293 1
489867016 1
490107613 1
490172874 1
490284759 1
490284956 1
490542411 1
490568235 1
490587482 1
490874020 1
491278026 1000000000
491328101 1
491328478 1
491545198 1
491597545 1
491700755 1
491711249 1
491738295 1
491743617 1
492044395 1
492350705 1
492487267 1
492770577 1
493064047 1
493130229 1
493198446 1
493473551 1
493762387 1
493764931 1
493825000 1
494003126 1
494236425 1
494253492 1
494411362 1
494478788 1
494566406 1
494687966 1
494719520 1
495098259 1
495352187 1
495517490 1
495863725 1
495948919 1
496001054 1
496162838 1
496283278 1
496302831 1
496449804 1
496465234 1
496626605 1
496672820 1
496752897 1
496937558 1
497049038 1
497125142 1
497140344 1
497173234 1
497335159 1
497346065 1
497387000 1
497752190 1
497918559 1
498094735 1
498195620 1000000000
498332102 1
498649736 1
498718591 1
498796766 1
498937599 1
499138552 1
499508216 1
499522962 1
499534737 1
499818551 1
499834231 1
499903020 1
499926561 1
499953825 1
500077005 1
500262717 1
500307331 1
500636381 1
500838683 1
500919073 1
500926764 1
500971608 1
501063373 1
501122957 1
501376885 1
501426040 1
501460096 1
501738226 1
501827181 1
501975532 1
502359810 1
502397084 1
502591441 1
502898980 1
502938724 1
502945984 1
503037261 1
503375058 1
503557074 1
503728848 1
504255341 1
504267884 1
504454618 1
504578498 1
504651588 1
504703861 1
504908128 1
505119919 1
505159629 1
505323068 1
505366791 1
505664340 1000000000
505712061 1
505749033 1
505771391 1
505838737 1
505945796 1
505997318 1
506137607 1
506261054 1
506344267 1
506397119 1
506400283 1
506465860 1
506478284 1
506480730 1
506705032 1
506708152 1
506899728 1
507004789 1
507209789 1
507267828 1
507281316 1
507533451 1
507589867 1
507613652 1
507758364 1
507804918 1
507862862 1
508041723 1
508107925 1
508124155 1
508560521 1
508707771 1
508755616 1
508888481 1
508890623 1
508944959 1
508958115 1000000000
509004156 1
509044027 1
509082054 1
509214050 1
509454503 1
509456199 1
509518309 1
509546666 1
509713265 1
509837532 1
509869720 1
510197318 1
510260356 1
510477875 1
510602045 1
510604811 1
510631214 1
510693529 1
510744805 1
510757901 1
510895367 1
510896603 1
511164279 1
511707107 1
511729934 1
511756250 1
511836435 1
511886374 1
511912949 1
512087403 1
512148779 1
512209758 1
512244416 1
512329839 1
512364888 1
512384473 1
512455504 1
512568280 1
512636102 1
512639476 1
512932118 1
513037039 1
513271603 1
513480635 1
513549002 1
513682966 1
513704184 1
513747543 1
513817087 1
513828815 1
514008452 1
514187317 1
514252965 1
514276921 1
514304669 1
514764446 1
514768851 1
514788686 1
514790930 1
514830975 1
514842500 1
514887693 1
515041796 1
515067491 1000000000
515097448 1
515535660 1
515541209 1
515659167 1000000000
515673954 1
515865686 1
516162202 1
516209174 1
516242485 1
516273999 1
516303763 1
516466192 1
516540621 1
516846443 1
517049702 1
517280575 1
517298474 1
517475835 1
517538561 1
517539720 1
517643423 1
517961513 1
517999892 1
518235758 1
518341010 1
518353391 1
518393481 1
518460253 1
518499821 1
518824397 1
518864046 1
518948384 1
519152826 1
519359052 1
519360193 1
519372400 1
519386047 1
519408568 1
519470170 1
519500765 1
519869453 1
519917685 1
520000383 1
520015684 1
520162441 1
520228237 1
520241338 1
520317885 1
520856467 1
520952942 1
521110061 1
521124740 1
521214652 1
521242664 1
521390159 1
521606168 1
521646489 1
521670064 1
521714507 1000000000
521861020 1
522104326 1
522152782 1
522166736 1
522183754 1
522630344 1
522922082 1
523565588 1
523779592 1
523833449 1
523849790 1
523937903 1
523961756 1
524154853 1
524176125 1
524242746 1
524354133 1
524367854 1
524490546 1
524528218 1
524596027 1
524632571 1
524633439 1
524774235 1
524796855 1
525010432 1
525268701 1
525336960 1
525428490 1
525539166 1
525560253 1
525740079 1
525784998 1
526015366 1
526266122 1
526372705 1
526393176 1
526514473 1
526586911 1
526627668 1
526665831 1
526814194 1
527241505 1
527244391 1
527317792 1
527353593 1
527504130 1
527512505 1
527664130 1
527999310 1
528000056 1
528021707 1
528161169 1
528459092 1
528616158 1
528929527 1
529269042 1
529374235 1
529425301 1
529935042 1
530010389 1
530138710 1
530274997 1
530402564 1
530652246 1
530679141 1
530704716 1
530705715 1
530748232 1
530852286 1
530885935 1
531075738 1
531191360 1
531219362 1
531330609 1000000000
531345392 1
531535784 1
531725726 1
532006880 1
532140215 1
532148498 1
532362218 1
532434229 1
532441490 1
532554417 1
532589888 1
532712749 1
532922313 1
532953805 1
533043191 1
533364269 1
533384717 1
533481496 1
533495398 1
533641468 1
533668054 1
533822259 1
534003024 1
534136678 1
534172028 1
534268614 1
534388811 1
534475953 1
534679725 1
534688548 1
534872017 1
535233087 1
535296240 1
535303851 1
535354269 1
535417745 1
535424564 1
535698355 1
535761233 1
535772545 1
535878229 1
535888111 1
535921706 1
535925050 1
536047209 1
536082766 1
536332694 1
536545093 1
536705782 1
536737718 1
537344710 1000000000
537419917 1
537493037 1
537572182 1
537589347 1
537605113 1
537710876 1
537749378 1
537910010 1
537941120 1
538168704 1
538172448 1
538285612 1
538476964 1
538515260 1
538757606 1
538852026 1
539056845 1
539102040 1
539243508 1
539298606 1
539474970 1
539546934 1
539603048 1
540487959 1
540727115 1
540962717 1
541507635 1
541635872 1
541831597 1
542036927 1
542050363 1
542227857 1
542279464 1
542894872 1
543007983 1
543113065 1
543156318 1
543277188 1
543528639 1
543625004 1
543809961 1
543878638 1
544079857 1
544115915 1
544195214 1
544209860 1
544231974 1
544248767 1
544274471 1
544551054 1
544600615 1
544640916 1
544821398 1
545101019 1
545227184 1
545245415 1
545268720 1
545341318 1
545554005 1
545832071 1
546080761 1
546413368 1
546888189 1
547067164 1
547100310 1
547363571 1
547544928 1
547658518 1
547730549 1
547843199 1
547954668 1
547961732 1
548093681 1
548152131 1
548153850 1
548209418 1
548211028 1
548244689 1
548450374 1
548579567 1
549044170 1
549080287 1
549252230 1
549306730 1
549566987 1
549598441 1
550107802 1
550113166 1
550163285 1
550260560 1
550496927 1
550720030 1
550838069 1
550948267 1
551024784 1
551027439 1
551072586 1
551160286 1
551172238 1
551272160 1
551463799 1
551822530 1
551876308 1
551889106 1
551894176 1
552014011 1
552128506 1
552251549 1
552290990 1
552389695 1
552436734 1
552695719 1
552818651 1
552832803 1
553441622 1
553512265 1
554060344 1
554232291 1
554333846 1
554496203 1
554588224 1
554654044 1
554823693 1
554836739 1
554847936 1
554865632 1
554899618 1
554941909 1
555031903 1
555075894 1
555093893 1
555147564 1
555252154 1
555419247 1
555552026 1
555601509 1
555604313 1
555762774 1
555805564 1
556324258 1
556614836 1
556644998 1
557226401 1
557272642 1
557359617 1
557497384 1
557525144 1
557715939 1
557898625 1
557915748 1
558088963 1
558131420 1
558531602 1
558624174 1
558636399 1
558636599 1
558642465 1
558754932 1
558985963 1
559042055 1
559126886 1
559262443 1
559319567 1
559383857 1
560236100 1
560513486 1
560569020 1
560579127 1
560601917 1
560626933 1
560633419 1
560700451 1
560829041 1
560885148 1
561278969 1
561414083 1
561542212 1
562171042 1
562203176 1
562327953 1
562376394 1
562739759 1
562871297 1
563004989 1
563097062 1
563103280 1
563200233 1
563214846 1
563278402 1
563293763 1
563348811 1
563512932 1
563530579 1
563566601 1
563650844 1
563657899 1
564049086 1
564143415 1
564246234 1
564446865 1
564623832 1
564627289 1
564687213 1
564693911 1
564726187 1
565061362 1
565175248 1
565203385 1
565374781 1
565509749 1
565712514 1
565712785 1
565794671 1
565820291 1
565835363 1
565836811 1
566031026 1
566064368 1
566180755 1
566183547 1
566226615 1
566333117 1
566345338 1
566415916 1
566421567 1
566461022 1
566470602 1
566669860 1
566902414 1
566949354 1
566961912 1
567388372 1
567609234 1
567617548 1
567643449 1
567892001 1
568007710 1
568195393 1
568225911 1
568256888 1
568280843 1
568309112 1
568468965 1
568613600 1
568713082 1
568730552 1
569289869 1
569498768 1
569568574 1
569668828 1
570163358 1
570407675 1
570514288 1
570668793 1
570956001 1
571081257 1
571264582 1
571437509 1
571495634 1
571511270 1
571596737 1
571726381 1
571884447 1
572082124 1
572091795 1
572187539 1
572257745 1
572271277 1
572405183 1
572624485 1
572651316 1
572696989 1
572786524 1
572896629 1
572897670 1
572924614 1
572937567 1
572964461 1
572965251 1
573387043 1
573433629 1
573496488 1
573559616 1
573586983 1
573745236 1
573788706 1
573852267 1
574036489 1
574092481 1
574265341 1
574268883 1
574314472 1
574645151 1
574785460 1
575106925 1
575446727 1
575460583 1
575647223 1
575711009 1
575908389 1
575917731 1
576054740 1
576172697 1
576310884 1
576586673 1
576737310 1
577022460 1
577034486 1
577087356 1
577139455 1
577142337 1
577199349 1
577277228 1
577296763 1
577476581 1
577482556 1
577736043 1
577780110 1
577816735 1
577869688 1
578048597 1
578094759 1
578134480 1
578163522 1
578270843 1
578520106 1
578554511 1
578616099 1
578652639 1
578764579 1
578873504 1
579251480 1
579312844 1
579397969 1
579423653 1
579469718 1
579490013 1
579552621 1
579601769 1
579612837 1
579744610 1
579967455 1
580063671 1
580222439 1
580296730 1
580463170 1
580470613 1
581074415 1
581080784 1
581153895 1
581154898 1
581174432 1
581180710 1
581255208 1
581340243 1
581572459 1
581601076 1
581604242 1
581692850 1
581774110 1
581849803 1
581855674 1
581894370 1
581977106 1
582709946 1
583063746 1
583166447 1
583275383 1
583320440 1
583415981 1
583420140 1
583602111 1
583841625 1
583860030 1
583896939 1
584036776 1
584087228 1
584089447 1
584366060 1
584382030 1
584414243 1
584670540 1
584705776 1
584935305 1
585051652 1
585058059 1
585209715 1
585239174 1
585325197 1
585384659 1
585398614 1
585456961 1
585656454 1
585767429 1
585871828 1
586026329 1
586479183 1
586656592 1
586753908 1
586754991 1
586787326 1
587019927 1
587553982 1
587837970 1
588081964 1
588091907 1
588146046 1
588170900 1
588312898 1
588364408 1
588373754 1
588507505 1
588563469 1
588584479 1
588832918 1
588896198 1
588938301 1
589025075 1
589034679 1
589073802 1
589174303 1
589624585 1
589832408 1
590012556 1
590046521 1
590085404 1
590236120 1
590279990 1
590505003 1
590546526 1
590563812 1
590585159 1
590673333 1
590744865 1
590970643 1
591270835 1
591317878 1
591546044 1
591565776 1
591812666 1
591877245 1
591983971 1
592025890 1
592054598 1
592136029 1
592398745 1
592463625 1
592794722 1
592828875 1
593002195 1
593037808 1
593159056 1
593305453 1
593357122 1
593428099 1
593663434 1
593679570 1
593727452 1
593976910 1
594043287 1
594073141 1
594108835 1
594140408 1
594333931 1
594340624 1
594521677 1
594522290 1
594525330 1
594572387 1
594616134 1
594716707 1
594892423 1
595043188 1
595231163 1
595339974 1
595531033 1
595549769 1
595602564 1
596076498 1
596199914 1
596237634 1
596325627 1
596522115 1
596603268 1
596616691 1
596629678 1
596685271 1
596787546 1
596815307 1
597184820 1
597256255 1
597296050 1
597357536 1
597540169 1
597573711 1
597732762 1
597850916 1
598033441 1
598076996 1
598257296 1
598398148 1
598615022 1
598684859 1
598719587 1
598736555 1
598808511 1
598976799 1
599021083 1
599092248 1
599270921 1
599325403 1
599371261 1
599415150 1
599476504 1
599598730 1
599898237 1
599914758 1
600270109 1
600338227 1
600670120 1
600873334 1
600882108 1
601449685 1
601511127 1
601543788 1
601578579 1
601743379 1
601799089 1
602075451 1
602100364 1
602162950 1
602427007 1
602541603 1
602545213 1
602622160 1
602759329 1
603023510 1
603105384 1
603139459 1
603149001 1
603170395 1
603193399 1
603214786 1
603562396 1
603591046 1
603684790 1
603766401 1
603833150 1
603909440 1
603949146 1
604041875 1
604072290 1
604274113 1
604515931 1
604525999 1
604527576 1
604828449 1
604911287 1
604916412 1
605075632 1
605237683 1
605272818 1
605303443 1
605539063 1
605630519 1
605761559 1
605771577 1
606057872 1
606111275 1
606226571 1
606296553 1
606341122 1
606397610 1
606526686 1
606534366 1
606630071 1
606706473 1
607184461 1
607207469 1
607343702 1
607676912 1
607819898 1
608000928 1
608096646 1
608242906 1
608332148 1
608418046 1
608493862 1
608553594 1
608661530 1
608946056 1
608958800 1
608974728 1
608995423 1
609097922 1
609373226 1
609408088 1
609489038 1
609546320 1
609780139 1
609930396 1
610108661 1
610161192 1
610184334 1
610301166 1
610388371 1
610573667 1
611426174 1
611497483 1
611545864 1
611607070 1
611903446 1
611929034 1000000000
612054429 1
612069347 1
612232628 1
612453480 1
612979441 1
613075730 1
613122953 1
613193677 1
613297851 1
613359198 1
613461617 1
613617238 1
613623720 1
613730775 1
613921842 1
613941376 1
613974200 1
614165004 1
614204469 1
614475493 1
614481725 1
614492439 1000000000
614521230 1
614639285 1
614711670 1
614750923 1
614971356 1
614982736 1
615002157 1
615025363 1
615210750 1
615263878 1
615292903 1
615590126 1
615927267 1
615930989 1
615990240 1
616500159 1
616527085 1
616545663 1
616586452 1
616676327 1
617063007 1
617099074 1
617184587 1
617197711 1
617319309 1
617544058 1
617579395 1
617784666 1
617971862 1
618035331 1
618490112 1
618679063 1
618824587 1
618830459 1
618902151 1
619019150 1
619020372 1
619050192 1
619159332 1
619308305 1
619311329 1
619550558 1
619612412 1
619978661 1
620250250 1
620935068 1
621215079 1
621264084 1
621310161 1
621337633 1
621637310 1
621728006 1
621798708 1
621862019 1
621927572 1
622121936 1
622155494 1
622248224 1
622272405 1
622361868 1
622839060 1
622947760 1
623019494 1
623064621 1
623282939 1
623292109 1
623505655 1
623689218 1
623742746 1
623927717 1
623929838 1
624062085 1
624064199 1
624239791 1
624262260 1
625234717 1
625381499 1
625635009 1
625925733 1
625960777 1
626247025 1
626348023 1
626359257 1
626377238 1
626619618 1
626628844 1
626649260 1
626699230 1
626909768 1
627193542 1
627218014 1
627345605 1
627357335 1
627427531 1
627590035 1
627657627 1
627682815 1
627704177 1
627787100 1
627841083 1
627907855 1
628069064 1
628200244 1
628674539 1
628816966 1
629007429 1
629095699 1
629203595 1
629217286 1
629281846 1
629288947 1
629344153 1
629423727 1
629618907 1
630163558 1
630164706 1
630558278 1
630907824 1
631118706 1
631202679 1
631348943 1
631518986 1
631614049 1
631761198 1
632085513 1
632104939 1
632154410 1
632174952 1
632222314 1
632311882 1
632514458 1
632678708 1
632822734 1
632898488 1
633042047 1
633067911 1
633075821 1
633284003 1
633440120 1
633465300 1
633513780 1
633610178 1
633616365 1
633636201 1
633657163 1
633682163 1
633766081 1
633871130 1
633908076 1
633918397 1
634022213 1
634056531 1
634260760 1
634280559 1
634357272 1
634751164 1
634916063 1
635054430 1
635094963 1
635177588 1
635298541 1
635393196 1
635410849 1
635547014 1
636128396 1
636192397 1
636247062 1
636369477 1
636587693 1
636667408 1
636767759 1
636870444 1
636928806 1
637034953 1
637076383 1
637184778 1
637206131 1
637511152 1
637597928 1
637819408 1
637844543 1
637994302 1
638644375 1
638690491 1
638772627 1
638862906 1
638917329 1
639030658 1
639087153 1
639120613 1
639366444 1
639465740 1
639505187 1
639513687 1
639538544 1
639809674 1
640275693 1
640407742 1
640641530 1
640651584 1
640653003 1
640732901 1
640743227 1
640762677 1
640819378 1
640867437 1
640970424 1
641059620 1
641360914 1
641412110 1
641571486 1
641657162 1
641856958 1
641974483 1
642055968 1
642082098 1
642091908 1
642129031 1
642311193 1
642355326 1
642602543 1
642635667 1
642664624 1
642684134 1
642712317 1
642723252 1
642834358 1
642908471 1
642976886 1
643103153 1
643245098 1
643269631 1
643308022 1
643593589 1
643611570 1
643667680 1
643831390 1
643974637 1
643981059 1
644072417 1
644276075 1
644285487 1
644748040 1
644763389 1
644770190 1
644895993 1
645173115 1
645305387 1
645448692 1
645621090 1
645706999 1
645734214 1
645906584 1
645956215 1
646031195 1
646080181 1
646128227 1
646342086 1
646421540 1
646439459 1
646443074 1
646634684 1
646958328 1
647004350 1
647129060 1
647422166 1
647469915 1
647536459 1
647712177 1
648008211 1
648085043 1
648228774 1
648276785 1
648417209 1
648683463 1
648685219 1
648863957 1
648957000 1
649062135 1
649320316 1
649350851 1
649411945 1
649503740 1
649638720 1
649638781 1
649801234 1
650027203 1
650067598 1
650222326 1
650256046 1
650490759 1
650533103 1
650572716 1
650685175 1
650880152 1
650897333 1
650925416 1
650950979 1
651164361 1
651312179 1
651371925 1
651478938 1
651670749 1
651773019 1
651804805 1
651815193 1
651898417 1
652315424 1
652405456 1
652442703 1
652467252 1
652544827 1
652545303 1
652605434 1
652883937 1
652905284 1
652933579 1
653146143 1
653204617 1
653277148 1
653904373 1
653942728 1
654078359 1
654174201 1
654598251 1
654731678 1
654896830 1
654915498 1
655011291 1
655167161 1
655521460 1
655663366 1
655842592 1
655872626 1
655886895 1
655915954 1
656028875 1
656119515 1
656284268 1
656351343 1
656819803 1
656899624 1
656907214 1
657034504 1
657062876 1
657136697 1
657260623 1
657282023 1
657307113 1
657402001 1
657433502 1
657515317 1
657578294 1
657780784 1
657863362 1
657886581 1
657958915 1
657975876 1
658095087 1
658138333 1
658472004 1
658694977 1
658967801 1
659106875 1
659160909 1
659289307 1
659452575 1
659469313 1
659797520 1
659928719 1
660019794 1
660063686 1
660078233 1
660083804 1
660184527 1
660187846 1
660229692 1
660629549 1
660751824 1
660869390 1
660904353 1
660905761 1
661064405 1
661109360 1
661232594 1
661535358 1
661825980 1
661939053 1
661985303 1
662266428 1
662297932 1
662318980 1
662401529 1
662407971 1
662409320 1
662700550 1
662799012 1
662967822 1
663271638 1
663302740 1
663328810 1
663367545 1
663400342 1
663472462 1
663814659 1
663939129 1
664073821 1
664091012 1
664352600 1
664712885 1
665052781 1
665070067 1
665075640 1
665111080 1
665405964 1
665446377 1
665458141 1
665676756 1
665748314 1
666352414 1
666670512 1
666774686 1
666934456 1
666968571 1
666978523 1
667205014 1
667227138 1
667365682 1
667405831 1
667506799 1
667578868 1
667842797 1
667870551 1
668297550 1
668329813 1
668403859 1
668436015 1
668525361 1
668585579 1
668628893 1
668801565 1
668824947 1000000000
668978119 1
668987580 1
669280317 1
669327618 1
669500885 1
669635911 1
669681390 1
669808071 1
670026611 1
670100113 1
670118645 1
670209853 1
670210050 1
670318481 1
670401231 1
670461014 1
670546358 1
670593098 1
670595577 1
670617750 1
670647264 1
670673488 1
670793448 1
671049204 1
671202113 1
671281680 1
671345561 1
671403173 1
671549133 1
671595221 1
671663128 1
671698012 1
671732167 1
671848972 1
671901573 1
671909155 1
671930676 1
672219094 1
672221323 1
672355926 1
672409109 1
672480398 1
672949274 1
673019495 1
673296072 1
673697721 1
673758855 1
673848988 1
673958898 1
674193892 1
674283534 1
674503189 1
674542295 1
674625133 1
674690041 1
674713310 1
674831904 1
675063767 1
675274305 1
675465210 1
675499519 1
675834658 1
676288647 1
676330046 1
676470350 1
676476008 1
676506612 1
676514875 1
676605715 1
677109232 1
677243099 1
677273863 1
677277322 1
677405115 1
677411795 1
677482945 1
677516173 1
677683194 1
677684290 1
677922469 1
677932853 1
678384524 1
678449187 1
678492775 1
678732403 1
678768091 1
678971782 1
679006705 1
679040346 1
679244350 1
679267539 1
679574166 1
679579010 1
679690589 1
679783760 1
679811521 1
679974780 1
680225879 1
680303287 1
680463781 1
680469252 1
680538419 1
680574823 1
680587123 1
680658047 1
680676734 1
680746851 1
680821889 1
680975133 1
680987192 1
681452112 1
681565625 1
681705357 1
681714860 1
681784485 1
681792021 1
681872605 1
682022048 1
682070753 1
682149335 1
682197758 1
682231958 1
682320845 1
682349374 1
682416302 1
682427922 1
682437521 1
682547738 1
682790066 1
682809936 1
682942493 1
682946946 1
682983017 1
683089137 1
683265074 1
683336600 1
683388614 1
683419666 1
683505793 1
683741355 1
683791685 1
683827124 1
683849560 1
683918101 1
683994108 1
684152486 1
684155393 1
684192574 1
684203006 1
684290982 1
684389936 1
684689481 1
684784274 1
684798025 1
684813183 1
685234086 1
685316703 1
685319616 1
685331705 1
685333522 1
685382842 1
685417947 1
685579107 1000000000
685838311 1
686104869 1
686128654 1
686179219 1
686261172 1
686362654 1
686426159 1
686582806 1
686591433 1
686928412 1
686964045 1
686985447 1
686985840 1
687184403 1
687424595 1
687527397 1
687610258 1
688099967 1
688524771 1
688581113 1
688612619 1
688653154 1
688859666 1
688893221 1
688949055 1
688974977 1
689456464 1
689652570 1
689681762 1
689732925 1
689789876 1
690084393 1
690189319 1
690284195 1
690333975 1
690761981 1
690909979 1
690958252 1
691066335 1
691259377 1
691267652 1
691389280 1
691512964 1
691522613 1
691563609 1
691611224 1
691758027 1
691784376 1
691841627 1
691906756 1000000000
691964026 1
692241841 1
692271804 1
692627078 1
692646979 1
692945663 1
692993910 1
693091837 1
693343209 1
693350384 1
693418643 1
693468226 1
693845000 1
693847566 1
693943124 1
693960365 1
693969056 1
694133978 1
694198503 1
694236253 1
694310230 1
694394394 1000000000
694473658 1
694702639 1
694901600 1
695083460 1
695159231 1
695182274 1
695242236 1
695267112 1
695300164 1
695738990 1
695760231 1
695945008 1
696029228 1
696152781 1
696471178 1
696476132 1
696697090 1
696699013 1
697101542 1
697168289 1
697193291 1000000000
697266797 1
697395844 1
697593252 1
697692192 1
697723476 1
697737457 1
697805652 1
697877310 1
698118770 1
698287194 1
698321070 1
698383442 1
698602004 1
698912790 1
699198870 1
699329684 1
699678389 1
699943301 1
699976168 1
700017414 1
700025060 1
700123873 1
700236579 1
700459411 1
700761831 1
700881560 1
700895396 1
701039655 1
701231078 1
701257602 1
701261681 1
701554067 1
701683875 1
701748830 1
701864271 1
701880908 1
702012119 1
702114525 1
702307728 1
702324107 1
702459715 1
702477326 1
702520834 1
702583460 1
703118162 1
703340700 1
703343045 1
703809816 1
703859349 1
704289200 1
704400162 1
704560579 1
704560877 1
704593659 1
704599682 1
704644004 1
704694397 1
704742770 1
704784069 1
704801786 1
704830346 1
704859300 1
704915616 1
704984013 1
705104474 1
705250590 1
705382134 1
705517901 1
705538743 1
705544340 1
705628183 1
705900977 1
705927728 1
706290258 1
706390790 1
706427756 1
706665197 1
706675258 1
707278126 1
707299824 1
707335098 1
707373441 1
707691125 1
707710613 1
707756205 1
707874940 1
708073605 1
708233775 1
708293742 1
708327972 1
708811187 1
708822135 1
708822378 1
708929877 1
708938128 1
708957779 1
709035987 1
709052411 1
709121882 1
709509196 1
710011600 1
710062008 1
710129072 1
710139860 1
710366565 1
710424054 1
710551512 1
710690980 1
710706838 1
710817992 1
710854672 1
710930816 1
710991372 1
711217994 1
711302629 1
711411920 1
711594598 1
711928124 1
712017233 1
712253657 1
712296703 1
712306141 1
712363307 1
712410011 1000000000
712594906 1
712772145 1
712805223 1
713039206 1
713045513 1
713058363 1
713149817 1
713440143 1
713654519 1
713657189 1
713834779 1
714019325 1
714055237 1
714061479 1
714124749 1
714323643 1
714613492 1
714749939 1
714990560 1
715275326 1
715708233 1
715923923 1
715980726 1
716024511 1
716051149 1
716283824 1
716293942 1
716490562 1
716680751 1
716814512 1
716911399 1
716935044 1
716936301 1
716989616 1
717002928 1
717191309 1
717201011 1
717439804 1
717598457 1
717644344 1
717666252 1
717691360 1
717702416 1
717842954 1
717847194 1
717889639 1
718035275 1
718079138 1000000000
718113022 1
718204495 1
718220799 1000000000
718268574 1
718317341 1
718395374 1
718557919 1
718702725 1
718773541 1
718846462 1
718940447 1
718940767 1
719132310 1
719194974 1
719346596 1
719399398 1
719426781 1
719616956 1
719629499 1
719665551 1
720273409 1
720549673 1
720614228 1
720687625 1
720716393 1
720887001 1
721194818 1
721208649 1
721525510 1
721840288 1
721846610 1
721870996 1
722012575 1
722224790 1
722242859 1
722681419 1
722700300 1
722741236 1
722883878 1
722902837 1
723062029 1
723074248 1
723120824 1
723230394 1
723241917 1
723379872 1
723616787 1
723883054 1
724117559 1
724227329 1
724232305 1
724260511 1
724331650 1
724356419 1
724400990 1
724431539 1
724537086 1
724781134 1
724852240 1
724942460 1
725132580 1
725167807 1
725480770 1
725627063 1
725747486 1
726033508 1
726104857 1000000000
726310908 1
726719654 1
726811005 1
726845984 1
726991537 1
727053821 1
727090077 1
727172097 1
727363926 1
727526956 1
727626845 1
727675617 1
727708238 1
727717869 1
727915316 1
727953720 1
728170781 1
728379947 1
728435997 1
728801989 1
728850806 1
729085591 1
729181578 1
729182930 1
729392990 1
729466079 1
729615453 1
729767469 1
730003004 1
730186601 1
730287915 1
730404355 1
730527606 1
730616138 1
730681327 1
730809911 1
730868490 1
731280976 1
731368080 1
731487422 1
731833091 1
731872688 1
731894393 1
732057411 1
732131163 1
732193002 1
732418147 1
732598612 1
732781263 1
732998845 1
733171698 1
733181266 1
733244259 1
733544738 1
733785326 1
734078390 1
734336994 1
735057267 1
735067632 1000000000
735098184 1
735364528 1
735371561 1
735473012 1
735521386 1
735748436 1
735778225 1
735792666 1
736133220 1
736379849 1
736540087 1
736579762 1
736634663 1
736876812 1
736941407 1
737330795 1
737399040 1
737527088 1
737884322 1
737919016 1
737987380 1
737987622 1
738085083 1
738291953 1
738391656 1
738433163 1
738724083 1
739315029 1
739413409 1
739415128 1
739422099 1
739582701 1
739599669 1
739667036 1
739775238 1
739843920 1
739847811 1
740031633 1
740153528 1
740206744 1
740248392 1
740356696 1
740387616 1
740420680 1
740554812 1
740730888 1
740758175 1
740960984 1
741014741 1
741134099 1
741425915 1
741719734 1000000000
741951222 1
742092501 1
742238611 1
742368929 1
742472511 1
742513585 1
742590174 1
742932425 1
742982593 1
743017504 1
743047853 1
743093345 1
743200523 1
743245562 1
743279024 1
743360144 1
743842027 1
744175821 1
744178077 1
744200857 1
744211090 1
744285081 1
744350921 1
744475222 1
744695522 1
744728353 1
744794099 1
744845206 1
744912213 1
744959648 1
744978392 1
745043202 1
745205774 1
745222255 1
745314544 1
745461026 1
745515520 1
745523714 1
745595187 1
745765257 1
745865235 1
745900876 1
745900958 1
745943003 1
746001040 1
746038570 1
746078378 1
746127085 1
746518476 1
746946289 1
746978836 1
747096904 1
747127319 1
747259474 1
747414910 1
747457888 1
747553659 1
747804216 1
747806243 1
747930625 1
747946010 1
748094920 1
748154018 1
748159805 1
748241708 1
748487076 1
748527139 1
749060919 1
749119150 1
749130945 1
749649749 1
749992329 1
750262037 1
750521477 1
750572684 1
750740009 1000000000
751084261 1
751106860 1
751120647 1
751152188 1
751155180 1
751631981 1
751661335 1
752032376 1
752143304 1
752239167 1
752263192 1
752297841 1
752397376 1
752578647 1
752601427 1
752741992 1
752857228 1
752991904 1
753076506 1
753205584 1
753584410 1
753628235 1
753644782 1
753786465 1
753797207 1
753977295 1
754093884 1
754096541 1
754158554 1
754228365 1
754393113 1
754540026 1
754555306 1
754679967 1
754733895 1
755109663 1
755179105 1
755221866 1
755242484 1
755356231 1
755425979 1000000000
755449698 1
755538237 1
755621420 1
755882194 1
755907101 1
755933682 1
756149805 1
756263548 1
756457409 1
756457945 1
756570648 1
756817587 1
756982298 1
757201625 1
757230012 1
757246023 1
757300668 1
757310185 1
757372339 1
757633006 1
757640218 1
757787148 1
757811380 1
757837940 1
758142174 1
758366875 1
758408071 1
758599371 1
758961866 1
758973811 1000000000
759018767 1
759061593 1
759130658 1
759266615 1
759267187 1
759372331 1
759412165 1
759653998 1
759673158 1
759773766 1
759799050 1
759878605 1
759982195 1
760010480 1
760131272 1
760196147 1
760243360 1
760614856 1
760616530 1
760699442 1
760732010 1
761105051 1
761110389 1
761161925 1
761185855 1
761486633 1
761498455 1
761547685 1
761737915 1000000000
761824680 1
761827152 1
761900262 1
761930989 1
762092806 1
762092812 1
762127301 1
762229378 1
762235000 1
762365483 1
762366711 1
762505385 1
762520937 1
762550095 1
762692071 1
762714063 1
762811890 1
762870654 1
762995428 1
763228416 1
763534594 1
763626515 1
763627483 1
763707323 1
763803292 1
764134888 1
764424697 1
764749165 1
765003514 1
765043251 1
765076517 1
765171251 1
765179978 1
765201913 1
765238984 1
765333182 1
765552697 1
765643111 1
766032571 1
766064291 1
766097688 1
766099530 1
766476225 1
766528294 1
766640620 1
766685314 1
766735801 1
766770909 1
767045135 1
767255228 1
767379540 1
767551939 1
767699489 1
767915233 1
768084636 1
768408931 1
768515170 1
768615417 1
768883323 1
769078537 1
769168303 1
769239592 1
769247916 1
769307685 1
769339568 1
769375653 1
769422662 1
769538752 1
769599104 1
769828998 1
769850830 1
769878921 1
770179466 1
770292134 1
770317301 1
770355180 1
770392035 1
770442555 1
770812978 1
770850288 1
770873894 1
771201195 1
771248792 1
771423586 1
771435364 1
771733415 1
771876722 1
771997066 1
772008587 1
772386314 1
772604812 1
772607505 1
772727504 1
773069217 1
773114464 1
773145258 1
773328038 1
773330142 1
773337849 1
773489913 1
773491281 1
773620117 1
774053441 1
774110269 1
774469652 1
774516830 1
774572136 1
775003656 1
775201461 1
775319710 1
775394354 1
775437136 1
776014463 1
776472311 1
776607635 1
776610782 1
776680299 1
776852177 1
776886384 1
777034218 1
777052109 1
777063512 1
777064217 1
777373296 1
777480512 1
777528976 1
777616898 1
777744125 1
777821930 1
777871909 1
777898062 1
778005748 1
778093659 1
778195675 1
778310920 1
778359082 1
778548950 1
778553457 1
778629497 1
778770329 1
778950647 1
779091743 1
779201553 1
779254283 1
779407649 1
779530343 1
779565567 1
779603587 1
779642346 1
779677441 1
779774248 1
779958050 1
780097857 1
780135347 1
780269900 1
780307964 1
780312242 1
780336677 1
780826696 1
780985602 1
781165050 1
781311093 1
781395262 1
781413823 1
781462433 1
781540843 1
781569925 1
781646362 1
782126865 1
782213874 1
782426274 1
782530435 1
782563683 1
782746732 1
783058605 1
783320800 1
783546278 1
783592726 1
783806351 1
783878940 1
784074711 1
784136466 1
784739060 1
785085885 1
785290786 1
785368829 1
785573404 1
785677542 1
785850893 1
785868099 1
785879374 1
785895300 1
785944891 1
786042781 1
786055142 1
786288496 1
786476865 1
786533545 1
786556276 1
786597703 1
786710519 1
786735441 1
786788219 1
786790517 1
786875206 1
786877163 1
786884091 1
787264891 1
787345125 1
787779289 1
787851797 1
787939288 1
788050827 1
788560626 1
788637007 1
788816434 1
788852794 1
788925428 1
789115303 1
789249876 1
789375920 1
789624079 1
789646350 1
789947601 1
790092980 1
790269410 1
790269769 1
790646722 1
790728462 1
790886970 1
790913215 1
791110742 1
791192315 1
791309579 1
791365023 1
791612911 1
791772337 1
791829044 1
791846648 1
791958610 1
792038196 1
792267973 1
792296994 1
792603017 1
792814082 1
792829692 1
792936395 1
792969210 1
793019618 1
793057142 1
793204496 1
793423335 1
793748216 1
793768395 1
793786542 1
794001344 1
794073189 1
794103952 1
794340293 1
794465812 1
794486797 1
794539390 1
794641818 1
794678191 1
795053780 1
795094658 1
795156329 1
795231972 1
795251897 1
795391898 1
795431114 1
795767140 1
795877344 1
796017256 1
796092294 1
796234702 1
796376500 1
796843513 1
797078493 1
797138022 1
797282382 1
797289867 1
797363325 1
797483497 1
797607426 1
797792141 1
797865513 1
797875239 1
797888377 1
798017232 1
798063904 1
798176468 1
798300061 1
798451622 1
798475685 1
798895793 1
798989287 1
798997963 1
799404879 1
799521637 1
799780778 1
799858806 1
800028503 1
800034863 1
800440822 1
800482112 1
800688813 1
800785577 1
800806203 1
800833409 1
800859299 1
801137158 1
801149918 1
801334608 1
801340402 1
801551111 1
801637046 1
801663284 1
801897628 1
802130564 1
802299767 1
802427767 1
802431147 1
802462864 1
802476036 1
802482603 1
802709815 1
802886591 1
802992939 1
803021269 1
803317958 1
803678333 1
803925012 1
804040128 1
804046701 1
804061113 1
804176500 1
804424241 1
804482597 1
804594996 1
804664397 1
804911833 1
804948580 1
805177798 1
805352815 1
805386522 1
805471643 1
805601572 1
805802367 1
806036407 1
806260926 1
806374334 1
806492146 1
806760372 1
806848446 1
806872819 1
806907997 1
807039274 1
807248935 1
807336477 1
807423936 1
807480889 1
807519266 1
807531095 1
807773259 1
808026778 1
808040078 1
808198833 1
808264513 1
808465446 1
808507121 1
808781707 1
808785514 1
808933091 1
809098434 1
809647292 1
809648809 1
809802426 1
809813262 1
809813950 1
809865075 1
809911190 1
809954293 1
809967282 1
809967774 1
809999492 1
810317648 1
810322677 1
810374022 1
810462463 1
810539026 1
810599684 1
810657944 1
810916271 1
811170320 1
811330323 1
811457842 1
811571147 1
811623555 1
811752847 1
811767339 1
811916636 1
811971462 1
811978514 1
812089234 1
812131917 1
812196648 1
812313589 1
812314388 1
812865167 1
812904869 1
812993754 1
813060403 1
813119788 1
813122438 1
813316110 1
813870248 1
814129844 1
814194965 1
814274953 1
814283764 1
814341545 1
814467747 1
814839903 1
815023990 1
815039093 1
815155501 1
815162270 1
815216327 1
815554896 1
815569927 1
815610923 1
815851396 1
815896754 1
816018207 1
816088854 1
816523585 1
816723425 1
816742358 1
816756855 1
817147495 1
817190766 1
817458587 1
817517431 1
817542983 1
817600838 1
817683586 1
817703898 1
817786044 1
817998844 1
818074692 1
818266233 1
818727769 1
818820546 1
819134538 1
819148817 1
819199292 1
819412910 1
819490466 1
819540462 1
819698844 1
819960338 1
820031893 1
820078434 1
820102509 1
820102725 1
820287572 1
820400165 1
820451347 1
820500781 1
820616230 1
820823028 1
821162859 1
821759781 1
821844410 1
821887591 1
821933968 1
822128640 1000000000
822371184 1
822415981 1
822800257 1
822806057 1
822968266 1
823128994 1
823144848 1
823236015 1
823369227 1
823372821 1
824035284 1
824151936 1
824153494 1
824195764 1
824241948 1
824243500 1
824354072 1
824517730 1
824572592 1
824768703 1
824859970 1
824927426 1
825115331 1
825217287 1
825359914 1
825575217 1
825595346 1
825698095 1
825756388 1
825866250 1
825879660 1
825902050 1
826068683 1
826274493 1
826623504 1
826759723 1
826986559 1
827013397 1
827191463 1
827408804 1
827611014 1
828040141 1
828316554 1
828418078 1
828704700 1
829062256 1
829572683 1
829703668 1
829853442 1
830148685 1
830216241 1
830230614 1
830398743 1
830739949 1
830871253 1
830993055 1
831083288 1
831136719 1
831161556 1
831285029 1
831410052 1
831430973 1
831472723 1
831561280 1
831567231 1
831626110 1
831837885 1
831881542 1
831925100 1
831948250 1
832314193 1
832397693 1
832795656 1
832922304 1
833000819 1
833600925 1
833774526 1
833953345 1
834255936 1
834334621 1
834728068 1
835097013 1
835150305 1
835364880 1
835551208 1
835734985 1
835835471 1
835843489 1
835850882 1
836002414 1
836079347 1
836289136 1
836290413 1
836392361 1
836421944 1
836434610 1
836854892 1
836872569 1
837025671 1
837042290 1
837142739 1
837155244 1
837237472 1
837633548 1
837776907 1
838148704 1
838226666 1
838241490 1
838295274 1
838340315 1
838379517 1
838458801 1
838572108 1
838699552 1
839065774 1
839137565 1
839153380 1
839195127 1
839537614 1
839635467 1
839829647 1
839902025 1
839951373 1
839999986 1
840132668 1
840200413 1
840365361 1
840489542 1
840680329 1
840698735 1
840772219 1
840926735 1
841122626 1
841133263 1
841295494 1
841480906 1
841645540 1
841653830 1
842001294 1
842043776 1000000000
842097414 1
842263071 1
842421721 1
842634749 1
842679393 1
842751076 1
843133036 1
843328640 1
843373498 1
843487942 1
843545402 1
843731968 1
843750004 1
843931024 1
844225330 1000000000
844398720 1
844487467 1
844528312 1
844748603 1000000000
844763885 1
844870833 1
844871708 1
844885594 1
844890381 1
844918878 1
845013741 1
845377813 1
845541942 1
845633694 1
845841877 1
845842076 1
845999376 1
846091857 1
846229904 1
846284306 1
846407095 1
846441429 1
846493596 1
846505138 1
846598571 1
846647579 1
846937928 1
847076491 1
847304655 1
847390962 1
847924626 1
847941925 1
847944469 1
848088680 1
848272907 1
848364188 1
848467311 1
848526905 1
848542335 1
848542667 1
848676075 1
848690455 1
848848242 1
849114183 1
849163924 1
849174591 1
849251290 1
849363552 1000000000
849367315 1
849388851 1
849503679 1
849614348 1
849702758 1
849793852 1
849862917 1
849924781 1
850007990 1
850014569 1
850066810 1
850104637 1
850178006 1
850251998 1
850413925 1
850495663 1
850606155 1
850712596 1
850745264 1
850889883 1
851191703 1
851248563 1
851481700 1
851806954 1
851905938 1
851917844 1
852002665 1
852197316 1
852323134 1
852366479 1
852406653 1
852805602 1
852954468 1
852978629 1
853086699 1
853150682 1
853192284 1
853448873 1
853611556 1
853615146 1
853900661 1
854124619 1
854543762 1
854587864 1
854692157 1
854712196 1
854745648 1
854840952 1
855238133 1
855274888 1
855333239 1
855351452 1
855867677 1
856026283 1
856098468 1
856166566 1
856453511 1
856512278 1
856589320 1
856880678 1
856923366 1
857176156 1
857313374 1000000000
857364610 1
857491103 1
857497177 1
857501245 1
857611225 1
857645352 1
857773119 1
857848910 1
858158635 1
858229351 1
858355372 1
858450637 1
858562722 1
858569894 1
858624673 1
858804797 1
859176221 1
859234614 1
859342177 1
859391066 1
859453197 1
859598557 1
859811878 1
859907784 1
860065346 1
860261159 1
860368349 1
860493817 1
861138032 1
861218418 1
861219288 1
861246916 1
861271730 1
861407637 1
861541412 1
861550134 1
861654008 1
861683764 1
861831539 1
861909712 1
861988656 1
862009213 1
862064646 1
862239926 1
862251443 1
862273069 1
862458287 1
862493885 1
862832839 1
862833561 1
862929883 1
862962869 1
863128339 1
863339993 1
863393952 1
863436872 954344883
863509032 1
863571049 1
863581333 1
864210721 1
864499201 1
864683919 1
864758446 1
864872824 1
864963747 1
865018165 1
865031929 1
865185029 1
865418991 1
865617369 1
865981285 1
866024532 1
866051376 1
866267171 1
866282359 1
866408695 1
866546606 1
866808326 1
866850761 1
866932686 1
866995882 1
867001049 1
867143040 1
867619922 1
867744937 1
867761736 1
867780188 1
867825212 1
867855560 1
868053259 1
868053867 1
868094660 1
868303114 1
868303139 1
868318315 1
868495595 1
868533191 1
868820897 1
868836050 1
868922936 1
869066132 1
869117346 1
869148381 238586060
869280033 1
869494544 1
869522945 1
869541404 1
869737863 1
869778616 1
869803937 1
870019751 1
870311073 1
870320426 1
870482574 1
870530616 1
870877716 1
870971595 1
871020980 1
871025841 1
871099488 1
871174613 1
871332989 1
871354569 1
871391928 1
871753889 1
871926111 1
871962764 1
871999525 1
872232292 1
872461854 1
872674163 1
872681789 1
872732327 1
872925612 1
872952834 1
873064287 1
873342928 1
873508426 1
873512086 1
873715900 1
873877317 1
873943240 1
874012630 1
874032419 1
874045666 1
874568735 1
874602622 1
874717074 1
874881201 1
874944036 1
875223237 1
875299566 1
875440874 1
875544386 1
875560007 1
875706637 1
875759456 1
876010290 1
876122490 1
876257533 1
876372116 1
876425527 1
876466447 1
876507284 1
876513314 1
876549701 1
876566914 1
876664558 1
876735576 1
877271787 1
877533554 1
877649754 1
877707819 1
878006470 1
878080658 1
878259714 1
878477378 1
878535405 1
878984360 1
879050920 1
879288482 1
879299593 1
879336195 1
880082481 1
880225896 1
880528315 1
880696567 1
880781923 1
881097117 1
881199116 1
881306604 1
881347970 1
881518125 1
881522550 1
881640220 1
881780090 1
881999075 1
882192209 1
882235216 1
882439583 1
882646891 1
882720941 1
882732505 1
883019831 1
883021058 1
883118440 1
883289159 1
883298237 1
883618074 1
883713420 1
883763038 1
883904669 1
884074007 1
884074413 1
884361677 1
884366640 1
884741158 1
884806631 1
884849117 1
885058627 1
885120512 1
885141501 1
885193759 1
885259199 1
885458071 1
885458283 1
885485963 1
885487886 1
885533464 1
885566175 1
885775897 1
885863284 1
886135288 1
886273564 1
886276539 1
886399865 1
886523617 1
886672735 1
886910956 1
886954314 1
886980703 1
887034235 1
887257364 1
887490437 1
887757235 1
887843548 1
887885173 1
887909923 1
887913948 1
887933582 1
887973285 1
887980187 1
888009782 1
888104855 1
888268937 1
888278100 1
888294649 1
888383208 1
888696746 1
888824857 1
888853118 1
888867121 1
888900479 1
888969943 1
889262154 1
889396645 1
889428102 1
889547146 1
889583176 1
889611006 1
889774981 1
889889162 1
889942174 1
890146020 1
890179418 1
890327325 1
890432307 1
890449963 1
890560884 1
890749632 1
890834692 1
891012461 1
891054805 1
891083191 1
891146617 1
891200768 1
891311316 1
891317175 1
891581117 1
891682042 1
891770120 1
891975797 1
892046937 1
892130997 1
892173543 1
892270205 1
892376071 1
892404472 1
892593468 1
892609271 1
892782101 1
892790847 1
892828689 1
892937667 1
893250903 1
893378801 1
893491232 59646441
893737651 1
893798069 1
893938923 1
894107875 1
894247867 1
894491214 1
894693346 1
894732227 1
894796179 1
894815806 1
894855378 1
894935760 1
895128968 1
895170385 1
895339720 1
895483907 1
895612442 1
895645682 1
895662637 1
895703838 1
895876878 1
895880036 1
896037798 1
896152060 1
896270994 1
896548874 1
896817423 1
896847721 1
897084664 1
897113318 1
897160309 1
897276479 1
897359090 1
897531998 1
897625008 1
897718542 1
897918870 1
897929965 1
897953490 1
898042820 1
898094156 1
898291006 1
898345963 1
898461314 1
898461880 14911561
898498878 1
898607312 1
898819968 1
898859885 1
898865367 1
898884717 1
898932994 1
898982530 1
899071507 1
899214234 1
899333365 1
899389238 1
899599589 1
899645686 1
899803545 1
899952582 1
900052252 1
900078789 1
900223564 1
900298372 1
900806327 1
901005658 1
901054666 1
901078755 1
901317776 1
901378326 1
901448395 1
901509718 1
901581733 1
901680000 1
901987751 1
902050063 1
902165155 1
902278042 1
902309368 1
902356464 1
902361069 1
902451836 1
902509167 1
902535814 1
902803055 1
902868499 1
902930195 1
902997785 1
903054088 1
903309505 1
903332553 1
903433642 1
903528659 1
903698883 1
903882266 1
904377203 1
904441916 1
904623210 1
904693887 1
904740535 1
904757572 1
904919389 1
905033280 1
905077291 1
905241938 1
905256575 1
905375859 1
905647331 1
905682427 1
905703399 1
905755287 1
905842629 1
905952945 1
906027643 1
906035863 1
906292297 1
906343292 1
906378015 1
906630167 1
906687294 1
906738171 1
906893905 1
906911423 1
907189861 1
907289124 1
907336802 1
907413330 1
907509100 1
907555677 1
907583682 1
907774667 1
907788877 1
907960942 1
908115071 1
908341901 1
908467270 1
908630284 1
908720173 1
908862550 1
908869530 1
909170404 1
909197252 1
909318110 1
909419133 1
909494040 1
909690631 1
909809053 1
909843513 1
909848409 1
909916200 1
909983613 1
910221677 1
910262243 1
910355920 1
910437091 1
910749838 1
910806116 1
910877850 1
910905672 1
910949914 1
910965484 1
911063483 1
911216120 1
911388318 1
911462140 1
911522340 1
911608803 1
911609142 1
911640609 1
911765203 1
911861525 1
912106533 1
912209680 1
912260782 1
912321394 1
912434971 1
912578651 1
912583830 1
912712413 1
912923370 1
912954055 1
913010747 1
913055209 1
913072696 1
913360790 1
913562198 1
913787080 1
913916393 1
914057400 1
914281817 1
914375217 1
914521356 1
914583307 1
914717200 1
914816484 1
914944133 1
914970354 1
915302657 1
915336841 1
915483320 1
915538308 1
915679362 1
915929394 1
915981360 1
916056458 1
916133409 1
916173674 1
916313174 1
916523196 1
916554931 1
916607667 1
916736066 1
916775356 1
916898927 1
916924010 1
916967202 1
917012850 1
917283620 1
917311580 1
917737563 1
917927376 1
917976198 1
917979236 1
918000805 1
918049670 1
918120317 1
918232757 1
918362213 1
918447084 1
918520878 1
918650253 1
918825829 1
918844307 1
918992729 1
919019229 1
919143454 1
919200177 1
919485046 1
919681692 1
919787893 1
919874557 3727670
920022053 1
920138724 1
920153814 1
920228957 1
920558998 1
920735068 1
920895020 1
920944405 931830
921078676 1
921158084 1
921287422 1
921287672 1
921306702 1
921412834 1
921470904 1
921615786 1
921657519 1
921664586 1
921840173 1
922364441 1
922572066 1
922601460 1
922651128 1
922785546 1
923040390 1
923077022 1
923402107 1
923524319 1
923528795 1
923535419 1
923619217 1
923953407 1
924000459 1
924034000 1
924229718 1
924247491 1
924300343 1
924506587 1
924853748 1
925045129 1
925085848 1
925127157 1
925185043 1
925312982 1
925516151 1
925536369 1
925856319 1
925918982 1
926089889 1
926192130 1
926244321 1
926404897 1
926611211 1
926664016 1
926729659 1
926741315 1
926927507 1
927245820 1
927293019 1
927769012 1
928349126 1
928402370 1
928502032 1
928679552 1
928700219 1
928767914 1
928869027 1
929006985 1
929095428 1
929298625 1
929399553 1
929412406 1
929423986 1
929597810 1
929663486 1
929857564 1
929923474 1
929971575 1
929982327 1
930311937 1
930317263 1
930320043 1
930335228 1
930448840 1
930507791 1
930690565 1
930792426 1
931067924 1
931394147 1
931403973 1
931519408 1
931545460 1
931612717 1
931626452 1
931692985 1
931767145 1
931786339 1
931907281 1
931912040 1
931912458 1
931970612 1
932369898 1
932382909 1
932407951 1
932474519 1
932553319 1
932617215 1
932888615 1
932956192 1
933088018 1
933195917 1
933334485 1
933340065 1
933403488 1
933447910 1
933455163 1
933464301 1
933832090 1
934022598 1
934120309 1
934156411 1
934187708 1
934197384 1
934204186 1
934324181 1
934451371 1
934459764 1
934602415 1
934604803 1
934679324 1
934783260 1
935019290 1
935028671 1
935051001 1
935115829 1
935156306 1
935211424 1
935388086 1
935483841 1
935503796 1
935946206 1
936149440 1
936441885 1
936505973 1
936534946 1
936697955 1
936843144 1
936885767 1
937028592 1
937112290 1
937124295 1
937373666 1
937385052 1
937388214 1
937467670 1
937532121 1
937621565 1
937868454 1
938009489 1
938145992 1
938738030 1
938997343 1
939035847 1
939078160 1
939106671 1
939150783 1
939320961 1
939807237 1
940192960 1
940325262 1
940436635 1
940457015 1
940545489 1
940546515 1
940603078 1
940838686 1
940968781 1
941003102 1
941108083 1
941114635 1
941334518 1
941415054 1
941488309 1
941510158 232914
941514305 1
941753983 1
941915322 1
941938134 1
942024214 1
942076636 1
942079547 1
942137911 1
942178938 1
942194131 1
942548736 1
943142657 1
943153561 1
943176850 1
943252157 1
943629699 1
943727121 1
943734707 1
943754480 1
943830437 1
943969485 1
944056012 1
944070548 1
944156139 1
944213455 1
944236998 1
944340276 1
944672795 1
944766404 1
944833224 1
944848843 1
944857854 1
944901677 1
944993317 1
945127359 1
945235818 1
945385244 1
945528696 1
945963059 1
945993056 1
946121021 1
946242504 1
946304274 1
946587490 1
946651837 1
946827686 1
946953729 1
946992017 1
947047930 1
947053045 1
947124860 1
947266440 1
947380759 1
947470759 58197
947506875 1
947547671 1
947570433 1
947697168 1
947838032 1
947928062 1
948014799 1
948027621 1
948058394 1
948133817 1
948157304 1
948252134 1
948263973 1
948300748 1
948425256 1
948447513 1
948520941 14428
948989304 1
949145572 1
949246155 1
949406794 1
949795538 1
949815890 1
950025333 1
950107957 1
950161755 1
950307617 1
950317794 1
950402799 1
950419561 1
950527786 1
950732089 1
950964662 1
951087906 1
951224028 3525
951334327 1
951476825 1
951508078 1
951561260 1
951668152 1
951683928 1
952292309 1
952318388 1
952380902 1
952501737 1
952546359 1
952800525 1
952892507 1
952908637 1
953101432 1
953137216 1
953175922 1
953183063 1
953196959 1
953253213 1
953649055 1
953677437 1
953696611 1
953804167 1
954076977 1
954273768 1
954289634 1
954334397 1
954389751 1
954785436 1
954882049 1
954886919 1
954939801 1
955119144 1
955384056 1
955449172 1
955505667 1
955617670 1
955673426 1
955709368 1
955819519 1
955877213 1
955886987 1
955999166 1
956034108 1
956161906 1
956224126 1
956376305 1
956409339 1
956445018 1
956453857 1
956535306 1
956653910 1
956757742 1
956817983 1
956834541 1
956910080 1
957068870 1
957312849 1
957334841 1
957438767 1
957550231 1
957646169 1
957735616 1
957759967 1
957762883 1
957782397 1
957976659 1
958071223 1
958209000 1
958252924 1
958853588 1
958931302 1
958976972 1
959201648 1
959248668 1
959292231 1
959408107 1
959527072 1
959546167 1
959739341 1
959840501 1
959958884 1
959969964 1
959988300 1
960196872 1
960213356 1
960249940 1
960527145 1
960684419 1
960873213 1
961027959 1
961241096 1
961271173 1
961288143 1
961313712 1
961362666 1
961405988 1
961519198 1
961633908 1
961833792 1
961970222 1
961981217 1
962120005 1
962442538 1
962583181 1
962726089 1
962764278 1
962970284 1
963197500 1
963319750 1
963327677 1
963446607 1
963559154 1
963636425 1
963766768 1
963850400 1
963902896 1
963912043 1
964352605 1
964478598 1
964543700 1
964654355 1
965071821 1
965097674 1
965184146 1
965210308 1
965261995 1
965294329 1
965542307 1
965658901 1
965784075 1
966125365 1
966161484 1
966344855 1
966439688 1
966525726 1
966621097 1
966621303 1
966977885 1
967286057 1
967327470 1
967404366 1
967723472 1
967798328 1
968114093 1
968161196 1
968594863 1
968726046 1
968949921 1
969032062 1
969194765 1
969276802 1
969457156 1
969648766 1
969796062 1
969941380 1
970252761 1
970271486 1
970449071 1
970547882 1
970752746 1
970804540 1
971180552 1
971182526 1
971217638 1
971687330 1
971720226 1
971831839 1
972053363 1
972136653 1
972181077 1
972273013 1
972310233 1
972398387 1
972544967 1
972638222 1
972651697 1
972711074 1
972711960 1
972790872 1
973347145 1
973543998 1
973548650 1
973594419 1
973631708 1
973695356 1
973715550 1
973766891 1
973884934 1
973887063 1
974206592 1
974386434 1
974472537 1
974581135 1
974604720 1
974774110 1
974907551 1
975036218 1
975278048 1
975370640 1
975393549 1
975642133 1
975739899 1
975752171 1
975904072 1
976005221 1
976042108 1
976138504 1
976628346 1
977319651 1
977439313 1
977504518 1
977570019 1
977832798 1
977926078 1
978338874 779
978763555 1
978807589 1
978870959 1
979129767 1
979362054 1
979402480 1
979504289 1
979543762 1
979809844 1
979877002 1
979946804 1
979958654 1
979992735 1
980019386 1
980180850 1
980356544 1
980373803 1
980599527 1
980630026 1
980956895 1
981080924 1
981125111 1
981216514 1
981278161 1
981401667 1
981813776 1
981821502 1
981941009 1
981971407 1
982257681 1
982455293 1
982540885 1
982824157 1
982833013 1
983053661 1
983487701 1
983506399 1
983728730 1
983772264 125
983782927 1
983844193 1
984057724 1
984237326 1
984491912 1
984540216 1
984569377 1
984647806 1
984875923 1
985035334 1
985167985 1
985383462 1
985461052 1
985492924 1
985576071 1
985577736 1
985578431 1
985756725 1
985784449 1
985831214 1
985855152 1
985876572 1
985907868 1
985929874 1
986019302 1
986522384 1
986889868 1
987060128 1
987166558 1
987189317 1
987214405 1
987313715 1
988010881 1
988123193 1
988219400 1
988221886 1
988305979 1
988559802 1
988603826 1
988634962 1
988772640 1
989052310 1
989364991 1
989896838 1
990083621 1
990132847 1
990295599 1
990318984 1
990357500 1
990554530 1
990651571 1
990662332 1
990875267 1
990882328 1
990993258 1
991289689 1
991530270 1
991867661 1
991900485 1
991942993 1
992035886 1
992050167 1
992251544 1
992448225 1
992465185 1
992585514 1
993098705 1
993117494 1
993273990 1
993327362 1
993410233 1
993457093 1
993579721 1
993768425 1
993970380 1
994124630 1
994231080 1
994449638 1
994472184 1
994545798 1
994611536 1
994643212 1
994936389 1
995133103 1
995235483 1
995269557 1
995382312 1
995414335 1
995427359 1
995530088 1
995547875 1
995713515 1
995926867 1
995998723 1
996238645 1
996325973 1
996336613 1
996399221 1
996521630 1
996628463 1
996949345 1
997094033 1
997308968 1
997441232 1
997461977 1
997585191 1
997678324 1
998208090 1
998539625 1
998723803 1
998747641 1
998913777 1
998957114 1
999183782 1
999325989 1
999458980 1
999536625 1
999609039 1
999715502 1
999798781 1
999855136 1
999877561 1
999926189 1
