826 467035873
2085571 1
3596814 5
3953564 21
4016088 85
5401329 341
6311954 1365
10824513 5461
10839435 21845
10935578 87381
11274347 349525
11429207 1398101
13187409 5592405
13242849 22369621
14901105 89478485
15098591 357913941
15555873 1000000000
16014916 1000000000
16090837 1000000000
16420140 1000000000
19409830 1000000000
21829305 1000000000
23781810 1000000000
24136495 1000000000
24525472 1000000000
25545891 1000000000
26599891 1000000000
26656586 1000000000
27046788 1000000000
27265196 1000000000
28194860 1000000000
28952622 1000000000
29041951 1000000000
29317746 1000000000
30397434 1000000000
30889813 1000000000
31271496 1000000000
31555293 1000000000
32127896 1000000000
33985619 1000000000
34262708 1000000000
34758467 1000000000
35182056 1000000000
35226674 1000000000
38058569 1000000000
38262527 1000000000
41039494 1000000000
41212056 1000000000
41454255 1000000000
41581562 1000000000
41668568 1000000000
41964781 1000000000
42019251 1000000000
42326680 1000000000
44201415 1000000000
44913607 1000000000
47520647 1000000000
47827289 1000000000
48475957 1000000000
49396402 1000000000
50806050 1000000000
51011903 1000000000
51512258 1000000000
52795552 1000000000
53016796 1000000000
53212960 1000000000
53548962 1000000000
54187923 1000000000
54965663 1000000000
57146143 1000000000
57343538 1000000000
59016652 1000000000
61807858 1000000000
63039702 1000000000
64097146 1000000000
64836232 1000000000
68559151 1000000000
68571925 1000000000
68879660 1000000000
68983581 1000000000
70251187 1000000000
70901972 1000000000
73327447 1000000000
75045956 1000000000
76449015 1000000000
78048411 1000000000
79540640 1000000000
81133080 1000000000
82446597 1000000000
82879470 1000000000
84613373 1000000000
87118967 1000000000
88938946 1000000000
91236267 1000000000
91849258 1000000000
93146048 1000000000
95090614 1000000000
96546873 1000000000
96828030 1000000000
97177605 1000000000
98599261 1000000000
100806225 1000000000
103630598 1000000000
103659093 1000000000
103811577 1000000000
103925434 1000000000
104333576 1000000000
105444695 1000000000
105621108 1000000000
107790316 1000000000
108599842 1000000000
109459580 1000000000
112095752 1000000000
113689340 1000000000
115969379 1000000000
116368503 1000000000
116839617 1000000000
117173009 1000000000
118713100 1000000000
118767912 1000000000
119216203 1000000000
121678967 1000000000
124667961 1000000000
125304188 1000000000
127024548 1000000000
128428139 1000000000
132068272 1000000000
134191082 1000000000
136316039 1000000000
137941940 1000000000
139547453 1000000000
139890260 1000000000
140482411 1000000000
141572258 1000000000
141890865 1000000000
142766358 1000000000
143033531 1000000000
143628108 1000000000
144489267 1000000000
144504426 1000000000
145429732 1000000000
147165929 1000000000
147549306 1000000000
147630221 1000000000
148540855 1000000000
149088552 1000000000
149881868 1000000000
149999326 1000000000
150137693 1000000000
150303637 1000000000
152858948 1000000000
153513768 1000000000
153700004 1000000000
154806545 1000000000
155419577 1000000000
157291546 1000000000
158565690 1000000000
159559135 1000000000
159976853 1000000000
160609375 1000000000
160739495 1000000000
162337220 1000000000
163765061 1000000000
165810115 1000000000
166012426 1000000000
166080628 1000000000
166735204 1000000000
167002176 1000000000
168398354 1000000000
170427235 1000000000
170778425 1000000000
170903449 1000000000
172621773 1000000000
173970946 1000000000
178229201 1000000000
180665018 1000000000
180686991 1000000000
181516796 1000000000
182924761 1000000000
183693093 1000000000
184146861 1000000000
184604475 1000000000
186161200 1000000000
186476528 1000000000
188111272 1000000000
188593660 1000000000
189155820 1000000000
189896918 1000000000
193631174 1000000000
194667869 1000000000
198227758 1000000000
200110560 1000000000
200256956 1000000000
203937088 1000000000
204358398 1000000000
205662308 1000000000
206327713 1000000000
206508989 1000000000
206989542 1000000000
207383421 1000000000
208104192 1000000000
209575090 1000000000
210616375 1000000000
210676346 1000000000
212044161 1000000000
217075461 1000000000
218959044 1000000000
219541717 1000000000
219942531 1000000000
220968034 1000000000
221185374 1000000000
221836175 1000000000
223147993 1000000000
223436363 1000000000
225274094 1000000000
226131667 1000000000
226478964 1000000000
227676490 1000000000
228379612 1000000000
228894362 1000000000
229111169 1000000000
229344783 1000000000
230055864 1000000000
231584054 1000000000
232507002 1000000000
234280932 1000000000
234528880 1000000000
236520739 1000000000
237259379 1000000000
237441222 1000000000
238108660 1000000000
238583964 1000000000
239944619 1000000000
240671155 1000000000
243100833 1000000000
245881961 1000000000
245990926 1000000000
249260625 1000000000
251916831 1000000000
252628440 1000000000
255528980 1000000000
255616160 1000000000
256091438 1000000000
256300475 1000000000
259777366 1000000000
262951166 1000000000
263915659 1000000000
264100985 1000000000
264599462 1000000000
264626562 1000000000
266511483 1000000000
267615310 1000000000
267968770 1000000000
269224064 1000000000
272186018 1000000000
273532324 1000000000
276238565 1000000000
276780434 1000000000
276870257 1000000000
280460734 1000000000
280636981 1000000000
280809199 1000000000
286692562 1000000000
288301845 1000000000
290078588 1000000000
290712464 1000000000
290743913 1000000000
291525266 1000000000
294337723 1000000000
294610600 1000000000
295358764 1000000000
298950772 1000000000
299896210 1000000000
301705623 1000000000
302652314 1000000000
304744964 1000000000
304851154 1000000000
305213792 1000000000
305865207 1000000000
306695846 1000000000
307003652 1000000000
307052273 1000000000
307096320 1000000000
308699031 1000000000
310081607 1000000000
315198541 1000000000
315822397 1000000000
316301224 1000000000
318134863 1000000000
319638365 1000000000
321064390 1000000000
323301489 1000000000
327350533 1000000000
327407446 1000000000
328857966 1000000000
332637970 1000000000
332791805 1000000000
333803354 1000000000
333862536 1000000000
334452620 1000000000
335738464 1000000000
336268058 1000000000
342368768 1000000000
344749927 1000000000
345565921 1000000000
345922922 1000000000
346052188 1000000000
346174317 1000000000
350073948 1000000000
350734795 1000000000
354361656 1000000000
356880829 1000000000
357751092 1000000000
359555020 1000000000
360331566 1000000000
360710576 1000000000
361742891 1000000000
361804872 1000000000
363707623 1000000000
366330654 1000000000
368029914 1000000000
368061406 1000000000
368095900 1000000000
368283024 1000000000
368586376 1000000000
369886036 1000000000
371742016 1000000000
371993424 1000000000
372314428 1000000000
373242732 1000000000
373349799 1000000000
374993579 1000000000
375430215 1000000000
375711296 1000000000
377130832 1000000000
377184303 1000000000
380129513 1000000000
381395117 1000000000
384150075 1000000000
385379064 1000000000
385417363 1000000000
385739920 1000000000
388574460 1000000000
388791056 1000000000
389083060 1000000000
390002005 1000000000
390338326 1000000000
391071304 1000000000
392361343 1000000000
392514785 1000000000
394521691 1000000000
397233960 1000000000
397854817 1000000000
399178886 1000000000
400208534 1000000000
401258049 1000000000
401795217 1000000000
401997786 1000000000
402669550 1000000000
405354008 1000000000
405743921 1000000000
405746287 1000000000
407080666 1000000000
407925321 1000000000
411705997 1000000000
411891386 1000000000
412069639 1000000000
412885940 1000000000
413994929 1000000000
415496339 1000000000
415640902 1000000000
415843870 1000000000
417627466 1000000000
418341194 1000000000
420183563 1000000000
423327000 1000000000
428019764 1000000000
428374612 1000000000
431174072 1000000000
434471071 1000000000
434816708 1000000000
435476416 1000000000
435773532 1000000000
436757158 1000000000
437276789 1000000000
438365694 1000000000
438901961 1000000000
439688854 1000000000
439802434 1000000000
439883122 1000000000
440383531 1000000000
441486823 1000000000
444700946 1000000000
447026603 1000000000
447886932 1000000000
450281746 1000000000
452113371 1000000000
452598385 1000000000
454352136 1000000000
454597459 1000000000
454868418 1000000000
455060723 1000000000
456215927 1000000000
456491626 1000000000
457473839 1000000000
457636741 1000000000
461077653 1000000000
461351270 1000000000
461620482 1000000000
462216541 1000000000
462443076 1000000000
462839852 1000000000
463071009 1000000000
466263225 1000000000
469873167 1000000000
472396077 1000000000
477722784 1000000000
478609065 1000000000
480995938 1000000000
481389852 1000000000
485023212 1000000000
486254458 1000000000
487903455 1000000000
489712646 1000000000
490815668 1000000000
490826187 1000000000
491915105 1000000000
492489466 1000000000
493435790 1000000000
496978819 1000000000
498105173 1000000000
499036625 1000000000
500474975 1000000000
500593985 1000000000
501027266 1000000000
501752447 1000000000
504524963 1000000000
505000297 1000000000
507017884 1000000000
507235832 1000000000
507420119 1000000000
507976615 1000000000
508383887 1000000000
509233529 1000000000
512649850 1000000000
512822539 1000000000
513158224 1000000000
513939444 1000000000
514632724 1000000000
515836877 1000000000
518118952 1000000000
518971803 1000000000
519189050 1000000000
520462551 1000000000
520542068 1000000000
521225833 1000000000
524418235 1000000000
524458369 1000000000
524511730 1000000000
525274169 1000000000
526107413 1000000000
528142218 1000000000
532340713 1000000000
535568570 1000000000
535720384 1000000000
536629328 1000000000
536938641 1000000000
537024307 1000000000
538121646 1000000000
540616060 1000000000
543917535 1000000000
546381481 1000000000
547875275 1000000000
550079808 1000000000
550245851 1000000000
550548250 1000000000
551146848 1000000000
551217699 1000000000
551372596 1000000000
551840584 1000000000
552295131 1000000000
553650115 1000000000
554034808 1000000000
555700264 1000000000
555975121 1000000000
556160980 1000000000
556340177 1000000000
556848887 1000000000
559263386 1000000000
560850913 1000000000
561090904 1000000000
563081932 1000000000
563672272 1000000000
564601879 1000000000
564761647 1000000000
567832352 1000000000
567864975 1000000000
568215432 1000000000
569360127 1000000000
569651679 1000000000
571036729 1000000000
571773660 1000000000
572148707 1000000000
573246046 1000000000
573537957 1000000000
575107283 1000000000
575535967 1000000000
577257233 1000000000
580037070 1000000000
583535841 1000000000
583843273 1000000000
584263495 1000000000
584626647 1000000000
585406315 1000000000
585993005 1000000000
587263076 1000000000
587264810 1000000000
588592130 1000000000
588840275 1000000000
593857141 1000000000
594056980 1000000000
595431941 1000000000
595783345 1000000000
596207713 1000000000
596531479 1000000000
596914935 1000000000
597251880 1000000000
597289970 1000000000
598401515 1000000000
601555016 1000000000
604829400 1000000000
605009226 1000000000
609635837 1000000000
609948904 1000000000
611510809 1000000000
611910887 1000000000
613300154 1000000000
615608573 1000000000
616096643 1000000000
617272007 1000000000
617367937 1000000000
617635659 1000000000
618929221 1000000000
619551567 1000000000
619821364 1000000000
620765528 1000000000
621494018 1000000000
622878506 1000000000
623219696 1000000000
623368213 1000000000
623587831 1000000000
623733330 1000000000
624961947 1000000000
625221000 1000000000
629147376 1000000000
631727878 1000000000
632399326 1000000000
636075462 1000000000
637074418 1000000000
638497313 1000000000
638776026 1000000000
639885170 1000000000
640077923 1000000000
640896378 1000000000
643093619 1000000000
644876436 1000000000
646692088 1000000000
647959957 1000000000
648692899 1000000000
649504187 1000000000
649841180 1000000000
650087807 1000000000
650554699 1000000000
652238289 1000000000
653873689 1000000000
654290509 1000000000
654449562 1000000000
655137889 1000000000
655427444 1000000000
658488499 1000000000
661085683 1000000000
662799332 1000000000
663032249 1000000000
663566991 1000000000
663640410 1000000000
665412603 1000000000
668726462 1000000000
668961702 1000000000
671381373 1000000000
673148563 1000000000
674169915 1000000000
675338828 1000000000
675888743 1000000000
679477691 1000000000
682240487 1000000000
687460490 1000000000
689120450 1000000000
690929197 1000000000
697508557 1000000000
698514786 1000000000
698602865 1000000000
701128306 1000000000
701846934 1000000000
702696136 1000000000
705048546 1000000000
706523220 1000000000
708541128 1000000000
708588074 1000000000
710490404 1000000000
711269085 1000000000
711592523 1000000000
712521319 1000000000
714416903 1000000000
714457775 1000000000
717178471 1000000000
720936826 1000000000
721541677 1000000000
722568397 1000000000
725233811 1000000000
725968372 1000000000
726622906 1000000000
728655085 1000000000
728998926 1000000000
730109699 1000000000
730502200 1000000000
731074338 1000000000
733498297 1000000000
734084072 1000000000
735375673 1000000000
735745845 1000000000
736676963 1000000000
737398354 1000000000
738471285 1000000000
744232440 1000000000
749867677 1000000000
751483588 1000000000
751535124 1000000000
752825938 1000000000
752864564 1000000000
753166284 1000000000
753264355 1000000000
754837719 1000000000
756366287 1000000000
757830005 1000000000
759121874 1000000000
765428378 1000000000
765708771 1000000000
768310951 1000000000
769686938 1000000000
771477356 1000000000
771951810 1000000000
772888577 1000000000
774941771 1000000000
778023919 1000000000
778848940 1000000000
779899655 1000000000
781666944 1000000000
782394898 1000000000
788990102 1000000000
789306356 1000000000
791777634 1000000000
792882331 1000000000
793120908 1000000000
793209413 1000000000
795733765 1000000000
797791608 1000000000
799284331 1000000000
799300472 1000000000
799401703 1000000000
800242910 1000000000
802374254 1000000000
802816141 1000000000
804980913 1000000000
806607116 1000000000
808315337 1000000000
809337529 1000000000
809614660 1000000000
810229793 1000000000
814177764 1000000000
814502780 1000000000
814681684 1000000000
817079984 1000000000
818605962 1000000000
818959574 1000000000
820339586 1000000000
821951310 1000000000
823228878 1000000000
823910058 1000000000
828122009 1000000000
829339828 1000000000
829671662 1000000000
831183049 1000000000
833523653 1000000000
833650908 1000000000
837109992 1000000000
837387819 1000000000
837902565 1000000000
839607153 1000000000
841374134 1000000000
842855395 1000000000
844351183 1000000000
846623052 1000000000
847807107 1000000000
849203651 1000000000
852226511 1000000000
852798904 1000000000
853142163 1000000000
853391809 1000000000
854056904 1000000000
854602502 1000000000
855068019 1000000000
856740793 1000000000
856943022 1000000000
859415389 1000000000
859830200 1000000000
860257645 1000000000
860364755 1000000000
863000144 1000000000
863478641 1000000000
864813165 1000000000
867753079 1000000000
868777916 1000000000
870370301 1000000000
870399187 1000000000
870443734 1000000000
870802155 1000000000
874951122 1000000000
875571393 1000000000
875616714 1000000000
877463159 1000000000
877692454 1000000000
881048816 1000000000
882364444 1000000000
882835548 1000000000
882944393 1000000000
883629723 1000000000
883820251 1000000000
887112870 1000000000
890587205 1000000000
891266472 1000000000
891549279 1000000000
891637257 1000000000
893357358 1000000000
897749556 1000000000
897993686 1000000000
898520357 1000000000
899936495 1000000000
900986797 1000000000
902072694 1000000000
903851091 1000000000
905329585 1000000000
905627127 1000000000
910482294 1000000000
910511933 1000000000
911686917 1000000000
912559718 1000000000
912608956 1000000000
913005305 1000000000
914057823 1000000000
914065894 1000000000
918432734 1000000000
918777630 1000000000
918857940 1000000000
919061457 1000000000
919848935 1000000000
920697384 1000000000
920793186 1000000000
921842652 1000000000
922096921 1000000000
922692995 1000000000
924854399 1000000000
926915194 1000000000
931609794 1000000000
932982883 1000000000
933371850 1000000000
933819137 1000000000
935523933 1000000000
935618740 1000000000
936413646 1000000000
937226054 1000000000
937610399 1000000000
939803908 1000000000
940248113 1000000000
941353805 1000000000
942292553 1000000000
947563772 1000000000
948070652 1000000000
948200842 1000000000
948523722 1000000000
951268052 1000000000
952306897 1000000000
952914090 1000000000
953409353 1000000000
954589318 1000000000
955396377 1000000000
956124303 1000000000
956394339 1000000000
960242164 1000000000
962411601 1000000000
962449015 1000000000
964451757 1000000000
966254087 1000000000
968955213 1000000000
969152901 1000000000
970835702 1000000000
972077509 1000000000
974536275 1000000000
976395192 1000000000
976722762 1000000000
976752130 1000000000
977032421 1000000000
978419368 715827883
982248691 178956971
982267108 44739243
983883326 11184811
984292527 2796203
985334645 699051
986849333 174763
988250827 43691
988753640 10923
989060899 2731
990455915 683
991100482 171
993953272 43
994157516 11
995767140 3
996729811 1
