862 508762636
906896 1
989029 1
2583306 1
4823641 1
7317604 38
9152591 1
12095571 156
12485855 1
16913775 1
17086427 1
20475485 1
20496561 1
21436622 1
21511737 1
22861198 1
23101093 1
23183266 1
23499683 1
24260008 1
24774712 1
25038828 1
25859053 1
27272896 1
27936857 1
29725491 646
32907245 1
32950083 1
35485406 1
36434624 1
37083906 2589
37177727 1
38240289 1
38580425 1
39861014 10436
43250791 1
43525533 1
44772412 1
45234206 1
45924854 1
48571162 1
48895527 1
49145493 1
49178444 1
49921336 1
50668194 1
54428521 1
55535887 1
58074074 1
58433437 41769
58965390 1
59993532 1
60277238 1
60720394 1
61391353 1
62817908 1
68120036 1
71267791 1
71901474 1
72611089 1
73768260 1
74546359 1
74955736 1
75150778 1
77226597 1
77876579 1
78419693 167125
78593351 1
78974850 1
79444607 1
79655758 1
81264483 1
82451448 1
83241601 1
83319455 1
83347898 1
86761101 1
87099568 1
87452301 1
87714227 1
88774398 668514
89055326 1
95906539 1
95996647 1
98534593 1
99815792 1
100606106 1
100814432 1
102166190 1
103555525 1
104012361 1
106387423 1
106478589 1
111195025 1
113431891 1
114721451 2674083
115491285 1
115819449 1
116066529 1
116686464 1
117841169 1
119966284 1
122248628 1
122316915 1
123042173 1
123441560 1
125704917 1
126752290 1
127044811 1
129007484 1
130141848 1
130211797 1
131518501 10696359
132034108 1
133837057 1
134243398 42785445
135101066 171141785
140442726 684567145
141672229 1
143619139 1
144251099 1
144763418 1
148223046 1000000000
148425815 1
150768566 1
152720168 1
154476037 1000000000
154537136 1
156808692 1
157390026 1
158477621 1000000000
159823374 1
159829854 1
160683532 1
161285084 1
161838529 1
162476967 1
163348904 1
163746522 1
164800502 1
164971780 1
165589834 1000000000
165770322 1
166778372 1
166814082 1
167878680 1
168670839 1
169688174 1
171162496 1
171594118 1
171688032 1
171904978 1
173080329 1
175179295 1
175230049 1
176714613 1
177659948 1
178089500 1
181314445 1000000000
182397010 1
182559664 1
184207443 1
184225116 1
184338796 1
185739140 1
185957418 1
186344831 1
186366929 1
193481950 1
195223016 1
195629519 1
196609023 1
196832135 1
197837636 1
199326932 1
199702204 1
200195560 1
200290386 1000000000
200573688 1
201380518 1
201727273 1
202057531 1
202067961 1
203879873 1
205838364 1
207425590 1
207632442 1000000000
208269911 1
208326214 1
210840432 1
211040092 1
211671275 1
211832328 1
212600438 1
212941677 1
213751028 1
213904613 1
216776723 1
217553666 1
219881924 1
220195792 1
220198568 1
224289306 1
225327475 1
228178082 1
228890522 1
232731101 1
233149369 1
235987913 1000000000
237292706 1
237377038 1
239264651 1000000000
245763421 1
245901721 1
246649386 1
250479259 1
250613675 1
250765614 1
251716006 1
253100319 1
253353885 1
254527996 1
254990746 1
255228922 1
257833763 1000000000
258542353 1
259560783 1
261142826 1
264048762 1
264696130 1
266014585 1
266641167 1
269080907 1000000000
272343384 1
273281257 1
273714680 1
274581252 1
276273591 1
279832429 1000000000
280250925 1
282237189 1
283682205 1
285141821 1000000000
286747567 1
287482170 1
287822839 1
288564845 1
289691269 1
289770537 1
292074389 1000000000
292909172 1
293608323 1
295833143 1
296794319 1000000000
298332756 1
298912440 1
300108626 1
300644441 1
300844761 1
305423796 1
305660775 1
307632621 1
308757247 1
308936352 1
309178838 1
309835558 1
311276114 1
312293382 1
312833903 1
313411319 1
313806798 1
314640419 1
317952086 1000000000
318307670 1
319918625 1000000000
320798483 1
326657054 1000000000
326860979 1
328114853 1000000000
330490620 1
331022083 1
331901984 1
332002944 1000000000
332277173 1
332359556 1
332523948 1
333346329 1
333787755 1
335899877 1
335908212 1
337660607 1
338795758 1000000000
340789904 1
342624805 1
343263996 1
343727126 1
344348087 1
345157627 1000000000
345929155 1
347261475 1
348930179 1
348979161 1
350582099 1
350894683 1
355094423 1
357892247 1
357906327 1
359073929 1
359207655 1
359756723 1
360823857 1
361570166 1
361930988 1
362229046 1
362308198 1
364716798 1
364985373 1
366743484 1000000000
367776605 1
367986323 1
368003278 1
368058598 1
368407519 1
369507474 1000000000
369632418 1
369671622 1
370279317 1
370422652 1
370747730 1
371245493 1
373970719 1
374053822 1
375795204 1
375802714 1
377347084 1
378170975 1
379995624 1
382555853 1
384587615 1
385643427 1
387802581 1
388273679 1
389273512 1
390427983 1
390833286 1
391614916 1
395570661 1
396761317 1
397924712 1
399160843 1
399314777 1
399522626 1
401166871 1
405051112 1
405791163 1
407263587 1
407699760 1
410625090 1
410799647 1
420328160 1
420882582 1
421821344 1
423531124 1
426077362 1
428061773 1
428282858 1
428527992 1
428601773 1
432027057 1
432724009 1
433225710 1
433316014 1
433918529 1
435289100 1
436391100 1000000000
437210071 1
440187064 1
440809111 1
442424843 1000000000
442978779 1
443273086 1
443521732 1
444629391 1
445799837 1
448684640 1
448883158 1
449157382 1000000000
450192505 1
452638414 1
453667514 1000000000
453888685 1
455272305 1
458256374 1000000000
460712138 1
461510237 1
462199869 1
463187772 1000000000
465099087 1
465851970 1
466831714 1
467398477 1
467539280 1
468253322 1
468322364 1000000000
469116801 1
470832909 1
475551235 1
475878675 1
477736861 1000000000
478955476 1
481842795 1
485142735 1
487137261 1
487155211 1
487757822 1
488521650 1
493415938 1
494378526 1
495142353 1
495143881 1
497300181 1
497397742 1
497764272 1
497925751 1000000000
500829674 1
501376570 1
502963140 1
503305459 1000000000
504069508 1
504317349 1000000000
504856924 1
505022418 1
509155015 1
510118206 1
511123995 1
511837942 1
512835972 1
514376209 1
516599521 1
517204362 1
518565268 1
518639864 1
519310796 1
522476524 1
524249349 1
524438624 1
524731519 1000000000
526840015 1
527720647 1
528213168 1
528497194 1
528919237 1000000000
533023956 1
533181114 1
533382764 1
533641778 1
540932101 1
542538316 1
542934093 1
543020923 1
543695984 1
544156584 1
544607668 1
544789974 1000000000
545698115 1
546661820 1
546872590 1000000000
549988357 1
550472744 1
552592172 1
552942324 1
553287334 1
553563345 1
554392272 1
555069285 1
557488751 1
557974874 1
558658047 1
559326132 1
562351895 1000000000
562808553 1
563582623 1000000000
566967849 1
567184649 1
568306461 1
569260349 1
570524923 1
571276511 1
572440836 1
573059702 1
574170581 1
575216655 1
575335975 1
578038549 1
578910191 1
579536063 1
585068000 1
587037833 1
587467592 1
588401207 1
589246677 1
589957021 1
590574769 1
591544335 1000000000
595130154 1
595165549 1
596350438 1000000000
597826689 1
597935646 1
599332541 1
601491924 1
603481230 1
603792444 1
603884886 1
607857418 1
608961305 1
609292631 1000000000
610798354 1
612683721 1
612881274 1000000000
612961294 1
613012545 1
614507846 1
614904322 1
615242780 1
616640929 1
617223800 1
617226187 1
618051709 1
619549361 1
620584504 1
620689969 1
621544248 1
621938500 1
623543036 1
625719715 1
625764508 1000000000
626354128 1
628063023 1
629164975 1
629331315 1
630276001 1
630525393 1
631864248 1
632072462 1
632628724 1
633229367 1
633634734 1
634188586 1
634332405 1
634644906 1
636753584 1
637254517 1
638318467 1
639235245 1
639671737 1
640784664 1
641392977 1
642883451 1
645297525 1
646722508 1
646962100 1
647706626 1
647834255 1000000000
647955540 1
650725973 1
652513405 1000000000
652517923 1
653834045 1
654517364 1
659303119 1000000000
659903967 1
661583802 1
661763416 1
662589105 1
663329225 1
664527890 1
668755845 1
671031953 1
677252277 1
677500258 1
677637675 1
680142547 1
682216253 1
682832691 1
684243160 1
687990484 1
692195971 1
693532782 1
693917588 1
694229322 1
694290275 1
697102895 1
702401266 1
702826819 1
704800356 1
705728268 1
705732868 1000000000
707335430 1000000000
707677700 1
707896054 1
707924452 1
708001585 1
708011790 1
708027655 1
708697997 1
709385506 1
711068024 1000000000
711372520 1
711727751 1000000000
713154381 1
714341459 1
714342709 1
715699667 1
715719364 1
717664504 1
719636700 1
719734599 1
720073356 1
720551326 1
721359875 1
721660855 1000000000
722745751 1
725734925 1
726731461 1
729066450 1
729164343 1
729955748 1
731562608 1
732356066 1
734563778 1
734925651 1
737261697 1
737485632 1
739617909 1
740566534 1
742599805 1
745052829 1
745246543 1
745265317 1
748309702 1
748729039 1
748988867 1
749153646 1
750366468 1
750919031 1
751969416 1
753426746 1000000000
753708256 1
753943506 1
754007140 1
755520787 1000000000
756612218 1
756618380 1
757808695 1
757969149 1
758057708 1000000000
759140704 1
759182230 1
759267784 1
759346836 1
759757641 1
760568853 1
761980988 1
763092747 1
765010143 1
765464169 1
766010903 1
767619531 1
768079005 1
769615865 1
771829747 1000000000
772063333 1
773062951 1
773307281 1
774298308 1
775220412 1
775458405 1
776262587 1
776319565 1
777786178 1
779357827 1
782649272 1
784031400 1
786965677 1
788688699 1
789074757 1
791708022 1
794286651 1
794507406 1
795503340 1
795919555 1000000000
796903928 1
796978723 1
799665997 1
800975446 1
802024936 1000000000
804199220 1
804883708 1
807470498 1
807931341 1
808302148 1
809280022 1
810087788 1000000000
810672597 1
810877832 1000000000
811067405 1
812004364 1000000000
812845519 1
813095773 1
813384179 1
814921005 1
815510745 1
815694888 1
821029988 1
821564319 1000000000
822175594 1
823020468 1
826773181 1000000000
827797057 1
829534945 1000000000
829799010 1000000000
833841223 1
834034364 1
834975849 1
835315953 1
837475521 1
841785106 1
843339395 1
843710828 1
843875862 1
844489441 1000000000
846343500 1
849716396 1
851232917 1
851327524 1
851388668 1
852237924 1000000000
853281682 1
854956582 1
855479775 1
858512959 1
858737562 1000000000
860351977 1
861102480 1
862040657 1000000000
862548445 1
866025843 1
867307245 1
867466247 1
868738096 1
871251317 1
871426782 1
872509313 1
872834497 342283573
873231970 1
875187204 1
877837211 85570893
877874108 1
878676104 1
880003620 21392722
882248800 1
884679686 1
884845097 1
884915484 5348172
886422215 1
887159269 1
887730400 1
888453281 1
888661231 1
888780483 1337035
889234462 1
889333890 1
890034889 1
898492038 1
899507663 1
900444732 1
900641769 334251
901439990 83555
902051385 1
903750132 1
908271062 1
908814544 1
909496919 1
909960612 1
912936577 1
916109282 1
916499956 1
916564732 1
917516935 1
917696414 1
918992632 1
919914417 1
921460809 1
922094089 1
923862991 20878
925370964 1
926553313 1
927859009 1
927913195 1
928054830 1
929223692 5217
930539595 1
930728259 1
931022459 1
931142941 1
932259350 1
932267853 1
933155353 1
934768543 1
935735291 1
936871125 1
938821922 1
939356529 1
939509212 1
942343417 1
942430095 1
943429274 1
946384861 1
947414413 1
948450119 1
949028026 1
951288965 1
955011400 1
956366602 1
957085311 1
957190992 1
957413576 1
960536072 1
961868637 1
963305901 1
963306985 1
964641498 1
968384662 1
971954956 1
973706178 1
974620368 1
974719588 1
975289483 1
975901999 1
977200470 1293
980517926 315
980675621 1
980921594 1
980965296 78
980994306 1
982265207 18
982312626 1
982441984 1
983776578 1
984359554 1
985436359 1
985650854 1
986990781 1
987781817 1
989996971 1
990728551 1
990885262 1
991774851 1
992893007 1
994589304 1
996242449 1
999967155 1
