349 528468202
2665080 1
6933893 1
7556440 32
7683052 1
13570251 1
13611733 1
14129907 1
15549616 62422
23037618 124844
25701692 1
34556956 1
40962125 1
45187989 1
51020143 1
54808203 1
55462783 1
55540270 1
55624247 1
55728326 1
60580529 1
60946966 1
61493878 1
61603300 1
62883540 1
63388397 249704
65810476 1
72965470 1
77484638 1
84745371 7990775
86673612 1
96175219 1
96369889 1
98358838 1
99456658 1
102957567 1
103816828 1
104897654 1
110311058 1
110487770 1
113262593 1
117628143 1
119041496 1
120017078 1
127148407 1
127583191 1
131939596 1
133246105 15981568
134410055 1
138278583 1
141859502 1
148102822 1
148739855 1
150665722 1
160115533 63926308
163923879 1
171753874 1
173382716 1
174379171 1
177268381 1
182491073 1
183332154 1
198819522 127852623
199132705 1
200385177 1
202696391 1
204205454 1
205710446 1
208670170 255705252
211608964 1
213886736 1
214915019 1
217161194 1
220657388 1
225291510 1
232008147 1000000000
232665848 1
233928284 1
234416261 1
235819486 1
239045676 1
240331029 1
240470453 1000000000
240785068 1
242375943 1
242821293 1
243487971 1
247789151 1
248120922 1
251745579 1
252252510 1
253352043 1
254247811 1
254780368 1
256343784 1
266825825 1
268945052 1
274505386 1
274920266 1
275405712 1
285870352 1
286208013 1
290160368 1
291056157 1
293088231 1
298527908 1000000000
299442969 1
300205973 1
303813184 1
306775938 1000000000
310623660 1
316775631 1
318539382 1
325497638 1
328551604 1
337621155 1
338320436 1000000000
341579691 1
342287882 1
343168351 1
348973261 1
361858225 1
365546546 1
366480767 1
370107565 1
371714706 1
374948213 1
380306293 1
381244923 1
388932141 1
389369606 1000000000
389564940 1
389675934 1
390681297 511410527
391461323 1
397347112 1
397827960 1
400427941 1
401833889 1
404607062 1
406720330 1
407310369 1
408390902 1
408749715 1
409909264 1
412726848 1
414509904 1
416009789 1
418157986 1
424171812 1
424177543 1
424591932 1
425081796 1
425397375 1
426576835 1
456375962 1
459645352 1
461092835 31963152
467078507 1
472984315 1
474562263 1
476283721 1
480007282 1
481585480 1
488080472 1
492160513 1
494620720 1
498125381 1
498262592 1
500388261 1
510297333 1
510613287 1
518107116 1
523317891 3995387
526364688 1
531463541 1
534378519 1
536351788 1
536363902 1
537928455 1
539504189 1
542182207 1
542763465 1
547492523 1
547677410 1997688
551430279 1
552076727 1
554069143 1
554104600 1
555547107 1
556187757 1
558237223 1
569465165 1
577330392 1
577816581 1
581733142 1
581858771 1
584175542 998838
584315920 1
584885653 1
588396666 499418
593123477 1
595611932 1
599208263 1
601728378 1
601743658 1
604081878 1
608741118 1
609602775 1
611987237 1
626555744 1
628851134 31210
631132449 1
640347677 1
642165444 1
643556075 1
643855896 1
644941664 1
647962179 1
649010169 1
651368067 1
654909112 15600
656666642 1
658466606 1
665240131 1
669681819 1
671733941 1
671890691 1
674017029 1
681352664 1
684128747 7796
685302101 1
686018178 1
688147526 1
707123877 1
707215132 1
708147093 1
715552329 1
717890933 1
718589713 1
718960903 1
720655795 1
725850121 1
726204170 1
726917702 1
735859569 3891
738587877 1
738916504 1
742485862 1
744697499 1
745006520 1
745075028 1
748483607 1
750897508 1
751743720 1
753822340 1
756472169 1
758556992 1940
762002698 970
764445378 1
765290071 1
765474952 1
766860128 1
768659595 1
769699299 1
772383258 1
773095558 1
774299559 1
775052824 1
777277593 480
780221932 1
786830474 1
787570925 1
790728486 1
798852218 1
799534558 1
800702315 237
802528292 1
805777136 1
807603294 1
810992585 1
814632470 1
814700327 1
826665866 1
827729485 1
828846087 1
829758793 1
835500028 1
837188565 1
838130716 1
838232462 1
841766990 1
847524578 111
847842701 1
854141694 1
854967179 1
855759111 1
856338247 1
856728351 1
857696153 1
859430558 1
861486025 1
863899674 1
866624058 1
869055783 1
869651396 1
874113506 1
874238488 1
878623564 1
879355779 1
881939077 1
890520574 1
893252375 1
893311585 1
902477147 1
904059288 1
906334541 1
907308919 1
912426546 1
915630414 1
916397894 1
923278914 1
930043812 1
930607823 1
933850970 1
936965861 1
939111450 1
943463962 1
949232008 1
950432637 1
952044207 1
953076604 1
954213860 1
954304989 1
956470792 1
963838185 1
965118656 1
972414559 1
972765244 1
974757652 1
981729164 16
981831971 1
990178149 1
991601860 1
992195769 6
994776720 1
995166467 1
995283397 1
996148007 1
998943531 1
