237 712867925
12225506 2678
13548706 14271512
16246723 10780
17934222 381
18192959 170
18308119 19
19656218 223
24445195 1
25266677 947823
25505083 372072910
30862411 161
33244442 1654
34169947 483029
47057932 100
47089084 4
47414089 1648
47554094 128
50624486 9
59200618 3121858
63300530 5068
65316101 1367
69394131 40788
75465254 2
80190210 20164
90498806 1497
93114302 2
93921443 902024402
108842228 4393738
112379069 43762
112520739 373
120416791 112087
122742908 2135
125386139 301
125831727 16983
125924473 2
130355154 93
130809204 69
134400592 311
140472902 3
147173432 21
147279423 2
151607210 4
159207221 93537
160864739 792478
161509640 45743003
162340810 5
163443528 36713
175030922 73716975
178386931 125030621
181664821 182
189900897 310
198391049 17404
198802809 17231582
199820864 52
203915641 536303268
206333243 1
213267905 112867049
214689483 23934
217491585 4930
222079474 3103
224586072 8539053
225548782 15724604
228180706 103910752
240894888 769
245997161 1068722
261634779 1892370
261652783 7
261698025 206193717
269418852 25
275813960 26005199
275838728 587
276595877 302545291
277051039 8518
293481399 5
300920203 36
301692876 19260777
304333226 109061
306054433 9040956
311684870 143
322172471 119
322363035 243076
323673642 143
327301718 176418
336674190 1109877
337965109 209131097
357759884 2918
370193960 32275681
375579732 22896
376957595 375100
377519201 384881
379728535 83
384245999 170904
384815255 7
385819760 56
390083617 6
396590635 23068
398592994 1
408586146 110570
418518971 1
439713506 653
446063071 12138335
449413873 8372
453712404 109
454343193 6954700
457097784 899389
465931729 15331
471522325 4915978
478627435 5191
499519220 140
509238531 323740738
509240877 858569554
512948332 15501738
515654678 217631
516471838 159531811
521074919 6761
523173182 7083
525206169 1
525479575 570838727
528372076 54355
541712043 1540290
543329720 251
546488489 2277181
552946229 12822338
554393624 92160430
557669112 3628297
558948426 3
565440007 62100
571253883 119617598
572086189 25647297
573618892 49
575170643 2
576249882 77186848
576910726 5888301
577936892 3441
580090306 82436683
583719741 53
594757949 1398587
598073949 553
598210611 183365
600465764 1237
608525199 1
612693637 622
621391609 164515976
622186045 72782018
622845210 11599131
626767639 200
634850323 11218420
646798475 4871
654193977 190557
661489246 33735813
664864897 3
671719177 45956290
676127816 9
680205320 3743428
683274251 60688910
689420915 1644
691933562 288021
694331734 9231
694423743 93341
700646556 150
710952250 1947
712602532 1
718909124 41611
728190520 7
733315027 5560215
737581636 4906
738611595 388
738858496 22455
740747088 412331817
744073992 300308
744194631 161603
744961166 150
748702431 845
755737755 33346
763155499 107
768408821 44
786126295 538689
790306134 20985906
791621746 249
794015621 5
801239861 294997
808382924 12392280
811195540 17046972
811959624 35
813653984 9611
818038966 66730109
819849541 37037
825056669 23
827723543 10
828472593 37296173
829187926 143
830758122 21804
834041265 23834013
840212497 2713
847324993 12564
847673539 13
848320586 46599126
849417367 1713106
855637281 8498759
858163537 132
858590453 2
859038419 125922184
863120616 441
868741745 138
876539515 7434775
882702077 63
889882091 18
903065852 705736
905499150 1299
916478302 875
917866202 17426507
918709436 31884
920123468 156933487
927172201 5943119
930298031 214263760
930567947 582467
931923356 614
933625410 66
935365529 2672
941556283 2134
944978252 11
950245861 13437
951319816 15839
957334842 5347766
960472549 46070
965073677 25
968335298 7532
971411396 1224755
976239945 6
977041752 151
980704375 69406
982223834 1393
985714431 20241
989520628 3
991062093 1807
995016525 227666823
995392824 248
