658 509381643
1063115 13
4806930 1
8071459 9
10813509 1
11423976 1
12495349 17
13441532 1
13900346 1
15525231 28
15624388 1
18062836 1
18527235 4
19303411 9
21762724 1
23691928 3
24547772 1
24755325 37
27289182 1
27483848 1
28309079 384
28370767 7
29340081 1
30962247 1
32794153 1
33238345 62
33668411 1
39200509 1
45689083 1
46641970 33
47635528 1
47841610 1
48487654 1
48745125 1
49894954 1
50019420 2
50021714 1
50617818 1
50970450 15
56720896 4
57678436 1
62570725 108
67562242 1
68071877 171
68313524 26
68921378 1
75523382 1
79769986 1
81367907 1
81489912 1
81888296 928
82900915 734
82987177 985
85177698 1
88882453 1
88999876 4
89088993 1109
89451752 1
92053572 1
92878483 1
93273914 1
93567982 1
94089169 3488
95304613 1
95830092 1
97847129 1
99638762 1
100728336 1
103646243 82
103894662 1200
104628862 5
106655461 3
107871284 1
110520084 1
112972649 233
114729281 420
115520904 1
117079697 1681
119923594 1
120468725 1
121419075 1
122449369 414
126889068 1
133511661 13
140790305 1
141649057 1
143782951 42
144765859 701
146903180 3191
147599035 1
149893778 1
150665898 7
152717828 21
152972914 11
153100234 34
153249289 73
156618421 1
157663786 3
157895105 1
162703999 5
163046821 1
163259897 6415
164595564 2
164882187 1
166977090 3979
169297622 5630
172957843 10
177830073 1
178531994 1
179667126 1
180364085 1
181112232 78
182170497 1
183343873 1
184059778 18
184766606 1
189991888 9922
191963994 1
194047330 1
195805648 20
195862693 1
197531779 1
206290936 1
207237766 1
211908605 1
214278097 1
216690426 1
217885665 1
219230078 49
219841601 1
219955614 40
220761684 1
221521169 1
224172447 3898
225793792 3
227218865 1
228504993 1
229900294 1
235058103 1
237065443 242253
239680551 1
242635260 27316
247560785 29
247989000 175461
248865464 3
248873743 134466
251987955 73
254689898 1274
254993612 12882
255807833 1663
256605377 1
258176733 66563
259544107 523054
260038235 310
260226105 2514
261044486 2
262026263 20027
263460292 1
263552665 1
266840940 232704
268290934 1
275363547 14
278515477 1
278925110 1
279536323 3063
281189880 190
281967675 725
282594560 1
282680844 3579
283558723 1
284642446 33
284700791 1
286696338 2
289431290 19564
290917280 710185
292122562 3113
295121438 1
297251456 522
297311518 331
299138111 566
302210618 430057
302619874 1
303150495 5
303874792 1
305576171 12154
306830462 60500
307424567 1
307814520 1
307935025 506696
308092368 49
310955944 28
311374224 2
311688944 1919589
314309394 10906
315416935 23
317054498 1
317905441 94764
318163044 33498
319044835 4241
323428279 1
323662906 93683
324257425 1
326917824 75861
329187784 1
330385073 1
330955726 418271
331512132 18489
332861294 1
334637438 19
334981636 34
335011449 1
336161172 2
338191029 1
338450193 13676
339114379 705912
339910670 1
347719275 5
349127465 17
349595598 5
350635992 1
355137712 9
355210490 185379
356823258 4744
362007621 601294
362146969 2381
362334229 340414
362999386 5
364673377 2
367182833 197
368428881 207636
370073573 2
372673227 16059
374776095 23
376141918 331
377215193 51
377953692 1
378603111 50
379030341 2
380309242 1
380874840 18442834
382455398 28684
385223254 1
386305729 79
390560838 3
390657471 1
392101211 17130473
392415280 499
396009186 1027536
397853091 5
399215181 13423030
400273780 151
400300494 33250
401421212 13061
401508430 1
401865256 1
402663059 22353
403533589 1739
404781844 7
405449681 79494
407391229 82376
408310870 20103514
410062735 417
410180920 5138599
411321867 3558193
413600897 1799316
413612368 1
415630807 34424413
417405856 12668
418203694 6179
418332577 674555
419705834 2737
421197265 162
423444188 12485
423885322 130016
427830881 41
428862042 283
428924822 6673
429550355 9
431912947 1
434169142 1
436105844 1
437322087 756583
443010261 1812
443124300 1381077
443650757 9373
444267566 58
444506703 2314
448164476 526745
449483885 9766
451967316 41980
452058820 267461
456168989 53357548
456906692 31
458737590 681200
462360926 8
464328317 120382
464816276 9593981
467148433 25766
467267992 62882427
470976292 6637
471221917 92
471373780 8
472236575 73874940
472606010 228769
477655356 5748069
477976577 207927478
479490594 3
480388688 20346806
482083141 436593
483719167 8640
484006637 95
489335304 36301505
490166496 16
490656752 191116690
493643770 1
493754710 2940352
494078563 37006828
494454364 613272456
495389237 220992
495753848 2189591
496761766 12678082
497652990 4
498514620 2
498822017 1639
504509981 17
505042260 298135614
508242913 395376759
508510415 38061
508614037 113455
509078256 27936560
513086466 532
514333912 16290010
515225965 9551404
523519187 17636237
525246232 1
528777993 29953
529154332 251
533048626 3
535230106 9578
537266529 42964
542082085 1867
542271940 148749
543202108 3
545996630 197
549306925 2518213
551989457 520
552193789 177
558221712 1
559801116 367
560723721 1
561112660 30437
562948867 343740
563571170 15
565446714 254
566099610 1
568346837 28
568935385 104291656
571697628 113269796
571738313 1
573534492 122316
573713175 254308
579296940 25682910
580031390 34
580782116 28
581363349 5
582816015 1075
583805668 3409158
584488303 5
584494974 366010
587155645 1
591300665 404
593167799 81
593899990 457811
594200861 9248570
595644502 2889
596343843 41548
596623813 74430
597433087 2021
598606331 11479
599580450 381664
600527147 1
603691919 3
606296823 179
606512988 13
606611842 2284841
607486227 352
609834571 496946
611114609 1178058
611854814 91
612970201 1530673
613933918 42854220
615052405 40390673
615422855 2606
616309005 1
617066676 81214
617095876 1752
617640678 1118093
619531195 684
620719256 541239
621121328 5386
621758506 1
623030761 57882
623288863 35
624848768 3
629267954 115684
629627603 1597
630955276 291918
631446946 3993
632333004 1
635618775 34272
636039050 1
638473352 3
639268043 225826
639453974 1
641054631 92542
641935948 1
641938655 1216012
642771380 1
644695256 2371703
646270032 242328
646696421 16
647313279 167
647585910 2
648842302 19547
649835084 20
651498261 1
652603884 1
655662605 17746
655862608 4446493
656477709 1
658561312 30434
665745363 484523
667259238 32417
667334197 645
667707762 4321
668260334 1
669389450 13418
673158528 11786
673739359 1
677461933 511251
679719688 1
679778017 1648
681277166 7690
682362396 74
686743114 805536
687020066 1712372
688033149 12556
688039591 1
688677223 186
688717255 1
689889530 74063
691224532 2312986
691240986 1666
693036091 23452
695219118 31
697603843 29232
698762426 2472723
699031058 1
701419489 369
702730557 1
702927583 420
703782185 1
703859972 82
704282188 1
706866299 4
708767323 1
710470200 1
711716424 2165088
712173812 2407
715275295 1757
716333907 437
718975798 1
719502870 1
721508386 533473
725790421 8330
727149497 2
732442206 4
733180291 1
735884084 36767
739318609 19
739617236 4
740332334 197052
743724418 1
744986725 1
746709255 1
746971002 629674
748993217 658655
750932121 1
751743192 2358
754842052 358
755679222 15
755811269 1
756548513 309
756886895 31936
761927000 1
764520653 37748
771038312 130
771439487 252
772193993 2708
774839764 1
775130025 1
779740321 1
781702552 868
783057213 159861
783763892 1
784480843 1
785289653 1
785840329 1
785951906 1
786252020 35713
787093000 1
792543536 1
794948903 1
795404010 1
796507027 519
797941168 1
799368981 2
799582280 1
804654594 1
806093630 93149
807214920 1
811728988 1
815336148 5327
815876133 327
815978224 1
816160008 1
821353748 1
821495435 1
822769344 154
824409945 32646
825682921 1
825893923 6171
827328875 1
828161631 10
832723314 15
836102739 1
837027844 1
838270207 2303
838360938 208
838789326 1293
843468380 6928
843552341 1
843900268 752
844363720 1
844614154 8555
846315875 1
849297534 1
852097517 1
852990159 6
853104856 1
854367099 1
861689186 8
862036501 175
862124617 4
864600520 1
866545444 1
867818287 1
868926755 1
872776395 1
875136636 110
877431969 1
878131473 1
879431552 1
879717734 7
883489400 247
887643699 163
889243501 1
889975336 1
890172818 1
890472559 767
890708208 1
893577447 1
896500981 1
898049890 155
898088251 24
898362205 1
899166903 1437
900685966 1709
904496904 183
905746732 1
907686238 1
908732181 1
909929690 258
912463892 93
915539547 1
916211224 10
917188034 1
917226779 794
918812417 12
920441969 854
921270312 1
922012001 1
922210479 2
922713586 1
922754620 1
922763383 1
925436622 1299
926381868 1
926532839 1
926727632 1
927036819 1
927320089 1
927725300 1
929356724 1
929798791 7
930473535 1
933294503 10
933740602 1
934001447 1
934953871 1
936124464 1
937509700 1
937678961 1
940663328 1
943146846 1
945282734 1
946975552 456
950657159 1
951204676 43
951811277 2
954123615 1
959125394 1
961782709 1
965192339 1
965387764 1
967576692 1
968839809 1
969947763 1
971343854 4
971757429 391
973413592 1
975654719 1
975797263 1
975823092 2
975829645 1
976597332 25
978287151 13
979489564 1
979887493 14
981176843 1
983278362 1
984728306 7
985230393 1
986705026 6
986774415 1
988370094 1
989252075 1
990806415 1
990852965 1
992074910 1
992785227 1
994187388 1
994449268 1
995456658 5
995671302 304
997854357 1
998081930 1
998457296 68
998792956 87
