874 504007240
1132606 1
2155142 5
2292880 320
6947726 640
7009217 1281
7579384 5125
7790480 20501
9130665 82004
9638366 164008
9717491 328017
9749643 2624136
11247323 5248273
11566428 20993093
12189059 83972372
12979820 167944745
13960870 1000000000
15195181 1000000000
16747395 1000000000
18241288 1000000000
19218453 1000000000
19461948 1000000000
20507874 1000000000
20762711 1000000000
21000602 1000000000
21199620 1000000000
21926439 1000000000
22449420 1000000000
26312609 1000000000
27070821 1000000000
27387146 1000000000
27456645 1000000000
31708537 1000000000
32221685 1000000000
33348243 1000000000
34176816 1000000000
36056631 1000000000
36316691 1000000000
38164693 1000000000
38520905 1000000000
39895994 1000000000
39933067 1000000000
40059710 1000000000
41182858 1000000000
41769749 1000000000
43964092 1000000000
45378914 1000000000
46218071 1000000000
46421709 1000000000
48161998 1000000000
49885489 1000000000
49993026 1000000000
50119138 1000000000
52156701 1000000000
52550004 1000000000
53947289 1000000000
57201541 1000000000
57562996 1000000000
58962846 1000000000
59457515 1000000000
60019810 1000000000
60089457 1000000000
61059387 1000000000
61996603 1000000000
62795538 1000000000
64830212 1000000000
65221949 1000000000
66603532 1000000000
67148067 1000000000
67657363 1000000000
67829040 1000000000
68534632 1000000000
68964985 1000000000
69241303 1000000000
70389596 1000000000
71003605 1000000000
72230404 1000000000
73066414 1000000000
73460475 1000000000
75027839 1000000000
78900650 1000000000
80324297 1000000000
81123307 1000000000
82926546 1000000000
85379529 1000000000
85708555 1000000000
86141207 1000000000
86593971 1000000000
86607866 1000000000
86837756 1000000000
87394962 1000000000
88223695 1000000000
89459251 1000000000
90406354 1000000000
90540271 1000000000
90595054 1000000000
91174305 1000000000
91189031 1000000000
91411325 1000000000
92082185 1000000000
92640082 1000000000
93117372 1000000000
93451064 1000000000
94410514 1000000000
95024453 1000000000
96547652 1000000000
96827718 1000000000
97218775 1000000000
98320677 1000000000
99663875 1000000000
101437694 1000000000
101576784 1000000000
102448159 1000000000
103614155 1000000000
106481626 1000000000
108909771 1000000000
109636953 1000000000
112316169 1000000000
113642595 1000000000
113962610 1000000000
114895427 1000000000
115241487 1000000000
118824475 1000000000
118917413 1000000000
119317012 1000000000
119606902 1000000000
120161374 1000000000
122287993 1000000000
122490331 1000000000
123152077 1000000000
124027062 1000000000
124802090 1000000000
125866013 1000000000
127678351 1000000000
128836877 1000000000
130216237 1000000000
131282387 1000000000
131341706 1000000000
133979705 1000000000
136546002 1000000000
139093248 1000000000
139152953 1000000000
140081302 1000000000
142169832 1000000000
143385384 1000000000
144292139 1000000000
144601927 1000000000
144673095 1000000000
146111589 1000000000
146118878 1000000000
147401603 1000000000
149017226 1000000000
150132915 1000000000
150637114 1000000000
150666900 1000000000
152346601 1000000000
152706181 1000000000
153499360 1000000000
155308935 1000000000
156733521 1000000000
157800293 1000000000
159214270 1000000000
159709088 1000000000
161286109 1000000000
162727085 1000000000
163184373 1000000000
163713539 1000000000
165216855 1000000000
166202811 1000000000
166244725 1000000000
166262709 1000000000
166356700 1000000000
167912502 1000000000
168328594 1000000000
168412414 1000000000
171398977 1000000000
173265178 1000000000
173312082 1000000000
174823226 1000000000
176784889 1000000000
179010547 1000000000
179455923 1000000000
180765878 1000000000
181280049 1000000000
181440927 1000000000
181524261 1000000000
181572632 1000000000
182003638 1000000000
182446140 1000000000
183607900 1000000000
187988505 1000000000
188890360 1000000000
188930928 1000000000
189056873 1000000000
191285788 1000000000
191998063 1000000000
194754144 1000000000
195100246 1000000000
197186288 1000000000
197606838 1000000000
197751658 1000000000
202353074 1000000000
203449497 1000000000
204751695 1000000000
207497068 1000000000
207590428 1000000000
208374825 1000000000
208997287 1000000000
212316688 1000000000
213691312 1000000000
214784240 1000000000
216319539 1000000000
218863221 1000000000
222897983 1000000000
222941103 1000000000
223413711 1000000000
225226762 1000000000
225592534 1000000000
226180537 1000000000
228805035 1000000000
228907939 1000000000
229316947 1000000000
231481862 1000000000
237633360 1000000000
238424830 1000000000
238953298 1000000000
239351044 1000000000
240647668 1000000000
240662467 1000000000
240732507 1000000000
240771434 1000000000
241897121 1000000000
244201628 1000000000
246296994 1000000000
246880028 1000000000
248299863 1000000000
248579539 1000000000
249412065 1000000000
250687403 1000000000
253486468 1000000000
253730096 1000000000
255701657 1000000000
256711303 1000000000
257058067 1000000000
258579255 1000000000
261224962 1000000000
262561788 1000000000
263128211 1000000000
263920333 1000000000
265102160 1000000000
265571926 1000000000
265766313 1000000000
266290975 1000000000
266621820 1000000000
267503198 1000000000
269618507 1000000000
270087670 1000000000
270593584 1000000000
274040989 1000000000
275188913 1000000000
276436603 1000000000
276711976 1000000000
278554104 1000000000
279274429 1000000000
281587388 1000000000
282335796 1000000000
282877310 1000000000
284046066 1000000000
284192323 1000000000
285982140 1000000000
288703521 1000000000
288892403 1000000000
291637615 1000000000
291998399 1000000000
295106172 1000000000
295739255 1000000000
296951642 1000000000
297729792 1000000000
297807806 1000000000
300234672 1000000000
301576383 1000000000
302399840 1000000000
304577223 1000000000
305620879 1000000000
307546356 1000000000
307548497 1000000000
307664168 1000000000
309237213 1000000000
311482782 1000000000
313048536 1000000000
313467217 1000000000
313858778 1000000000
315011833 1000000000
316671453 1000000000
320226608 1000000000
321271437 1000000000
321499272 1000000000
324141066 1000000000
324444673 1000000000
325585090 1000000000
325696849 1000000000
326429069 1000000000
327611269 1000000000
327967917 1000000000
328526159 1000000000
330412488 1000000000
331230389 1000000000
335741296 1000000000
336837702 1000000000
339297562 1000000000
343057822 1000000000
343286664 1000000000
344423165 1000000000
347587317 1000000000
347810319 1000000000
349308096 1000000000
349439101 1000000000
349518550 1000000000
349873381 1000000000
352234760 1000000000
354305715 1000000000
354681387 1000000000
355902790 1000000000
357004591 1000000000
357509315 1000000000
357880511 1000000000
359186450 1000000000
359356679 1000000000
362351568 1000000000
364212432 1000000000
366488154 1000000000
366727486 1000000000
366851189 1000000000
367028468 1000000000
370825310 1000000000
371623751 1000000000
374023005 1000000000
374720725 1000000000
375048258 1000000000
376289234 1000000000
377892291 1000000000
378263238 1000000000
380846363 1000000000
381484710 1000000000
381653927 1000000000
383773109 1000000000
383866500 1000000000
384137265 1000000000
384439644 1000000000
387406606 1000000000
387429602 1000000000
390134790 1000000000
390561315 1000000000
391787586 1000000000
392504437 1000000000
395629830 1000000000
397037104 1000000000
397810049 1000000000
399507373 1000000000
401616134 1000000000
403021574 1000000000
403892420 1000000000
404617832 1000000000
405085714 1000000000
405338307 1000000000
406478066 1000000000
410713703 1000000000
412213914 1000000000
412648468 1000000000
418238910 1000000000
418448347 1000000000
419429182 1000000000
419922680 1000000000
424687935 1000000000
425001153 1000000000
425930143 1000000000
426311582 1000000000
426423512 1000000000
428870888 1000000000
429499568 1000000000
429559543 1000000000
430305175 1000000000
430310164 1000000000
430988660 1000000000
431637868 1000000000
434114888 1000000000
434238898 1000000000
434415312 1000000000
436828348 1000000000
436905578 1000000000
438260018 1000000000
441115885 1000000000
442276147 1000000000
442747672 1000000000
443823037 1000000000
444813413 1000000000
446676301 1000000000
446755650 1000000000
447314153 1000000000
448075785 1000000000
449386079 1000000000
450562868 1000000000
450906682 1000000000
451079221 1000000000
452384424 1000000000
455114726 1000000000
456568074 1000000000
456823300 1000000000
457091076 1000000000
458744801 1000000000
460837469 1000000000
462189480 1000000000
462328141 1000000000
464361554 1000000000
464877367 1000000000
466268167 1000000000
470345874 1000000000
471497848 1000000000
472570318 1000000000
473897928 1000000000
474868707 1000000000
478691877 1000000000
478742901 1000000000
478959818 1000000000
480008554 1000000000
480138135 1000000000
480927376 1000000000
483883618 1000000000
484232777 1000000000
486144211 1000000000
489804827 1000000000
489824484 1000000000
490203092 1000000000
490478957 1000000000
493724809 1000000000
498415159 1000000000
501891447 1000000000
502572402 1000000000
506095338 1000000000
506231123 1000000000
506255688 1000000000
507370806 1000000000
509221620 1000000000
510028300 1000000000
513652704 1000000000
516669943 1000000000
519018531 1000000000
519411422 1000000000
521831829 1000000000
522451336 1000000000
523097276 1000000000
523660983 1000000000
524756904 1000000000
527004872 1000000000
528652786 1000000000
529261767 1000000000
530841918 1000000000
532233772 1000000000
532304205 1000000000
532691965 1000000000
533530180 1000000000
535189483 1000000000
536129422 1000000000
537728497 1000000000
538890292 1000000000
538955396 1000000000
540040596 1000000000
540501685 1000000000
540711677 1000000000
543238079 1000000000
545802814 1000000000
548706126 1000000000
549075497 1000000000
549152120 1000000000
550256770 1000000000
550290882 1000000000
550552454 1000000000
550624514 1000000000
552568986 1000000000
554300314 1000000000
555681305 1000000000
556216884 1000000000
556277135 1000000000
557354385 1000000000
558768193 1000000000
558907521 1000000000
559075601 1000000000
561763823 1000000000
561797044 1000000000
562826589 1000000000
565730218 1000000000
567402536 1000000000
571059240 1000000000
572329727 1000000000
573380682 1000000000
573938894 1000000000
574554303 1000000000
574845111 1000000000
575871568 1000000000
581719771 1000000000
582934394 1000000000
583350379 1000000000
583534106 1000000000
584862581 1000000000
592814462 1000000000
593012840 1000000000
593354391 1000000000
595438804 1000000000
595470007 1000000000
597567598 1000000000
599153404 1000000000
599824759 1000000000
600364869 1000000000
602546243 1000000000
604495937 1000000000
605402962 1000000000
607547505 1000000000
608487541 1000000000
609267902 1000000000
612154255 1000000000
614482157 1000000000
615537919 1000000000
615817625 1000000000
616073647 1000000000
621452437 1000000000
622258000 1000000000
623826377 1000000000
624296407 1000000000
625080358 1000000000
630448241 1000000000
630779433 1000000000
630995832 1000000000
634601133 1000000000
638384416 1000000000
640266220 1000000000
640984211 1000000000
644552293 1000000000
645988172 1000000000
647318837 1000000000
647385466 1000000000
647427647 1000000000
649009554 1000000000
649391490 1000000000
650972183 1000000000
651181858 1000000000
652060165 1000000000
653016896 1000000000
654230064 1000000000
654534083 1000000000
655033472 1000000000
655383211 1000000000
655412533 1000000000
655904251 1000000000
657091642 1000000000
657289260 1000000000
659718536 1000000000
663616962 1000000000
664711282 1000000000
664801311 1000000000
664854452 1000000000
664880257 1000000000
666401206 1000000000
667395312 1000000000
670124695 1000000000
671791044 1000000000
674742194 1000000000
675530739 1000000000
676445264 1000000000
676765914 1000000000
677055891 1000000000
677211006 1000000000
677439327 1000000000
678830903 1000000000
679810711 1000000000
681305875 1000000000
682383887 1000000000
682857788 1000000000
683269245 1000000000
684706275 1000000000
685114952 1000000000
686261180 1000000000
687578589 1000000000
688254807 1000000000
690156936 1000000000
690324189 1000000000
690418548 1000000000
690586528 1000000000
691069438 1000000000
694266749 1000000000
698166835 1000000000
700095008 1000000000
701775310 1000000000
701776059 1000000000
702427851 1000000000
705226448 1000000000
706295873 1000000000
707077831 1000000000
707764146 1000000000
707858842 1000000000
708050732 1000000000
708297767 1000000000
708948525 1000000000
710109751 1000000000
710270781 1000000000
712058762 1000000000
713686652 1000000000
713944465 1000000000
717244809 1000000000
717764464 1000000000
720012176 1000000000
720646391 1000000000
721073534 1000000000
721089750 1000000000
722840807 1000000000
722947368 1000000000
724105119 1000000000
724631682 1000000000
726028288 1000000000
726605712 1000000000
727105298 1000000000
727493561 1000000000
727700246 1000000000
728824888 1000000000
728977984 1000000000
730742517 1000000000
731182539 1000000000
732823666 1000000000
734047231 1000000000
735799362 1000000000
735925424 1000000000
736038914 1000000000
736437933 1000000000
736495767 1000000000
737180142 1000000000
737427137 1000000000
737473610 1000000000
737600375 1000000000
738892802 1000000000
739557403 1000000000
740590384 1000000000
740861917 1000000000
746257898 1000000000
746550839 1000000000
747278353 1000000000
747579978 1000000000
748038246 1000000000
750351993 1000000000
750383500 1000000000
751833814 1000000000
752351678 1000000000
753011032 1000000000
753599815 1000000000
755260335 1000000000
755395230 1000000000
755932669 1000000000
756401116 1000000000
757051233 1000000000
758238066 1000000000
759433810 1000000000
760970868 1000000000
761067943 1000000000
763863312 1000000000
765396852 1000000000
767136153 1000000000
767721406 1000000000
769684864 1000000000
769711372 1000000000
770753104 1000000000
770765533 1000000000
773240955 1000000000
777860107 1000000000
779776907 1000000000
780851730 1000000000
781265840 1000000000
781695202 1000000000
782904073 1000000000
788069861 1000000000
788810950 1000000000
789394565 1000000000
789629728 1000000000
790694449 1000000000
791296036 1000000000
792281984 1000000000
796104944 1000000000
797048672 1000000000
797075898 1000000000
799432365 1000000000
799585694 1000000000
803487826 1000000000
804071866 1000000000
804140499 1000000000
804550024 1000000000
806444378 1000000000
810438864 1000000000
812561517 1000000000
813109178 1000000000
815977021 1000000000
818401256 1000000000
819057021 1000000000
821749640 1000000000
822287046 1000000000
822739221 1000000000
824657065 1000000000
824926086 1000000000
825889523 1000000000
827385997 1000000000
827553440 1000000000
828145695 1000000000
829782717 1000000000
832233795 1000000000
833038330 1000000000
833169510 1000000000
833561260 1000000000
834654453 1000000000
835724471 1000000000
836517702 1000000000
836830407 1000000000
837858128 1000000000
838259129 1000000000
838647606 1000000000
838857165 1000000000
839958402 1000000000
840570431 1000000000
840633928 1000000000
841821603 1000000000
844103314 1000000000
844300638 1000000000
845673211 1000000000
846273743 1000000000
846957105 1000000000
848464759 1000000000
848607863 1000000000
849693000 1000000000
852573111 1000000000
853115674 1000000000
853638610 1000000000
853812756 1000000000
855355012 1000000000
856604335 1000000000
858598987 1000000000
860369036 1000000000
861552457 1000000000
862884903 1000000000
863740904 1000000000
866529295 1000000000
868272796 1000000000
868752398 1000000000
872475260 1000000000
873306936 1000000000
874453570 1000000000
876968031 1000000000
877631564 1000000000
877861409 1000000000
878431664 1000000000
878587264 1000000000
881070841 1000000000
883312295 1000000000
884436472 1000000000
884701590 1000000000
884914201 1000000000
885209886 1000000000
885364673 1000000000
886866673 1000000000
887018440 1000000000
888316890 1000000000
888517992 1000000000
890121878 1000000000
890160525 1000000000
892328061 1000000000
894137829 1000000000
894326730 1000000000
894992344 1000000000
898748372 1000000000
899927276 1000000000
902807003 1000000000
903459551 1000000000
903713575 1000000000
903735566 1000000000
903956392 1000000000
904394102 1000000000
904659136 1000000000
905401691 1000000000
907893253 1000000000
908689982 1000000000
909517283 1000000000
909552301 1000000000
909782005 1000000000
910775283 1000000000
911668250 1000000000
912153635 1000000000
913732465 1000000000
915530583 1000000000
916646353 1000000000
918997005 1000000000
919509753 1000000000
924747113 1000000000
925379664 1000000000
925838695 1000000000
926198117 1000000000
927037613 1000000000
927504395 1000000000
927699809 1000000000
932293989 1000000000
933367335 1000000000
935425114 1000000000
935498721 1000000000
936270543 1000000000
937470045 1000000000
938045614 1000000000
938155438 1000000000
938211110 1000000000
939523433 1000000000
940039742 1000000000
940164178 1000000000
942682588 1000000000
942949327 1000000000
943147579 1000000000
943907307 1000000000
948774543 1000000000
949014600 1000000000
950815081 1000000000
951484939 1000000000
952560373 1000000000
953051604 1000000000
954156372 1000000000
956873409 1000000000
958620667 1000000000
958652653 1000000000
959027278 1000000000
962457958 1000000000
962484113 1000000000
964121102 1000000000
964171888 1000000000
964926427 1000000000
965970286 1000000000
966346209 1000000000
966395527 1000000000
966573060 1000000000
967496675 1000000000
969766438 1000000000
970213042 1000000000
970622711 1000000000
971014796 1000000000
971269262 1000000000
972192514 1000000000
973009539 1000000000
973421779 1000000000
973563128 1000000000
975294843 1000000000
975381076 1000000000
975965667 1000000000
976663214 1000000000
976999366 1000000000
977150694 1000000000
977618172 1000000000
978718325 1000000000
980958171 1000000000
981406864 1000000000
982204212 1000000000
982273978 671778980
984423059 335889490
984694809 41986187
985426867 10496547
987871267 1312069
989155185 656034
992038802 41003
992936359 10251
994779749 2563
995261485 161
996288815 80
996509114 40
997858124 20
998336485 10
998729464 3
999285861 1
