5161 6198 866
1 1
17 1465
20 387
25 1989
29 1066
31 342
32 1120
48 257
56 1932
61 826
72 5802
77 845
82 4055
84 2507
89 3208
94 4922
97 3480
97 6029
99 1822
105 5074
108 927
119 5726
120 226
122 3509
126 3408
131 3943
136 825
149 3154
162 2710
189 4981
190 2388
194 3660
205 1926
208 1819
215 2349
224 92
224 3786
243 6013
249 4646
261 1059
261 5074
268 53
268 82
292 5231
293 563
297 1590
313 1134
321 1783
321 3019
327 2659
329 1679
331 3688
331 5451
334 3773
337 946
338 1601
338 2947
338 5628
342 3385
347 1481
348 1278
349 5813
355 1863
382 490
383 455
389 5914
391 1408
398 2977
414 6012
416 611
425 2023
426 3948
427 246
434 3360
437 4291
439 5197
458 1069
467 3316
468 1781
469 4838
478 6163
480 1244
481 1079
482 5298
482 5883
490 1379
500 2265
501 5363
501 5755
513 5744
519 60
530 1379
542 5471
551 2196
557 2811
561 4203
565 1395
568 3375
572 4214
582 2040
586 1118
595 5753
599 842
612 1016
615 2104
615 2131
620 164
620 403
625 1319
625 4755
630 2453
637 954
643 5491
655 3410
659 2722
662 1198
674 1911
674 2475
678 1661
687 2159
691 2126
720 30
728 3393
729 2948
730 55
731 4437
731 5564
731 6158
732 704
732 3503
734 5174
740 5585
744 4157
747 2894
748 936
748 1223
749 2319
755 6183
756 5264
758 5353
764 721
768 3604
771 3901
783 6148
787 5730
790 2921
793 3508
797 3170
798 1722
798 6173
827 716
836 452
844 1317
850 827
865 246
873 3124
877 799
886 2735
892 3224
897 5041
898 2091
901 641
901 5673
914 595
927 716
927 1688
928 4028
959 3657
962 4442
1008 5410
1011 5279
1018 3100
1020 3165
1021 5481
1022 2092
1024 1546
1024 4538
1025 661
1043 4957
1057 6016
1062 5518
1067 4011
1068 6109
1074 337
1074 1638
1079 5186
1080 3370
1094 2583
1097 4867
1101 749
1102 136
1118 5748
1127 5477
1134 2120
1141 6118
1143 3150
1145 782
1147 1113
1159 2544
1164 2859
1169 4741
1170 3121
1173 3903
1179 5000
1184 3413
1193 4853
1207 643
1212 5601
1223 2022
1225 2333
1237 4894
1251 836
1252 4878
1269 6021
1271 946
1289 5147
1296 2429
1297 3287
1315 373
1335 1629
1335 6168
1337 1820
1339 4343
1342 1961
1344 4931
1348 3152
1350 2906
1351 416
1352 173
1368 2407
1370 64
1370 6182
1382 5541
1384 1242
1391 2625
1395 630
1399 2850
1421 4093
1427 4626
1428 3036
1431 4690
1435 5310
1438 1925
1455 4305
1459 5015
1466 1380
1472 3302
1478 2887
1487 5068
1492 2433
1499 1380
1501 3968
1502 4545
1506 2403
1507 5370
1524 4522
1527 6170
1528 4126
1530 1194
1538 4591
1538 5592
1545 1718
1547 1716
1558 5627
1562 2400
1573 2624
1577 2365
1579 2511
1588 907
1597 1509
1602 3330
1609 4359
1632 3503
1643 3444
1648 1734
1650 6064
1654 3625
1658 75
1669 1574
1688 576
1690 2073
1694 227
1695 4571
1702 4377
1704 3266
1705 3801
1709 2867
1713 867
1725 2873
1730 2040
1744 1243
1747 1111
1750 3617
1764 3489
1771 6195
1789 4615
1793 3471
1793 3695
1794 492
1803 4882
1810 2918
1817 4863
1818 159
1853 3760
1857 3673
1859 635
1860 2381
1864 4169
1872 828
1872 5113
1876 1972
1894 2579
1919 428
1921 5579
1926 210
1945 1458
1959 4402
1960 1665
1962 1372
1980 2274
1991 3263
1992 3635
1996 5846
2009 4462
2016 1800
2018 2730
2021 4081
2022 222
2043 4624
2049 2404
2052 857
2053 154
2053 1724
2057 3450
2064 5357
2067 1674
2070 3861
2092 913
2093 601
2098 4775
2100 1822
2103 1741
2134 71
2135 1880
2148 4083
2156 985
2162 750
2173 899
2176 3436
2189 5472
2192 671
2195 1763
2196 5543
2197 1394
2199 4949
2202 3249
2203 814
2208 5328
2219 4493
2228 3512
2239 4152
2239 5821
2240 5897
2240 6038
2242 819
2248 402
2255 1520
2260 1677
2271 3286
2274 1520
2281 48
2289 2989
2307 2459
2307 5422
2311 2896
2316 2816
2321 2061
2326 5909
2342 3563
2352 2400
2361 550
2369 343
2370 4921
2371 5771
2373 3022
2378 1394
2409 262
2419 3395
2423 4096
2423 4879
2423 5614
2426 3815
2443 1606
2444 5399
2451 3607
2451 4037
2454 2731
2479 920
2486 3026
2489 2939
2500 2711
2502 1064
2503 4813
2513 4543
2519 3375
2527 5512
2532 5605
2535 5928
2536 1912
2542 4582
2550 3636
2552 1659
2559 3243
2565 695
2566 506
2568 2841
2573 5443
2582 2713
2583 2876
2584 4343
2586 3192
2589 5179
2600 1635
2601 2482
2601 3357
2603 4246
2603 5738
2604 6042
2606 2618
2606 5537
2615 1308
2615 3616
2627 4575
2642 5813
2643 1855
2657 4743
2664 272
2668 6137
2677 6142
2681 4514
2698 3349
2701 1046
2704 73
2714 575
2742 3172
2758 3145
2762 3551
2764 5128
2770 6162
2771 5199
2774 217
2789 2216
2790 782
2795 2469
2797 2745
2804 1334
2805 1879
2821 3480
2829 2275
2833 1108
2845 1434
2847 4081
2862 922
2866 5125
2877 5882
2878 449
2878 3919
2883 699
2891 5782
2899 3245
2899 5177
2906 4709
2920 1004
2920 4664
2923 4447
2925 3405
2928 2765
2929 2083
2931 1808
2937 2954
2951 4188
2957 2837
2961 4574
2973 3077
2980 3973
2982 1452
2990 4723
2991 1375
2999 3349
3009 6129
3020 3592
3020 3883
3024 2846
3038 372
3039 4596
3045 3776
3055 798
3062 3445
3062 3834
3064 1516
3064 2843
3064 3340
3069 5224
3080 6070
3088 1635
3092 2404
3101 349
3109 4566
3113 178
3127 2701
3127 3985
3143 5505
3144 3420
3151 5390
3153 2705
3163 5736
3164 1820
3164 4585
3176 2688
3181 4600
3184 4704
3197 1929
3198 5342
3203 1608
3207 4512
3211 3930
3221 6096
3222 5732
3226 946
3236 3564
3245 2527
3247 182
3258 2823
3258 4524
3260 289
3267 2825
3269 1142
3269 5249
3277 3988
3280 5760
3284 1585
3321 4310
3326 5231
3331 3293
3336 1994
3349 4999
3352 2708
3358 4645
3360 5319
3363 3081
3378 5801
3382 3593
3391 4119
3394 5116
3397 1548
3407 4415
3423 6100
3426 1504
3444 3166
3448 964
3455 4624
3458 1915
3465 2325
3467 4379
3469 967
3476 3624
3482 1366
3484 2272
3486 1171
3496 4252
3500 3703
3501 3359
3501 5969
3502 1549
3506 1420
3512 207
3513 4417
3523 5753
3530 2540
3534 502
3534 5031
3537 3513
3546 4578
3549 745
3550 5516
3553 4877
3562 3560
3568 2227
3582 5084
3583 2179
3589 2672
3590 4481
3602 4975
3605 5795
3610 515
3621 5769
3626 2458
3633 1439
3636 2704
3645 43
3647 2433
3653 4476
3672 4009
3673 5538
3674 1012
3677 4823
3685 2191
3685 5257
3685 5840
3692 4163
3693 1738
3696 3429
3696 4623
3701 1963
3705 3543
3714 1642
3718 3092
3724 4718
3730 5563
3735 2518
3736 5629
3741 2331
3747 33
3760 3023
3761 1881
3761 2515
3762 698
3773 4089
3775 4160
3781 1210
3782 2428
3786 1852
3808 3807
3811 4672
3813 4858
3814 2830
3817 3220
3820 3972
3827 1000
3827 4295
3833 1154
3836 3442
3836 3964
3838 2835
3838 3092
3842 5048
3851 3857
3853 2243
3854 1438
3854 4302
3858 1180
3875 787
3879 716
3880 620
3890 5770
3895 729
3896 1215
3897 635
3899 1652
3913 3151
3920 548
3926 1162
3945 1067
3962 1547
3964 2951
3966 6072
3971 2721
3971 5936
3975 5267
3984 2017
3987 5052
3989 478
3999 2072
4007 533
4009 5215
4014 4577
4031 3836
4032 4021
4034 5505
4035 485
4035 4529
4039 5291
4045 3420
4052 1988
4055 376
4055 5478
4063 5313
4065 4269
4068 660
4071 1707
4078 5511
4088 6149
4090 5026
4091 987
4099 50
4102 1883
4103 304
4104 2311
4107 4751
4109 2505
4114 924
4118 861
4122 1299
4122 4183
4126 853
4129 1067
4134 5091
4137 2244
4142 3678
4152 6024
4156 80
4174 5144
4181 315
4189 5636
4199 4867
4202 3195
4220 5383
4237 1992
4237 6136
4239 4930
4243 5406
4254 2307
4262 686
4269 4907
4271 523
4274 1523
4296 3294
4308 680
4314 3684
4319 5930
4320 2911
4328 5155
4338 3187
4338 5803
4354 875
4355 2344
4356 118
4358 4744
4362 1705
4362 2158
4372 4467
4377 1474
4384 1908
4397 3756
4423 6029
4438 4743
4441 752
4441 5201
4443 3247
4455 4511
4459 689
4462 1423
4466 1369
4470 460
4471 5860
4476 4052
4479 170
4480 1357
4481 4378
4482 1098
4484 1934
4492 3876
4504 410
4521 1081
4521 2949
4526 5785
4535 2199
4538 1548
4542 4289
4546 2569
4556 3438
4566 3682
4569 4609
4570 57
4573 170
4582 2429
4584 3145
4616 1864
4618 5611
4619 4755
4621 5051
4628 4286
4648 5088
4649 3484
4661 2841
4664 5398
4668 774
4670 4190
4675 385
4676 3569
4684 3904
4695 2197
4700 5906
4705 1309
4712 4142
4713 2779
4719 4067
4725 431
4726 3435
4727 3315
4734 517
4741 545
4759 1704
4775 5538
4778 1380
4794 249
4805 5782
4817 5324
4818 2
4824 6148
4825 2451
4836 6187
4868 2448
4869 650
4870 1161
4874 3998
4876 184
4879 2725
4884 2291
4890 4412
4902 2720
4908 1315
4915 3256
4923 1658
4924 5319
4929 4213
4931 3690
4935 5458
4937 4487
4940 853
4951 4803
4954 4166
4962 2622
4971 1999
4981 5120
4983 4859
4994 258
4999 5321
5004 1649
5010 1698
5022 2102
5027 4395
5028 1944
5035 971
5044 5107
5053 3213
5055 3756
5058 2851
5081 2168
5098 1206
5100 1973
5106 2190
5108 4847
5111 1790
5118 3323
5129 24
5134 1189
5138 2251
5138 2490
5138 5202
5141 5290
5146 1179
5149 1538
5149 2330
5151 103
5160 3708

