4981 7309 188
1 1
5 4896
16 2755
24 7295
27 6537
45 778
54 6801
142 7273
152 846
210 4754
213 5112
260 94
264 3153
293 6880
335 5597
346 3182
370 5220
373 2642
382 6502
410 5662
428 6576
429 2885
443 4487
453 4659
460 1580
485 1341
490 621
512 3520
527 1989
550 6161
576 2158
586 1754
612 5396
613 2808
691 6911
692 7127
694 4796
704 245
713 6579
732 784
752 3674
820 1789
838 7296
886 4202
907 5576
928 2374
935 3182
982 7145
987 5963
1015 5444
1019 4634
1033 6710
1038 954
1044 4217
1062 1599
1066 1526
1110 7000
1156 5024
1159 2123
1172 3333
1182 6150
1225 6043
1276 4659
1310 2982
1349 1861
1395 2357
1421 5026
1439 6456
1447 6735
1459 3342
1473 6330
1500 1375
1500 4497
1554 3678
1583 1416
1630 818
1734 4945
1736 61
1776 1372
1803 6041
1845 2771
1924 1918
1944 3949
1994 776
2001 6093
2052 5179
2073 1055
2082 4191
2085 7075
2114 38
2120 480
2120 6650
2163 7090
2207 6723
2379 6015
2411 1566
2472 3385
2480 6072
2508 2605
2525 201
2526 148
2550 4557
2569 3487
2584 1017
2589 6623
2622 6085
2629 1296
2656 561
2724 6002
2738 6715
2738 7245
2770 1123
2789 5531
2792 2994
2877 6067
2914 1408
3049 1736
3052 5840
3125 5927
3191 6143
3208 4185
3252 5859
3303 3624
3313 5825
3328 4794
3338 1130
3379 5744
3408 5072
3458 6918
3500 3901
3507 6586
3571 2845
3631 4298
3682 964
3688 4012
3691 4406
3713 1207
3734 363
3737 1381
3810 1275
3831 3113
3882 5299
3908 2303
3917 6586
3943 1379
3952 2994
3972 1985
3972 6999
4013 1200
4036 1141
4038 1262
4076 5460
4139 3401
4144 662
4145 2354
4171 2941
4235 5569
4248 4057
4286 1249
4331 6851
4336 2278
4358 4666
4362 2931
4402 6466
4407 3267
4408 3714
4421 6949
4446 5101
4449 1183
4492 5097
4516 1901
4532 3451
4547 5747
4553 6717
4595 4179
4633 5013
4647 4002
4654 894
4679 6190
4686 2367
4687 220
4744 4578
4754 4080
4769 6023
4785 7056
4812 4753
4910 2894
4938 6842

