6036 2184 3036
1 1
2 1476
6 933
7 2020
7 2179
11 45
14 758
14 810
17 846
17 1747
18 1650
20 435
22 2100
23 43
23 169
26 1894
27 1107
28 276
29 336
29 675
29 1939
31 1416
35 511
36 1743
37 20
37 179
40 1265
41 1850
47 1725
53 1397
54 967
55 362
62 1943
65 222
65 469
69 1392
70 2177
71 342
73 906
74 1066
74 1164
77 996
85 1039
87 784
87 2029
88 395
89 1090
89 1944
90 1814
95 519
95 1616
96 445
97 1212
99 760
99 1907
104 1100
107 1688
108 1538
108 1886
109 526
110 327
113 749
116 383
118 572
120 124
122 54
123 752
124 746
125 263
125 1963
126 526
127 1605
128 642
128 1027
131 255
132 679
135 350
135 2148
139 644
140 1248
144 465
145 1128
148 45
149 1614
150 621
151 554
151 559
154 197
155 1498
166 534
168 702
172 439
175 1094
180 328
182 1140
187 1601
187 2184
190 139
193 1810
195 1402
198 2180
203 1018
203 1375
203 1728
207 393
207 1232
207 2006
210 1388
213 936
217 1453
218 1879
223 495
224 644
226 1847
227 1108
227 1983
230 748
230 2002
231 1730
232 1929
234 1196
234 1655
241 1059
244 1607
244 1722
247 409
250 1254
251 824
252 522
253 2158
262 638
263 703
264 1167
269 2164
271 1637
271 2168
272 1723
278 227
278 1767
286 1193
286 1949
287 1513
288 931
289 1411
291 1910
293 837
293 920
296 1675
300 1412
303 907
305 632
306 1975
307 846
307 1836
308 673
311 997
312 1731
313 653
313 748
315 727
315 1948
316 1337
317 921
320 478
321 610
321 1156
322 527
323 1786
326 1436
327 1169
332 1498
337 713
338 826
342 2044
343 165
350 1312
352 2030
353 245
353 336
354 1386
356 380
360 643
363 746
366 484
368 740
373 1778
375 158
375 362
380 416
382 1169
383 1608
386 2154
390 508
390 588
394 845
397 384
397 1599
398 1602
399 1827
400 838
402 230
402 1004
403 629
403 1524
403 1667
407 295
410 180
414 720
414 1545
416 14
423 1822
426 1069
426 2139
428 1063
429 1264
430 843
430 1775
434 245
438 423
438 1583
442 798
442 1846
446 78
449 1915
449 1958
451 1021
452 315
455 246
457 890
457 1268
461 1764
474 444
475 1384
479 1594
482 1796
483 802
484 1217
486 322
486 831
487 1842
493 1109
497 296
498 1595
498 2028
501 1030
502 375
503 630
505 1201
508 1759
509 1823
510 1833
511 43
514 361
514 1366
515 1789
517 2041
523 245
526 1239
528 902
531 552
531 1421
531 1819
533 1614
537 521
538 2055
539 1958
542 1334
543 741
546 114
546 1119
547 369
555 340
556 620
556 1647
562 1697
563 1970
565 439
571 2008
572 846
576 1434
577 385
578 1266
579 1252
581 89
585 1754
587 923
588 286
591 712
591 767
591 1646
594 38
595 2089
598 282
598 1136
598 1927
598 2150
599 1179
599 1551
600 1285
600 1444
602 637
603 773
604 1064
607 269
607 1102
608 320
613 1373
615 1449
616 1503
618 690
621 1278
622 1067
625 1434
628 1762
630 198
638 1730
640 434
641 485
643 22
646 57
647 770
648 737
648 1837
649 1291
649 2147
650 2100
651 1749
652 543
652 1919
655 891
660 466
661 1135
662 1830
663 813
663 1232
664 631
666 863
667 1684
668 777
672 4
672 697
674 1071
674 1480
674 1695
675 986
679 2008
683 222
683 1216
684 1790
685 2050
686 522
687 662
689 1277
691 964
692 588
693 410
695 2165
696 1791
700 684
700 925
700 1965
702 1313
703 300
705 1515
711 1804
715 91
715 1628
717 1396
718 589
719 1293
721 31
722 1920
724 555
724 1620
727 988
729 996
732 381
734 85
744 1707
748 1139
749 500
756 841
762 846
766 1025
767 715
780 1175
781 366
783 893
784 193
787 1920
789 1082
796 1536
798 722
798 1725
802 2082
802 2184
805 20
807 1512
807 2004
809 2071
810 534
812 168
814 1816
817 394
820 242
825 1985
826 298
826 1887
829 1244
832 809
832 1185
836 758
838 1513
840 71
841 2164
842 1883
842 2008
846 81
847 769
848 2118
850 505
850 1897
851 492
851 1078
851 1339
853 177
853 1110
853 1518
854 1846
856 84
873 1430
874 499
879 892
883 1330
889 79
889 1996
892 651
893 40
897 1525
899 316
899 1539
900 1499
902 941
903 1043
903 1358
904 182
904 2102
906 1616
907 1882
908 1102
908 1178
909 1232
914 388
914 544
914 727
915 469
916 1107
917 1084
919 1463
920 560
920 1101
921 1790
922 1770
923 751
923 893
923 1169
929 206
934 526
934 784
937 716
942 1615
942 1781
947 1527
948 294
949 529
950 629
953 1109
953 1910
953 2051
958 1409
959 413
961 2135
967 999
969 1444
970 1416
972 1401
977 749
979 1591
980 1011
980 1245
982 1697
984 7
985 1711
988 2060
991 382
997 1640
998 721
998 750
999 848
999 1796
1001 422
1002 852
1002 1317
1002 1774
1002 1884
1003 798
1004 300
1005 1616
1006 76
1007 822
1009 1256
1010 1781
1013 413
1014 1685
1025 1921
1027 165
1029 1275
1034 1198
1034 1392
1036 757
1036 1771
1037 197
1038 1556
1039 996
1040 1967
1041 374
1041 1157
1041 1626
1042 904
1042 1864
1044 1936
1047 103
1049 1172
1051 347
1052 668
1059 2163
1060 605
1060 1234
1062 1538
1064 307
1064 600
1067 311
1067 1023
1072 1725
1073 458
1075 151
1077 162
1077 722
1077 1059
1083 134
1085 2132
1086 1951
1087 1195
1092 1803
1096 519
1100 521
1101 1517
1102 2059
1103 663
1103 1307
1105 532
1111 312
1111 452
1113 2078
1114 1726
1115 1599
1120 592
1120 1067
1120 1314
1120 1610
1122 380
1123 1466
1124 603
1124 731
1126 1547
1129 189
1130 310
1130 854
1131 1705
1132 1137
1132 1278
1133 1433
1135 998
1135 1098
1135 1644
1142 417
1143 278
1143 1741
1144 1632
1145 1900
1147 316
1150 1148
1153 1901
1156 485
1157 1318
1159 146
1160 700
1162 781
1163 348
1164 2168
1165 1366
1165 1407
1165 2037
1166 160
1168 960
1169 594
1175 930
1178 600
1179 339
1182 2147
1183 1186
1185 1844
1189 187
1190 931
1190 1226
1194 111
1194 761
1196 614
1198 484
1198 1276
1199 226
1199 1472
1202 1941
1207 303
1207 1981
1208 128
1208 595
1211 413
1212 714
1216 895
1217 275
1217 399
1218 216
1220 1804
1221 420
1221 832
1221 1376
1223 2118
1225 10
1225 502
1225 1223
1231 394
1232 1703
1233 1653
1239 2085
1243 102
1244 544
1245 1512
1246 908
1248 1394
1248 1825
1251 1105
1261 872
1261 1490
1262 1361
1262 1365
1262 1552
1264 183
1266 758
1269 1203
1271 1077
1275 1742
1275 1858
1276 257
1278 1170
1282 363
1286 224
1286 387
1286 1784
1289 2117
1291 1264
1293 635
1297 446
1302 1177
1303 6
1303 1582
1304 1966
1310 198
1310 1679
1311 433
1312 1959
1314 752
1314 866
1316 882
1316 2048
1317 1202
1317 1265
1319 1125
1322 1022
1322 1655
1322 2153
1323 1100
1328 1961
1331 131
1332 1129
1334 709
1334 1843
1340 1234
1342 1301
1344 441
1345 385
1345 2169
1347 791
1347 1160
1353 909
1355 924
1356 1786
1356 2162
1359 782
1360 2068
1361 1350
1362 863
1364 311
1364 1931
1366 121
1368 563
1369 191
1369 315
1369 669
1370 1116
1371 488
1375 217
1377 337
1380 419
1383 887
1383 1516
1386 1462
1388 1198
1390 1789
1391 193
1391 1469
1395 1267
1395 1696
1395 1799
1397 594
1405 301
1405 1764
1406 1981
1410 93
1410 2096
1411 1513
1413 1537
1416 1195
1416 1735
1420 505
1420 933
1420 1499
1421 1181
1424 23
1426 662
1433 624
1434 2046
1436 2084
1438 1557
1441 100
1446 221
1448 1306
1449 1841
1449 1945
1456 1710
1458 176
1459 421
1460 1319
1463 1555
1464 88
1465 779
1466 951
1467 1153
1468 261
1468 510
1471 50
1471 2033
1473 1067
1475 722
1477 1226
1479 627
1482 35
1484 1144
1484 1961
1485 102
1489 379
1491 1085
1493 1143
1495 1247
1496 687
1497 1013
1498 95
1499 1872
1499 2153
1505 1510
1506 1078
1509 1270
1513 140
1513 1740
1516 1442
1519 265
1519 1522
1523 1440
1525 404
1531 283
1531 920
1534 605
1534 1447
1537 299
1539 433
1544 1846
1547 516
1548 136
1548 1592
1553 1214
1553 1634
1558 138
1559 1438
1562 905
1566 249
1577 2153
1577 2159
1581 1407
1586 1498
1588 1528
1589 1084
1590 651
1590 1207
1590 1570
1592 344
1596 894
1598 1753
1600 178
1604 1466
1611 1119
1616 996
1618 1532
1618 2151
1619 102
1619 2052
1620 812
1624 1199
1631 413
1637 1038
1640 222
1640 1131
1644 39
1646 480
1649 1454
1649 2184
1650 444
1652 1470
1653 718
1653 882
1654 1158
1655 2002
1658 533
1660 886
1662 998
1664 363
1664 816
1666 1248
1670 813
1670 861
1677 422
1678 1933
1680 921
1680 1338
1680 2079
1681 572
1682 1342
1683 470
1688 194
1689 997
1689 1433
1690 680
1692 829
1694 671
1697 450
1699 1228
1708 622
1714 219
1716 17
1716 1749
1721 904
1722 1288
1723 1785
1725 2171
1727 591
1727 1010
1728 95
1729 1281
1731 954
1732 1986
1735 2174
1737 206
1738 749
1740 111
1741 356
1741 515
1741 2084
1742 1828
1743 360
1746 212
1747 859
1747 1188
1749 667
1751 943
1751 1322
1751 1475
1751 1538
1753 412
1756 336
1757 2077
1758 1050
1759 1090
1762 1675
1763 291
1764 795
1764 1128
1765 1717
1766 1477
1769 1583
1772 1968
1774 1050
1774 1548
1775 1544
1776 336
1777 150
1785 75
1788 1319
1795 1800
1796 1368
1798 1856
1798 2065
1800 1094
1802 2043
1804 236
1804 1241
1807 730
1807 794
1808 2065
1810 605
1818 1290
1819 1955
1822 979
1823 2019
1825 2128
1826 23
1826 1499
1827 1496
1828 1545
1828 1883
1829 1325
1840 2103
1841 1610
1844 727
1845 398
1851 120
1853 1994
1854 645
1855 480
1857 1834
1863 1006
1864 1813
1868 1345
1873 1417
1874 820
1874 1170
1886 782
1886 1681
1887 59
1887 1672
1889 2153
1891 420
1891 736
1893 1108
1897 861
1901 271
1904 1810
1910 510
1910 1867
1912 556
1912 1123
1916 229
1916 797
1917 2041
1921 558
1922 593
1922 1699
1923 2144
1927 2129
1934 1032
1935 272
1937 1276
1943 592
1947 8
1953 1993
1956 1622
1957 138
1958 188
1958 225
1959 1499
1962 521
1965 118
1970 1996
1972 208
1975 321
1979 676
1979 2051
1984 703
1987 542
1991 242
1991 747
1992 583
1993 426
1994 1925
1999 1562
2002 315
2003 769
2005 548
2007 84
2011 1896
2013 1791
2017 1954
2020 52
2020 86
2020 128
2020 392
2020 2141
2021 163
2023 106
2027 1529
2031 21
2034 1320
2036 2062
2038 120
2038 747
2041 1053
2049 1365
2050 57
2050 1080
2053 104
2055 1645
2056 287
2056 1755
2059 296
2063 1435
2064 501
2067 1480
2071 1148
2072 1595
2074 211
2076 839
2080 1260
2086 84
2088 690
2089 1578
2096 934
2099 1789
2100 2125
2111 1349
2113 1300
2114 549
2121 400
2121 947
2122 395
2123 1207
2123 1313
2127 1501
2127 1529
2129 1186
2132 171
2134 945
2134 1500
2138 1635
2141 655
2143 790
2145 386
2145 1491
2147 463
2147 1921
2147 2098
2149 471
2149 735
2152 556
2152 1652
2153 340
2155 1277
2159 617
2159 1300
2162 259
2162 1386
2163 1196
2165 480
2167 1772
2170 1227
2170 1932
2176 1728
2177 918
2182 1077
2184 1126
2189 1867
2191 1707
2193 321
2193 354
2194 1794
2195 1499
2206 87
2207 1608
2213 625
2215 1641
2219 456
2219 1570
2219 1881
2220 802
2220 1212
2228 51
2232 225
2232 1411
2233 1269
2236 1021
2239 1553
2240 639
2242 2091
2243 1070
2243 1827
2245 692
2247 1603
2249 1626
2250 1425
2251 1096
2252 1436
2255 1877
2257 851
2260 1585
2261 76
2266 2013
2268 2108
2269 2110
2272 1774
2276 2075
2277 279
2277 1751
2278 1507
2280 537
2282 991
2284 1995
2286 272
2287 471
2295 782
2295 2112
2296 1965
2299 1197
2300 1183
2301 127
2302 22
2304 2019
2307 1407
2308 1436
2309 1994
2310 2097
2313 914
2315 1014
2319 47
2320 2049
2321 1946
2323 952
2323 2101
2324 979
2327 260
2330 816
2331 51
2333 1132
2333 1394
2334 1923
2337 1072
2338 1180
2339 327
2343 1218
2344 517
2344 874
2347 838
2347 1364
2347 1366
2348 509
2352 457
2352 1469
2355 181
2359 92
2360 409
2360 721
2361 1343
2363 1564
2365 318
2369 149
2371 1183
2373 56
2374 43
2374 1541
2374 2022
2375 563
2375 1493
2376 1945
2377 1375
2378 131
2378 1873
2379 2044
2387 614
2387 1926
2390 565
2390 1695
2392 517
2398 1553
2399 1442
2401 1540
2402 1085
2402 1525
2405 1380
2410 167
2411 689
2413 1131
2415 947
2419 1410
2422 545
2422 730
2422 1145
2422 1750
2424 911
2428 1009
2430 1730
2433 2177
2434 192
2436 1004
2437 512
2438 1459
2445 455
2445 1935
2448 776
2452 2116
2458 96
2458 1404
2459 352
2459 978
2464 1160
2464 1477
2465 1329
2466 1741
2467 319
2473 93
2477 596
2479 252
2482 1242
2488 1367
2489 379
2489 765
2490 1193
2490 1369
2494 520
2497 335
2498 1485
2499 1553
2501 1753
2502 801
2503 932
2507 207
2512 455
2513 1106
2518 1914
2519 1762
2521 1959
2522 1865
2522 2020
2528 82
2532 1007
2532 2050
2533 1956
2534 897
2546 1668
2546 1765
2548 596
2549 852
2552 659
2556 1796
2558 618
2559 41
2560 791
2562 139
2566 328
2568 152
2571 7
2573 1836
2575 2062
2575 2075
2576 1769
2577 888
2577 1102
2579 564
2581 2086
2582 188
2584 978
2585 1259
2588 1020
2592 531
2592 2115
2594 1081
2596 131
2596 204
2596 1470
2596 1596
2599 889
2602 1017
2603 794
2603 2070
2607 310
2610 1873
2611 1174
2611 1976
2612 549
2615 2062
2621 1040
2622 147
2625 1499
2627 950
2628 1136
2630 1759
2631 550
2631 1071
2634 941
2639 1522
2639 1625
2642 1162
2644 1007
2648 1710
2649 1483
2653 554
2655 446
2657 980
2662 6
2662 715
2664 1548
2665 13
2665 949
2667 170
2667 1020
2671 1056
2675 112
2677 1897
2678 829
2679 1835
2681 1576
2683 1288
2683 1971
2685 400
2685 1148
2686 1856
2691 2089
2692 272
2693 1661
2694 1474
2694 1619
2697 1605
2699 433
2699 1212
2699 1686
2707 1145
2707 1397
2709 1639
2710 199
2710 323
2711 906
2711 1351
2713 474
2715 473
2723 223
2725 1173
2726 1064
2726 1962
2728 950
2729 420
2730 647
2735 170
2735 1427
2736 179
2740 1723
2742 1489
2744 1094
2746 657
2749 235
2749 2171
2750 668
2751 1907
2760 992
2761 986
2763 226
2765 601
2766 426
2766 1738
2766 2109
2767 141
2773 138
2774 659
2777 762
2779 2093
2784 49
2788 2099
2795 807
2795 1564
2798 2020
2806 505
2807 1097
2810 142
2812 598
2814 1657
2815 1792
2816 295
2819 945
2822 1844
2823 1087
2826 1922
2827 1132
2828 1087
2829 2183
2830 1902
2830 1961
2837 38
2837 188
2841 766
2842 1348
2843 311
2846 339
2846 1522
2846 1945
2849 397
2850 538
2851 559
2851 1688
2852 779
2853 152
2853 708
2854 566
2854 1890
2855 1195
2855 1202
2857 355
2858 845
2861 621
2870 1926
2874 894
2882 1074
2888 413
2888 2075
2889 93
2891 245
2892 29
2894 1167
2896 1103
2896 1268
2896 1710
2898 2044
2903 1059
2904 521
2906 1388
2910 1566
2912 26
2913 638
2916 1706
2921 1008
2923 1335
2925 1084
2928 117
2931 97
2931 1176
2931 1303
2933 1097
2934 987
2934 1678
2935 1065
2936 1213
2937 907
2939 1894
2941 95
2941 1061
2941 1451
2944 1605
2945 478
2946 1510
2948 1784
2951 1021
2951 1780
2954 1598
2958 1309
2960 1090
2963 950
2966 1913
2969 670
2971 1680
2976 785
2977 106
2983 469
2984 1033
2984 1350
2987 1089
2988 699
2989 685
2990 1785
2991 1276
2992 1352
2993 1705
2994 265
2994 1713
2998 1523
2999 275
3000 785
3002 561
3003 1562
3007 773
3008 1971
3009 1684
3011 276
3013 306
3014 1820
3015 1718
3017 163
3021 562
3022 303
3025 2002
3028 654
3028 1588
3030 1142
3031 178
3032 1854
3033 1492
3033 2092
3039 203
3040 1760
3041 479
3043 2177
3045 320
3052 1657
3053 1286
3055 774
3055 1027
3056 66
3061 683
3065 390
3066 927
3068 1184
3071 2068
3073 1167
3074 1730
3075 100
3076 1129
3076 1323
3076 1972
3077 837
3077 1123
3081 1594
3082 1933
3083 810
3089 925
3097 899
3097 1271
3100 291
3100 1161
3101 1914
3102 1680
3103 473
3112 25
3112 228
3115 2071
3117 203
3117 1059
3121 1256
3121 1930
3122 985
3123 1834
3124 26
3124 2128
3126 2106
3128 1846
3132 1153
3133 696
3136 1874
3142 643
3145 665
3145 1356
3146 1355
3147 2164
3148 1757
3152 933
3158 1428
3161 1394
3161 1466
3162 1776
3165 78
3168 469
3168 1019
3168 2009
3168 2146
3169 1311
3169 1707
3170 961
3171 1923
3173 1477
3176 607
3176 962
3178 706
3178 1125
3180 315
3183 1811
3190 56
3190 1042
3191 1702
3192 1322
3200 1385
3201 684
3201 998
3202 1379
3205 602
3206 1817
3212 331
3212 1174
3215 1024
3217 1393
3218 1461
3219 2027
3224 481
3224 1949
3224 2048
3226 1332
3227 628
3232 289
3234 1926
3236 1030
3240 308
3245 1001
3251 1604
3252 1137
3256 792
3258 1578
3263 1482
3266 1909
3269 723
3273 440
3274 251
3274 361
3274 2079
3275 1320
3275 1753
3276 1971
3279 2118
3280 114
3287 784
3287 977
3287 1094
3287 1953
3288 220
3289 1011
3298 1712
3299 660
3299 929
3302 841
3304 1067
3307 233
3311 801
3315 1630
3315 1916
3324 1513
3325 879
3325 2091
3329 18
3329 343
3329 1932
3331 1927
3333 1359
3334 2028
3336 1428
3337 1293
3340 1474
3341 100
3343 147
3344 1081
3347 1446
3348 1542
3349 2053
3349 2065
3352 667
3353 389
3353 600
3356 1026
3358 433
3368 120
3368 1495
3368 1945
3368 2043
3369 1227
3370 1105
3374 1289
3376 219
3376 548
3378 820
3379 1100
3381 69
3386 954
3386 2073
3391 1555
3392 1465
3392 2099
3396 1030
3397 1277
3402 1709
3403 59
3408 2102
3423 990
3426 1427
3438 1848
3440 1662
3442 710
3444 1454
3448 352
3448 1867
3448 2074
3451 2122
3452 191
3452 1231
3455 1825
3457 1077
3458 311
3458 743
3458 1639
3459 2024
3461 749
3462 515
3463 1482
3464 1156
3464 2126
3467 52
3471 775
3477 1291
3478 591
3483 193
3483 1933
3485 530
3485 953
3489 257
3489 1963
3490 318
3490 1556
3491 1493
3493 146
3493 222
3494 348
3497 1267
3498 1050
3500 457
3505 2080
3509 1337
3512 102
3513 954
3515 166
3517 227
3521 641
3521 1702
3521 1787
3524 85
3527 192
3532 2007
3537 1412
3538 1767
3539 138
3539 258
3540 457
3544 1349
3548 1005
3552 2177
3558 1485
3559 1628
3559 1748
3575 1103
3576 308
3576 1267
3578 118
3578 1552
3580 771
3580 2156
3581 764
3583 768
3583 2068
3587 354
3590 1233
3591 788
3591 1629
3595 668
3595 1877
3597 1184
3598 191
3601 1263
3602 245
3607 1035
3607 1665
3613 938
3613 2076
3614 143
3614 1702
3616 555
3621 561
3621 894
3622 1055
3622 1453
3625 788
3627 334
3629 664
3630 1457
3631 2134
3632 464
3633 813
3638 360
3638 397
3638 2067
3640 478
3640 995
3642 636
3642 903
3643 1326
3643 1940
3644 974
3644 1338
3645 724
3649 1913
3653 6
3656 1560
3656 1776
3657 720
3657 1064
3659 456
3661 176
3662 1019
3662 1627
3664 248
3665 110
3666 550
3671 1077
3674 1041
3677 1611
3681 1544
3682 382
3682 1349
3683 1096
3684 68
3685 136
3689 49
3689 1262
3689 1307
3690 30
3691 2159
3695 1026
3696 657
3698 1976
3703 601
3704 621
3706 1385
3708 1192
3711 1156
3714 779
3716 517
3716 2147
3721 80
3722 825
3724 540
3725 1023
3725 1069
3728 949
3730 695
3735 106
3739 1486
3740 1354
3740 1950
3742 1979
3743 89
3743 1071
3745 998
3745 1773
3746 1758
3748 1252
3749 158
3752 530
3752 540
3753 851
3753 1477
3758 1016
3759 354
3760 979
3761 2096
3764 321
3767 1884
3769 843
3772 366
3772 418
3773 1235
3773 1720
3774 939
3775 1457
3778 1630
3778 1770
3780 740
3783 1561
3784 1043
3789 951
3790 265
3791 1574
3794 1172
3795 1349
3798 368
3800 325
3800 1325
3801 1275
3804 695
3807 1348
3808 1907
3809 1224
3809 2148
3811 1673
3813 1326
3813 1602
3814 998
3815 368
3815 1356
3818 1388
3818 1466
3819 1764
3820 439
3821 1938
3832 290
3837 268
3840 760
3840 1529
3841 1018
3843 1252
3844 958
3844 1114
3845 1193
3848 1711
3849 785
3849 1921
3852 733
3852 743
3854 65
3856 1144
3858 1457
3859 70
3859 2107
3862 12
3862 1924
3863 889
3866 514
3869 956
3875 1034
3876 1474
3876 2028
3881 86
3893 2097
3894 916
3897 1211
3899 982
3902 1101
3904 1777
3904 1796
3912 1310
3913 715
3913 2061
3914 517
3915 1179
3918 1915
3920 2089
3921 1251
3925 295
3926 2119
3928 875
3929 1327
3932 263
3934 1773
3935 156
3936 895
3937 1650
3937 1871
3938 1380
3940 1918
3945 1674
3949 598
3950 1314
3951 734
3954 1283
3959 323
3960 707
3961 402
3964 915
3964 1664
3966 1783
3968 1322
3969 1907
3972 455
3972 1270
3977 1613
3982 1164
3988 544
3989 1115
3992 632
3992 1468
3994 149
3998 1029
3998 1926
4000 423
4000 753
4001 601
4002 727
4010 1484
4011 2145
4012 1632
4013 194
4019 695
4024 764
4025 2146
4026 153
4028 1540
4028 2113
4031 1721
4036 1051
4036 1092
4036 1622
4037 1707
4038 15
4039 612
4043 1496
4044 1403
4046 2129
4047 1672
4050 1842
4053 1204
4053 1808
4053 2159
4054 469
4054 695
4057 1092
4057 1690
4058 1307
4065 585
4067 1037
4068 1062
4073 923
4074 128
4074 721
4076 258
4083 790
4083 1143
4084 878
4085 2151
4089 1965
4090 84
4091 537
4092 1125
4092 1690
4094 81
4095 2021
4096 1036
4097 1216
4102 712
4103 1233
4107 425
4107 2143
4114 139
4116 2059
4120 969
4125 688
4126 1850
4128 718
4131 1053
4133 1521
4138 1655
4139 870
4139 1760
4144 792
4147 597
4154 1365
4154 1811
4155 1978
4158 2068
4161 244
4163 825
4166 1490
4171 1390
4171 1426
4174 935
4175 1471
4176 212
4176 1466
4179 580
4182 1072
4183 937
4184 1276
4187 202
4188 1894
4191 1543
4192 273
4193 554
4193 2134
4196 797
4198 27
4199 2069
4201 1093
4202 1083
4202 1475
4204 1332
4209 1149
4209 1620
4211 2161
4214 258
4214 856
4214 1215
4221 1195
4226 163
4229 549
4229 727
4230 524
4231 1826
4235 237
4237 1173
4238 10
4239 544
4239 1419
4242 1006
4246 1970
4251 123
4252 348
4252 483
4252 1670
4256 1362
4257 25
4260 569
4260 829
4260 1787
4261 1316
4262 1960
4263 1567
4268 49
4268 208
4280 1743
4286 600
4287 1436
4292 792
4292 1098
4297 1118
4299 1490
4299 1644
4304 317
4308 13
4312 1986
4314 492
4315 1976
4317 376
4322 638
4322 1726
4323 649
4324 88
4325 1431
4326 117
4326 2006
4329 437
4331 260
4333 1035
4333 1467
4336 633
4336 2024
4337 888
4338 1612
4342 1017
4344 1899
4345 955
4346 1121
4348 1460
4352 937
4353 1053
4358 597
4366 213
4366 1437
4366 2100
4371 1303
4376 2160
4384 1384
4385 1901
4390 1310
4393 1879
4397 916
4402 93
4404 293
4410 511
4410 2062
4411 1677
4414 528
4416 1208
4416 1474
4417 263
4417 2099
4418 2174
4427 1087
4429 1446
4429 2115
4431 1797
4433 261
4435 1073
4436 902
4436 2017
4444 358
4444 1969
4450 1913
4450 2041
4450 2145
4451 466
4451 1089
4452 1131
4458 551
4458 1113
4460 33
4461 769
4461 1761
4462 1505
4466 1077
4468 2021
4473 20
4474 1029
4475 1365
4476 68
4481 921
4481 1109
4482 384
4482 1600
4486 840
4487 1763
4500 1646
4501 448
4507 2066
4513 720
4515 288
4516 1246
4517 1792
4520 372
4526 2102
4530 1609
4534 468
4538 1289
4538 1480
4542 826
4544 89
4546 1470
4549 994
4552 317
4552 1224
4554 1792
4555 1647
4557 1717
4558 643
4559 802
4561 1199
4565 1572
4568 1280
4568 2164
4570 1218
4573 774
4574 391
4578 690
4579 1236
4581 1749
4585 1760
4589 1181
4592 686
4593 1499
4593 1640
4593 1772
4596 1085
4597 140
4597 629
4600 1771
4602 213
4603 804
4604 419
4604 800
4606 42
4609 883
4609 1623
4615 1179
4617 813
4617 1882
4620 436
4623 222
4623 1589
4623 1915
4624 481
4625 1032
4626 267
4626 1502
4626 2032
4630 206
4630 1306
4631 278
4632 488
4632 1766
4634 646
4635 1361
4636 691
4636 1632
4640 126
4641 586
4644 750
4645 1638
4647 154
4648 1110
4654 1928
4654 2020
4655 325
4659 1935
4662 1055
4663 1940
4664 173
4664 829
4666 746
4667 122
4668 1772
4669 32
4670 2
4670 418
4675 1072
4676 575
4680 55
4681 1341
4683 26
4686 24
4690 927
4691 736
4697 577
4697 982
4698 857
4698 1273
4698 2079
4700 939
4704 856
4704 1215
4705 976
4708 855
4714 45
4715 1031
4715 1775
4717 913
4719 1577
4723 1311
4724 1997
4727 1955
4729 1118
4730 1431
4732 1985
4741 538
4742 48
4743 1431
4747 196
4752 1959
4757 1869
4758 1040
4761 1265
4763 2110
4765 382
4769 579
4771 13
4771 426
4771 460
4774 429
4779 266
4779 1786
4783 259
4783 806
4784 238
4784 1712
4787 548
4789 1818
4791 523
4791 759
4791 1590
4796 730
4797 1891
4798 912
4800 2055
4801 417
4802 107
4804 638
4805 968
4806 423
4806 685
4806 854
4811 562
4811 1363
4815 1489
4817 508
4817 1611
4819 1285
4822 307
4822 1081
4823 1969
4824 773
4824 988
4825 747
4825 1951
4826 1195
4828 1498
4830 330
4831 646
4832 566
4833 1112
4834 835
4834 1778
4835 1657
4838 310
4839 1421
4839 1997
4839 2036
4840 464
4840 863
4840 2170
4841 501
4851 1399
4853 162
4856 483
4858 903
4858 1431
4858 1722
4858 2099
4860 630
4864 292
4864 1836
4867 1213
4870 1763
4871 1294
4874 1299
4875 611
4875 1152
4878 85
4878 1585
4879 321
4880 595
4881 1522
4882 774
4890 952
4890 1469
4897 1373
4898 349
4899 627
4900 1797
4904 811
4906 1087
4907 1808
4908 20
4909 1103
4909 1691
4913 1198
4915 566
4918 1314
4921 601
4921 916
4921 1396
4921 1828
4922 791
4923 734
4923 815
4925 258
4926 1845
4926 2153
4928 1971
4929 1225
4929 2000
4932 662
4932 2166
4935 95
4936 1507
4940 726
4940 2163
4943 386
4943 1887
4944 1206
4948 387
4950 469
4951 519
4953 771
4957 1242
4963 2038
4964 1748
4967 1322
4968 824
4970 1326
4974 643
4977 883
4978 54
4979 167
4982 879
4982 1777
4986 1000
4990 1711
4991 811
4997 341
4997 987
4997 1249
4998 39
4998 727
5000 2184
5003 1127
5004 1335
5006 400
5014 2064
5016 714
5018 199
5018 1179
5018 1546
5020 415
5022 1341
5024 568
5024 1685
5031 352
5034 875
5037 173
5037 231
5038 1842
5039 2171
5041 256
5041 919
5042 1763
5044 1854
5044 1974
5045 1857
5046 337
5051 1008
5056 1401
5058 449
5058 1350
5059 820
5063 1180
5064 1886
5065 1418
5066 1635
5069 1162
5069 1360
5071 1561
5073 816
5074 2075
5075 69
5076 682
5076 1101
5077 1531
5080 738
5080 1217
5080 1435
5080 2102
5081 959
5081 1302
5082 886
5082 1894
5083 120
5084 1406
5087 211
5088 1678
5090 290
5090 1935
5097 255
5102 1676
5103 1518
5103 2147
5107 697
5111 1471
5112 1991
5115 2113
5116 2134
5118 1019
5120 154
5130 869
5131 348
5131 855
5136 537
5136 1633
5137 2096
5139 2125
5144 1911
5145 307
5148 468
5148 713
5150 200
5151 2049
5154 1674
5157 1584
5157 1917
5158 1954
5163 1583
5165 1786
5166 1854
5174 427
5175 157
5181 2070
5182 730
5183 1946
5185 1291
5188 2111
5194 1544
5195 485
5195 783
5195 1489
5199 1861
5200 1807
5206 349
5211 811
5213 2049
5213 2102
5214 173
5219 1144
5220 391
5223 1231
5224 1379
5225 466
5226 605
5227 2133
5228 1213
5229 1500
5231 1367
5232 1445
5233 945
5238 1877
5240 782
5241 1467
5241 2135
5243 344
5243 1597
5245 93
5246 1556
5247 1447
5250 939
5250 1671
5253 1183
5253 2179
5258 436
5258 591
5259 971
5261 418
5261 1827
5264 569
5264 789
5264 2047
5267 2150
5268 1304
5273 1928
5278 765
5279 562
5280 468
5284 840
5285 2117
5287 970
5288 1285
5290 956
5297 489
5297 990
5297 1464
5301 1581
5306 1596
5308 419
5310 565
5310 2045
5312 1702
5312 2159
5315 2077
5320 144
5321 2117
5325 1039
5325 1228
5326 354
5327 637
5329 488
5330 281
5330 872
5335 1302
5336 1861
5339 802
5341 103
5343 1158
5346 696
5349 1925
5352 1514
5359 702
5364 145
5364 398
5364 799
5364 1034
5365 506
5366 696
5367 1054
5367 1530
5369 528
5369 1304
5371 1294
5372 94
5373 1363
5373 1704
5378 598
5378 1881
5381 111
5383 674
5383 1810
5385 117
5385 1066
5386 846
5386 1015
5387 120
5387 590
5390 1098
5391 1579
5400 748
5400 1455
5402 748
5403 1171
5404 448
5405 981
5406 1127
5407 909
5413 1641
5416 260
5416 1410
5418 1677
5418 1829
5424 1870
5426 547
5427 757
5427 1090
5428 1621
5430 539
5436 1765
5443 214
5444 187
5444 604
5447 268
5450 28
5451 1261
5451 1603
5452 1267
5453 803
5454 1455
5457 57
5457 1632
5459 1745
5462 189
5463 664
5464 772
5464 1032
5467 915
5467 953
5470 1894
5471 236
5473 476
5474 944
5476 1240
5476 1285
5478 1630
5482 791
5484 1953
5488 686
5489 1730
5492 271
5494 1074
5495 1911
5496 1302
5499 31
5502 1404
5503 1364
5503 1440
5506 1496
5507 43
5509 452
5511 1593
5515 656
5516 2121
5517 192
5518 1860
5519 1299
5530 2062
5531 415
5531 2081
5532 2127
5533 2012
5534 1486
5535 1689
5536 1597
5538 1598
5541 121
5541 1209
5542 524
5543 1307
5545 1535
5546 2070
5547 1125
5547 1529
5550 1375
5551 2103
5553 369
5554 865
5554 1392
5555 564
5560 254
5565 340
5565 2012
5567 15
5573 887
5577 1960
5579 640
5580 509
5581 607
5584 157
5586 1466
5587 407
5588 1251
5590 876
5590 1466
5592 458
5593 1131
5593 1587
5597 1756
5601 1327
5606 343
5607 1478
5609 772
5611 1543
5612 1489
5618 111
5619 530
5620 2000
5630 919
5632 549
5632 848
5634 1491
5637 833
5638 1640
5639 383
5641 1673
5642 1531
5643 810
5646 960
5647 1367
5649 463
5649 1842
5651 1986
5651 2145
5654 832
5655 97
5660 1260
5661 618
5662 542
5662 988
5662 1300
5666 1228
5667 1406
5668 598
5672 1382
5675 1039
5677 1590
5683 1489
5688 1064
5688 1200
5689 1793
5690 1781
5693 1398
5694 1490
5696 732
5696 1409
5698 1504
5700 1598
5701 67
5701 1371
5705 113
5708 602
5709 231
5712 95
5714 1847
5717 1873
5718 30
5719 1363
5720 320
5721 344
5722 527
5722 864
5729 350
5731 659
5732 379
5737 508
5737 1732
5738 430
5738 587
5741 1105
5743 721
5745 88
5745 1623
5754 2181
5755 977
5759 1610
5761 412
5765 730
5768 1367
5769 1301
5772 321
5772 1480
5772 1795
5773 1726
5775 1249
5778 1428
5778 2042
5783 1424
5784 2080
5785 655
5785 1259
5785 1293
5785 2108
5787 1944
5789 1458
5790 1474
5791 133
5791 583
5791 1102
5797 1856
5800 1544
5801 1391
5802 395
5804 246
5806 2111
5807 1270
5809 44
5810 1533
5811 955
5811 2046
5815 558
5816 1367
5817 470
5817 1206
5818 141
5823 572
5824 1736
5830 353
5830 886
5833 2120
5838 410
5840 791
5844 1555
5845 208
5846 1224
5849 1375
5852 1492
5853 211
5857 1664
5859 262
5860 553
5862 436
5863 996
5864 1359
5864 1897
5865 604
5870 71
5870 1979
5877 893
5877 1282
5879 399
5880 506
5885 1851
5886 2096
5894 1913
5899 69
5899 564
5899 590
5899 711
5900 732
5902 666
5903 1416
5907 1731
5909 415
5909 1158
5910 24
5914 1570
5914 1750
5915 509
5918 1360
5920 1169
5923 506
5923 877
5925 907
5926 952
5926 1577
5929 1385
5930 1171
5931 2144
5935 1516
5936 310
5937 865
5938 801
5949 491
5950 1687
5951 108
5953 593
5953 904
5953 1499
5958 426
5960 603
5961 1190
5962 134
5967 602
5970 810
5973 1513
5974 1833
5976 1669
5977 1347
5981 1590
5991 2014
5995 941
5996 1902
6004 1538
6006 681
6008 653
6008 1376
6011 282
6011 479
6013 962
6014 524
6014 857
6015 109
6015 1205
6016 222
6016 1291
6018 2116
6019 391
6023 584
6029 511
6030 1643
6032 1447
6033 38
6035 874
6035 1959

