2264 653 6336
1 1
1 40
1 213
2 314
2 385
3 57
3 163
3 298
4 145
4 200
4 265
4 375
4 432
5 3
5 92
5 143
5 169
5 262
5 550
6 79
6 144
6 195
6 315
6 327
6 612
7 538
8 448
8 618
9 82
9 234
10 38
10 563
11 81
11 142
11 520
12 23
13 527
13 602
14 20
14 155
14 166
14 440
14 609
15 91
15 374
16 360
16 566
16 621
17 557
18 81
18 438
19 16
19 29
19 515
20 320
20 524
20 567
21 374
22 359
22 379
22 469
22 536
23 400
25 309
25 605
26 294
26 335
27 421
27 480
27 523
28 104
29 34
29 181
29 376
30 266
30 598
31 172
31 236
31 453
31 589
32 21
32 47
32 145
32 283
32 428
33 62
33 281
34 17
34 40
34 364
34 473
35 338
35 621
36 62
36 69
36 197
36 372
36 486
36 510
37 585
38 30
38 233
38 282
38 583
39 619
40 204
40 453
41 336
41 450
41 468
41 586
41 637
42 6
42 313
42 325
42 626
43 94
43 159
44 418
44 628
45 265
45 389
45 493
45 539
45 581
46 271
46 552
47 333
47 355
47 573
48 349
48 488
49 489
49 535
50 555
51 445
52 9
52 21
52 203
52 551
53 243
53 393
53 463
54 411
55 56
55 627
56 238
56 439
57 264
57 433
58 46
58 286
58 631
58 635
60 79
60 84
60 121
61 163
61 371
61 537
62 245
62 409
62 649
63 205
63 217
64 486
64 534
65 83
65 177
65 441
65 559
66 338
66 435
66 535
66 539
67 391
67 461
68 140
68 262
68 365
68 393
68 451
69 78
69 141
69 331
69 391
69 543
69 594
70 68
70 351
70 469
70 493
70 520
70 565
71 279
71 338
71 383
71 565
72 80
72 102
72 174
72 303
72 449
73 43
73 83
73 124
73 342
73 370
73 516
73 575
74 138
74 491
76 32
76 354
76 387
76 606
77 129
78 9
78 174
78 188
78 193
78 230
78 261
78 349
78 467
79 142
79 348
80 36
80 288
80 337
80 541
81 29
81 422
81 466
81 488
82 65
82 222
82 373
83 174
83 637
84 178
84 217
84 289
85 175
86 177
86 358
86 495
86 627
87 244
87 409
87 434
88 210
88 453
88 612
89 347
89 579
89 591
90 53
90 533
90 548
92 113
92 437
92 483
93 141
93 301
93 492
93 580
95 46
95 102
95 464
95 643
96 101
96 521
97 90
97 510
97 647
98 54
98 382
99 235
99 275
99 291
99 610
100 81
100 589
101 269
101 373
101 381
101 501
102 51
102 67
102 243
102 535
102 642
103 495
104 126
105 646
106 445
108 71
108 137
108 384
109 54
109 222
109 504
110 132
111 171
112 29
112 340
112 560
112 640
113 107
113 160
113 326
113 385
113 510
114 68
114 232
114 261
114 319
114 542
115 122
115 159
115 295
115 317
115 576
116 117
116 214
117 519
118 190
119 71
120 22
120 449
121 212
121 304
121 374
122 43
122 84
122 157
122 275
122 583
123 227
123 361
123 392
123 439
124 128
124 593
124 600
125 61
125 103
125 306
125 466
125 515
126 158
126 258
126 272
126 500
126 647
127 140
127 511
128 322
128 524
129 193
129 235
129 305
129 573
129 598
130 263
130 451
132 45
132 129
132 512
133 207
133 339
133 469
133 605
134 28
135 45
135 249
135 540
136 93
136 462
136 539
137 455
137 593
137 614
138 103
138 148
138 300
138 344
138 356
138 423
138 636
139 243
139 436
139 459
139 648
140 190
140 593
141 305
141 441
142 493
142 552
142 572
143 210
143 484
144 344
146 141
146 239
147 15
147 60
147 102
147 128
147 506
148 137
148 369
149 420
149 486
149 588
151 176
151 374
152 281
152 348
152 562
153 425
153 613
153 640
154 160
154 305
154 573
155 204
155 510
156 189
157 231
157 522
157 568
157 606
158 84
158 137
158 359
158 363
158 490
159 351
159 397
161 51
161 187
161 497
162 135
162 298
162 555
163 10
163 222
163 292
163 358
163 405
163 456
163 547
164 63
164 191
164 338
164 469
165 64
165 149
165 518
166 351
167 331
168 327
168 433
168 575
169 105
169 477
169 547
170 225
170 281
170 487
171 98
172 148
172 404
173 178
174 273
175 88
175 620
177 301
177 617
178 31
178 534
178 598
179 192
180 190
180 436
180 463
180 543
180 559
181 22
181 494
182 365
182 390
182 444
183 222
183 426
183 523
184 2
184 133
184 249
185 577
186 21
186 338
186 359
187 225
188 500
188 628
189 218
189 254
189 418
190 33
190 75
190 258
191 168
191 245
191 477
191 538
192 2
192 274
193 297
193 355
193 457
193 528
194 8
194 102
194 571
197 5
197 185
197 296
198 136
198 433
198 544
199 194
199 357
199 560
200 187
200 299
200 308
200 418
200 528
200 552
201 111
201 286
201 325
201 493
202 63
202 409
203 107
203 342
204 576
205 50
205 65
205 79
205 273
205 304
205 492
206 359
207 417
208 63
208 147
208 200
208 239
208 246
208 340
209 459
210 79
210 151
212 131
212 421
212 610
212 611
213 205
214 126
214 235
214 567
214 603
215 325
215 592
216 62
216 114
216 334
216 426
216 445
217 83
217 153
217 221
218 60
218 559
219 292
219 453
219 577
220 279
221 36
221 417
222 35
222 126
222 533
223 175
224 98
224 131
224 159
224 171
224 304
225 42
225 340
225 567
225 629
226 159
226 534
226 540
227 189
227 543
228 423
229 85
229 129
229 229
229 498
229 554
230 299
230 378
230 647
231 35
231 360
231 409
232 216
232 256
232 262
232 382
232 628
233 156
233 282
233 573
233 615
234 35
234 92
234 115
234 192
234 252
234 442
234 491
236 40
237 376
237 417
237 618
238 2
238 267
238 452
239 78
239 457
239 513
240 427
240 430
241 31
241 255
242 14
242 179
242 607
243 76
243 107
243 124
243 522
245 71
245 119
245 233
246 107
246 145
246 201
246 477
248 181
249 13
249 97
249 118
249 139
249 190
249 244
249 316
249 392
249 457
250 363
250 601
251 232
252 155
253 339
253 424
253 441
254 1
254 114
254 165
255 31
255 304
255 351
255 577
256 326
256 348
256 370
256 414
256 443
256 563
257 124
257 402
257 572
257 628
258 435
258 449
258 643
259 152
259 208
260 92
260 643
262 427
263 47
263 411
263 416
263 454
263 599
264 405
264 485
265 114
266 582
267 97
267 149
267 198
267 271
267 531
268 34
268 415
268 542
269 146
269 209
269 241
269 362
269 399
269 475
269 561
270 239
270 414
270 592
271 209
271 261
271 390
272 20
272 84
272 98
272 106
272 288
272 337
272 433
272 630
273 138
273 242
273 468
274 181
274 385
274 455
274 467
274 476
274 562
275 244
275 322
276 57
276 273
276 445
276 537
277 3
277 4
277 79
277 237
277 603
277 612
278 593
279 3
279 25
279 610
279 611
280 161
280 488
280 492
281 12
281 624
282 534
282 569
283 64
283 96
283 431
284 51
284 182
284 241
284 370
284 447
284 637
285 153
285 624
286 308
286 416
286 454
286 541
287 171
287 298
287 324
287 426
287 647
288 7
288 215
288 255
288 546
289 142
289 395
289 468
289 496
289 498
290 194
291 1
291 523
291 582
291 599
292 134
292 233
292 337
292 531
292 606
292 617
293 74
293 123
294 170
294 210
294 275
294 303
294 479
295 150
295 242
295 589
296 4
296 35
296 389
296 598
297 87
297 121
297 437
297 644
298 387
298 455
299 114
299 314
299 478
299 566
299 578
300 239
300 314
300 331
300 588
301 111
301 374
301 507
301 581
302 127
303 151
303 380
304 4
304 45
304 86
304 108
304 410
305 188
306 176
306 491
308 189
308 579
309 25
309 171
309 222
309 482
309 646
310 80
310 599
311 204
312 196
313 138
313 169
313 384
314 124
314 390
314 412
314 508
315 42
315 115
315 258
315 385
315 486
316 229
316 287
316 401
316 586
316 641
317 98
317 187
317 244
317 386
317 426
318 23
318 90
318 113
318 491
318 553
318 559
319 107
320 245
320 544
321 184
321 241
321 387
321 545
322 109
322 471
322 560
322 629
323 80
323 462
323 474
323 607
324 332
325 62
325 468
325 495
325 603
326 607
327 87
327 574
328 143
328 212
328 423
328 472
329 340
329 560
329 617
330 10
330 116
330 145
330 327
330 333
332 452
333 181
334 44
334 198
334 260
334 428
334 458
334 477
334 551
335 449
335 467
336 236
336 268
336 496
337 21
337 141
337 524
337 610
338 74
338 405
339 6
339 389
340 163
340 455
341 112
341 195
341 248
341 293
342 52
343 196
343 347
344 45
344 426
344 477
345 56
345 128
345 202
345 341
345 551
345 644
346 129
346 204
346 268
346 388
346 629
347 16
347 24
347 218
347 351
348 159
348 195
348 268
348 512
349 27
349 459
349 474
349 569
350 290
351 317
351 318
351 468
351 568
352 70
352 150
352 642
353 97
353 605
354 363
354 422
355 246
355 391
355 554
356 157
356 351
356 577
356 620
356 629
357 240
357 274
358 30
358 63
358 114
358 204
358 453
358 482
358 606
358 635
358 638
359 24
359 33
359 198
359 307
359 581
360 91
361 184
361 214
362 122
363 308
363 326
364 230
364 271
365 101
365 265
365 360
366 76
366 594
367 47
367 117
367 447
367 452
367 607
368 491
369 235
369 307
369 419
369 532
370 266
370 267
371 406
371 639
372 454
372 490
372 649
373 48
373 112
373 494
374 476
376 280
376 282
376 524
376 548
376 632
377 192
378 83
378 281
378 347
378 522
379 484
380 491
380 595
381 209
381 212
381 482
381 651
382 307
382 494
383 198
383 560
384 93
384 113
384 207
384 485
384 641
385 83
385 216
385 482
385 627
386 168
386 562
386 586
386 589
387 3
387 51
387 98
387 208
387 497
387 599
388 216
388 285
388 334
388 509
389 17
390 15
390 131
390 260
390 410
390 473
390 543
390 609
391 175
391 360
392 87
392 143
392 243
392 259
392 616
393 109
393 172
394 498
395 28
395 412
395 449
396 490
397 322
398 34
398 272
398 635
399 117
399 174
399 355
399 434
400 76
400 110
400 529
401 62
401 145
401 335
402 18
402 206
402 274
402 334
403 86
404 7
404 15
404 258
404 360
404 438
405 164
407 48
407 111
407 283
407 505
408 180
408 229
408 400
409 196
409 294
409 317
410 524
410 619
411 15
411 311
411 464
411 502
412 18
412 33
412 195
412 257
412 311
412 592
413 529
414 372
414 432
414 572
415 319
416 27
416 92
416 155
417 28
417 328
417 358
418 274
418 435
419 108
419 213
419 228
420 241
421 1
421 228
421 505
421 599
422 265
422 475
422 600
423 240
424 236
424 269
425 232
427 23
427 143
427 395
427 456
428 368
428 399
429 19
429 445
430 83
430 127
430 283
430 368
430 515
430 633
431 640
432 14
432 68
432 82
432 448
433 17
433 367
433 382
433 504
434 111
434 200
434 333
435 321
435 644
436 108
436 158
436 564
437 604
438 85
438 86
438 270
439 381
439 527
439 645
440 189
440 415
441 111
441 186
441 328
441 411
442 80
442 648
443 12
443 29
443 218
443 333
443 414
443 420
444 69
444 163
444 298
444 330
444 383
444 563
444 613
444 619
445 1
445 500
446 43
446 119
447 203
447 281
447 433
448 163
448 530
449 41
449 143
449 188
449 410
451 34
451 213
451 536
451 625
451 632
452 285
452 508
453 153
453 273
454 294
454 460
454 538
456 76
458 85
458 97
458 177
458 307
459 113
459 136
459 311
459 319
460 83
460 481
460 523
460 576
461 279
461 476
461 488
461 552
461 561
463 25
463 70
463 166
463 211
463 398
463 648
464 433
464 477
464 509
464 622
466 113
466 613
467 214
467 313
468 70
468 418
469 213
469 379
469 459
470 542
471 77
471 175
473 261
473 317
473 334
474 58
474 379
475 20
475 141
475 337
476 299
476 355
476 583
477 332
479 525
479 545
479 559
480 532
481 177
481 434
482 477
482 480
484 277
484 310
487 21
487 87
487 345
487 577
488 47
488 476
488 594
489 142
489 159
489 370
489 434
489 534
489 559
490 33
490 317
490 371
490 649
491 431
492 377
494 244
494 600
494 618
495 137
495 150
495 355
495 632
496 303
496 444
497 257
497 381
498 44
498 52
498 282
498 350
498 552
499 227
499 252
499 277
499 528
500 46
500 171
500 321
501 417
501 460
501 539
502 83
502 236
502 605
503 30
503 75
503 144
503 155
503 507
504 250
504 605
505 38
505 461
506 492
507 21
507 87
507 279
507 515
508 105
508 249
508 267
508 569
510 123
510 161
510 536
511 65
511 591
512 162
512 173
512 444
512 587
513 1
513 25
513 124
513 241
514 401
514 563
514 641
515 125
515 163
516 212
516 323
516 563
516 577
517 349
517 575
518 116
518 130
518 370
519 63
519 121
519 557
519 591
520 284
520 368
520 451
520 644
521 73
521 113
521 114
522 258
523 208
523 377
523 459
523 484
524 118
524 235
524 328
524 433
525 256
525 530
526 154
526 483
526 522
527 131
527 294
527 425
527 577
528 292
528 395
528 593
529 363
529 601
530 49
530 175
530 336
530 507
530 584
531 48
531 120
531 406
531 460
532 154
532 156
532 466
532 497
532 632
533 48
533 58
533 81
533 481
533 503
534 355
535 164
535 181
535 295
536 444
537 421
537 490
538 615
539 10
539 101
539 327
540 124
540 332
541 310
541 345
541 586
542 260
542 353
542 384
542 495
542 539
543 150
544 181
544 504
546 122
546 425
547 460
547 485
547 538
548 152
548 161
549 5
549 354
549 445
550 559
551 80
553 261
554 250
554 310
554 376
554 397
554 427
554 572
555 160
555 309
555 587
555 637
556 414
556 534
556 535
557 10
558 74
559 156
560 72
560 118
560 612
561 160
561 263
561 382
561 548
562 144
562 326
562 373
562 493
563 257
563 543
563 547
563 592
563 598
564 129
564 600
565 105
565 188
565 313
565 416
565 614
566 28
566 275
566 619
567 33
567 215
567 217
567 263
567 379
567 608
567 641
568 20
568 168
568 275
568 350
568 545
570 514
571 177
571 286
571 338
571 381
571 446
572 126
572 185
572 408
573 168
573 629
574 43
574 158
574 359
575 493
576 130
576 214
577 110
577 200
577 404
578 201
578 506
579 69
579 271
579 353
579 430
579 493
579 586
579 628
580 283
580 577
582 329
583 14
583 334
584 43
584 76
584 578
584 651
585 93
585 120
585 208
585 634
586 26
586 85
586 91
586 149
586 222
586 225
587 598
587 611
587 615
588 182
588 196
588 289
589 87
589 229
589 278
589 409
589 423
589 467
590 74
590 375
590 579
591 107
591 639
592 320
593 49
593 198
593 232
593 651
594 513
594 584
595 622
596 181
596 190
597 419
597 578
598 110
598 218
598 233
599 295
599 419
599 442
599 616
600 169
600 548
601 5
601 358
601 389
601 429
601 435
602 56
603 243
603 320
603 538
604 86
604 506
605 158
605 369
605 470
605 567
606 203
606 236
606 558
607 8
607 247
608 75
608 268
608 422
608 646
609 200
609 293
609 610
610 43
611 146
611 264
611 323
611 369
611 420
611 558
612 45
613 165
613 435
614 28
614 504
614 628
615 539
616 63
617 5
617 153
617 450
617 513
618 317
618 423
619 184
619 438
619 520
620 100
620 165
620 231
620 449
621 181
621 316
621 393
621 468
621 541
623 309
623 419
623 557
623 573
623 627
624 50
624 234
624 587
626 84
627 253
628 137
628 563
629 164
629 318
629 359
629 390
629 444
629 547
631 151
632 149
632 178
632 191
632 266
632 286
632 638
633 159
633 176
633 267
634 120
634 156
634 636
635 222
635 295
636 138
636 210
636 275
636 407
636 431
636 497
636 547
637 106
637 221
637 225
637 337
637 646
638 31
638 387
638 563
639 137
639 606
640 333
640 388
640 488
641 143
641 168
641 209
641 228
641 324
641 479
641 586
642 403
643 79
643 246
643 258
643 371
643 418
644 276
644 515
645 92
645 150
645 356
645 362
645 381
645 384
645 521
645 627
646 495
646 637
647 82
647 381
647 594
648 183
648 343
648 392
648 608
649 82
649 344
649 523
650 16
651 125
652 76
652 271
652 333
653 455
654 593
656 28
656 178
656 394
656 457
657 110
657 305
657 549
657 631
658 48
658 163
658 193
658 376
658 504
659 103
659 161
659 199
659 215
659 336
659 531
660 415
661 48
661 136
661 171
661 208
661 526
662 311
663 333
664 108
664 217
664 218
664 453
664 478
664 648
665 58
665 426
665 578
665 594
666 362
666 501
666 565
667 68
667 322
667 575
668 337
668 620
669 79
669 477
669 556
670 294
670 440
670 534
671 117
671 533
671 635
672 599
673 193
673 614
674 108
674 218
674 532
674 611
675 287
675 471
676 178
676 380
676 476
677 370
678 175
678 431
679 566
679 583
679 638
680 308
680 557
680 609
681 43
681 124
682 220
682 404
682 611
683 142
683 376
683 377
683 430
684 200
684 387
685 132
685 150
685 311
686 557
687 28
687 61
687 98
687 382
687 415
687 474
688 47
689 39
689 133
689 214
689 427
689 606
689 637
690 598
690 602
692 451
692 469
693 275
694 234
694 269
694 297
694 341
694 649
695 7
695 164
695 528
695 546
696 286
696 503
696 573
697 103
697 148
697 365
697 464
697 584
698 73
698 180
698 218
698 370
699 315
700 341
700 359
701 271
701 535
702 45
703 242
704 359
704 435
704 611
705 405
705 489
705 595
706 208
706 324
707 385
708 93
708 206
708 347
709 159
709 269
711 53
711 460
712 139
713 13
713 90
713 137
713 328
713 351
713 534
713 648
714 172
714 331
714 388
715 19
715 28
715 249
715 387
716 261
716 326
716 421
716 522
717 66
717 98
718 358
718 524
719 39
719 630
720 108
720 269
720 313
720 334
721 88
722 230
722 327
722 390
722 420
723 102
723 109
723 476
724 277
724 480
725 5
725 131
725 185
725 470
725 476
726 250
727 232
727 334
727 605
728 326
729 190
729 477
729 650
730 85
730 346
730 471
731 42
731 142
731 501
732 152
732 365
732 483
732 533
733 71
733 226
733 256
733 277
733 483
734 247
734 551
735 255
735 330
735 398
736 258
736 349
736 558
737 195
737 457
738 395
738 523
738 607
739 62
739 161
739 621
740 158
740 385
740 577
742 175
742 226
742 232
742 294
742 465
742 536
743 25
743 65
743 127
743 188
743 547
744 74
745 264
745 546
746 77
746 518
747 537
747 566
747 612
748 31
748 77
748 452
749 329
749 409
749 474
750 423
751 90
751 256
751 355
751 388
751 590
751 607
752 309
752 495
752 498
753 170
753 173
753 180
753 341
753 541
753 577
754 104
754 482
755 95
756 242
756 553
756 653
757 164
757 195
757 203
758 42
758 261
758 643
759 347
759 476
759 506
759 612
760 335
760 402
760 553
760 639
761 511
762 180
762 319
763 27
763 99
763 141
763 334
763 368
764 118
764 204
764 225
764 290
765 15
765 495
765 510
766 337
767 125
767 253
767 494
767 533
768 144
768 259
768 564
768 580
769 13
769 15
769 441
770 323
771 18
771 201
771 333
771 545
772 151
772 299
772 420
772 519
773 3
773 310
773 342
774 10
774 51
774 162
774 564
775 286
775 336
775 380
776 113
776 344
776 429
776 643
777 243
778 206
778 554
779 111
779 164
779 354
779 548
780 640
781 352
781 604
783 110
783 348
784 586
785 36
786 33
786 35
786 199
786 326
786 379
786 567
786 576
787 22
787 83
788 280
790 12
790 13
791 179
791 248
791 268
791 370
792 146
793 256
793 431
793 510
794 71
794 486
795 517
795 534
795 560
795 651
796 526
798 274
798 336
798 446
798 605
799 444
800 148
800 199
800 414
800 480
801 247
801 406
801 483
802 247
802 578
803 374
804 341
804 395
805 54
805 218
805 229
805 435
805 543
806 337
806 530
806 545
807 321
807 360
807 441
808 449
809 14
809 164
809 177
810 27
810 120
810 155
810 157
810 209
811 95
811 315
811 364
811 540
812 72
812 253
813 337
814 126
814 220
814 229
814 588
815 96
815 213
815 261
815 602
816 188
816 314
816 331
816 358
817 284
818 152
818 249
818 269
818 408
818 506
819 139
819 226
819 640
820 550
820 612
821 312
821 472
821 499
822 65
822 578
823 93
823 484
824 307
825 360
825 563
826 109
827 45
827 180
827 298
828 68
828 289
828 566
829 28
829 81
829 394
830 147
830 226
830 306
830 531
831 108
831 570
833 379
833 563
833 652
834 177
835 230
835 237
835 646
836 166
836 374
836 414
837 80
837 351
838 565
838 611
839 437
840 40
840 592
841 126
841 408
841 572
841 608
841 618
842 55
842 190
842 301
842 324
842 426
843 27
843 100
844 347
844 621
845 282
846 291
846 502
847 52
848 319
849 9
849 63
849 187
849 274
849 490
849 629
850 580
851 35
851 71
851 299
851 471
852 214
852 599
853 146
854 149
854 199
854 201
854 211
854 264
854 566
855 130
855 275
855 438
855 450
855 458
855 623
856 105
856 221
856 651
857 4
857 97
857 372
857 433
857 623
858 103
858 530
860 104
860 173
861 168
861 284
861 368
862 115
862 280
862 485
862 560
863 462
863 591
864 446
865 82
865 450
866 55
866 195
867 466
867 564
868 298
868 363
869 95
869 256
869 294
869 306
869 588
870 17
870 77
870 380
870 412
870 643
871 288
871 477
872 101
872 145
872 285
872 630
873 94
874 540
875 255
875 525
876 186
877 436
878 52
878 217
878 263
878 410
878 491
878 499
879 380
879 635
880 18
880 239
880 281
880 286
880 406
881 170
881 288
881 388
882 31
882 82
882 140
882 246
882 250
882 482
883 246
883 511
885 444
885 461
885 530
886 30
886 98
886 132
886 275
886 338
886 479
887 203
887 648
888 303
888 393
889 15
889 50
889 493
889 537
889 568
890 144
890 227
891 34
891 202
891 215
891 336
891 390
891 507
892 199
893 23
893 324
893 507
893 599
894 177
894 557
894 593
895 204
895 326
895 600
896 9
896 195
896 380
896 525
897 190
897 343
897 500
898 106
898 234
898 456
899 277
899 490
899 514
899 585
900 7
900 532
901 131
901 559
902 194
902 527
903 574
904 273
904 361
905 72
905 342
905 434
905 446
905 522
906 246
906 375
906 420
906 513
907 44
907 67
907 321
907 333
907 382
907 549
907 608
908 42
908 202
908 386
909 364
910 11
910 358
910 407
910 497
911 304
911 468
911 577
912 79
912 92
912 469
912 479
912 557
913 82
913 152
913 166
913 167
914 10
914 343
914 492
915 116
915 181
916 24
917 216
917 242
917 271
917 564
918 330
918 369
919 56
919 122
919 434
919 635
920 119
920 225
920 514
921 137
921 533
921 559
922 73
922 451
922 505
923 35
923 619
924 87
924 289
924 455
925 285
925 416
925 488
926 121
926 546
927 149
927 390
927 565
928 358
929 27
929 68
929 234
929 569
930 152
930 331
930 555
932 211
932 571
932 591
934 85
934 123
934 381
934 572
934 575
934 609
935 37
935 177
935 434
935 448
935 635
935 652
936 116
937 285
937 365
938 44
938 66
938 98
939 152
940 183
940 328
941 75
941 93
941 115
941 643
942 7
942 324
942 501
943 145
943 214
944 331
945 166
945 193
945 297
946 137
946 335
946 545
947 1
947 325
947 484
947 613
948 113
948 310
948 438
948 472
948 506
948 554
949 335
949 399
949 416
950 31
950 118
950 162
951 449
951 496
951 568
952 454
952 618
953 4
953 71
953 97
953 318
953 437
954 152
954 581
955 53
955 336
956 72
956 432
957 94
957 368
958 36
958 77
958 480
959 106
959 216
959 528
959 541
959 628
960 9
960 492
961 1
961 124
961 623
962 384
962 539
963 133
963 212
963 328
964 614
965 491
965 510
966 77
966 155
966 256
966 296
967 104
967 153
967 616
968 78
968 285
968 434
968 643
969 289
969 303
969 501
970 82
970 438
970 511
971 10
971 297
972 148
973 155
973 420
973 505
973 540
974 36
974 255
974 333
975 45
975 201
975 347
975 598
976 74
976 94
976 326
976 356
976 543
977 183
978 517
978 635
979 123
979 411
979 421
979 609
980 328
982 178
983 265
983 267
983 488
984 302
984 444
985 20
985 189
985 474
986 43
986 552
986 570
986 589
987 165
987 170
987 182
987 309
988 150
988 289
988 330
988 356
988 638
989 217
990 142
990 495
991 23
992 147
992 210
993 557
994 36
994 141
994 226
994 339
994 629
995 342
995 424
996 271
996 515
997 370
997 392
998 192
998 240
998 318
999 140
1000 72
1001 182
1001 505
1002 91
1002 184
1002 321
1002 431
1002 514
1002 539
1003 388
1004 106
1004 432
1004 433
1004 544
1004 554
1004 558
1005 388
1005 482
1005 501
1006 35
1006 206
1006 537
1007 48
1007 385
1007 455
1007 475
1008 39
1008 646
1009 157
1009 304
1009 507
1009 588
1010 82
1010 239
1010 301
1010 536
1010 552
1011 267
1011 461
1012 205
1013 3
1013 108
1013 139
1013 419
1013 449
1014 443
1014 613
1016 246
1016 491
1018 48
1018 335
1019 33
1019 175
1019 237
1019 272
1019 340
1019 368
1020 162
1020 348
1020 571
1021 245
1021 556
1022 230
1023 339
1023 430
1023 532
1023 601
1023 625
1024 62
1024 102
1024 185
1025 136
1025 143
1025 228
1025 364
1025 414
1025 456
1025 523
1025 592
1026 295
1028 175
1028 409
1028 447
1029 35
1029 321
1031 181
1031 306
1032 146
1032 392
1032 428
1033 3
1033 244
1033 299
1033 345
1033 412
1033 631
1033 635
1035 271
1035 611
1036 45
1037 70
1037 352
1037 409
1038 63
1038 65
1038 76
1038 85
1038 188
1038 412
1038 483
1039 84
1039 260
1039 328
1039 387
1039 403
1039 442
1039 487
1040 178
1040 445
1041 26
1041 73
1041 110
1041 155
1041 403
1041 468
1041 610
1042 407
1042 617
1042 625
1043 236
1044 96
1044 126
1044 169
1044 293
1044 563
1045 172
1045 373
1046 556
1047 218
1047 315
1047 316
1047 327
1047 396
1047 557
1048 529
1048 620
1048 632
1049 168
1049 169
1049 528
1049 573
1050 83
1050 140
1050 418
1050 430
1051 255
1051 381
1051 521
1052 163
1052 477
1052 573
1053 21
1053 48
1053 91
1053 167
1053 251
1053 433
1053 516
1054 106
1054 373
1054 383
1055 43
1055 511
1055 567
1056 218
1056 500
1056 571
1057 350
1057 455
1057 509
1058 28
1059 176
1059 269
1059 304
1059 537
1059 600
1060 470
1061 219
1061 231
1061 625
1062 136
1062 251
1063 25
1063 73
1063 258
1064 383
1065 296
1065 402
1065 530
1065 566
1066 77
1066 132
1066 335
1067 13
1067 128
1067 229
1067 307
1067 411
1068 345
1069 171
1069 230
1070 76
1070 86
1071 174
1072 212
1073 93
1074 71
1074 549
1075 157
1075 193
1076 346
1076 348
1076 481
1077 68
1077 237
1077 366
1078 67
1078 180
1078 244
1078 318
1078 342
1078 357
1078 565
1078 635
1079 1
1079 176
1080 40
1080 467
1081 274
1081 432
1081 571
1081 589
1082 329
1083 473
1083 536
1083 611
1084 308
1084 570
1085 463
1086 39
1086 211
1087 32
1087 42
1087 184
1087 593
1088 333
1088 433
1088 546
1089 49
1089 359
1089 627
1090 80
1090 166
1090 239
1091 313
1091 402
1091 540
1091 582
1092 266
1092 277
1092 288
1092 492
1092 505
1093 647
1094 316
1094 577
1095 355
1095 443
1096 225
1096 518
1097 43
1097 98
1097 547
1097 589
1098 103
1098 198
1098 225
1098 359
1098 553
1099 40
1099 150
1099 243
1099 574
1100 67
1100 596
1101 153
1101 329
1101 523
1102 47
1102 376
1103 141
1103 311
1103 376
1103 618
1104 9
1104 21
1104 393
1104 579
1104 653
1105 291
1105 338
1105 470
1106 589
1107 532
1108 158
1108 181
1108 246
1108 249
1109 10
1109 301
1109 468
1110 250
1110 333
1110 345
1110 583
1110 625
1111 522
1111 523
1112 26
1112 58
1112 119
1113 186
1113 636
1114 346
1114 375
1115 22
1115 257
1115 272
1115 607
1116 327
1116 520
1116 580
1117 39
1117 94
1117 158
1117 473
1119 50
1119 615
1120 97
1120 603
1121 117
1121 158
1121 511
1122 109
1122 233
1122 335
1123 135
1123 158
1123 274
1123 369
1123 394
1123 488
1124 479
1125 319
1126 313
1126 573
1127 236
1127 257
1127 615
1128 151
1128 430
1128 481
1128 552
1129 304
1130 181
1130 520
1131 211
1131 280
1131 343
1131 396
1131 536
1132 48
1132 357
1132 388
1133 444
1133 554
1134 185
1134 308
1135 44
1135 56
1135 208
1135 554
1135 562
1135 631
1136 67
1136 143
1136 229
1136 652
1137 262
1137 547
1138 232
1139 189
1139 340
1139 648
1140 255
1140 459
1140 649
1141 221
1141 252
1142 83
1142 125
1142 618
1143 523
1143 625
1144 296
1144 566
1145 62
1145 287
1145 315
1145 581
1145 599
1146 122
1147 578
1148 77
1148 392
1149 345
1149 461
1150 20
1150 42
1150 95
1150 443
1150 573
1151 7
1151 68
1151 191
1151 481
1151 540
1151 549
1151 647
1152 61
1152 232
1152 497
1152 637
1153 1
1153 300
1153 403
1153 644
1154 469
1154 640
1155 593
1156 215
1156 279
1156 360
1156 419
1156 542
1156 555
1156 582
1157 4
1157 67
1157 295
1157 384
1157 472
1157 501
1157 526
1157 629
1158 537
1158 607
1160 153
1160 210
1161 156
1161 340
1162 109
1162 367
1163 84
1163 181
1163 251
1163 338
1163 568
1164 164
1164 213
1164 339
1164 614
1165 171
1165 403
1165 510
1166 74
1166 431
1166 442
1166 631
1167 209
1168 437
1168 518
1169 34
1169 105
1169 119
1169 413
1169 584
1170 622
1171 156
1172 405
1173 97
1173 114
1173 409
1173 572
1174 52
1174 123
1174 253
1174 254
1174 259
1176 594
1176 648
1177 48
1177 520
1178 158
1178 255
1178 325
1178 397
1178 474
1178 490
1179 112
1179 311
1179 482
1180 537
1182 325
1182 401
1183 198
1183 586
1184 178
1184 584
1185 334
1185 598
1186 14
1186 98
1186 171
1187 100
1187 308
1188 346
1188 347
1188 390
1188 484
1190 307
1190 531
1190 647
1191 6
1191 293
1192 104
1192 118
1192 549
1193 288
1193 386
1193 408
1193 448
1194 175
1194 225
1194 247
1194 397
1194 536
1194 565
1195 608
1196 217
1196 271
1196 327
1196 465
1196 491
1196 516
1197 34
1197 145
1197 195
1199 294
1199 509
1199 518
1200 313
1200 484
1200 593
1201 371
1201 407
1201 584
1202 36
1203 117
1203 397
1204 168
1204 213
1204 535
1205 315
1206 217
1206 464
1207 242
1207 512
1208 36
1208 43
1209 35
1209 362
1209 412
1209 629
1211 89
1211 167
1211 399
1211 417
1211 588
1212 29
1212 73
1212 85
1212 126
1212 338
1212 384
1212 593
1213 58
1213 236
1213 283
1214 100
1214 333
1214 471
1214 481
1214 523
1214 640
1215 512
1215 578
1216 43
1216 68
1216 478
1216 566
1217 47
1218 45
1218 271
1218 319
1218 595
1219 187
1219 200
1219 362
1220 625
1221 105
1221 144
1221 316
1221 430
1221 437
1221 502
1221 514
1222 296
1222 417
1222 561
1223 6
1223 82
1223 443
1223 462
1224 90
1224 287
1224 326
1224 474
1226 57
1226 314
1226 567
1226 620
1227 36
1227 216
1227 458
1230 4
1230 197
1230 500
1230 573
1230 629
1231 243
1231 343
1231 494
1231 589
1231 627
1232 235
1232 394
1233 421
1233 486
1233 581
1233 608
1234 158
1234 163
1234 174
1234 221
1234 379
1234 472
1235 46
1235 353
1236 80
1236 120
1236 165
1236 286
1237 44
1237 70
1237 356
1237 445
1237 535
1237 608
1238 66
1238 314
1238 501
1238 631
1239 120
1239 223
1239 346
1239 354
1239 585
1240 72
1240 78
1240 280
1240 601
1241 90
1241 377
1241 418
1241 532
1242 96
1242 123
1242 426
1242 429
1242 529
1242 581
1243 50
1243 600
1243 619
1244 72
1244 443
1246 70
1246 75
1247 130
1247 389
1247 476
1247 480
1248 28
1248 260
1248 391
1248 423
1248 500
1249 472
1249 480
1250 147
1250 474
1250 634
1250 653
1251 150
1251 378
1252 32
1253 605
1254 119
1254 174
1254 495
1254 498
1255 97
1255 359
1255 629
1256 384
1256 450
1256 577
1257 44
1257 501
1258 545
1258 591
1259 31
1259 122
1259 252
1259 308
1259 652
1261 344
1261 356
1263 286
1263 425
1263 525
1264 406
1264 416
1265 540
1266 483
1266 490
1267 362
1268 154
1268 407
1268 507
1269 25
1269 147
1269 418
1269 513
1269 525
1269 594
1270 179
1270 292
1270 553
1271 102
1272 208
1272 328
1272 397
1273 33
1273 82
1273 347
1273 623
1274 62
1274 92
1274 198
1274 356
1274 624
1275 80
1275 100
1275 204
1275 230
1275 366
1275 560
1275 638
1276 150
1276 240
1276 433
1276 483
1277 264
1277 396
1277 425
1277 509
1277 640
1278 79
1278 378
1278 387
1278 586
1279 525
1280 129
1280 520
1280 577
1281 183
1281 496
1281 646
1282 153
1282 343
1282 427
1283 120
1283 275
1283 461
1284 36
1284 73
1284 137
1284 543
1285 393
1286 445
1286 500
1287 265
1287 373
1287 620
1288 171
1288 186
1288 199
1288 480
1288 610
1289 171
1289 246
1289 353
1289 458
1289 528
1290 148
1290 332
1290 566
1291 175
1291 216
1291 265
1291 302
1291 336
1291 624
1292 79
1292 349
1293 2
1293 30
1293 527
1294 58
1294 492
1296 309
1296 473
1297 320
1297 477
1297 625
1298 85
1298 107
1298 112
1298 195
1298 243
1298 334
1299 56
1299 162
1299 213
1299 515
1299 584
1299 603
1300 179
1300 257
1300 560
1301 554
1302 588
1303 31
1303 491
1303 560
1305 29
1305 152
1306 49
1306 150
1306 393
1307 19
1307 242
1307 268
1307 275
1307 482
1307 509
1308 109
1308 225
1308 232
1308 404
1308 514
1308 586
1309 97
1309 332
1310 224
1311 21
1311 170
1311 385
1311 519
1311 526
1312 5
1314 299
1315 54
1315 184
1315 276
1315 383
1315 536
1316 6
1316 67
1316 594
1316 631
1317 35
1317 626
1318 212
1318 468
1318 636
1319 539
1319 643
1320 22
1320 494
1320 619
1321 150
1321 232
1321 233
1322 360
1322 371
1322 593
1323 454
1324 359
1324 416
1324 564
1325 219
1325 367
1326 229
1326 316
1326 518
1326 575
1326 615
1327 324
1327 386
1327 502
1327 611
1328 362
1329 59
1330 25
1331 130
1331 275
1331 342
1332 1
1332 535
1333 205
1333 332
1335 251
1336 181
1336 218
1337 8
1337 68
1337 155
1337 338
1337 353
1337 476
1338 290
1338 324
1338 594
1339 105
1339 317
1339 435
1341 403
1341 629
1341 644
1342 118
1342 158
1342 514
1343 208
1343 309
1343 361
1343 406
1343 555
1344 611
1346 9
1346 241
1346 379
1346 416
1347 206
1347 261
1347 299
1347 413
1347 489
1348 142
1348 493
1348 510
1348 559
1348 600
1349 333
1350 203
1350 290
1350 453
1350 486
1351 24
1351 44
1351 116
1351 383
1352 426
1353 138
1353 296
1353 301
1354 59
1354 70
1354 87
1354 155
1354 406
1354 419
1354 529
1354 636
1355 222
1355 553
1355 605
1357 211
1357 264
1357 625
1358 352
1358 589
1359 366
1360 356
1361 230
1362 74
1362 119
1362 143
1362 370
1363 176
1363 368
1363 400
1363 454
1363 638
1364 70
1364 353
1364 371
1364 454
1364 459
1364 520
1364 602
1366 2
1366 100
1366 102
1366 137
1366 154
1366 272
1366 540
1367 212
1368 69
1368 79
1368 174
1368 233
1368 254
1369 341
1369 456
1369 536
1369 601
1370 104
1370 202
1370 249
1370 281
1370 318
1370 365
1370 613
1371 59
1371 98
1371 101
1371 230
1373 568
1374 89
1374 243
1374 257
1374 401
1374 648
1375 219
1375 365
1375 381
1375 389
1375 447
1375 603
1376 279
1376 346
1377 434
1377 451
1377 585
1377 636
1378 306
1379 433
1380 424
1381 404
1382 167
1382 261
1382 366
1383 44
1383 387
1384 207
1384 267
1384 479
1384 495
1385 269
1385 319
1385 430
1386 127
1387 387
1388 593
1389 110
1389 534
1389 596
1390 537
1391 389
1391 598
1392 268
1393 72
1393 155
1393 469
1393 531
1394 127
1394 144
1394 189
1394 221
1394 504
1395 465
1395 550
1396 92
1396 94
1396 249
1396 459
1397 62
1397 445
1398 107
1398 376
1398 430
1399 132
1399 150
1399 632
1400 2
1400 76
1400 176
1400 313
1400 344
1400 471
1401 156
1401 259
1401 534
1402 68
1402 220
1403 174
1403 244
1404 10
1404 264
1405 512
1405 557
1405 630
1405 636
1406 372
1406 432
1406 581
1406 646
1407 256
1407 400
1408 129
1408 142
1408 216
1408 304
1408 496
1409 464
1409 577
1410 288
1410 337
1410 381
1410 607
1410 628
1411 140
1412 52
1412 151
1412 181
1413 49
1414 622
1415 234
1415 285
1415 296
1415 297
1415 575
1416 363
1416 587
1417 28
1417 125
1417 149
1417 282
1417 446
1417 476
1418 169
1418 382
1418 440
1418 459
1418 530
1419 597
1420 72
1420 264
1420 310
1420 322
1420 582
1421 95
1421 395
1421 427
1421 460
1421 603
1422 450
1423 70
1423 221
1423 383
1427 57
1427 72
1427 278
1427 347
1427 351
1427 387
1428 419
1428 475
1429 179
1429 182
1429 266
1430 381
1430 482
1430 496
1430 563
1432 335
1433 79
1433 161
1433 273
1433 471
1434 154
1434 375
1435 94
1435 109
1435 544
1436 135
1436 287
1436 290
1436 528
1437 40
1438 165
1438 397
1438 503
1438 562
1438 646
1439 201
1439 459
1439 550
1440 204
1440 224
1441 51
1441 332
1441 628
1442 103
1442 538
1442 580
1442 600
1443 127
1443 222
1443 501
1444 390
1445 88
1445 373
1446 123
1446 371
1446 517
1447 253
1447 387
1448 59
1448 414
1448 620
1449 319
1450 9
1450 96
1450 322
1450 451
1450 456
1450 600
1451 94
1451 125
1451 559
1453 169
1453 511
1453 604
1453 623
1454 60
1455 176
1455 256
1456 127
1456 285
1457 606
1458 380
1458 630
1459 321
1459 422
1460 377
1461 6
1461 354
1461 468
1461 626
1462 325
1462 389
1463 629
1464 516
1464 553
1465 505
1465 590
1465 647
1466 188
1467 487
1468 92
1468 397
1468 420
1469 348
1469 422
1469 514
1469 547
1469 589
1469 606
1470 190
1470 226
1470 559
1471 322
1472 16
1472 209
1472 240
1472 644
1473 291
1473 538
1473 542
1473 653
1474 122
1474 492
1475 186
1475 250
1475 264
1475 496
1475 499
1475 559
1476 16
1476 184
1477 101
1477 132
1478 62
1478 585
1479 314
1479 512
1480 269
1480 358
1480 557
1481 55
1481 132
1481 261
1481 284
1481 419
1481 448
1481 471
1481 580
1482 374
1482 634
1483 279
1483 543
1484 81
1484 156
1484 237
1484 555
1484 557
1485 183
1485 231
1485 394
1486 316
1486 448
1487 265
1487 490
1487 647
1488 12
1488 336
1488 430
1488 607
1489 111
1489 170
1489 380
1490 166
1490 280
1490 416
1490 631
1491 56
1491 184
1494 47
1494 181
1495 452
1495 528
1495 533
1496 211
1496 343
1496 456
1497 45
1497 173
1497 427
1497 480
1498 68
1498 163
1498 324
1499 221
1500 403
1500 488
1501 45
1501 50
1501 74
1502 127
1502 151
1502 300
1502 512
1503 44
1503 263
1503 590
1504 622
1504 632
1505 67
1505 262
1505 331
1505 365
1505 457
1505 590
1506 256
1506 474
1507 32
1507 66
1507 288
1507 338
1507 489
1507 511
1508 111
1508 627
1509 58
1509 241
1510 245
1510 609
1511 282
1511 283
1511 301
1511 341
1511 512
1512 376
1513 145
1513 151
1514 162
1514 236
1514 282
1515 63
1515 74
1515 344
1515 352
1516 405
1517 89
1517 564
1518 525
1519 103
1519 185
1519 424
1519 441
1519 466
1520 484
1521 363
1521 566
1522 49
1523 28
1523 58
1523 403
1524 264
1524 564
1524 584
1524 639
1525 41
1525 81
1525 250
1525 403
1525 428
1526 17
1526 37
1526 263
1526 266
1527 507
1528 85
1528 249
1528 256
1528 552
1529 135
1529 238
1529 322
1529 603
1530 72
1531 575
1531 619
1532 42
1532 335
1532 509
1532 544
1532 589
1533 72
1533 106
1533 245
1533 653
1534 207
1534 370
1535 345
1535 408
1535 487
1536 35
1536 172
1536 382
1536 466
1536 516
1536 570
1537 421
1537 633
1537 649
1538 107
1538 197
1538 246
1538 327
1538 349
1538 455
1539 68
1539 92
1539 276
1539 521
1540 42
1540 56
1540 83
1540 118
1541 83
1541 94
1541 347
1541 468
1541 605
1542 125
1542 145
1542 331
1543 155
1543 454
1543 515
1544 321
1544 560
1544 572
1545 217
1545 505
1546 51
1546 236
1546 283
1547 6
1547 98
1547 150
1547 329
1547 591
1547 641
1548 39
1548 83
1548 284
1548 315
1548 577
1549 73
1549 369
1549 377
1549 427
1549 506
1549 550
1550 208
1550 218
1550 528
1550 643
1551 291
1551 397
1551 399
1551 404
1552 404
1553 240
1553 272
1554 527
1554 642
1555 26
1555 196
1555 587
1557 5
1557 94
1557 127
1557 313
1557 523
1558 27
1558 47
1558 443
1559 154
1559 198
1559 484
1559 518
1560 358
1560 565
1562 378
1562 385
1562 575
1563 262
1565 275
1565 498
1565 524
1566 255
1566 635
1567 182
1568 317
1568 384
1569 29
1569 121
1569 313
1569 629
1570 373
1570 580
1571 570
1571 582
1572 333
1573 207
1573 346
1573 562
1573 645
1574 111
1574 613
1575 48
1575 142
1575 196
1576 268
1576 417
1576 575
1577 478
1578 207
1578 322
1578 383
1578 431
1578 467
1579 35
1580 34
1580 151
1580 222
1580 631
1581 48
1581 635
1582 147
1582 209
1582 477
1582 588
1583 310
1584 24
1584 79
1584 187
1584 191
1584 344
1585 40
1585 250
1585 285
1585 432
1585 540
1585 593
1585 595
1586 330
1586 510
1586 524
1586 653
1587 643
1588 1
1588 149
1588 377
1588 504
1588 532
1589 161
1589 284
1589 421
1590 177
1590 355
1590 443
1590 490
1590 641
1591 10
1591 285
1591 321
1591 584
1591 646
1592 74
1592 382
1592 478
1593 211
1593 588
1593 627
1594 33
1594 318
1594 586
1594 593
1595 537
1595 576
1595 595
1596 273
1596 401
1596 505
1596 588
1596 622
1597 138
1597 340
1597 601
1598 191
1598 229
1598 280
1598 465
1599 1
1599 100
1599 339
1600 259
1600 336
1600 361
1600 571
1601 51
1601 112
1601 127
1601 218
1601 320
1601 373
1601 539
1602 123
1602 272
1602 369
1603 137
1603 183
1603 445
1603 547
1605 308
1605 311
1605 448
1606 458
1607 614
1607 636
1608 112
1608 290
1608 291
1608 390
1608 436
1609 128
1609 172
1609 194
1609 206
1610 80
1610 466
1611 140
1611 201
1611 421
1611 496
1612 283
1612 535
1613 257
1614 483
1614 553
1615 274
1615 289
1615 538
1615 562
1615 603
1616 359
1616 565
1617 302
1618 436
1618 439
1619 132
1620 90
1620 237
1620 284
1621 494
1621 648
1622 77
1622 89
1622 265
1623 76
1623 118
1623 436
1624 5
1624 558
1625 131
1625 293
1626 203
1626 323
1626 371
1626 544
1626 564
1627 110
1627 346
1628 583
1629 247
1629 593
1630 236
1631 144
1631 487
1631 540
1631 570
1632 108
1632 112
1632 237
1632 420
1633 17
1633 632
1634 31
1634 139
1634 237
1635 383
1635 503
1636 32
1636 181
1636 363
1636 561
1637 185
1637 268
1637 371
1637 407
1638 129
1638 225
1638 504
1639 310
1639 523
1640 273
1640 505
1640 596
1641 281
1642 109
1642 304
1642 596
1642 644
1643 347
1644 303
1644 430
1644 636
1645 92
1645 99
1645 140
1645 209
1645 247
1645 389
1646 171
1646 316
1646 471
1646 541
1647 291
1648 188
1648 542
1649 17
1651 34
1651 213
1651 256
1651 328
1652 303
1653 26
1653 123
1653 219
1653 384
1654 59
1654 533
1654 602
1654 621
1655 158
1655 441
1655 607
1656 397
1656 431
1657 9
1657 72
1657 197
1657 212
1657 284
1657 337
1657 640
1658 331
1659 210
1660 229
1660 507
1661 1
1661 153
1661 414
1662 8
1662 181
1662 447
1663 120
1663 250
1663 284
1664 383
1664 549
1664 550
1665 536
1666 53
1666 182
1666 429
1666 471
1667 227
1667 290
1667 634
1668 8
1668 198
1668 235
1669 71
1669 539
1669 634
1670 177
1670 221
1670 544
1670 598
1671 71
1671 100
1671 379
1671 461
1672 273
1672 456
1672 576
1673 313
1673 420
1675 492
1675 517
1676 186
1676 214
1676 262
1676 266
1676 515
1677 197
1677 383
1677 479
1678 89
1678 149
1679 62
1679 224
1679 292
1679 300
1679 544
1679 598
1680 186
1680 341
1680 595
1681 240
1681 344
1681 517
1682 30
1683 354
1683 409
1684 58
1684 258
1684 353
1684 526
1684 551
1685 291
1685 620
1685 633
1686 142
1687 40
1687 350
1688 415
1688 444
1689 549
1689 572
1690 121
1690 333
1691 233
1691 304
1691 315
1691 397
1691 403
1693 35
1693 69
1693 230
1693 254
1693 326
1693 332
1694 14
1694 264
1694 506
1694 624
1695 119
1695 211
1695 290
1695 499
1696 174
1696 363
1697 23
1697 340
1697 392
1697 419
1697 461
1697 521
1698 153
1698 319
1698 579
1698 636
1699 408
1699 558
1700 192
1700 213
1701 77
1702 93
1702 379
1702 644
1703 82
1703 472
1704 272
1704 556
1706 116
1706 196
1706 295
1706 452
1707 217
1707 444
1708 81
1708 140
1708 148
1708 406
1709 178
1709 204
1709 498
1710 304
1711 215
1711 261
1711 288
1714 489
1715 231
1715 308
1715 328
1715 350
1717 302
1718 13
1718 634
1719 145
1719 562
1719 622
1721 73
1722 411
1723 161
1723 290
1723 377
1724 14
1725 371
1725 468
1725 598
1726 363
1726 393
1727 299
1727 651
1728 384
1728 405
1729 199
1729 243
1731 32
1732 121
1732 208
1732 443
1733 312
1733 395
1733 552
1733 652
1734 184
1734 253
1734 356
1735 12
1735 107
1735 452
1736 179
1736 423
1736 620
1737 161
1738 141
1738 200
1738 469
1739 119
1739 202
1739 379
1739 526
1739 621
1740 268
1740 356
1740 480
1740 539
1741 421
1741 597
1741 601
1742 208
1742 290
1742 588
1743 228
1743 634
1744 7
1744 653
1745 212
1745 520
1746 582
1747 30
1747 292
1747 338
1747 402
1747 610
1748 238
1748 562
1749 314
1749 341
1749 458
1749 552
1750 150
1750 192
1750 453
1750 579
1751 16
1751 23
1751 200
1751 302
1751 650
1752 16
1752 57
1752 109
1753 262
1753 608
1754 57
1754 579
1755 143
1755 305
1755 338
1755 374
1755 383
1756 206
1756 315
1756 448
1756 457
1756 512
1757 60
1757 132
1757 162
1757 301
1757 624
1758 399
1758 410
1758 504
1760 479
1760 498
1761 380
1762 557
1762 570
1762 620
1763 243
1763 248
1763 500
1763 609
1764 107
1764 319
1765 306
1766 18
1766 106
1766 337
1766 626
1767 272
1767 294
1767 453
1767 594
1768 82
1768 215
1768 349
1769 522
1769 545
1770 167
1770 300
1770 426
1770 562
1771 44
1771 88
1771 285
1771 588
1773 73
1773 81
1773 324
1773 537
1775 230
1775 415
1776 120
1776 458
1776 577
1776 586
1777 179
1777 329
1777 625
1778 171
1778 245
1778 461
1780 272
1780 332
1780 379
1780 621
1781 19
1781 382
1782 147
1782 215
1785 301
1785 574
1787 42
1788 230
1789 154
1789 385
1789 388
1789 542
1791 128
1791 140
1791 170
1791 247
1792 156
1792 425
1792 473
1793 595
1794 113
1794 122
1794 233
1794 446
1794 476
1794 622
1795 501
1795 505
1795 551
1796 129
1796 385
1796 530
1796 561
1797 269
1797 403
1798 372
1798 439
1798 524
1799 214
1799 480
1799 543
1799 600
1800 236
1801 500
1802 133
1802 241
1802 518
1803 306
1804 513
1804 591
1805 63
1805 124
1805 379
1805 541
1805 605
1806 125
1806 444
1807 306
1808 511
1809 60
1810 160
1810 231
1810 420
1810 481
1811 15
1812 124
1812 518
1813 226
1813 246
1814 43
1814 128
1814 199
1814 237
1814 516
1815 120
1815 426
1815 569
1816 232
1816 298
1816 525
1816 633
1817 298
1817 435
1817 586
1818 53
1818 264
1818 497
1818 616
1819 38
1819 329
1819 363
1819 623
1820 98
1820 128
1820 361
1820 539
1821 81
1821 181
1821 214
1821 249
1821 394
1822 294
1823 311
1823 376
1823 544
1823 547
1824 8
1824 650
1824 652
1825 2
1825 218
1825 354
1825 542
1826 192
1826 212
1826 433
1826 508
1826 641
1828 157
1829 182
1829 312
1829 431
1829 446
1830 32
1830 96
1830 221
1830 229
1830 243
1830 507
1830 631
1831 286
1832 214
1832 314
1832 358
1833 123
1833 411
1833 432
1834 253
1834 316
1834 428
1835 388
1836 151
1836 229
1836 465
1836 559
1837 112
1837 242
1837 439
1838 101
1838 119
1838 165
1838 505
1839 177
1839 475
1839 653
1840 157
1840 242
1840 612
1841 156
1841 307
1841 342
1841 509
1842 105
1842 160
1842 628
1843 243
1843 305
1843 422
1844 16
1844 513
1844 574
1844 640
1845 476
1846 46
1846 66
1846 76
1846 243
1846 630
1847 80
1847 114
1847 410
1848 249
1848 296
1848 358
1848 540
1849 35
1849 373
1850 198
1850 455
1850 467
1851 71
1851 308
1851 320
1851 461
1852 323
1852 397
1853 57
1853 129
1853 284
1853 374
1854 326
1854 419
1854 431
1855 110
1856 23
1856 75
1856 134
1856 183
1856 564
1857 73
1857 116
1857 183
1857 254
1858 123
1858 490
1860 439
1860 468
1860 545
1860 611
1860 653
1862 20
1862 122
1862 216
1862 314
1863 362
1863 483
1863 548
1864 560
1864 629
1865 208
1866 220
1867 42
1867 176
1867 243
1867 362
1867 653
1868 56
1868 283
1868 353
1869 10
1869 162
1869 187
1869 253
1869 625
1870 65
1870 70
1870 142
1870 308
1870 500
1871 168
1871 620
1872 107
1872 268
1872 388
1872 398
1872 614
1873 44
1873 244
1873 275
1873 299
1874 262
1874 275
1874 327
1874 538
1875 328
1875 455
1875 619
1875 644
1876 488
1876 598
1877 181
1877 237
1877 605
1878 37
1878 166
1878 433
1878 582
1878 604
1878 635
1879 200
1879 361
1880 227
1880 248
1880 311
1880 518
1880 649
1881 255
1881 351
1881 363
1881 534
1881 623
1882 36
1882 159
1883 239
1883 457
1884 605
1885 144
1885 619
1886 582
1887 20
1887 460
1888 222
1888 565
1888 572
1889 645
1890 190
1890 237
1890 339
1890 484
1891 354
1891 491
1892 23
1892 160
1892 528
1893 66
1893 248
1893 326
1893 391
1894 168
1894 290
1894 369
1894 373
1894 488
1895 143
1895 478
1895 565
1896 566
1896 619
1897 417
1898 449
1899 111
1899 287
1899 320
1899 509
1899 556
1900 115
1900 195
1900 274
1901 153
1901 204
1901 291
1901 358
1901 394
1901 401
1902 27
1902 218
1902 385
1903 594
1905 416
1905 587
1905 614
1906 9
1906 13
1906 251
1907 163
1907 629
1908 28
1908 254
1908 452
1908 526
1908 629
1909 92
1909 358
1910 192
1910 272
1910 504
1910 625
1911 15
1911 464
1911 653
1912 79
1912 227
1912 382
1912 431
1912 641
1913 19
1913 40
1913 251
1913 525
1913 601
1913 653
1914 369
1914 581
1915 347
1915 465
1915 541
1915 581
1915 593
1916 132
1916 563
1916 645
1917 256
1917 397
1918 570
1919 319
1920 96
1920 175
1920 213
1921 488
1923 98
1923 371
1923 480
1923 652
1924 385
1924 631
1925 101
1925 396
1925 401
1927 84
1928 259
1928 284
1929 57
1929 159
1929 433
1929 587
1930 318
1930 387
1930 506
1931 134
1931 246
1931 284
1932 155
1932 231
1932 308
1933 155
1933 280
1933 356
1933 412
1934 7
1934 57
1935 22
1935 115
1935 477
1936 308
1936 444
1936 491
1937 12
1937 337
1937 357
1937 468
1938 406
1938 583
1939 71
1939 142
1939 143
1939 310
1939 413
1939 428
1940 93
1940 254
1940 285
1940 427
1940 569
1940 570
1941 266
1941 322
1941 474
1941 477
1941 572
1942 40
1942 64
1942 353
1943 173
1943 278
1943 485
1943 571
1945 466
1946 83
1946 310
1946 430
1946 460
1947 10
1947 484
1948 195
1948 356
1948 373
1949 591
1950 5
1950 41
1950 349
1950 488
1950 552
1951 529
1952 419
1952 513
1953 285
1953 523
1954 49
1954 285
1954 315
1954 546
1954 605
1955 151
1955 306
1955 337
1956 104
1956 206
1956 571
1957 485
1958 24
1958 114
1958 440
1958 514
1959 189
1959 514
1959 520
1959 621
1960 183
1960 219
1960 323
1960 608
1961 144
1961 308
1961 508
1962 11
1963 119
1963 177
1963 288
1963 494
1964 453
1965 136
1965 310
1965 413
1965 512
1965 609
1966 114
1966 580
1967 346
1967 531
1968 387
1969 326
1970 39
1970 236
1970 309
1971 434
1971 520
1972 538
1972 577
1972 600
1973 76
1973 89
1973 437
1973 630
1974 144
1974 166
1974 350
1974 374
1974 471
1975 171
1976 50
1976 186
1976 459
1977 77
1977 81
1977 245
1977 309
1977 369
1977 401
1977 588
1978 101
1978 241
1978 255
1978 281
1978 506
1979 107
1979 338
1980 318
1980 413
1980 559
1980 566
1981 88
1981 264
1981 517
1981 527
1982 212
1982 624
1982 646
1983 6
1983 300
1983 510
1983 602
1984 390
1984 543
1985 28
1985 112
1985 532
1986 45
1986 119
1986 172
1986 312
1986 608
1987 37
1987 177
1987 488
1987 603
1988 412
1989 358
1989 390
1990 132
1990 293
1991 96
1991 226
1991 291
1991 387
1994 200
1994 651
1995 79
1995 576
1995 600
1996 610
1997 113
1997 218
1997 340
1997 551
1998 131
1998 138
1998 353
1999 41
1999 436
1999 535
2000 364
2000 465
2000 520
2001 440
2002 86
2003 258
2004 156
2004 250
2004 378
2004 406
2005 17
2005 217
2005 394
2006 7
2006 97
2006 198
2006 631
2007 379
2007 390
2007 540
2008 489
2009 533
2009 535
2010 141
2010 162
2010 589
2010 629
2011 74
2011 601
2012 485
2013 115
2014 463
2014 642
2015 205
2015 231
2015 432
2016 2
2016 60
2016 74
2017 451
2017 563
2018 77
2019 71
2019 380
2020 38
2020 96
2020 220
2020 412
2020 454
2020 515
2021 143
2021 441
2021 460
2022 41
2022 214
2022 522
2022 608
2024 150
2024 209
2024 218
2024 397
2024 546
2025 205
2025 359
2025 619
2026 175
2026 176
2026 299
2026 530
2026 600
2027 40
2027 188
2027 242
2027 284
2027 578
2029 74
2029 244
2030 192
2030 508
2030 559
2030 589
2031 45
2031 493
2033 13
2033 27
2033 138
2033 213
2033 594
2034 249
2034 515
2034 535
2034 552
2035 19
2035 493
2035 541
2035 580
2036 584
2037 127
2037 248
2038 173
2039 616
2040 80
2040 373
2040 579
2041 459
2042 234
2042 412
2042 486
2043 58
2044 169
2045 107
2045 230
2045 362
2045 450
2045 485
2046 153
2047 147
2047 260
2048 1
2049 210
2049 376
2050 319
2050 354
2050 580
2051 118
2051 213
2051 362
2051 548
2052 144
2052 271
2053 163
2054 216
2054 233
2054 468
2055 57
2055 448
2055 503
2056 5
2056 212
2056 562
2057 110
2057 585
2058 140
2058 291
2058 496
2059 203
2059 316
2059 366
2059 631
2060 277
2060 315
2060 556
2061 95
2061 407
2062 403
2062 511
2062 581
2063 242
2063 598
2064 511
2064 567
2065 54
2065 80
2065 156
2065 158
2065 554
2066 15
2066 159
2066 301
2067 453
2067 643
2068 150
2069 100
2069 307
2069 337
2069 452
2070 153
2070 236
2070 308
2071 374
2072 113
2072 136
2072 216
2074 60
2074 139
2074 254
2074 391
2074 423
2075 110
2075 151
2075 480
2075 535
2077 130
2078 15
2078 340
2079 442
2079 486
2080 123
2080 533
2080 540
2080 553
2081 91
2082 51
2082 264
2082 455
2082 609
2083 101
2083 542
2084 232
2084 480
2084 525
2085 319
2085 362
2085 465
2085 610
2086 24
2086 351
2086 465
2087 146
2087 160
2087 331
2087 404
2087 436
2088 158
2088 159
2088 225
2088 300
2088 627
2089 408
2089 556
2089 587
2089 612
2090 296
2090 419
2091 110
2091 317
2091 398
2091 415
2092 83
2092 456
2092 572
2093 185
2093 219
2093 391
2093 526
2093 642
2094 66
2094 228
2094 241
2094 458
2094 497
2094 579
2095 479
2096 24
2096 351
2096 427
2097 53
2098 34
2098 270
2098 479
2099 242
2099 493
2099 499
2099 530
2100 49
2100 123
2101 95
2101 146
2101 467
2101 483
2101 509
2102 15
2102 98
2102 368
2103 444
2103 625
2104 84
2104 393
2104 545
2105 62
2105 298
2105 642
2106 104
2106 183
2106 424
2107 137
2107 523
2107 533
2109 232
2110 28
2110 99
2110 122
2110 247
2110 266
2111 23
2111 67
2111 366
2112 89
2112 523
2112 536
2113 265
2113 459
2113 652
2114 21
2114 38
2115 196
2115 202
2116 170
2116 643
2117 233
2117 315
2117 513
2118 385
2119 40
2119 221
2119 247
2120 499
2121 268
2121 332
2121 376
2121 644
2122 75
2123 264
2123 332
2123 339
2123 434
2124 161
2124 212
2124 603
2125 256
2125 370
2125 520
2126 22
2126 175
2127 68
2127 194
2127 247
2127 346
2128 313
2128 376
2128 583
2129 19
2129 25
2129 148
2129 397
2129 481
2129 539
2130 154
2130 162
2130 480
2131 48
2131 630
2132 492
2132 578
2133 8
2133 42
2133 211
2133 267
2134 169
2134 236
2134 418
2135 322
2135 338
2135 628
2137 45
2137 174
2138 48
2138 210
2139 101
2139 608
2140 26
2140 59
2140 91
2140 115
2140 236
2141 34
2142 52
2142 261
2142 274
2142 452
2143 270
2143 433
2143 505
2144 538
2145 71
2145 94
2145 314
2145 575
2145 588
2146 316
2146 480
2147 57
2147 498
2148 232
2148 299
2148 374
2148 615
2149 311
2149 503
2150 57
2150 88
2150 241
2150 388
2150 468
2151 296
2151 356
2151 366
2152 22
2153 177
2153 220
2153 263
2153 311
2153 353
2153 446
2153 555
2154 194
2154 550
2155 7
2155 128
2155 281
2155 525
2156 9
2156 299
2156 503
2157 120
2157 287
2157 289
2157 312
2157 525
2158 650
2159 289
2160 228
2160 391
2160 459
2160 474
2160 476
2161 54
2161 268
2161 289
2161 345
2161 617
2162 109
2162 545
2163 135
2163 326
2163 581
2165 111
2165 177
2165 282
2165 311
2165 511
2166 129
2166 155
2166 521
2166 627
2167 340
2168 164
2168 342
2169 67
2170 338
2170 397
2171 32
2171 214
2171 428
2172 44
2172 528
2173 11
2173 643
2174 3
2174 214
2174 537
2175 363
2175 621
2176 39
2176 373
2176 380
2176 418
2176 541
2177 344
2177 432
2177 520
2177 610
2178 26
2178 350
2179 88
2179 215
2179 249
2179 435
2179 563
2179 583
2180 26
2180 264
2180 417
2181 28
2181 75
2182 99
2182 174
2182 321
2182 576
2183 120
2183 612
2184 87
2184 437
2184 453
2185 224
2185 570
2186 152
2186 460
2187 168
2187 295
2187 467
2188 42
2189 252
2189 305
2189 334
2189 526
2189 643
2190 534
2191 123
2193 209
2193 371
2193 406
2193 474
2194 126
2194 290
2194 311
2194 628
2195 165
2195 214
2195 236
2195 329
2195 443
2195 448
2195 518
2196 135
2196 152
2196 185
2196 451
2196 615
2197 32
2197 283
2197 343
2197 427
2198 218
2198 321
2198 375
2198 593
2199 226
2199 607
2200 164
2200 165
2200 343
2200 387
2200 403
2200 468
2201 118
2201 179
2201 379
2201 413
2202 341
2202 444
2202 634
2204 136
2204 381
2204 434
2205 35
2206 135
2206 187
2207 248
2208 111
2208 366
2208 628
2209 26
2209 200
2209 359
2209 584
2210 17
2210 333
2211 198
2211 285
2211 353
2211 407
2211 505
2212 497
2213 174
2213 427
2214 40
2214 92
2214 228
2214 373
2214 414
2215 191
2215 480
2215 487
2216 329
2217 123
2217 137
2217 166
2218 282
2218 510
2219 109
2219 126
2219 129
2220 106
2220 108
2220 612
2221 106
2222 88
2222 114
2222 566
2223 111
2223 149
2224 276
2224 506
2224 643
2225 5
2225 114
2225 519
2225 585
2226 546
2227 451
2227 637
2228 113
2228 243
2228 504
2228 650
2229 174
2229 190
2229 452
2230 198
2230 336
2231 186
2231 248
2231 523
2232 305
2232 379
2232 522
2232 559
2233 278
2233 350
2233 474
2234 162
2234 231
2234 402
2235 58
2235 274
2235 362
2235 428
2237 47
2237 124
2237 408
2238 78
2239 341
2239 529
2239 544
2240 29
2241 74
2241 260
2242 54
2242 357
2242 500
2242 557
2242 629
2243 155
2243 171
2243 261
2243 491
2243 499
2244 336
2244 460
2244 514
2246 63
2246 276
2246 361
2246 535
2248 173
2248 184
2248 441
2248 539
2248 618
2249 4
2249 42
2249 133
2249 142
2249 223
2249 246
2249 322
2249 566
2249 577
2250 22
2250 246
2251 11
2251 127
2252 235
2252 367
2252 369
2252 572
2253 35
2253 275
2253 277
2253 449
2253 471
2253 480
2253 586
2253 649
2254 288
2254 484
2254 572
2254 573
2255 217
2255 507
2255 570
2256 1
2256 105
2257 291
2257 412
2257 583
2258 650
2259 138
2259 198
2259 300
2259 335
2259 345
2259 613
2260 136
2260 200
2260 347
2261 597
2262 381
2263 223
2263 438
2264 18
2264 121
2264 629

