270 7496 182
1 1
1 166
2 5405
6 889
6 3881
8 3809
17 185
20 7323
21 5966
22 2519
23 2128
25 6032
26 3338
27 64
28 2497
29 7296
30 160
30 4612
30 5484
31 2091
33 6977
34 4568
34 6056
34 6217
35 4823
37 831
37 6473
42 6205
43 5994
44 1658
44 6265
46 7038
47 1155
47 3960
48 463
48 3271
51 1704
52 6270
52 7183
54 5248
55 1499
55 4830
60 5899
61 2653
61 3797
62 6580
63 2974
63 4897
64 6959
66 6916
72 6091
73 5458
74 5028
76 1821
76 2905
77 5067
78 4767
79 4453
81 2306
86 2385
88 5297
89 6747
90 5848
92 3762
96 5983
98 5391
99 6225
100 2302
101 5110
102 1380
104 2486
104 4133
105 4823
106 3222
107 3420
107 4730
109 7220
115 4492
117 5384
118 5527
119 2079
120 218
122 1032
122 1455
123 1004
128 2819
129 2078
130 2798
130 2949
132 4227
132 4845
132 6604
133 3593
134 963
135 6314
137 3108
137 5378
142 2034
145 7274
149 6120
150 4677
151 2200
152 2081
152 2119
152 6182
154 1984
154 3165
157 4745
157 7245
165 5982
165 7261
168 6565
169 3517
176 5177
177 2250
179 219
180 1414
181 6904
182 6375
185 246
185 2580
186 4976
188 347
188 5456
189 2812
190 6651
192 5857
193 3232
195 6504
197 4739
197 6599
198 4384
198 7496
199 2166
205 7274
206 1191
207 2187
207 5055
208 3278
209 914
212 1938
214 2654
214 7162
218 2265
220 3444
223 584
227 708
228 2041
228 2827
228 5170
229 282
229 1009
231 1203
231 5753
232 4844
236 6958
237 2706
239 6248
241 2921
243 4222
245 2511
245 7170
250 184
253 3654
254 56
255 2291
256 3513
257 2660
258 2241
258 6021
259 6662
260 5642
261 1015
261 5274
262 511
263 3891
264 12
266 5818
267 4473
267 6835
269 4899
270 3284

