5639 8473 2046
1 1
9 4116
18 8380
19 2493
23 8205
24 6974
29 717
29 3748
29 7464
39 7564
39 8079
43 3164
45 488
45 6833
49 793
50 782
50 1236
50 4722
57 2194
63 2574
66 3271
69 3448
70 7118
77 7578
82 5769
83 4533
88 3360
90 4030
91 8079
92 6699
95 5865
98 3255
98 8156
99 216
99 3471
99 7802
100 2521
106 8174
107 5520
114 7117
116 4465
116 5205
123 1264
126 174
127 5411
127 6477
128 7433
129 1887
131 6554
134 3348
135 5163
136 1977
137 4934
137 5387
138 2724
138 7454
141 5986
145 1485
146 7275
147 5124
148 4006
148 6944
155 516
156 7276
161 424
161 478
161 6827
164 2911
165 1005
165 2919
166 2621
166 5086
168 2539
168 7926
169 1603
169 3463
175 4944
177 7030
180 8115
186 6041
189 6910
189 8291
200 5716
200 6876
201 1135
202 8160
203 6495
205 551
211 5910
223 1920
223 5514
223 5791
224 3485
224 7814
233 2155
235 46
237 3176
237 4417
238 78
240 7470
242 388
244 7945
261 2482
262 2804
268 1792
268 4541
271 3450
271 6808
273 4604
281 7881
284 4064
285 4267
285 7103
287 2726
289 2724
289 6496
290 453
292 3191
294 7232
298 7644
298 7923
300 536
302 796
306 4024
306 6141
308 741
320 5902
322 1250
324 839
325 6844
328 6970
337 1
342 401
345 6038
351 6293
352 225
352 506
352 2378
352 8226
357 4792
357 5404
358 4101
361 5518
361 7490
363 2951
364 1573
369 7697
373 2698
374 8352
378 7283
378 7999
383 2221
390 1549
390 6237
391 6819
392 5119
392 7369
396 4372
399 2892
399 3588
402 6132
403 962
403 3240
403 6698
403 7025
407 2757
411 824
412 2153
414 3849
415 1167
416 5086
420 2279
420 2822
423 1869
423 5027
429 4559
430 6499
431 1864
431 3513
432 7648
433 2978
434 6908
442 3797
445 2544
452 817
452 8416
456 5041
458 1425
462 938
466 1776
474 1160
475 3997
478 3120
479 8138
483 7853
486 91
486 5811
488 1728
488 4291
489 5207
490 2576
493 6576
499 6562
502 234
506 1375
509 5047
519 2498
524 2164
527 2505
528 6080
530 3400
532 87
532 5035
534 6570
535 1554
536 2242
546 6037
549 7895
557 2228
557 6508
559 1627
562 2609
563 7963
566 3932
567 564
570 3803
580 1138
582 8290
585 727
587 7551
590 5768
599 7013
599 8213
601 3818
607 3859
618 8091
620 4341
621 431
622 4737
625 6502
626 7535
628 4843
629 3345
633 7863
634 8412
641 1082
641 3821
641 4429
643 5378
644 7972
647 2790
653 4250
654 5106
654 6865
656 1638
659 1241
668 2923
671 2731
678 3757
695 3113
695 8407
698 5096
702 4258
704 7017
706 7275
719 4882
722 441
724 2075
725 2504
731 5654
741 7942
743 1484
745 2050
745 6768
748 5774
748 6778
759 1780
761 3293
764 678
766 2176
766 5750
769 6528
781 3539
782 875
785 6228
791 4780
791 7594
793 2757
802 8026
803 4553
806 7380
807 929
808 5901
809 7012
810 1371
815 3853
816 5660
817 778
817 4102
820 1181
821 8105
831 3253
833 843
834 7154
839 2214
844 6283
849 4278
849 8076
852 2509
860 1949
864 3208
864 7551
865 2725
867 3971
868 5375
873 6728
874 388
879 1802
879 5497
885 6254
886 3928
888 5567
893 7113
894 1092
894 3463
894 3742
895 942
901 8428
906 275
908 5351
918 8394
923 1079
923 5917
924 822
924 6024
925 2442
927 2984
928 6111
931 1853
937 3569
938 2687
941 5164
943 7482
944 5701
945 2878
951 1561
951 3376
954 2898
960 3567
960 5454
960 6513
962 3774
966 2591
970 2371
976 1783
976 3073
977 142
978 1640
979 262
980 4697
982 3562
987 1355
990 6676
999 2474
1006 4365
1008 3864
1013 5080
1022 3112
1028 113
1038 218
1038 2847
1041 44
1041 1699
1042 5477
1048 5601
1051 5064
1060 891
1060 2237
1061 2625
1068 7110
1071 4259
1074 433
1075 1281
1077 4659
1081 4759
1086 7686
1090 4714
1107 5549
1113 7730
1120 100
1121 676
1123 2871
1127 2748
1127 5232
1128 3868
1128 4287
1128 5225
1131 652
1132 6697
1133 141
1133 2584
1133 8079
1136 4200
1146 3710
1147 61
1150 4820
1150 6123
1151 1971
1151 2141
1154 3911
1154 5707
1160 7017
1161 291
1163 1625
1163 3843
1163 6106
1163 7558
1163 7932
1166 1992
1166 5965
1168 6015
1170 4438
1170 8358
1172 6498
1175 5582
1178 8467
1185 5442
1190 4977
1192 8374
1194 1439
1199 7451
1200 3805
1200 4974
1202 3041
1204 1838
1207 636
1207 2597
1207 7179
1210 7327
1211 6701
1213 6933
1214 4997
1215 614
1220 4490
1226 114
1227 1744
1229 3534
1230 627
1233 6477
1236 3356
1238 3021
1241 204
1242 4431
1244 749
1245 645
1246 2778
1246 3980
1255 2537
1257 824
1257 7605
1262 4493
1266 1412
1266 1887
1267 3484
1268 3698
1275 456
1279 3286
1279 8270
1283 663
1285 3301
1288 1860
1291 5295
1301 7405
1304 4989
1304 5598
1311 3351
1311 6301
1313 1315
1316 6065
1321 316
1322 516
1324 6984
1332 1691
1332 3742
1332 6522
1332 7587
1333 2998
1333 3465
1334 3471
1335 3738
1340 3932
1341 621
1342 5395
1343 6047
1346 411
1347 4876
1349 565
1353 7641
1354 2879
1358 4095
1359 3034
1361 8030
1368 406
1373 6145
1376 6364
1377 6412
1381 8326
1388 6743
1392 3513
1398 4015
1401 1135
1402 3343
1409 4146
1409 7427
1410 7382
1413 7642
1419 3249
1421 3824
1424 4999
1435 3690
1445 5584
1446 365
1446 4042
1446 7916
1448 6412
1449 8456
1451 3181
1453 4985
1457 4146
1459 1239
1463 4569
1468 515
1468 6648
1475 939
1476 437
1479 7758
1480 7001
1482 6509
1484 6585
1488 5476
1492 2370
1494 1669
1495 7571
1496 610
1499 2415
1499 5295
1507 5088
1511 4612
1516 4480
1518 5877
1521 412
1523 3010
1523 6964
1527 5429
1528 3159
1528 6940
1528 7132
1533 8263
1534 7402
1535 270
1539 375
1540 2632
1541 4516
1544 4807
1548 6408
1549 8054
1554 403
1555 2097
1563 5667
1564 106
1565 3736
1566 473
1569 3119
1569 5481
1573 5520
1576 2778
1577 3625
1579 4069
1580 5473
1581 2612
1583 2193
1584 5066
1591 3411
1594 1043
1595 2741
1596 6959
1598 1416
1610 5995
1613 4652
1616 2176
1616 6963
1618 1571
1619 1338
1619 1799
1622 5840
1626 5230
1627 3895
1628 5753
1636 4592
1636 5675
1638 4760
1640 3066
1646 797
1647 5914
1648 1406
1654 2775
1656 8354
1657 6358
1658 8382
1660 147
1660 4802
1661 3651
1664 1314
1665 7247
1666 6967
1672 1837
1673 5220
1674 5899
1679 4214
1680 7373
1682 3916
1682 7530
1683 3862
1685 6366
1688 2090
1690 5825
1690 7624
1690 8412
1696 3788
1696 6707
1701 677
1706 449
1706 5922
1708 4572
1708 6115
1709 1125
1710 7408
1713 1059
1719 6080
1724 3393
1726 1893
1743 1884
1743 5148
1748 7409
1763 866
1766 4744
1773 5904
1774 1443
1780 5867
1781 3203
1783 4429
1785 2907
1785 4137
1792 3922
1798 3298
1799 1014
1800 5297
1806 7134
1807 3850
1807 5506
1808 4547
1815 4809
1815 5212
1822 7021
1834 6981
1836 5138
1836 6102
1836 8157
1838 7171
1841 4589
1845 3662
1852 6799
1853 5178
1864 3808
1865 2780
1866 3895
1868 5246
1869 2387
1884 2498
1886 4672
1888 1025
1893 2930
1894 7712
1897 7115
1898 2412
1903 1969
1904 1057
1909 5845
1910 7028
1912 1462
1913 8364
1917 5324
1921 8028
1923 1956
1926 5277
1927 7771
1931 3326
1932 3593
1935 944
1937 5792
1938 4387
1943 2632
1944 4412
1947 864
1948 7851
1951 2798
1954 2875
1954 3927
1957 7615
1959 216
1959 4750
1965 5891
1967 2584
1967 3044
1968 4679
1970 1754
1971 3114
1971 7143
1974 1091
1975 7293
1977 3557
1978 915
1978 5859
1983 6034
1984 4194
1986 4983
1990 2764
1991 7782
1998 5551
2002 4997
2002 6653
2003 3821
2003 7785
2009 6520
2019 1163
2019 6356
2021 673
2028 4861
2033 985
2035 5706
2037 1289
2041 7743
2042 5042
2043 6196
2047 7881
2052 1367
2053 7917
2064 5363
2065 4991
2071 5905
2073 7787
2074 4537
2090 3428
2093 4113
2096 6769
2100 8380
2103 5787
2108 4321
2118 7061
2118 8304
2119 1891
2121 4383
2126 6767
2128 1359
2128 4363
2131 163
2133 911
2134 4415
2135 6198
2140 3679
2142 4558
2148 6873
2150 569
2151 6434
2153 2889
2157 2869
2158 6873
2161 3993
2162 3479
2172 6924
2180 6979
2181 5816
2183 1946
2183 3616
2184 260
2184 2102
2186 5498
2192 6012
2192 6172
2193 1092
2202 6450
2203 4340
2204 3255
2212 553
2212 1644
2217 2684
2217 6327
2220 3244
2221 8262
2224 1781
2225 5656
2225 7159
2229 1882
2229 4817
2229 7382
2231 613
2231 6846
2232 712
2232 3738
2238 1728
2239 1631
2239 3525
2248 6197
2249 7698
2250 8025
2253 6308
2254 3372
2256 963
2264 1802
2264 8168
2266 86
2266 5992
2270 2363
2275 7531
2277 904
2280 538
2282 2099
2285 1042
2287 4686
2295 4091
2296 6045
2297 4869
2301 6225
2303 6939
2307 5338
2309 6488
2312 1172
2315 7431
2317 395
2322 7116
2326 6521
2326 7288
2326 7347
2331 7546
2332 6733
2334 217
2337 2690
2337 7079
2339 2789
2339 7020
2340 6214
2350 3376
2351 2219
2353 5448
2355 905
2357 6458
2368 2545
2369 1436
2371 5348
2375 3940
2379 1549
2379 3742
2379 3890
2380 2811
2380 3488
2380 6913
2384 229
2384 757
2384 6155
2397 2762
2405 1110
2409 8158
2412 7295
2412 7880
2415 3572
2417 3603
2418 2926
2418 5581
2422 1233
2422 5196
2424 7632
2428 4938
2429 5946
2434 8118
2435 3885
2439 6961
2445 393
2453 7472
2460 3232
2462 7537
2463 3940
2465 895
2465 3051
2474 113
2475 5647
2480 5639
2487 3727
2492 2160
2498 1009
2499 633
2500 3142
2501 4572
2505 990
2505 4037
2506 5428
2509 5807
2512 7619
2513 2567
2516 6528
2517 447
2524 4663
2525 307
2525 1433
2527 2647
2530 2605
2531 7847
2534 2248
2535 7108
2540 1547
2540 5318
2543 6948
2546 4200
2546 5698
2548 6653
2550 2794
2554 2448
2561 8416
2562 1118
2563 3342
2564 1987
2569 5865
2585 3231
2589 5017
2591 53
2597 7339
2600 7914
2609 4369
2612 4079
2617 3216
2619 4516
2622 1747
2623 8203
2624 1741
2626 5113
2629 2864
2630 5013
2637 824
2640 5802
2641 2644
2645 2548
2645 4976
2649 5201
2650 7681
2663 1607
2668 2082
2670 1796
2672 8321
2674 335
2677 5904
2695 5565
2697 8385
2704 881
2704 2313
2706 4249
2709 5708
2710 5531
2712 4167
2713 5420
2713 5711
2713 7498
2714 1700
2718 1576
2719 2469
2722 5495
2724 4014
2724 4995
2725 4973
2726 6259
2728 388
2729 1256
2729 3523
2730 6294
2739 1524
2743 5477
2747 2862
2755 3050
2755 7450
2758 5609
2761 598
2761 2517
2761 3863
2762 2546
2767 1673
2768 4854
2770 2206
2772 4856
2773 1827
2777 574
2777 4613
2779 7353
2783 31
2784 5966
2785 5901
2786 3929
2787 6048
2792 2670
2795 6344
2803 6000
2805 97
2807 6944
2808 6139
2809 240
2809 1857
2814 7643
2820 6843
2821 4970
2824 7220
2825 8115
2831 1122
2833 1020
2835 2331
2837 1135
2838 7358
2839 8394
2845 3680
2845 6711
2849 4266
2849 4926
2853 2198
2857 1419
2857 3554
2864 7774
2866 746
2867 5482
2874 3323
2885 3574
2885 6442
2890 166
2892 7014
2913 6159
2914 4876
2917 3495
2919 2023
2921 8333
2923 3517
2924 8246
2928 4607
2929 900
2930 6658
2935 1958
2936 5255
2940 1923
2952 6281
2956 1873
2956 6540
2960 6354
2963 316
2968 558
2968 892
2969 5125
2972 3525
2972 8472
2974 2710
2977 7115
2981 2020
2982 2434
2985 1128
2991 5381
2992 1449
2992 4972
2995 6937
2999 4871
3001 3013
3006 6598
3011 7873
3013 2710
3014 5698
3014 6727
3018 2900
3018 4794
3018 7312
3020 469
3020 5370
3023 2150
3024 32
3026 828
3028 1564
3028 6600
3029 6448
3035 7266
3039 4608
3041 5353
3042 4369
3048 2751
3048 3464
3050 8050
3054 425
3058 6754
3069 1000
3072 2967
3077 8028
3079 344
3083 6565
3084 1839
3087 7274
3093 1613
3096 1848
3098 8279
3101 5432
3104 7440
3107 602
3109 5794
3110 6025
3112 5981
3114 7072
3118 3721
3122 4016
3129 2501
3130 6445
3132 4464
3135 4645
3138 3682
3139 3352
3140 418
3143 1971
3146 5368
3149 7385
3151 4244
3155 2918
3160 8018
3162 4995
3166 8184
3167 367
3167 493
3169 6650
3182 203
3185 5648
3187 4920
3194 4684
3194 6699
3198 1251
3199 7057
3217 6191
3222 7489
3232 6005
3233 7096
3239 1907
3239 6143
3240 3234
3241 7512
3242 6807
3243 7258
3245 7832
3254 377
3256 3991
3259 8139
3260 1717
3261 2715
3261 7689
3267 5012
3272 7805
3277 1367
3277 6854
3279 6020
3284 3435
3285 3934
3287 217
3289 7410
3294 1876
3296 1433
3297 7635
3300 4331
3314 2119
3317 1351
3328 4856
3336 624
3341 4121
3342 1859
3344 633
3354 2637
3356 6387
3357 1041
3357 1572
3358 5545
3359 1262
3361 7888
3363 7269
3365 4656
3367 5195
3368 2735
3369 1822
3373 7034
3375 699
3378 5297
3382 8117
3386 3748
3386 6034
3396 1460
3397 6950
3400 1330
3400 4913
3404 7855
3411 895
3412 4194
3413 5886
3415 4199
3419 543
3421 7243
3424 6251
3425 3668
3425 7798
3428 2747
3428 5873
3433 7748
3436 3100
3438 2446
3440 3595
3440 6210
3446 6454
3448 4358
3454 4813
3454 6057
3457 2737
3458 2414
3463 7715
3465 2602
3465 5335
3468 4506
3468 6665
3470 3319
3470 8325
3474 1295
3474 2608
3475 5474
3478 1360
3478 4472
3481 4958
3490 7631
3491 581
3494 867
3496 1150
3496 7832
3500 4231
3500 4674
3500 6277
3502 4514
3504 1671
3506 3994
3510 6210
3511 6419
3516 3997
3518 5796
3524 2617
3526 6733
3527 3468
3528 2832
3529 8219
3535 504
3543 5558
3544 7832
3547 420
3551 2773
3552 5953
3563 1180
3565 4951
3571 7591
3572 6652
3576 2466
3577 8102
3579 4123
3588 4101
3589 6324
3592 5001
3594 8160
3597 699
3600 135
3607 3534
3614 8094
3620 4059
3623 2771
3623 3228
3624 5775
3624 6665
3630 6170
3631 6054
3638 7207
3648 2648
3648 8028
3649 4968
3651 5888
3658 6606
3661 6620
3664 6073
3670 6525
3671 4893
3673 1742
3674 5800
3680 3035
3681 2749
3686 611
3687 5699
3688 2406
3689 5734
3692 2678
3694 7380
3696 4029
3696 7486
3699 6036
3704 2308
3706 4120
3712 7314
3713 410
3716 6091
3718 5329
3723 815
3724 3554
3725 7470
3727 2686
3731 4179
3734 4587
3736 3745
3737 834
3737 2538
3740 1122
3745 7999
3746 5684
3748 1796
3751 4634
3752 3139
3756 5727
3759 6981
3760 6600
3761 7342
3762 2328
3763 3794
3763 7857
3764 2386
3764 2411
3765 7800
3766 353
3773 7314
3774 1577
3775 4975
3779 6638
3781 5123
3785 1216
3792 7324
3794 7668
3798 5334
3799 950
3806 7191
3808 2957
3808 6530
3810 3261
3812 40
3813 4051
3816 4290
3816 6691
3817 7885
3819 4330
3819 4487
3820 8330
3821 6990
3824 1954
3825 2246
3825 4308
3833 3879
3836 6076
3841 3156
3843 7330
3852 1911
3853 1423
3856 904
3864 1041
3867 3054
3868 1755
3869 122
3869 2846
3875 4232
3880 3773
3884 2109
3884 2214
3885 443
3889 1451
3891 3700
3899 2282
3903 8390
3909 1748
3909 3320
3913 2812
3914 786
3917 2678
3918 5708
3918 5732
3920 6344
3932 6012
3938 3440
3940 1658
3940 5532
3942 7306
3943 567
3948 5694
3951 5756
3953 1702
3956 137
3958 6673
3963 2784
3966 224
3970 6290
3979 202
3982 4729
3986 5638
3987 2564
3989 3
3991 810
3996 7434
3997 6115
3999 5374
4002 253
4009 2595
4017 2086
4017 8002
4022 6659
4027 8172
4030 3256
4031 3174
4034 6694
4036 7787
4037 3269
4037 5730
4037 7120
4045 2872
4048 3818
4048 6260
4049 6533
4050 4391
4051 3769
4054 4845
4058 128
4060 7541
4062 619
4064 8337
4070 428
4072 6110
4073 6308
4080 5776
4081 2649
4083 6996
4093 6091
4094 649
4094 6891
4096 4770
4097 3596
4097 3622
4099 5551
4103 6904
4105 5604
4107 8318
4108 5499
4108 6950
4110 1047
4110 4943
4111 7386
4116 681
4116 5138
4119 2755
4126 2759
4126 6554
4127 4319
4128 4054
4130 3412
4133 1217
4134 6002
4135 2228
4136 5223
4144 1957
4148 4786
4150 392
4150 4819
4151 6633
4155 1357
4159 8461
4160 2696
4160 4548
4170 6489
4171 5949
4175 25
4183 4415
4187 5435
4188 7796
4196 4475
4196 6637
4198 3087
4200 3592
4203 7262
4209 2270
4213 1594
4213 8036
4213 8038
4214 7763
4217 4479
4224 2073
4225 3943
4227 3626
4228 4307
4229 2078
4229 2250
4230 2869
4231 5838
4232 3307
4234 2624
4245 6133
4249 2538
4256 5812
4258 654
4258 2721
4258 3705
4265 2192
4265 2647
4265 4564
4265 6995
4266 6626
4268 638
4272 174
4273 392
4274 2332
4274 5249
4277 4664
4277 6228
4285 8338
4287 97
4287 3345
4288 6001
4292 4777
4297 5520
4301 4420
4302 2813
4305 2562
4305 4050
4305 5626
4315 1330
4319 6193
4325 5317
4327 3094
4328 3229
4329 4414
4329 5971
4329 6090
4330 599
4338 6514
4338 7827
4339 5858
4344 2696
4344 8150
4345 4395
4348 2777
4354 8218
4357 4951
4358 707
4358 6472
4376 2357
4378 6845
4378 7981
4381 6603
4384 5788
4385 5707
4387 2482
4389 5169
4391 2887
4397 3111
4400 4729
4400 8096
4402 1615
4407 620
4408 3140
4408 7345
4413 3485
4414 2060
4415 701
4415 1227
4417 610
4421 4794
4424 3681
4424 5216
4426 7201
4427 8055
4428 6217
4431 6205
4433 3800
4441 713
4442 5456
4448 7635
4450 3712
4462 8285
4464 398
4464 1443
4466 8464
4467 4714
4468 3719
4471 3623
4474 2342
4474 2344
4476 4054
4477 6461
4478 4186
4480 7757
4496 6599
4497 5276
4497 6337
4501 5811
4504 2941
4514 1280
4517 5792
4527 3298
4527 5579
4530 6510
4532 6536
4532 6757
4532 7832
4534 62
4535 6882
4538 749
4538 1416
4539 8200
4540 3701
4543 2192
4544 3925
4545 2261
4545 3494
4547 4464
4549 174
4552 1932
4556 5653
4565 4526
4565 5322
4565 6328
4573 389
4573 4861
4580 3735
4581 13
4582 2485
4587 7462
4591 5755
4592 6442
4595 3877
4596 5298
4598 1743
4598 1823
4598 6856
4599 311
4600 1385
4601 4986
4603 6460
4604 2021
4604 6712
4605 1372
4605 3253
4608 7353
4608 7896
4609 8470
4610 5543
4611 1116
4612 8081
4614 7838
4617 6494
4618 4856
4620 2439
4622 602
4626 7402
4628 8403
4632 4661
4632 8188
4640 7668
4642 5
4643 1615
4661 3100
4661 7370
4662 3074
4663 4913
4665 6216
4668 6061
4672 585
4676 8156
4681 4154
4683 3791
4684 6334
4684 6930
4685 4034
4685 6969
4692 1832
4694 7777
4698 726
4701 601
4702 289
4710 2531
4719 7890
4723 3921
4725 1067
4725 6916
4726 1786
4729 6200
4730 7046
4731 3440
4732 1990
4741 8144
4747 8299
4754 3001
4757 1874
4761 5828
4768 541
4773 6162
4774 3321
4774 4399
4782 5286
4783 6165
4789 7703
4792 7736
4793 5905
4795 6064
4795 6152
4796 1202
4796 1480
4801 3541
4806 7347
4808 1384
4812 6389
4813 512
4816 7493
4818 8195
4818 8329
4820 762
4820 1869
4821 2125
4822 7390
4824 633
4824 7222
4825 4096
4826 4521
4834 7269
4839 158
4840 3064
4841 1891
4843 6515
4847 4290
4848 5452
4851 590
4854 2473
4855 1264
4857 4992
4858 7674
4860 2863
4861 5679
4862 447
4863 5891
4863 6798
4865 6903
4884 3899
4884 3933
4895 5778
4896 4909
4905 5994
4910 228
4910 5850
4917 6008
4917 7600
4918 4784
4919 5135
4921 2833
4927 7617
4928 2611
4933 6226
4934 1014
4935 6720
4939 1266
4943 4427
4945 6674
4949 2052
4950 50
4950 8028
4954 81
4957 86
4958 5212
4961 2623
4969 5424
4969 6026
4970 5654
4972 1494
4975 6
4976 814
4977 4791
4978 1001
4978 2225
4981 7275
4982 2314
4989 3293
4989 6723
4992 7902
4993 8225
5001 6988
5003 167
5005 7074
5006 8450
5015 178
5016 6533
5020 5491
5026 1958
5027 1866
5027 3380
5032 6761
5042 5438
5042 8172
5043 7981
5045 1612
5045 7943
5046 7060
5047 5166
5048 6285
5053 1325
5057 7968
5060 3131
5062 7369
5068 3242
5070 2231
5072 743
5075 7611
5077 1053
5079 139
5083 1826
5087 3876
5087 6017
5089 4721
5091 4007
5093 8127
5104 5350
5109 6347
5112 3894
5113 4043
5122 891
5124 5703
5127 6165
5140 6679
5141 2022
5141 2601
5142 479
5143 2684
5144 4476
5144 6699
5145 2986
5149 5998
5150 2558
5151 2112
5155 4327
5155 6936
5162 5698
5167 853
5167 3784
5169 1518
5170 8437
5172 1280
5173 2149
5174 1622
5178 4486
5178 6677
5183 688
5184 2826
5185 201
5187 1440
5189 3705
5193 2701
5204 6277
5205 2346
5206 5715
5206 5782
5214 2783
5214 8223
5215 7105
5220 1735
5220 3772
5223 1806
5225 6727
5227 2398
5228 2211
5229 678
5229 3135
5229 7937
5230 148
5230 372
5231 5296
5233 6016
5235 5767
5235 7730
5241 3173
5241 7637
5242 372
5244 5699
5247 2224
5254 5377
5259 5467
5262 2905
5266 2228
5267 3150
5267 6482
5269 8138
5271 2847
5271 5073
5272 2579
5275 7175
5277 5924
5277 7449
5288 92
5288 4951
5288 5812
5288 6461
5295 2578
5297 5755
5298 334
5300 4095
5301 1632
5305 902
5308 4386
5311 6546
5313 5603
5316 386
5317 5266
5322 7731
5325 1006
5325 3740
5327 4460
5333 476
5335 2237
5337 5474
5341 3435
5347 7019
5348 7762
5354 7065
5358 6731
5358 7743
5360 6461
5361 179
5362 420
5364 4026
5366 260
5368 5636
5371 4937
5373 2325
5373 7367
5380 7995
5385 679
5387 1038
5388 4648
5392 4889
5393 4294
5395 3057
5399 6425
5400 4168
5400 7626
5405 2617
5405 4569
5411 3441
5414 5233
5418 2056
5423 5781
5424 803
5425 1205
5425 2144
5428 6275
5433 679
5435 8121
5440 7456
5446 5886
5447 913
5451 876
5459 403
5460 3489
5461 2700
5462 2368
5466 5625
5474 4380
5478 6413
5479 5603
5479 8133
5480 2214
5481 4148
5481 4240
5481 6016
5483 112
5485 5137
5487 1713
5491 5175
5492 3777
5493 7869
5495 1570
5505 2420
5514 4212
5516 6515
5516 8044
5517 8099
5519 5762
5521 965
5524 4414
5525 724
5529 6842
5531 8108
5536 5155
5542 779
5542 3077
5545 5321
5547 1825
5551 479
5554 5583
5554 6312
5554 6828
5556 3787
5558 6794
5564 2167
5564 2612
5579 5093
5581 3896
5583 7596
5583 7661
5584 3062
5584 4763
5584 8272
5587 6381
5590 7541
5591 5976
5598 7762
5599 4046
5599 4729
5601 5095
5602 4423
5603 6617
5604 678
5604 1971
5604 3475
5605 6212
5610 10
5612 4442
5616 7982
5621 6203
5622 3649
5623 1630
5629 6920
5634 5599
5635 1479
5635 7311

