7921 7625 2375
1 1
2 4777
4 7517
5 7167
11 3923
14 1642
17 255
17 6124
19 3481
22 2888
27 3863
27 4257
29 3143
39 1512
39 3273
42 140
43 7605
49 461
49 5666
52 5982
53 3552
54 1054
60 6313
63 5497
64 3968
66 6222
71 3347
74 1839
79 2875
83 3446
86 7382
87 3137
87 4662
116 6599
118 4982
118 6468
120 4492
120 6519
124 2898
128 803
129 5594
132 468
133 7082
140 2503
149 1023
153 5667
156 1526
163 6595
166 3635
168 2289
170 6564
172 6907
173 7446
178 3092
180 3044
182 3648
185 738
185 1501
185 3073
189 3410
191 5934
198 6781
206 1193
213 4
221 2945
223 1842
224 797
224 6299
225 2661
229 4351
236 6952
238 6005
239 4756
241 1767
241 6186
250 2556
251 4283
252 5867
258 7093
261 7287
263 3603
265 922
265 4326
266 6048
268 402
269 6312
270 7164
273 2892
276 2833
279 1123
281 1039
285 3596
288 5750
291 2439
299 213
300 2757
305 6218
309 1831
313 4856
320 7411
321 3071
322 6808
323 5346
326 5545
330 72
334 3903
335 6815
343 5480
344 3475
345 2515
355 4377
355 7458
356 587
359 6921
360 2958
362 3471
363 4742
366 2548
366 5104
372 6620
374 6735
378 1818
392 2952
392 6537
394 3068
396 6810
397 1296
401 1016
401 1619
404 3092
407 6903
414 1071
421 661
426 192
434 6210
440 4039
444 7416
448 2052
453 1932
454 393
461 4961
463 2679
466 6878
471 1498
476 549
479 2997
482 2432
483 2302
484 2630
485 1856
491 7301
498 2097
505 7354
507 301
516 4128
526 3793
532 2848
536 5850
538 7327
539 7568
542 7449
548 5852
548 6595
553 6744
555 3261
555 6445
556 5753
560 929
560 2644
560 4015
566 864
566 1224
566 2480
571 7437
574 320
576 2603
576 6086
578 1093
580 171
580 4744
582 2575
586 5500
588 4016
596 3576
597 6758
600 1442
605 4193
614 6413
619 4902
624 701
626 6170
635 2426
635 6545
638 2822
642 2873
644 5005
647 5662
651 3861
655 5671
657 2200
658 1436
662 674
662 3403
662 7605
665 1760
668 4619
670 4773
673 3849
679 4970
679 7611
681 6943
683 4176
683 6565
687 5718
698 2196
700 5118
706 5786
706 7300
707 137
707 3099
709 2307
710 5787
718 6745
718 7359
722 3675
726 2779
727 5622
730 4698
734 6138
736 650
738 6002
750 5784
753 2166
753 5403
758 2429
771 876
774 5251
774 6058
775 2850
779 1574
782 7073
783 3739
783 4543
787 1447
789 3019
793 5421
805 2660
806 865
810 6166
814 582
814 1005
815 5968
823 7092
826 3093
828 822
828 2164
828 6787
831 2815
840 3938
855 712
858 7011
861 3871
862 3536
867 2134
867 7190
870 154
873 5426
874 2575
875 6863
878 1649
881 2864
889 4014
890 848
891 1704
897 3933
897 4566
900 5536
902 5192
903 3206
904 5359
905 3119
906 3572
909 345
913 5963
915 6423
917 6797
918 533
918 1224
921 4355
922 931
926 68
929 1843
930 3238
934 6036
940 721
944 7179
945 726
945 4193
951 5255
956 1504
958 7501
959 6810
964 2768
965 1465
969 2754
973 6605
977 4669
978 1736
991 98
994 2574
994 2978
995 6560
1004 468
1006 4902
1008 6931
1009 2421
1013 3790
1015 5662
1021 5830
1023 1734
1026 4739
1037 3412
1038 1340
1040 2222
1043 318
1048 2571
1048 5322
1054 6025
1059 4515
1061 6956
1065 4211
1066 1348
1068 7162
1071 4633
1072 3614
1073 2702
1073 7063
1075 1344
1076 709
1083 7002
1085 6383
1094 1810
1096 612
1099 910
1109 5096
1109 6105
1111 484
1111 2106
1113 6325
1114 4756
1117 6151
1119 4827
1123 4903
1127 1129
1129 1345
1131 2412
1131 2741
1138 1169
1140 5895
1142 3184
1145 6643
1146 4975
1146 6687
1147 7576
1154 1393
1154 6858
1160 5002
1163 3001
1182 4163
1183 5809
1185 1850
1185 4171
1185 5870
1188 334
1197 3567
1201 6366
1202 3622
1208 7395
1209 5356
1217 3359
1221 2614
1222 7040
1231 5298
1232 4587
1234 880
1234 2666
1236 1269
1236 2498
1238 431
1240 4179
1242 1251
1243 4542
1245 2538
1246 522
1253 1141
1253 2106
1255 1264
1259 465
1265 1373
1266 5377
1269 5275
1273 425
1273 5913
1274 2116
1276 5195
1286 1445
1289 4519
1297 1455
1304 4253
1307 5961
1308 2535
1319 372
1319 6448
1320 402
1323 3664
1329 6313
1332 4302
1335 2720
1335 4914
1345 1906
1350 2340
1353 6175
1373 2316
1376 4614
1380 3913
1384 3635
1385 5707
1396 6213
1400 5065
1402 3853
1411 2437
1412 2669
1412 6497
1414 5097
1414 6618
1418 2754
1419 1029
1419 7358
1421 5009
1424 7483
1425 3109
1431 5378
1433 1842
1434 3280
1434 7446
1444 370
1444 2023
1445 3390
1457 1238
1466 768
1475 4264
1477 4351
1477 6150
1481 4647
1492 5683
1497 2660
1500 5206
1508 2126
1508 7503
1512 6036
1516 945
1517 2750
1523 1295
1527 1290
1527 2099
1528 3910
1540 2294
1540 3975
1541 654
1541 1334
1543 4811
1545 642
1547 1404
1550 7326
1553 2164
1554 5938
1557 2499
1559 7399
1560 6169
1569 4547
1571 934
1574 1530
1578 4774
1585 1849
1592 236
1592 1409
1594 805
1603 4132
1604 6564
1617 2547
1622 3057
1631 2989
1632 3017
1634 2901
1639 513
1641 5958
1643 2421
1643 6792
1659 2442
1659 5587
1662 6102
1665 5880
1665 6817
1669 4912
1671 5140
1676 2322
1679 1516
1683 236
1685 6123
1688 1232
1694 546
1699 2089
1701 1145
1701 5582
1713 3608
1722 4174
1725 5223
1734 5691
1741 1323
1744 6028
1746 6336
1748 397
1750 943
1753 7172
1757 1368
1757 3972
1767 1982
1772 3191
1775 2286
1778 2634
1779 2968
1781 772
1784 4457
1786 936
1791 51
1796 4546
1798 6502
1800 3394
1807 2328
1808 3663
1841 1075
1847 5189
1851 3440
1853 450
1853 4855
1855 2143
1859 1021
1861 1749
1869 4155
1875 1572
1880 742
1880 3031
1890 2717
1891 583
1892 1003
1901 2781
1906 1376
1908 3693
1909 576
1919 1907
1919 6947
1922 6515
1935 7253
1938 2268
1941 1112
1945 3024
1947 1049
1950 2800
1953 5835
1954 3600
1957 708
1957 1609
1958 5451
1961 3883
1962 78
1963 1128
1964 5072
1972 4655
1973 4867
1986 3357
1987 4224
2000 7238
2003 2933
2006 1407
2006 4682
2007 5859
2014 5274
2021 7041
2029 3667
2032 3832
2032 5124
2036 10
2038 2353
2046 4601
2046 6691
2064 6541
2066 6996
2071 2604
2072 6321
2080 4735
2087 1916
2088 6101
2093 3800
2095 309
2096 2294
2096 3244
2104 4409
2111 2390
2114 3544
2116 2253
2116 2863
2121 1319
2123 4140
2125 3401
2128 4076
2129 7104
2133 998
2139 270
2147 911
2149 7408
2152 810
2153 3811
2156 7499
2162 1016
2164 2853
2166 3947
2167 1508
2168 610
2170 6942
2175 3110
2179 113
2182 2224
2197 2332
2209 1173
2213 1811
2219 4620
2222 5090
2225 6770
2226 1
2231 5353
2232 3498
2234 1538
2246 2482
2248 6788
2251 118
2253 3344
2257 624
2258 568
2259 7491
2264 130
2265 3074
2265 6574
2271 2404
2275 488
2275 6592
2277 1550
2278 874
2285 5994
2287 4817
2288 186
2292 5725
2294 3283
2294 7157
2297 6711
2305 3005
2307 1148
2310 2350
2313 1572
2315 6368
2315 6911
2321 475
2321 2514
2324 6731
2326 3593
2326 7485
2327 720
2329 3329
2329 6428
2337 548
2337 2834
2337 5389
2342 5835
2344 7542
2349 2380
2350 4605
2351 2650
2354 6668
2354 6883
2355 2804
2362 4503
2369 1661
2369 2661
2370 1678
2370 2272
2370 7592
2371 5460
2373 5807
2373 7506
2376 6019
2379 333
2379 1316
2380 2262
2381 2011
2383 4864
2385 5233
2385 6584
2389 201
2389 4180
2390 5634
2392 5986
2394 4038
2395 4462
2397 2239
2398 2115
2400 6373
2407 842
2408 1771
2412 6989
2413 267
2418 6698
2420 1985
2427 5723
2437 6281
2439 5988
2440 2539
2451 2760
2453 5434
2454 1598
2455 1831
2455 3415
2457 2729
2461 4860
2467 1272
2467 4977
2469 2953
2470 2203
2472 4704
2478 7332
2480 2976
2484 6354
2498 6462
2500 4340
2501 7463
2505 2531
2505 6688
2509 3015
2511 4192
2514 4851
2519 3654
2519 5934
2522 4474
2533 4284
2537 6435
2538 4335
2546 2285
2546 2398
2554 5895
2567 4983
2568 4691
2576 2222
2577 4942
2579 5182
2580 5392
2582 376
2583 7424
2588 7093
2589 2532
2590 4862
2596 5637
2602 2878
2607 3651
2608 4561
2613 1218
2613 6520
2617 2150
2623 3045
2634 40
2642 6609
2643 1504
2657 1666
2657 2082
2665 839
2665 4544
2674 5860
2676 4384
2680 3419
2684 7541
2686 2376
2686 7232
2687 7496
2688 3968
2692 4624
2693 1063
2694 618
2696 915
2697 1761
2697 2352
2697 4024
2703 988
2706 925
2706 1413
2707 5035
2707 5710
2708 946
2712 4323
2712 5531
2713 6015
2714 109
2717 3979
2722 2229
2728 1764
2729 2528
2735 1504
2737 1408
2740 3992
2742 6709
2752 5016
2753 3252
2756 4292
2757 4104
2758 5742
2763 4083
2765 4855
2766 1641
2767 1774
2771 961
2773 544
2783 3296
2787 3861
2789 2602
2790 1722
2792 5466
2798 5953
2798 7564
2800 4780
2803 1963
2807 3898
2810 2894
2815 3713
2820 2206
2821 2916
2828 2575
2828 7298
2831 4201
2835 5413
2838 1608
2841 806
2846 5175
2853 4882
2857 4900
2859 7170
2863 737
2865 6216
2870 543
2870 936
2871 5133
2872 6876
2876 5526
2879 5577
2880 2615
2882 7022
2883 1610
2888 120
2890 2280
2891 6232
2892 1395
2898 295
2899 1551
2899 5832
2900 2082
2901 2492
2902 6828
2903 142
2910 6663
2912 5117
2913 1263
2917 2434
2924 7476
2925 3192
2926 6389
2933 975
2936 4309
2937 3429
2941 3476
2942 6986
2943 4915
2955 3835
2955 4619
2958 1435
2964 3679
2966 6783
2969 2529
2970 2730
2972 4224
2974 7195
2976 7531
2977 5944
2978 4972
2990 5738
2993 4175
2995 892
2997 3869
2999 7047
3003 2599
3006 1025
3006 6459
3007 5840
3014 5035
3021 6845
3024 2937
3031 4744
3032 1528
3032 3793
3035 7381
3037 517
3038 4924
3041 2845
3042 772
3043 2612
3045 3159
3051 6470
3053 5717
3053 7433
3055 3085
3059 6056
3063 6214
3068 3623
3073 5638
3075 1688
3079 167
3079 738
3080 5431
3084 1691
3096 5895
3105 4692
3107 5772
3107 7037
3109 1264
3109 6728
3118 6943
3122 5073
3127 2393
3130 1318
3131 5502
3133 7136
3135 1680
3136 1418
3139 2612
3139 6413
3141 1803
3142 1949
3142 6014
3149 666
3150 240
3155 3865
3160 372
3162 2101
3165 1466
3171 6508
3175 4385
3183 2110
3184 7307
3190 3346
3192 3528
3195 1421
3195 2361
3203 4805
3214 3571
3219 230
3231 615
3231 5502
3232 4693
3236 4535
3237 2838
3241 963
3246 4905
3252 243
3264 4922
3266 4379
3268 6101
3271 3823
3276 5422
3278 4773
3278 6073
3281 97
3283 2812
3287 702
3295 3106
3296 6948
3298 7508
3303 2356
3307 1161
3308 1461
3313 1599
3321 1063
3321 3998
3327 3481
3332 4840
3333 199
3333 4923
3337 3441
3341 132
3341 1103
3351 247
3358 6689
3362 4080
3365 7229
3366 3496
3367 2694
3371 6623
3372 6804
3373 3842
3396 2007
3396 4319
3396 4716
3403 1351
3403 3479
3409 740
3412 1805
3412 3212
3413 7610
3415 1151
3422 7433
3423 610
3424 5889
3428 6624
3431 3861
3437 6081
3437 6669
3438 6314
3445 2245
3450 5799
3452 1433
3454 636
3455 2815
3457 4741
3460 756
3468 1620
3472 4943
3485 122
3486 7463
3487 847
3487 7624
3491 7182
3492 39
3494 4147
3499 5630
3501 4597
3503 180
3503 3478
3505 5944
3507 2431
3509 7464
3511 6460
3512 6239
3521 2857
3523 2046
3528 1369
3528 5804
3532 454
3535 1634
3535 6541
3538 6130
3540 5514
3541 4031
3542 5075
3547 1675
3552 6659
3556 4423
3556 5232
3560 4127
3560 7569
3561 4003
3563 658
3565 3240
3568 6628
3569 7566
3570 518
3570 1686
3571 3396
3575 1226
3577 3839
3586 3344
3589 3155
3592 3858
3594 4423
3597 3955
3607 3293
3611 4967
3613 1147
3613 2669
3614 911
3614 1728
3619 5170
3622 2666
3623 2981
3624 6968
3626 6315
3627 6775
3631 1408
3631 7279
3636 2760
3636 4582
3636 6283
3637 3235
3642 6350
3643 1198
3648 3791
3656 4298
3671 2528
3671 7250
3676 1362
3681 4969
3682 789
3682 4817
3682 4923
3684 207
3684 4836
3686 5257
3688 4017
3690 4920
3701 2244
3712 5404
3713 412
3713 2663
3716 4609
3718 6211
3720 3997
3721 5810
3729 6660
3732 5298
3732 5411
3744 2533
3745 560
3747 419
3748 6355
3751 7310
3760 5383
3769 2315
3770 3777
3776 7522
3779 5721
3779 7138
3783 1233
3785 1660
3789 794
3789 2683
3797 4757
3798 6583
3801 3761
3803 7611
3805 6220
3808 99
3812 1181
3812 2097
3816 5116
3818 2106
3828 1783
3828 2431
3830 6005
3831 4405
3834 6124
3838 6380
3845 3456
3846 5309
3847 5163
3848 400
3850 4548
3853 2624
3855 5148
3860 163
3875 2453
3885 1526
3886 3064
3888 7222
3890 1670
3904 5233
3905 2979
3909 6023
3914 2286
3915 5104
3916 4848
3917 3741
3934 3726
3936 6176
3945 624
3945 4745
3946 2188
3946 6875
3951 4962
3951 6408
3952 4308
3954 5860
3957 3936
3958 2069
3960 2042
3962 6813
3964 5165
3971 2993
3973 4038
3981 4876
3982 4369
3985 4136
3988 1718
3991 4671
3997 2441
4006 1465
4006 4022
4021 5766
4049 6590
4053 2995
4058 5032
4059 7317
4067 3387
4067 5355
4068 1092
4069 6649
4074 2320
4074 6126
4076 2627
4077 2785
4078 3276
4079 142
4080 4773
4082 7252
4084 4472
4088 6782
4093 1310
4099 1235
4100 4929
4107 5777
4111 5493
4111 5791
4113 5316
4114 3673
4115 2513
4120 4142
4127 2505
4128 5767
4133 7327
4136 4797
4138 2276
4139 6522
4140 7197
4148 6734
4152 4746
4153 5396
4154 1495
4157 1516
4160 286
4164 2131
4164 7499
4167 5969
4170 7552
4171 6869
4177 1364
4181 3909
4187 6822
4193 1747
4194 7326
4197 2606
4201 4912
4205 5647
4207 5515
4212 5933
4226 794
4227 1535
4229 2788
4233 2574
4239 1628
4240 5124
4240 6453
4240 7337
4244 5404
4246 1798
4247 4796
4250 864
4254 2477
4257 3701
4258 1825
4258 2491
4263 2872
4265 316
4270 270
4270 4978
4272 3597
4273 890
4278 3146
4278 4223
4282 2994
4284 6506
4284 6511
4291 495
4293 1571
4297 2349
4308 963
4314 3274
4319 2646
4323 6942
4325 2626
4326 3479
4327 6165
4332 1867
4333 5454
4333 7194
4334 1966
4334 3010
4339 1934
4340 1301
4344 3442
4347 2818
4348 3423
4350 5705
4353 3079
4354 2390
4357 5079
4359 3921
4363 365
4373 4198
4387 1695
4390 1742
4391 878
4393 730
4395 566
4396 2468
4399 3203
4401 3408
4403 2818
4403 6655
4405 2235
4413 7154
4415 2715
4416 1333
4425 1435
4428 99
4428 844
4429 144
4436 2497
4457 3838
4463 3141
4465 3479
4467 1646
4471 7066
4474 6962
4474 7610
4480 727
4482 4803
4487 2673
4487 6170
4488 6707
4492 3747
4494 6541
4496 282
4501 6967
4506 7527
4510 2948
4512 5407
4513 7528
4517 3438
4519 61
4521 6233
4522 1289
4523 4047
4524 4507
4533 7328
4535 4182
4535 5198
4537 6560
4542 2069
4544 1508
4546 900
4546 4766
4547 6529
4554 1649
4554 5428
4555 6326
4559 2078
4561 2162
4562 917
4562 3855
4566 6487
4567 6894
4568 1433
4570 4179
4572 146
4574 2168
4579 65
4582 5206
4586 2397
4586 3554
4588 486
4590 4679
4595 5988
4604 3569
4609 4867
4613 6831
4615 5950
4621 4347
4628 5601
4628 7031
4632 6758
4632 7290
4634 7238
4635 7081
4637 6133
4639 1536
4640 5878
4643 6937
4649 5530
4653 7573
4653 7591
4655 219
4661 3755
4661 7262
4667 6303
4673 2741
4676 2479
4686 3932
4692 2777
4693 5403
4697 3592
4701 7183
4711 4656
4724 4723
4727 7550
4728 7318
4734 4676
4735 644
4735 4721
4738 5077
4738 6877
4741 5860
4744 4837
4745 3074
4747 474
4750 7294
4751 1057
4758 6178
4760 3426
4760 5106
4761 6252
4762 408
4766 5108
4771 5533
4774 4402
4780 3265
4781 796
4787 6626
4788 5566
4795 4260
4802 552
4811 2689
4813 1527
4822 384
4823 6588
4827 4148
4830 2380
4837 1408
4837 5346
4842 6827
4843 4656
4846 1457
4850 395
4861 297
4861 7397
4862 6098
4872 2119
4874 6146
4880 3697
4884 5823
4891 450
4892 1464
4892 3333
4892 4365
4892 7096
4895 592
4896 6692
4897 1702
4900 5748
4901 3457
4906 3614
4907 2458
4911 1704
4914 255
4916 2467
4917 346
4921 6892
4922 493
4926 388
4946 5530
4949 1524
4953 56
4953 3860
4956 4780
4958 432
4960 4526
4961 1443
4962 2167
4962 3010
4964 5527
4966 4861
4974 2612
4975 6054
4979 2851
4988 2157
4988 2933
4992 6914
4993 548
5004 6171
5011 1653
5013 5465
5014 476
5021 3883
5024 5134
5028 636
5028 6583
5030 2457
5033 2608
5035 7576
5037 3779
5044 1915
5050 4053
5051 3345
5053 3764
5055 1629
5055 5727
5067 994
5070 1350
5073 7475
5075 3076
5076 3903
5078 1064
5082 6579
5086 7326
5088 2237
5089 1500
5090 459
5090 6414
5093 3747
5096 1779
5098 4036
5106 5378
5113 5
5116 3391
5116 4951
5123 1755
5124 5720
5125 1183
5130 1061
5136 1864
5137 4330
5143 4833
5149 2721
5152 3096
5152 3522
5152 5389
5153 968
5155 6280
5159 3177
5165 3495
5167 2465
5167 4847
5174 2569
5174 5287
5175 400
5175 2333
5180 1517
5180 4043
5183 5000
5183 5739
5184 3234
5187 3220
5202 7096
5211 5287
5213 4341
5224 5978
5235 4984
5240 1297
5242 518
5243 2357
5244 6686
5257 4599
5258 5488
5260 7468
5262 4752
5267 6985
5271 1040
5282 6942
5284 6403
5293 5951
5295 3090
5296 3742
5300 5649
5300 6693
5301 4418
5303 2129
5310 6034
5313 4755
5319 5513
5332 922
5334 1339
5339 2059
5345 2231
5347 1043
5351 110
5353 3718
5354 6045
5359 5946
5360 5274
5361 6412
5363 2994
5372 3115
5379 6174
5380 2088
5382 5908
5384 2886
5386 3397
5389 461
5395 4790
5398 4734
5399 393
5406 151
5416 6789
5417 522
5417 2736
5421 2294
5426 2434
5430 2907
5430 7417
5431 2111
5442 1985
5446 5017
5454 3059
5458 4787
5459 4311
5463 2456
5463 6260
5480 7554
5483 4623
5486 6603
5490 5058
5494 2498
5495 5804
5496 1931
5496 4513
5500 5956
5500 6278
5502 2954
5509 6003
5514 5055
5517 4978
5519 290
5520 4085
5521 6523
5529 2207
5529 5725
5530 2286
5530 6466
5530 7147
5532 3641
5548 6588
5552 6905
5553 2242
5554 7175
5555 1302
5555 5387
5555 5839
5564 895
5567 367
5567 2624
5569 3555
5570 5533
5573 2042
5579 5216
5581 2320
5581 4248
5582 1449
5584 4624
5584 6598
5586 251
5586 3759
5589 6062
5598 251
5600 1482
5600 5841
5604 4565
5606 2498
5610 3548
5620 6663
5623 3557
5625 1703
5625 1764
5625 4272
5625 4343
5628 3489
5632 4104
5638 942
5643 3638
5643 7243
5644 4020
5651 2093
5656 6747
5660 757
5662 1001
5662 6611
5663 3083
5664 6503
5668 7246
5670 5490
5677 785
5682 4444
5684 6456
5685 1815
5691 2083
5696 5111
5709 7029
5710 1946
5710 2783
5712 6395
5715 326
5717 6603
5727 6809
5728 2488
5729 6570
5730 6983
5731 6215
5732 1190
5738 7220
5743 4628
5743 6149
5744 2351
5744 6091
5746 6609
5750 5812
5751 2832
5758 2829
5759 5981
5763 3150
5765 4844
5768 1385
5773 2015
5778 7356
5781 4067
5785 6585
5788 7572
5795 840
5796 5078
5797 229
5803 3963
5804 2149
5809 3523
5811 337
5817 4279
5817 5548
5822 1687
5823 6671
5832 5364
5833 5524
5837 900
5840 5862
5841 3449
5842 6911
5844 5128
5849 1158
5849 4085
5851 829
5851 6670
5853 5104
5853 6347
5854 4737
5855 604
5857 6805
5861 3682
5871 1652
5876 1284
5877 1375
5884 6285
5885 7129
5892 1294
5893 2798
5906 4861
5908 1421
5912 2998
5914 3036
5918 7228
5919 1811
5938 5224
5956 5309
5963 1624
5971 5151
5974 128
5977 4574
5977 5111
5981 3598
5989 3245
5990 5506
5994 250
5994 5455
5994 7147
6004 3281
6005 79
6006 5291
6011 2581
6015 2309
6016 1694
6017 4021
6025 2259
6026 1280
6026 7622
6035 2502
6036 3142
6039 5837
6043 1759
6045 5279
6045 6652
6046 6809
6048 5083
6051 2542
6054 1100
6056 6970
6063 1987
6068 2954
6071 3113
6071 6479
6072 7367
6075 6861
6076 1194
6082 3659
6084 1831
6088 4738
6091 4184
6092 4902
6093 5401
6100 3838
6102 584
6103 1123
6103 1388
6106 4898
6111 1894
6114 1545
6122 5373
6126 6043
6130 4715
6141 903
6141 1635
6144 1651
6146 4217
6146 7143
6152 2476
6154 2203
6154 5522
6154 6443
6156 1404
6162 666
6162 5260
6165 2163
6174 7093
6178 4948
6182 2997
6182 4254
6183 757
6183 3851
6187 7170
6187 7202
6191 480
6192 5251
6203 4908
6206 4422
6207 6275
6207 6997
6207 7533
6211 7353
6213 4560
6216 1293
6217 7095
6234 3024
6236 2382
6243 1505
6244 5473
6255 1732
6259 5165
6261 4831
6267 5918
6272 4657
6274 5873
6275 1426
6275 2598
6275 5665
6281 4272
6285 7299
6286 711
6287 7188
6292 6736
6297 4206
6300 1188
6305 5995
6311 372
6317 5780
6319 2371
6319 3860
6321 7033
6328 6123
6343 2087
6343 2902
6345 1611
6346 6168
6347 7388
6350 53
6355 902
6355 2900
6356 4113
6359 1009
6359 1829
6366 3339
6366 5637
6374 2514
6379 5515
6382 1022
6382 7246
6383 4903
6391 1104
6393 4552
6394 1586
6394 5293
6395 4974
6398 2183
6398 3223
6407 3136
6408 5566
6414 6067
6418 232
6420 7049
6421 129
6423 2553
6424 4191
6426 4736
6434 1319
6434 4651
6435 4149
6438 138
6438 5346
6443 2286
6443 2579
6446 7378
6456 3714
6458 5689
6459 6469
6459 6986
6463 1933
6467 7193
6477 6435
6483 6703
6485 939
6485 3064
6487 4308
6489 493
6491 3695
6492 2766
6493 1507
6493 5611
6494 458
6495 250
6502 5243
6503 4574
6506 5504
6511 1358
6511 2046
6511 4045
6515 2063
6516 5234
6518 4256
6519 1817
6521 2742
6526 5379
6532 3308
6545 1556
6546 7543
6547 2558
6550 1963
6555 2943
6556 1396
6557 3289
6558 5853
6559 1786
6559 4163
6560 6382
6572 870
6572 1989
6577 4641
6577 5135
6578 6454
6579 2025
6581 7094
6590 492
6594 4332
6598 4183
6605 3457
6606 5507
6607 6838
6610 1536
6610 6462
6612 4174
6613 3632
6619 1076
6620 4107
6629 2406
6636 7017
6641 6782
6641 7250
6649 6005
6651 1901
6655 6095
6660 5104
6666 3020
6668 238
6671 3399
6683 5972
6685 1525
6685 5186
6686 6362
6688 7248
6694 1662
6695 687
6708 2509
6710 7325
6714 900
6714 2655
6714 2714
6715 1275
6716 6359
6719 1846
6725 6408
6728 2368
6747 4581
6749 2486
6752 3526
6756 2939
6758 7159
6764 5948
6767 3290
6767 6058
6772 1830
6774 1255
6775 5241
6779 1475
6786 1988
6802 2499
6803 733
6803 2738
6805 4211
6807 5071
6814 431
6817 3340
6827 506
6828 16
6831 6744
6832 1829
6833 4726
6840 3508
6850 1707
6853 297
6857 2713
6860 2242
6861 3980
6861 4417
6866 4788
6869 2412
6870 5375
6873 5670
6875 3681
6876 3223
6878 3737
6880 4337
6881 7041
6885 2985
6885 5346
6890 1855
6894 2465
6894 2914
6902 2780
6904 1103
6905 1369
6910 5747
6914 5947
6919 6993
6922 5380
6925 3282
6925 5066
6931 4912
6947 211
6962 5023
6963 837
6964 6411
6972 6217
6974 2087
6979 2353
6979 3219
6979 7069
6980 586
6980 2679
6980 6436
6988 1218
6990 1045
6995 3551
6997 5625
7003 44
7005 678
7005 5065
7010 6712
7011 6576
7015 7015
7021 3359
7021 4617
7023 3598
7023 7013
7027 3237
7037 7564
7039 3015
7042 6486
7046 2048
7046 4982
7050 7258
7054 7182
7059 5368
7064 154
7066 3000
7067 1795
7069 3798
7070 7589
7072 1843
7074 5926
7077 6416
7079 6119
7089 5124
7090 2547
7092 586
7092 5854
7093 2153
7093 7188
7094 2840
7099 200
7101 4335
7101 7619
7106 245
7107 7557
7109 2531
7110 2210
7114 4928
7117 7390
7118 310
7119 1867
7120 4077
7123 2448
7124 7248
7128 2666
7135 1322
7136 5538
7147 3290
7153 5726
7155 48
7156 4461
7156 6549
7157 3692
7164 6670
7168 4782
7171 2068
7174 5677
7175 1112
7175 7233
7176 1637
7178 1467
7181 705
7185 1990
7188 2769
7193 1503
7193 3356
7195 6336
7196 3386
7196 4199
7197 818
7197 3673
7197 4944
7200 1627
7209 4672
7210 2271
7212 1148
7215 2061
7216 2291
7220 4116
7227 1839
7238 2319
7242 6746
7242 7066
7244 2280
7249 442
7254 6899
7255 4415
7257 2599
7259 6812
7261 2674
7261 6507
7265 6618
7267 2398
7271 2933
7276 3440
7276 6878
7279 2892
7284 1516
7287 4565
7291 4372
7292 4033
7296 7613
7297 4660
7300 143
7304 6549
7307 4328
7307 5653
7307 6624
7309 4173
7310 2720
7312 293
7317 4525
7318 2402
7320 7378
7322 702
7327 2179
7338 2308
7342 5134
7350 4647
7353 737
7353 5280
7353 6845
7358 103
7358 3305
7361 1630
7364 5920
7365 7177
7368 1050
7373 6694
7375 5474
7377 5394
7381 2335
7382 4334
7384 5541
7386 763
7388 3721
7395 1067
7404 1409
7405 4036
7412 3568
7413 3982
7413 7168
7422 6443
7423 5260
7433 2534
7436 2829
7437 3287
7439 1265
7439 3288
7439 4017
7442 5079
7447 5503
7448 1640
7450 4277
7452 2960
7453 6871
7455 7097
7458 966
7459 2027
7461 1909
7463 1676
7464 2238
7467 6756
7469 4713
7480 4943
7495 4842
7498 1283
7499 4448
7506 991
7506 5125
7517 2378
7520 3702
7520 7067
7522 6178
7523 1530
7533 1063
7533 1564
7536 5393
7540 7154
7541 447
7543 2052
7557 7303
7561 1338
7563 1307
7563 5926
7564 2359
7582 4297
7585 5856
7586 1755
7588 670
7594 1393
7594 1851
7596 6336
7598 251
7598 361
7600 1123
7602 2205
7603 3100
7609 6098
7614 3567
7614 7261
7615 6825
7616 4149
7620 5441
7621 4679
7626 6652
7626 7400
7627 992
7638 6308
7647 2602
7647 3539
7649 5792
7652 5815
7655 2974
7662 3195
7669 6527
7672 2320
7672 4037
7675 2273
7689 1203
7691 1957
7692 891
7692 2390
7700 4982
7710 6375
7713 494
7715 2051
7715 5552
7717 4387
7725 5032
7726 1873
7733 2253
7746 5181
7752 2452
7755 2365
7762 4669
7766 4136
7774 5818
7789 832
7793 2600
7809 6290
7812 380
7821 1540
7821 4421
7824 4355
7826 3361
7827 5336
7827 5981
7833 7580
7836 3608
7836 4875
7836 7620
7840 3665
7847 4180
7848 4733
7873 366
7881 3706
7883 4093
7891 2144
7892 830
7895 7434
7903 4911
7910 1258
7910 6855
7921 6846

