4697 4679 928
1 1
10 1999
10 2171
10 4030
14 4523
16 2488
18 2804
28 4087
37 2888
46 180
52 1950
53 485
58 86
69 4382
72 2071
73 853
77 142
77 1396
77 1698
81 1790
82 733
87 1327
98 2912
103 2857
107 2942
129 1810
138 1040
138 3147
143 1030
144 3478
146 3940
156 535
157 2064
165 3793
165 4190
166 4115
183 3337
186 1874
186 1909
188 4388
189 630
202 4474
210 3459
221 3539
222 93
222 1817
222 4615
236 4246
237 2402
243 2655
244 3830
247 1123
258 2891
260 3274
265 1931
265 2944
270 1495
276 4607
279 4415
282 1286
284 2943
287 2786
302 3261
306 1275
320 2665
324 1950
326 1638
332 3662
336 1481
337 1508
337 4484
340 3132
341 3204
346 4433
349 1140
352 2766
356 1913
357 1126
358 3647
359 423
359 4371
364 4549
369 1084
374 3281
381 1166
386 116
407 2851
420 134
423 3363
426 4475
427 4276
437 1414
439 4336
440 1334
440 1916
447 965
457 3061
460 1595
466 3707
471 3984
472 2606
480 3776
485 800
486 1950
502 1831
507 2755
508 2168
510 3428
514 728
516 2307
516 3316
519 1026
521 3933
530 4570
531 2538
540 3482
546 2606
548 696
550 550
556 1655
558 2925
562 1771
568 3704
573 4303
578 3774
580 2674
600 2040
608 1255
621 1676
627 3995
630 1754
632 2143
639 2448
644 1170
655 306
659 1320
662 788
685 649
703 176
703 4095
706 2219
708 2488
710 2098
717 751
726 2219
735 3344
742 799
750 2127
753 2781
772 2098
774 4365
781 2403
804 2146
809 4123
831 417
834 3423
840 1026
843 3157
854 3453
857 1516
860 3319
864 1914
864 2709
881 978
888 3418
888 4632
891 423
904 887
905 4032
915 1207
920 2089
921 4408
923 478
923 955
942 405
942 2483
946 745
949 1840
952 1827
954 360
963 456
968 2226
971 2614
974 3452
978 1956
982 1720
982 2281
990 2786
994 2686
997 2753
998 919
998 2933
999 452
999 1069
999 2307
1003 2350
1015 3027
1016 4189
1024 3311
1024 4232
1036 3548
1044 3248
1046 3806
1049 3655
1058 1076
1061 4233
1068 929
1077 4257
1087 591
1095 3081
1097 4321
1101 980
1101 3178
1102 813
1107 3585
1116 2194
1116 2308
1117 3672
1120 756
1124 4166
1128 1721
1131 3598
1139 2676
1141 1980
1141 3095
1142 806
1147 3930
1156 2986
1158 56
1158 510
1173 4207
1176 1900
1182 2645
1202 2377
1203 2058
1205 3349
1210 4004
1211 2724
1212 2733
1230 1727
1234 3138
1246 593
1249 2043
1252 2544
1252 4093
1253 3084
1254 4008
1277 4627
1279 1539
1282 3347
1294 4386
1295 4244
1296 478
1297 1323
1300 2098
1309 743
1317 2879
1327 2593
1331 185
1331 1148
1332 4228
1335 3055
1338 621
1348 1566
1350 1042
1351 85
1358 2102
1358 2940
1360 1729
1367 1306
1372 2623
1374 925
1380 3330
1386 1634
1388 2931
1389 194
1391 2152
1410 129
1411 1018
1419 859
1420 306
1420 3037
1424 4426
1426 4058
1441 2132
1448 1077
1470 955
1487 4640
1491 2108
1496 2235
1511 2965
1518 2349
1530 3644
1531 3988
1532 4593
1541 1943
1541 2357
1544 2150
1548 1501
1551 4154
1553 894
1559 2006
1559 3987
1569 1682
1585 3096
1588 2353
1594 1531
1594 3358
1600 4556
1601 3567
1612 4431
1613 1121
1613 4389
1614 3377
1625 4353
1644 3390
1650 2527
1658 3224
1658 3733
1664 2033
1666 3114
1669 317
1673 118
1678 1143
1689 3554
1692 657
1694 1785
1703 1942
1704 43
1705 2283
1707 2201
1708 761
1712 1116
1713 1649
1717 1700
1717 3352
1722 1004
1724 2831
1738 2486
1740 1963
1743 3999
1745 1985
1749 2592
1750 2836
1758 1782
1759 56
1764 2893
1774 2603
1779 1570
1787 3704
1790 943
1791 2448
1796 1054
1801 2270
1803 4067
1804 334
1804 2850
1808 2966
1811 1399
1813 2902
1818 4576
1825 3322
1831 811
1837 1845
1837 4146
1840 4221
1841 2095
1841 2198
1842 3890
1853 647
1858 679
1863 4084
1863 4668
1865 4123
1870 3006
1877 2023
1878 3259
1885 3889
1885 4421
1892 202
1895 542
1895 2402
1901 345
1903 1803
1910 2492
1910 2628
1912 2861
1916 379
1916 2052
1916 4287
1923 367
1928 1784
1928 2472
1929 1952
1931 3364
1935 1682
1937 4662
1952 2730
1960 559
1964 3974
1989 689
1990 59
2014 3588
2017 249
2017 4379
2019 1278
2021 4354
2024 2014
2027 4044
2036 3701
2046 2143
2052 16
2057 856
2060 3192
2067 882
2069 2862
2077 1622
2081 61
2098 838
2098 3451
2100 2977
2104 4404
2106 4073
2125 3769
2133 1199
2133 2487
2133 4561
2135 3429
2139 3506
2142 3930
2151 458
2153 452
2154 528
2155 3429
2161 4519
2171 2667
2174 350
2183 2293
2188 3143
2206 830
2213 2113
2213 2351
2216 3124
2218 3135
2225 4178
2227 4193
2231 2307
2235 2351
2237 3204
2246 4076
2247 2430
2248 1029
2249 1469
2251 2392
2263 4231
2269 1083
2273 4212
2295 2649
2296 2802
2303 3381
2306 2097
2309 1579
2313 4365
2318 1433
2321 1980
2324 3536
2330 7
2330 200
2332 3931
2338 2489
2346 3986
2353 2957
2364 4129
2366 373
2376 249
2376 2352
2378 51
2379 236
2379 2451
2381 3973
2384 1128
2386 4132
2393 748
2396 2298
2398 131
2408 3438
2411 4090
2414 1042
2434 123
2442 4160
2444 996
2453 3842
2454 2447
2464 1828
2498 1871
2509 1185
2510 3742
2513 4287
2521 3258
2526 4568
2529 2781
2531 2054
2534 707
2541 1426
2551 2697
2554 1775
2560 3390
2560 4016
2571 1353
2571 2640
2575 1522
2583 2091
2593 3554
2603 1674
2603 2076
2604 3414
2610 723
2611 3232
2624 3155
2628 3334
2630 1746
2631 3306
2631 3837
2634 3079
2656 2447
2658 1104
2662 3565
2672 641
2674 4312
2678 2467
2680 2298
2686 3659
2697 3746
2700 3037
2702 4531
2705 144
2713 675
2713 2638
2719 2160
2727 2540
2732 4330
2740 4445
2741 3425
2752 2009
2755 1827
2765 53
2772 13
2772 3818
2780 2050
2780 4187
2790 3490
2806 2510
2817 2791
2819 4385
2821 254
2822 53
2822 529
2822 864
2838 463
2841 1901
2843 780
2848 315
2854 3332
2862 1175
2874 670
2876 3926
2879 1570
2883 952
2883 4265
2889 1069
2892 2089
2892 3617
2892 4159
2893 193
2894 3055
2896 2297
2896 3803
2905 412
2932 2782
2938 158
2944 649
2968 2042
2969 300
2976 2305
2978 3042
2985 4634
2986 4404
2988 1109
2994 2604
2995 793
2996 2789
3003 439
3004 2409
3014 2965
3015 1164
3022 2620
3030 3378
3030 4383
3031 259
3039 3010
3064 897
3068 2861
3075 2831
3081 161
3098 3473
3101 2583
3102 1456
3113 3516
3119 4432
3121 2705
3125 2191
3130 2359
3135 1368
3152 2328
3154 2207
3154 2823
3154 3501
3163 486
3171 4145
3182 2145
3188 2662
3195 3149
3203 3971
3205 3204
3220 901
3225 291
3226 44
3227 4062
3231 785
3237 2922
3241 2862
3244 490
3244 1265
3245 558
3257 4133
3263 3106
3272 2392
3275 3670
3282 2104
3289 618
3289 4353
3291 1157
3297 3669
3298 3348
3303 2110
3304 4642
3305 220
3306 4585
3318 3176
3321 2990
3325 961
3355 2310
3370 3926
3374 3750
3375 2016
3377 2345
3377 4101
3378 1921
3380 575
3381 3647
3382 1744
3384 1801
3384 2392
3386 263
3386 4477
3388 1037
3390 3990
3393 409
3406 3603
3407 4245
3410 699
3411 78
3424 402
3428 3341
3437 1236
3439 3631
3453 2649
3455 3025
3460 4545
3463 3066
3469 1343
3469 3116
3494 392
3498 2493
3498 2505
3499 2961
3504 4661
3509 1806
3515 1475
3526 1109
3531 3640
3532 3237
3533 3178
3539 1985
3550 3111
3555 2187
3558 139
3562 2084
3563 4374
3564 1746
3565 4539
3566 3238
3592 2132
3593 249
3601 3841
3605 4282
3626 411
3626 4656
3634 2470
3638 2634
3640 2062
3649 3492
3651 1653
3659 299
3661 4012
3662 1660
3663 4365
3664 23
3665 2110
3671 3968
3675 3519
3682 1822
3686 1123
3686 3085
3688 4332
3693 2385
3704 1376
3704 4484
3726 1993
3732 2922
3738 145
3744 3501
3747 478
3747 3894
3748 555
3754 1182
3769 2111
3770 974
3771 1640
3772 275
3774 1736
3774 3349
3784 3197
3792 266
3797 2213
3803 4239
3812 3576
3815 4643
3816 985
3817 1081
3835 258
3842 1268
3849 1868
3854 998
3855 2842
3860 3545
3867 915
3872 2800
3872 3141
3878 3054
3882 2261
3883 2386
3888 1872
3891 1920
3893 1919
3894 3297
3899 3300
3902 4453
3907 3357
3914 4241
3921 958
3924 3435
3925 2820
3930 4505
3931 2715
3933 3043
3942 3486
3945 910
3955 2730
3958 45
3960 1963
3962 3081
3965 1254
3967 1016
3974 2615
3979 1975
3987 4294
3988 1508
3990 3604
3993 1095
4001 1250
4003 2937
4004 3617
4006 2633
4015 2665
4015 4221
4018 2633
4022 2209
4022 4511
4031 548
4031 946
4033 888
4035 375
4039 4051
4043 4519
4046 1757
4049 3046
4058 203
4071 399
4077 91
4079 4044
4080 2911
4087 1612
4090 4412
4097 965
4110 2630
4113 120
4113 961
4122 4633
4124 2701
4127 3650
4132 1823
4139 1548
4145 459
4148 657
4152 3224
4154 2761
4157 1952
4159 1458
4168 2682
4173 3532
4174 1422
4178 1218
4179 1977
4180 3954
4182 1156
4183 1187
4192 2480
4192 2865
4193 125
4196 2092
4197 1788
4200 549
4200 1465
4206 2092
4211 136
4214 3050
4218 2346
4228 4620
4234 2372
4234 4167
4237 2240
4238 577
4243 1357
4244 304
4256 2235
4256 3639
4274 2921
4287 4010
4288 2301
4289 3511
4298 3516
4299 2071
4303 403
4307 1662
4314 1226
4319 1468
4322 2719
4342 1118
4344 1050
4345 19
4351 2359
4356 1684
4361 1491
4361 1739
4371 1512
4376 3554
4377 1854
4381 3217
4384 2178
4395 2343
4409 2009
4421 3500
4435 3347
4437 825
4438 3694
4448 383
4457 763
4458 1237
4464 2970
4471 88
4476 3632
4488 511
4496 2389
4497 3002
4498 2928
4503 1010
4503 1287
4503 4206
4505 3273
4508 4310
4513 1181
4519 1143
4519 4351
4522 1282
4528 37
4528 1473
4533 2747
4535 4049
4541 482
4546 756
4555 4022
4556 966
4559 1704
4563 2989
4564 2344
4567 1758
4589 1748
4596 3031
4601 97
4608 1362
4618 2828
4626 3612
4639 4068
4646 3998
4664 2076
4683 2186
4696 3231

