5561 4385 525
1 1
4 4020
6 4276
9 583
28 905
55 4355
61 261
76 519
92 253
123 3187
137 2630
161 1696
177 1874
200 3607
215 498
217 1345
218 4198
237 4300
252 2259
261 1669
275 1503
285 1678
290 2754
295 293
297 900
297 957
304 2961
306 2702
346 1324
356 1316
368 233
376 2097
393 2457
399 2507
399 4001
400 2683
424 2247
429 130
445 1030
446 2651
447 3730
460 2932
460 3681
461 1685
468 950
497 85
499 2720
513 3653
515 445
518 4365
531 4318
538 2987
548 3168
556 49
572 3561
577 3393
591 3394
599 2269
603 3267
604 2570
607 497
615 1118
623 4037
624 597
625 1555
674 4144
688 3216
692 3521
714 3032
722 3643
724 2955
730 2950
738 3530
747 700
755 4030
765 2539
772 3530
774 4206
779 2162
792 10
796 489
800 1997
828 532
831 1622
847 901
848 4118
849 1620
852 765
861 2641
872 3356
873 2439
916 1270
936 903
941 2031
945 2509
962 4076
963 2939
972 3325
994 3012
998 3793
1008 3160
1014 167
1051 4200
1056 1303
1060 1509
1079 2759
1095 3577
1099 4172
1145 2131
1157 1066
1163 674
1165 450
1169 400
1182 1794
1189 2492
1195 4179
1224 1706
1252 829
1273 3293
1274 3991
1286 3337
1291 2317
1294 10
1304 2949
1305 3834
1306 1886
1327 3594
1345 3301
1353 3033
1372 3985
1379 1326
1380 3229
1386 875
1399 2378
1406 2171
1414 3703
1415 1836
1426 2498
1445 1822
1446 3900
1447 4292
1454 2946
1459 1582
1460 1755
1467 305
1489 3354
1501 2976
1502 1889
1522 2148
1530 2077
1533 1818
1535 3489
1539 2981
1571 2372
1578 673
1581 1660
1586 1408
1596 794
1599 3891
1615 3548
1625 1886
1627 1723
1635 4330
1637 372
1640 2052
1648 221
1673 2800
1680 2319
1689 3760
1703 108
1708 79
1728 2397
1738 3911
1751 1104
1752 3425
1761 1069
1762 721
1764 2139
1765 3582
1767 3236
1776 725
1818 2296
1819 713
1830 2067
1862 2517
1880 440
1887 1527
1904 429
1912 2052
1914 3851
1918 1158
1923 1318
1925 4133
1938 2371
1938 4341
1940 1070
1942 712
1984 2482
1992 404
1996 2244
2000 213
2011 1327
2024 3809
2033 691
2040 4301
2041 3651
2055 2260
2057 1517
2058 3655
2059 599
2065 2851
2086 2416
2091 1297
2094 524
2106 329
2109 34
2112 845
2121 4268
2129 3666
2155 2877
2175 2356
2179 4006
2185 803
2211 3994
2215 1606
2217 2575
2226 327
2250 3837
2261 3363
2272 2406
2280 4065
2291 3897
2292 1418
2293 279
2298 3695
2323 1472
2324 895
2326 3781
2343 3682
2357 2664
2361 946
2365 3605
2366 434
2376 403
2399 1796
2399 1926
2409 2512
2410 2299
2415 378
2425 3129
2445 3132
2458 2202
2469 1576
2486 3516
2500 1841
2533 841
2533 3156
2585 1998
2590 165
2592 139
2598 2096
2601 1586
2608 1353
2623 2522
2623 3656
2634 3131
2635 3280
2652 2420
2661 2589
2696 2335
2696 3752
2715 3264
2718 3969
2719 2583
2725 1366
2728 3760
2728 3798
2742 125
2745 1341
2771 1610
2784 1498
2790 2078
2795 116
2806 293
2834 28
2835 3201
2859 7
2878 1240
2886 2074
2900 413
2900 3879
2907 303
2909 3237
2910 2942
2911 2089
2947 3006
2953 4024
2966 1040
2973 2205
2981 2789
2982 3578
2995 1574
3001 4207
3035 3762
3060 284
3065 3544
3079 2478
3083 3876
3086 3723
3093 3830
3098 1197
3111 1093
3118 4149
3119 2968
3124 4238
3132 2846
3149 2275
3157 1687
3158 2759
3165 3462
3167 973
3192 4182
3193 1377
3204 1489
3211 1617
3226 610
3252 4281
3255 2317
3255 3027
3271 3070
3275 1839
3303 893
3313 1755
3317 663
3322 129
3341 4097
3346 3131
3349 3491
3361 1451
3386 2424
3425 3629
3429 1275
3450 2162
3452 12
3463 2961
3466 349
3500 2074
3508 2049
3529 4214
3536 3336
3547 1304
3552 4030
3566 359
3567 4343
3568 1028
3584 3193
3588 3786
3590 39
3654 3700
3680 2741
3687 1442
3691 2445
3692 2405
3703 3095
3705 1863
3708 231
3711 370
3717 709
3718 1464
3741 1838
3744 737
3748 4235
3757 1621
3759 1050
3770 1309
3791 2433
3791 3419
3815 2456
3817 958
3824 3018
3902 4050
3912 1755
3945 2594
3951 817
3963 2707
3966 683
3977 3136
3982 3920
4003 4090
4034 2916
4038 3718
4040 1513
4063 2551
4068 1460
4080 4272
4087 140
4111 2457
4119 2535
4128 3389
4131 942
4132 1711
4141 4278
4147 2398
4164 1408
4177 4297
4198 581
4218 3538
4248 2567
4260 2340
4288 4028
4296 1614
4297 3126
4313 3512
4316 1779
4319 2920
4333 339
4364 1619
4382 4346
4403 3946
4406 1131
4417 3931
4430 131
4440 3076
4444 2850
4448 986
4464 1040
4478 3757
4480 2190
4486 4038
4505 1152
4517 93
4522 351
4578 3630
4608 4004
4610 3650
4612 4231
4665 4026
4671 262
4690 1929
4697 2505
4711 3136
4716 266
4722 1139
4724 961
4728 3795
4733 1098
4752 2703
4760 1231
4760 2580
4770 1076
4775 1212
4776 3239
4789 2370
4804 4272
4810 2567
4811 1522
4824 3864
4856 3983
4867 68
4872 2269
4903 4118
4910 930
4910 4093
4931 58
4931 3168
4950 1971
4955 3604
4959 4069
4960 301
4965 2805
4974 3247
4981 2518
4987 48
5025 2545
5032 3170
5060 3854
5064 3508
5085 1869
5089 3489
5129 3659
5147 3458
5153 2429
5166 676
5176 4268
5189 3472
5198 2286
5202 51
5206 2774
5208 3744
5212 870
5220 1499
5227 3026
5231 2383
5242 519
5245 561
5247 1775
5264 2661
5266 870
5272 3455
5285 2795
5300 1476
5306 1033
5308 217
5319 3699
5328 3905
5339 4176
5358 3801
5363 4242
5430 4317
5432 4376
5452 2139
5457 2682
5458 1729
5471 1843
5481 3394
5484 2821
5488 756
5498 3829
5512 3559
5516 954
5525 3409
5531 1584
5542 146
5542 2173
5550 1936

