9412 7856 2366
1 1
6 2336
9 164
9 7089
12 4161
19 4963
20 1492
22 3990
23 4625
27 6322
36 3787
37 6451
43 2477
43 2685
44 3432
48 4712
52 606
54 2491
64 5636
67 2589
68 4808
70 6883
73 3529
74 1451
77 351
80 7603
92 1156
98 3330
98 4168
99 3165
105 390
110 5240
117 3411
119 6580
120 7115
122 7188
124 6957
132 325
133 238
135 3562
141 3362
143 4338
146 3860
147 6606
148 4423
149 871
154 3356
157 2163
157 4570
160 4738
161 4833
167 4959
172 1609
175 2036
177 1930
177 4847
181 732
183 6084
184 7445
185 4527
185 6437
193 7664
195 570
198 5345
204 5784
206 5605
211 6892
226 6547
232 1384
243 5294
251 2450
256 4372
257 3286
260 7801
262 4750
266 711
267 3286
270 566
278 5727
283 2132
285 2803
286 4548
288 1292
292 481
292 2003
292 5033
293 1678
297 1988
299 299
299 6739
303 6987
305 1070
309 993
310 1503
312 6519
313 1132
316 1472
317 7829
318 3392
325 2062
334 2668
336 4081
339 7643
347 3850
347 5362
348 554
350 2187
360 2514
371 7010
372 4084
374 4685
375 468
378 7184
383 2877
383 7235
387 1997
392 7219
394 605
395 4273
398 1432
412 5578
413 2687
414 6313
415 42
415 919
415 1114
417 6951
418 2019
420 2546
424 43
424 4376
428 6797
440 4879
449 5443
455 4539
459 602
460 7713
465 270
474 2319
475 7853
477 2007
488 5296
492 7318
494 5347
496 3285
499 7637
512 5646
523 810
524 6506
525 1368
527 1177
533 2692
533 6622
535 3268
541 1777
541 3457
543 3594
548 2033
550 2916
552 832
552 1270
560 4156
568 2693
568 2739
573 1283
577 7405
581 927
585 2498
591 5382
597 2319
599 3481
602 5220
605 6354
614 5652
620 6544
633 6751
637 329
640 4826
644 4858
650 1285
652 3294
660 3395
661 5118
663 3290
673 6842
674 5721
690 437
692 3075
692 6278
692 6830
698 7574
699 708
699 7023
708 1531
710 4896
714 6761
720 4492
722 2219
723 3495
724 3906
726 5320
731 5064
745 2628
753 4375
753 5154
756 969
756 6992
757 4620
757 6935
758 2459
760 1963
771 3757
779 625
784 6714
785 524
785 3367
790 4192
792 3162
797 4160
798 7684
804 3935
808 2277
811 3193
813 5864
828 3347
829 2141
833 4053
837 2715
841 4993
844 1005
847 5631
847 7250
854 5298
855 1663
859 2210
870 7699
874 2362
891 4782
895 7297
896 677
899 1719
899 2280
901 839
901 3717
906 1516
909 805
913 2132
917 2328
917 7640
921 6753
926 955
931 473
934 5514
942 4054
945 2543
953 342
964 3417
966 793
974 200
979 3015
984 167
988 6906
991 6995
995 1029
997 234
998 4984
1000 2670
1001 7511
1003 548
1011 7325
1012 7227
1015 4932
1015 7380
1019 804
1024 6365
1027 1479
1031 5788
1032 177
1032 3992
1033 24
1035 1585
1035 6653
1042 4509
1048 4332
1056 6174
1059 4440
1062 3529
1067 6304
1072 561
1074 6586
1076 2779
1097 4834
1112 2531
1113 5826
1116 1373
1120 7084
1125 162
1135 3720
1140 2221
1145 3637
1150 3739
1153 7114
1155 4437
1155 5019
1160 1201
1164 215
1164 4852
1165 2815
1167 7044
1172 1902
1177 2561
1177 4171
1178 7448
1182 3285
1187 6396
1193 4513
1194 4299
1195 5834
1199 4201
1202 5841
1205 1244
1205 4069
1216 5589
1216 5601
1229 4317
1229 6228
1232 3422
1233 646
1246 1765
1252 6794
1256 1875
1256 6307
1269 2506
1270 6266
1276 6655
1277 2159
1288 791
1288 4988
1293 2492
1304 204
1308 839
1317 5252
1321 3349
1322 5362
1327 2261
1342 2924
1355 2064
1356 429
1358 910
1359 5664
1364 3227
1364 7707
1367 2618
1376 1765
1383 2598
1383 6380
1385 7790
1389 3736
1392 3712
1393 3552
1397 6122
1400 128
1402 4856
1404 4012
1408 6169
1410 5322
1412 2559
1412 4431
1412 5683
1416 976
1416 6697
1437 3885
1439 7744
1440 5152
1445 4702
1445 7528
1446 535
1448 5487
1454 1959
1455 2963
1460 7419
1466 3822
1467 1647
1483 137
1484 1766
1486 6226
1496 3663
1496 7222
1505 668
1507 6960
1510 539
1511 4934
1516 5159
1529 988
1539 5419
1540 4211
1548 4653
1549 2105
1560 5416
1561 1466
1563 2703
1567 682
1568 7379
1570 5052
1572 7564
1574 3237
1574 5073
1578 6347
1585 4600
1593 125
1595 5999
1599 1779
1600 4085
1601 1506
1614 7804
1635 1818
1660 3475
1665 3122
1666 3102
1671 4671
1673 472
1673 4076
1679 7569
1685 4111
1686 4333
1686 6261
1689 1597
1690 382
1691 4649
1693 7840
1694 3018
1697 4005
1700 304
1707 844
1711 2351
1713 1593
1716 782
1716 1029
1719 2705
1731 6913
1732 5200
1736 7817
1738 1883
1747 1441
1748 5952
1750 1152
1752 3742
1754 1881
1758 1666
1761 5674
1762 1932
1762 4237
1765 2594
1767 5526
1770 1184
1776 3213
1777 3117
1777 5145
1780 2682
1783 6759
1786 3138
1788 2398
1790 5675
1806 6298
1809 615
1810 3152
1822 4157
1836 1058
1839 4002
1842 6978
1843 7854
1846 537
1848 52
1851 6692
1852 3304
1854 3464
1856 3638
1859 984
1863 1584
1864 6816
1870 3425
1872 7484
1880 5611
1891 6463
1892 7618
1894 1458
1895 3492
1897 4662
1901 7708
1905 6044
1912 7247
1914 5197
1915 1646
1915 4322
1916 1695
1916 6510
1919 6413
1920 3526
1928 1209
1928 7695
1932 3702
1935 4075
1936 4305
1950 1471
1952 4085
1954 1156
1954 4249
1955 3068
1957 5262
1965 7213
1976 2807
1979 7760
1981 6501
2012 1825
2013 2838
2016 7830
2019 1732
2022 2177
2022 4048
2023 2243
2029 3535
2030 4463
2039 492
2042 3590
2046 4634
2047 7177
2048 3707
2053 3301
2061 2569
2063 4973
2067 7442
2076 3379
2083 2893
2094 4020
2099 5086
2101 1564
2108 3644
2109 3082
2130 5521
2132 4075
2133 3393
2136 2736
2141 1687
2142 2525
2143 2051
2151 3126
2156 2989
2158 457
2159 493
2160 5016
2163 3285
2166 2544
2167 4846
2174 7065
2175 2554
2180 3132
2180 5351
2182 3017
2184 6530
2187 3046
2187 5799
2191 7253
2192 1086
2193 3369
2193 7786
2194 3764
2214 4362
2214 7276
2221 7511
2231 4705
2238 1484
2244 7557
2260 3204
2263 7530
2267 6733
2269 2346
2274 6624
2278 3912
2285 3553
2285 5441
2291 2646
2293 3446
2294 4715
2297 7703
2299 6931
2308 1518
2309 2320
2313 2445
2313 4230
2321 797
2326 1385
2330 2149
2333 4224
2340 5563
2344 2180
2348 2430
2350 1380
2353 6513
2362 7163
2364 2859
2365 5311
2365 7109
2369 5882
2373 153
2373 6869
2377 7555
2387 7077
2389 6793
2391 381
2396 7205
2402 4194
2403 7060
2404 5286
2406 5733
2414 3722
2419 2550
2425 4747
2437 6826
2441 2344
2441 6374
2443 6470
2443 6859
2445 4706
2445 5730
2447 1331
2452 1864
2454 238
2464 662
2467 32
2472 1759
2475 6469
2479 2879
2481 3277
2484 7332
2486 3499
2488 2674
2489 6666
2497 114
2498 5659
2505 3979
2507 291
2507 2429
2507 3647
2512 1687
2516 3825
2517 3751
2519 4767
2519 4922
2520 967
2521 7552
2523 5905
2529 6966
2530 4870
2530 5497
2535 7261
2540 247
2548 2051
2555 1457
2555 6201
2560 7484
2561 5047
2566 6358
2572 3486
2572 7777
2577 3605
2578 5627
2583 2106
2587 7004
2589 6622
2592 2498
2595 5140
2598 2115
2598 6304
2599 20
2605 417
2605 4107
2608 1854
2612 5675
2612 7250
2617 4156
2618 7305
2627 1045
2627 3818
2637 6962
2639 4150
2639 5092
2640 4993
2640 6177
2648 3123
2652 2139
2660 2142
2660 6134
2664 3256
2664 4408
2667 1582
2672 7398
2678 6430
2685 4384
2685 5984
2687 6042
2688 532
2688 6106
2697 4318
2702 3499
2704 2592
2708 1645
2708 6624
2709 3311
2714 3543
2725 150
2734 2100
2737 4200
2737 4988
2740 2232
2741 2534
2742 5276
2751 7632
2752 5507
2753 3444
2760 2243
2763 2927
2765 7505
2768 2821
2773 2034
2773 5830
2774 3215
2778 3847
2778 6808
2779 5550
2782 111
2784 7277
2807 6734
2807 7256
2808 5726
2808 6729
2824 716
2824 1182
2825 1311
2827 4370
2839 636
2840 6552
2845 5214
2850 1795
2850 2623
2851 7095
2852 917
2854 1099
2862 3392
2879 1281
2880 4567
2885 2962
2887 6259
2888 1760
2889 3931
2894 7176
2900 555
2900 7172
2903 6681
2903 6709
2911 4528
2912 5817
2913 3660
2918 5340
2921 5458
2923 1641
2923 6693
2924 4366
2929 3444
2930 4187
2937 5561
2942 3433
2943 1036
2944 5478
2957 1584
2958 3634
2958 6633
2964 835
2971 7463
2976 3083
2977 143
2980 529
2984 6552
2985 4338
2986 4806
2993 7094
2994 4734
2998 1288
3004 4770
3006 2317
3010 3736
3014 4004
3017 5824
3024 980
3028 1936
3028 4665
3033 6262
3034 4927
3035 1136
3037 4245
3037 6310
3040 3426
3043 573
3043 7348
3045 69
3048 3222
3054 1378
3054 7400
3063 4623
3064 3629
3078 234
3079 378
3080 1617
3081 5943
3086 3078
3088 6685
3094 6455
3095 6310
3097 1640
3107 4041
3108 352
3109 1171
3113 5335
3114 577
3123 770
3137 6377
3146 6146
3150 900
3152 4762
3153 5148
3160 1588
3165 3206
3167 36
3169 2827
3170 3908
3175 1979
3178 6698
3180 2898
3181 818
3187 6078
3192 3373
3196 1717
3202 5729
3210 7347
3221 1028
3224 318
3224 3555
3229 4778
3230 6351
3230 7568
3234 4576
3237 3256
3237 3552
3239 4939
3252 2195
3253 6804
3258 4481
3258 7762
3261 4084
3263 2623
3264 4809
3269 6851
3272 2317
3273 3517
3281 6537
3283 3109
3283 7390
3289 4812
3295 2166
3298 3151
3298 6853
3303 5752
3308 5942
3312 1424
3312 5688
3315 1489
3316 3968
3317 2385
3319 2121
3320 467
3328 5767
3329 2286
3330 7582
3331 7069
3332 6262
3334 5780
3348 5120
3348 5767
3349 6400
3350 3858
3354 6488
3367 654
3368 2562
3373 7754
3374 6790
3391 5469
3400 7781
3401 5916
3404 7313
3405 2205
3408 297
3408 4115
3411 3218
3414 6257
3417 4337
3420 5876
3422 4184
3423 3937
3430 1074
3431 5605
3435 2874
3437 871
3443 3423
3443 6714
3444 4781
3450 6864
3451 1358
3457 5110
3459 6044
3459 7304
3460 1472
3464 118
3477 6700
3478 4003
3479 3965
3481 2489
3484 4029
3497 4282
3498 265
3501 5827
3513 1346
3514 6680
3517 712
3520 3693
3525 7822
3530 2107
3530 7018
3534 6401
3537 3403
3539 5219
3539 7301
3541 3704
3542 4343
3549 7248
3555 6125
3566 7032
3567 714
3567 7135
3574 4357
3576 728
3582 868
3584 2745
3585 1703
3586 1151
3588 7540
3593 7632
3597 128
3601 796
3604 3409
3608 2266
3608 4822
3622 7739
3627 6905
3641 5692
3648 7076
3649 7730
3650 4153
3653 5634
3659 6943
3660 6429
3661 110
3661 4331
3663 7297
3667 618
3671 6912
3682 5565
3682 6621
3685 3423
3685 7708
3691 1687
3697 1130
3705 6800
3706 5431
3712 3253
3720 6747
3727 2295
3729 6127
3741 4248
3742 6796
3744 4028
3750 7053
3754 6632
3755 1923
3760 1631
3765 3492
3765 6765
3769 693
3779 4002
3783 5456
3792 3102
3798 7662
3804 2218
3805 1936
3806 6004
3814 2368
3823 3762
3825 4078
3828 3215
3833 6825
3841 6412
3842 5990
3846 4264
3847 1882
3859 4006
3866 498
3868 7259
3874 2972
3876 3645
3887 7242
3888 2482
3888 7649
3900 6416
3903 5186
3908 4878
3909 7545
3911 2169
3918 7635
3919 1195
3925 777
3925 3806
3941 103
3944 2259
3945 5798
3958 2354
3959 5610
3966 2227
3970 5097
3975 2200
3976 3834
3987 4837
3988 1855
3992 6649
3994 2814
4007 1661
4007 6461
4012 5163
4021 2015
4024 6786
4026 5362
4028 6391
4036 1157
4042 457
4048 7615
4049 3761
4054 1736
4064 6572
4066 2591
4068 3477
4071 4377
4073 7430
4074 6347
4087 6154
4089 358
4096 7518
4107 6652
4108 4349
4110 5679
4111 236
4113 4309
4115 3125
4132 535
4133 5007
4134 3776
4155 6827
4157 934
4158 6779
4160 7251
4160 7678
4168 3286
4169 3807
4171 1049
4174 4300
4175 5246
4188 2754
4189 3770
4191 5351
4200 7687
4210 2882
4213 557
4214 6758
4218 423
4219 694
4220 3197
4222 1232
4223 1835
4228 7329
4230 2956
4232 4757
4233 682
4243 326
4247 2957
4255 2510
4261 2113
4271 7188
4275 4172
4279 6490
4289 887
4304 3159
4307 7766
4308 2563
4317 3489
4318 5261
4321 7726
4324 2871
4324 7683
4337 392
4340 1100
4340 3338
4342 5993
4342 7084
4350 1066
4351 2821
4355 7420
4359 364
4380 6754
4384 1552
4401 7073
4402 2108
4421 3757
4423 2570
4423 4214
4425 3587
4434 2035
4443 6442
4444 1488
4449 953
4449 3460
4450 19
4455 89
4456 1837
4457 7607
4462 11
4462 3627
4462 5458
4470 6403
4484 3190
4499 3752
4501 3855
4508 6262
4509 1387
4510 2614
4512 2255
4515 7248
4516 5920
4517 3336
4518 5621
4524 3622
4531 6014
4552 1068
4563 3074
4564 6151
4564 6164
4569 5986
4572 3201
4573 2129
4576 3307
4588 6757
4594 3373
4595 959
4595 7128
4602 6537
4603 6448
4606 588
4607 1090
4607 3431
4607 7707
4612 7597
4615 3255
4616 4724
4628 4544
4630 3163
4640 2061
4646 5930
4648 5620
4653 1633
4656 1270
4658 1645
4661 187
4662 3261
4663 2387
4663 4938
4667 4260
4667 7264
4669 3012
4683 2085
4686 5553
4689 483
4690 1246
4691 4585
4692 1908
4694 1688
4694 5728
4703 2220
4703 4884
4711 1290
4714 5566
4715 5461
4722 314
4724 961
4726 4149
4727 5410
4733 5519
4736 734
4744 2998
4744 5421
4754 4580
4758 5627
4759 663
4762 2069
4764 3319
4764 5665
4767 4516
4769 3362
4780 7180
4797 910
4800 943
4814 6659
4819 2133
4823 4884
4823 5271
4823 7627
4828 3945
4830 4757
4835 3525
4840 6237
4844 5932
4847 1981
4849 3952
4851 1956
4864 3085
4867 2866
4871 3729
4872 7196
4878 4169
4882 1409
4882 3554
4886 4982
4888 5707
4892 3984
4901 2400
4901 4289
4904 1483
4906 5824
4912 1338
4916 4084
4918 3604
4921 3000
4922 5969
4925 7618
4926 1876
4930 3513
4944 6276
4948 3567
4950 3606
4958 3364
4960 5003
4960 7243
4964 614
4967 6719
4973 3674
4974 7344
4975 1193
4978 7845
4988 1854
4992 7853
4995 655
4995 5777
5003 438
5014 4681
5015 707
5018 332
5019 4615
5021 189
5021 1841
5023 3602
5032 5513
5034 2870
5035 3152
5035 3360
5035 5987
5049 6459
5050 4155
5051 2819
5056 731
5056 4560
5062 3596
5062 7424
5076 3110
5087 4588
5088 1984
5090 253
5093 719
5096 7059
5106 4817
5109 5570
5109 7632
5119 7832
5121 2057
5122 3146
5122 7553
5125 3136
5131 7491
5133 5266
5133 6889
5135 6365
5136 291
5137 4444
5143 3440
5146 5006
5147 1709
5152 1568
5153 4056
5155 7040
5163 611
5165 863
5168 5615
5171 1233
5172 4233
5179 1456
5181 5490
5184 4685
5187 264
5187 5266
5187 6884
5188 498
5189 2363
5190 4603
5204 6149
5206 1915
5206 3210
5207 1090
5207 6031
5210 628
5212 2737
5214 1591
5214 7272
5218 7521
5222 3776
5224 3639
5232 2939
5233 2366
5233 3874
5244 3708
5249 3163
5256 945
5271 1621
5274 2657
5278 1497
5280 4283
5288 3084
5289 697
5298 4209
5298 6810
5304 3018
5306 4055
5306 6112
5317 2009
5317 2707
5320 2505
5327 1152
5334 3411
5338 2933
5338 6178
5340 7711
5347 796
5349 5645
5351 4506
5354 2226
5355 824
5362 1520
5365 3239
5370 1276
5372 4917
5415 2760
5416 3708
5419 622
5421 523
5426 763
5438 4200
5439 6740
5444 5950
5446 6861
5452 3785
5461 3758
5467 4975
5477 2306
5477 7317
5479 7227
5480 4193
5483 981
5483 2081
5488 2956
5491 2899
5493 3440
5493 5501
5505 166
5505 4312
5506 2677
5510 3602
5522 2924
5527 5329
5528 353
5531 3697
5531 5255
5533 6136
5534 2307
5536 5507
5536 6773
5546 3066
5560 134
5569 1746
5571 2031
5572 721
5574 3605
5574 3614
5577 4120
5578 5038
5589 7542
5594 3341
5597 579
5600 1124
5603 375
5607 6462
5611 796
5611 5414
5613 7476
5617 55
5618 2282
5626 5781
5627 1756
5630 5553
5641 5661
5644 3646
5645 4188
5657 6422
5660 1809
5663 2608
5664 6287
5668 1780
5670 727
5673 30
5675 3393
5683 7379
5687 239
5687 2346
5687 4219
5692 7726
5697 6126
5707 3781
5713 4455
5717 82
5718 975
5721 7397
5730 6196
5735 6688
5740 606
5743 4093
5743 4459
5744 4422
5745 2666
5745 6638
5749 374
5756 3756
5757 1664
5759 597
5759 3772
5761 7186
5767 66
5787 2963
5794 3158
5795 1096
5795 3784
5798 451
5801 6606
5806 908
5809 138
5814 1798
5817 902
5821 4479
5823 6908
5828 6603
5828 7751
5831 4750
5839 6150
5864 654
5870 6314
5871 6886
5871 7455
5876 1444
5876 6097
5879 2064
5880 2287
5883 7452
5887 5005
5889 5676
5894 2103
5897 5288
5899 7711
5900 5759
5902 5224
5908 634
5917 7364
5930 2828
5931 3721
5935 1416
5937 1750
5939 5789
5941 1548
5941 7034
5942 5825
5947 4747
5951 1654
5953 622
5959 1589
5964 6714
5967 2585
5970 3565
5973 3174
5977 3706
5978 3371
5983 5693
5991 6372
5992 7685
5994 7669
5996 1561
6008 6903
6016 5815
6018 3260
6020 5930
6022 3276
6024 4204
6030 6484
6033 5304
6039 3467
6041 986
6045 6692
6064 4976
6067 6648
6069 5026
6070 7491
6070 7748
6072 4145
6079 7703
6084 5075
6089 5848
6092 1867
6101 2599
6101 3248
6110 4717
6111 3470
6114 1061
6114 5598
6117 3532
6127 4420
6131 1529
6131 5858
6133 7701
6139 1702
6147 5032
6155 6319
6175 1319
6175 5039
6180 1248
6183 2876
6184 6216
6194 3009
6200 1687
6201 5197
6205 708
6210 6881
6220 4147
6220 4812
6221 3797
6226 7700
6239 7151
6243 2883
6244 4686
6244 4733
6250 3690
6255 179
6255 3866
6256 4552
6260 117
6260 1256
6266 1268
6281 4157
6283 1890
6285 7320
6287 2765
6288 7391
6304 4876
6305 6274
6306 3526
6312 7487
6321 2272
6322 1573
6326 3950
6327 2511
6329 2760
6329 4362
6330 5943
6340 7138
6341 850
6349 2738
6350 6860
6363 7817
6364 6373
6364 6799
6371 4102
6374 3891
6380 1959
6382 2962
6390 4076
6393 4760
6396 2888
6410 7468
6414 1288
6414 2269
6420 2009
6421 3141
6425 326
6427 2633
6427 2829
6432 1518
6432 6594
6441 2488
6447 2529
6448 4446
6450 1243
6454 4740
6456 2430
6463 2527
6469 211
6471 6109
6486 4124
6487 2156
6489 6675
6489 6772
6490 3989
6494 797
6494 7365
6500 4303
6500 5902
6506 4318
6510 487
6522 6910
6529 2945
6535 359
6542 3669
6544 1293
6546 2175
6550 743
6557 7636
6563 2724
6568 6878
6574 2897
6579 877
6579 2847
6579 3299
6581 5625
6592 1663
6598 3660
6603 3607
6609 513
6615 938
6617 6956
6626 2191
6630 7653
6635 2768
6642 4753
6642 7328
6644 2013
6646 2628
6655 3099
6656 7233
6662 2291
6663 7764
6670 3020
6671 5834
6674 4520
6681 5817
6684 6735
6689 6877
6696 5996
6698 7021
6711 4777
6711 5146
6716 3288
6724 5186
6728 2633
6733 564
6735 6910
6736 851
6737 6761
6740 1622
6748 5342
6749 6571
6750 6744
6753 4908
6759 6144
6766 7481
6769 4690
6787 79
6788 6489
6789 759
6793 2767
6800 644
6804 1596
6810 1789
6822 1518
6822 3628
6829 281
6832 3136
6832 4638
6833 2327
6835 5769
6837 2730
6841 3616
6850 4017
6853 6290
6861 6339
6863 3857
6866 2091
6869 740
6871 1897
6874 3904
6875 1940
6879 3917
6880 7302
6884 5658
6896 1871
6898 2218
6899 5053
6900 1201
6904 566
6913 2297
6914 1680
6915 4144
6919 7217
6923 6497
6924 3336
6924 4950
6926 3681
6930 4448
6933 5308
6950 2152
6958 2011
6959 2303
6959 3664
6959 5612
6960 4150
6960 5251
6969 2868
6973 3271
6984 1460
6985 386
6986 5453
6988 2928
6995 256
6999 1712
7003 1073
7016 6202
7026 734
7028 4324
7035 7121
7042 7532
7044 3084
7045 461
7047 631
7047 4632
7049 4270
7050 1423
7050 7207
7060 6226
7061 5080
7064 4644
7066 1113
7067 929
7068 3388
7068 7139
7072 5155
7086 1195
7102 7392
7112 2801
7121 3157
7125 5596
7129 4060
7129 6455
7131 2962
7131 6994
7140 3649
7144 1112
7144 4566
7145 6425
7148 6727
7150 7209
7159 2511
7162 817
7167 272
7185 459
7186 784
7186 6114
7190 2016
7204 6048
7219 2916
7224 6416
7229 6870
7232 1367
7236 1012
7237 4989
7237 6309
7239 4654
7243 1462
7246 4844
7248 1257
7249 2312
7253 3161
7259 5582
7260 3195
7261 2336
7270 7042
7277 3118
7281 1
7282 5410
7283 7689
7288 5292
7290 3001
7290 5706
7299 2672
7304 7685
7309 5522
7310 1126
7312 7664
7315 5672
7317 5733
7326 2086
7327 4638
7342 7034
7352 1984
7355 6136
7357 7391
7358 4255
7360 737
7362 4461
7364 5982
7364 6606
7365 1623
7366 2594
7370 343
7376 956
7376 1212
7376 7705
7379 3661
7384 185
7384 6157
7393 2686
7397 2879
7402 1151
7405 7699
7407 6975
7408 2712
7411 4781
7413 2198
7415 1017
7420 1580
7424 4142
7430 7394
7433 6367
7434 4264
7436 7262
7438 1733
7441 3937
7444 2372
7447 6558
7450 1284
7456 6706
7462 4098
7469 4530
7474 1834
7490 1151
7492 209
7494 5212
7495 7431
7499 2331
7507 4689
7508 4014
7508 4753
7513 5358
7528 7469
7530 2379
7530 2948
7532 5826
7536 3176
7537 4541
7538 737
7538 6408
7539 1157
7540 5305
7544 2799
7546 5583
7554 6179
7556 4730
7573 412
7588 3059
7592 4960
7596 7160
7597 1742
7601 2246
7601 2306
7602 489
7605 1760
7607 2242
7616 115
7616 2169
7634 2170
7641 7552
7644 6652
7653 3450
7661 34
7661 705
7664 5962
7668 3798
7669 2746
7672 5166
7682 3048
7687 5497
7689 6942
7696 1291
7705 345
7711 3201
7716 5021
7725 6101
7725 6455
7731 5579
7732 7425
7733 4104
7752 2470
7753 5338
7757 6281
7762 2516
7766 2770
7769 4379
7779 5124
7785 4884
7787 4030
7787 7567
7793 718
7794 473
7797 1742
7800 4696
7800 5068
7803 6508
7804 5
7809 664
7819 7577
7820 5046
7832 5722
7833 7648
7835 3357
7845 3609
7846 709
7852 3805
7853 3005
7857 4867
7861 1830
7864 2117
7872 3699
7874 6144
7876 1727
7877 3840
7883 6912
7887 335
7892 375
7894 2947
7899 1131
7909 7048
7912 7118
7918 1935
7932 5468
7933 1038
7934 400
7935 6350
7940 2777
7941 1093
7946 3976
7956 6315
7962 5701
7972 6756
7974 4510
7976 4131
7976 6303
7982 6468
7985 6613
7992 5775
7995 930
8001 2439
8010 1896
8014 6156
8016 6884
8018 5180
8024 6383
8027 7657
8036 6688
8041 3960
8060 1145
8065 5352
8069 2890
8069 6477
8073 839
8077 6016
8077 7267
8081 6681
8082 1810
8089 5624
8090 4054
8095 3776
8099 1102
8100 1578
8100 2234
8101 4430
8101 5526
8106 5921
8110 806
8114 3597
8114 4297
8114 5268
8122 2330
8126 7523
8130 4960
8131 7469
8132 5651
8134 128
8138 5143
8138 7703
8143 264
8146 7305
8149 6496
8154 504
8155 5510
8161 107
8162 7512
8169 2230
8175 2476
8176 769
8183 337
8183 3235
8187 7708
8189 4308
8194 5796
8198 1240
8199 5843
8200 3630
8200 3798
8202 3704
8211 1472
8211 3776
8213 5170
8216 443
8216 4432
8227 7486
8229 4076
8238 4480
8242 3089
8243 4508
8244 89
8246 6739
8254 1724
8268 5402
8277 2206
8280 7620
8290 5830
8292 250
8292 6491
8292 7411
8293 7280
8296 2264
8302 2195
8311 6841
8312 466
8313 5638
8319 5632
8321 6142
8325 3291
8327 5841
8329 1184
8339 6831
8349 7229
8351 5403
8356 1750
8358 2095
8359 1756
8361 3996
8371 4194
8373 5676
8375 7631
8379 5747
8382 6497
8383 752
8384 3203
8405 3456
8413 3450
8413 6956
8416 2183
8422 5301
8424 599
8427 6769
8442 195
8443 1270
8455 247
8455 2880
8456 3207
8459 3372
8464 6608
8468 4537
8468 5695
8471 324
8483 3010
8489 6003
8493 972
8493 4381
8511 2055
8511 5995
8516 6764
8519 1221
8522 5959
8527 4230
8529 5469
8531 6381
8532 6857
8536 5725
8538 1546
8538 6636
8539 984
8539 7464
8541 3933
8543 5700
8546 5495
8552 7813
8555 7697
8563 1211
8564 2721
8564 3762
8565 4785
8565 6038
8566 3750
8568 7558
8569 5738
8574 6119
8577 4759
8580 4516
8580 6691
8591 489
8591 5536
8593 6580
8601 3557
8603 491
8603 3311
8608 2200
8608 5301
8615 6325
8616 4894
8617 852
8618 2373
8619 1633
8623 5360
8626 2266
8627 6475
8634 1251
8635 6158
8636 7710
8637 5388
8654 5863
8658 555
8660 1862
8666 3258
8667 1970
8668 4476
8668 5168
8668 7665
8675 6093
8682 7104
8694 3467
8696 4822
8703 1112
8705 4759
8708 5715
8711 6665
8713 7096
8715 895
8716 2202
8718 2418
8725 3707
8726 6325
8730 1890
8731 1488
8732 2307
8741 3506
8745 6763
8746 4500
8757 3786
8760 2850
8761 7487
8765 7160
8768 3882
8774 1018
8775 2507
8776 1113
8785 6321
8789 5644
8792 7542
8796 619
8796 7529
8797 3453
8816 744
8818 5335
8830 2639
8834 6968
8840 1742
8844 1297
8848 6565
8849 2142
8849 4111
8854 4744
8855 5301
8857 2362
8859 2594
8866 5915
8868 7217
8870 5223
8871 7136
8874 415
8877 5386
8883 2270
8902 6514
8904 1539
8914 6917
8917 2716
8917 4706
8935 7389
8936 7037
8945 5463
8952 6181
8953 5630
8954 5578
8959 1899
8962 5381
8973 1822
8985 111
8987 5646
8990 4956
8994 3905
8996 147
8999 5190
9000 6335
9002 4490
9014 6734
9019 4379
9022 3244
9027 3478
9032 6286
9036 6573
9038 1748
9040 4566
9052 7497
9057 7405
9060 1586
9072 1087
9072 7184
9073 6629
9076 2044
9077 972
9083 4912
9087 1415
9091 2827
9093 4771
9104 236
9135 4909
9141 7586
9142 356
9151 6713
9156 1057
9166 7207
9171 1564
9173 865
9177 2203
9177 4232
9178 7266
9185 5347
9186 3980
9191 6507
9193 1
9195 6599
9196 1455
9196 5775
9200 2614
9207 1650
9208 555
9220 3931
9223 3519
9225 6372
9228 1896
9234 68
9237 1829
9237 4871
9238 1808
9244 5288
9246 7370
9248 952
9250 5781
9252 4571
9254 6214
9258 4616
9264 987
9270 5634
9278 1378
9280 5410
9285 7130
9286 4845
9287 6454
9289 38
9289 7687
9290 2192
9290 7025
9297 7476
9304 177
9308 7817
9309 3035
9313 1243
9316 5202
9317 5366
9319 3675
9321 2480
9321 5120
9323 3499
9324 3076
9324 5307
9335 5061
9339 4350
9341 1789
9356 3714
9360 759
9362 3242
9365 5623
9366 2630
9366 7210
9368 4614
9375 902
9382 7609
9384 1332
9385 2166
9385 3346
9389 3162
9390 6026
9391 831
9395 4293
9409 2331
9410 5932

