2381 5718 5289
1 1
1 1472
1 2988
1 3450
2 4334
3 1730
4 1103
4 1992
4 2025
4 4714
5 3027
5 3303
6 2011
6 3430
6 5355
7 2342
7 2567
8 4943
8 5358
9 2913
9 4860
9 4987
10 2887
10 3513
10 4411
10 4462
10 5491
11 4972
12 223
12 715
12 1419
13 1283
14 4544
15 1137
15 4544
16 3188
16 5079
16 5130
17 1320
18 1769
18 2780
19 2587
19 2671
20 1883
21 1246
21 2971
21 3538
21 3744
21 4418
21 4541
22 1862
22 4101
22 5180
23 2622
23 3618
24 686
24 956
25 3143
25 3247
25 3372
26 642
28 3952
29 845
29 1180
29 4376
30 3008
30 5166
31 483
31 1202
31 2374
31 3743
31 4905
32 1132
32 2032
33 1304
33 1331
33 1820
33 4619
34 972
34 1930
34 2340
34 5346
35 2500
35 4225
35 4991
35 5574
35 5593
36 4608
36 5560
37 2540
37 2594
38 380
38 2579
38 2596
38 2937
38 4207
38 5462
39 2655
39 2979
39 4903
40 269
40 3838
40 3875
41 1323
41 2025
42 648
42 1177
43 901
44 1306
44 1667
44 3182
44 4368
45 1336
45 5502
46 1107
46 1641
47 1595
47 2278
47 4522
48 4233
49 191
49 578
49 3361
50 184
50 2143
50 3792
50 4818
50 5100
51 2657
52 424
52 5074
53 260
53 4414
53 4876
54 1721
54 3069
54 3605
54 3988
55 1587
55 3368
58 1797
58 4701
58 5680
59 5584
61 1363
61 4046
61 5170
62 1150
62 2248
62 3922
62 4867
64 1895
64 4001
64 4924
65 1224
65 5662
67 2619
68 39
68 2909
68 4208
70 2084
70 4471
71 4835
72 2156
73 5711
74 1856
74 4813
75 281
75 3917
75 5444
76 1499
77 3811
78 3075
78 4024
78 5317
79 3399
79 3558
80 2226
80 3561
81 1772
81 3861
81 4694
82 170
82 3378
82 4169
83 2695
83 2701
83 2803
83 3690
85 75
86 4673
86 4863
87 2527
87 3285
88 1929
89 4972
89 5692
90 395
91 2793
91 4067
92 325
92 4319
93 2664
94 527
94 3660
95 1192
96 329
96 1140
96 2532
96 2563
96 4293
96 5542
97 2424
98 3275
99 3963
99 3998
100 4402
100 5511
101 749
101 2146
101 4603
102 5092
103 1576
104 285
104 3966
105 5127
106 2313
106 5456
107 3281
108 1558
108 3110
108 3394
108 4178
108 4287
108 4300
109 178
109 371
109 4334
109 4500
110 4073
111 1992
112 1792
112 2504
112 2883
112 3329
112 4668
112 4954
113 3467
114 2250
114 2255
115 1830
115 2195
115 3069
116 705
116 1529
116 1733
116 3323
117 1217
117 2293
118 3122
119 4458
119 5707
120 3579
120 4064
121 628
122 2898
123 607
123 3133
123 3294
124 884
125 757
125 3807
126 2994
126 5048
127 1998
127 2209
127 2443
127 2601
127 4283
127 4885
128 2372
128 5109
129 2492
129 4426
130 222
130 909
130 1225
130 2535
130 4706
130 5221
130 5447
132 280
132 1068
132 2246
132 3694
132 5625
133 4721
133 4756
133 5672
134 533
134 5125
135 2224
135 3267
137 518
137 2036
140 4955
141 3295
142 171
142 4891
142 5031
143 3442
144 261
144 5274
145 613
145 1194
145 1722
145 4497
147 2843
149 2703
149 4346
151 1419
151 4861
152 897
152 1028
152 1250
152 5543
155 1950
155 4165
156 1449
156 1821
156 2727
156 3821
157 2335
158 804
158 2690
158 3920
160 2678
160 4122
160 4970
161 3729
161 4809
162 2392
162 3321
163 647
163 2250
163 4711
163 4823
163 5423
165 967
165 1844
165 3130
166 502
166 1370
166 4958
168 776
168 5099
169 685
169 3510
169 4594
169 5031
170 562
170 2670
170 2676
170 3214
171 2561
171 3274
171 5601
172 875
172 3683
172 4852
173 2737
173 5694
175 1673
176 1382
176 2318
176 3360
176 4051
177 4512
178 1865
178 2537
178 4209
178 4717
179 1614
180 1527
180 1678
180 4952
181 2632
181 3216
181 4379
182 406
183 881
184 606
184 4251
184 5030
185 248
185 1921
185 2174
185 2735
187 2471
187 3853
187 4168
189 2109
189 3125
189 4599
190 1404
190 3339
190 4951
191 2907
191 3344
192 1661
192 3382
193 1156
193 4962
193 5340
194 1102
194 3142
195 941
195 1865
195 3296
195 4850
196 5602
197 932
197 1137
197 4330
197 4760
198 653
198 4420
198 4801
199 3891
199 4081
199 4388
200 1883
200 2826
200 3695
200 3952
201 18
201 2087
202 146
203 2707
203 5178
204 731
206 1893
206 3576
206 4749
207 1564
207 1720
207 2281
208 757
210 2296
210 3460
210 3827
210 4201
210 5158
211 3343
211 4357
211 5036
211 5534
211 5632
212 343
212 3203
212 5146
213 16
213 1182
213 3273
213 4391
213 5700
215 4167
215 4591
216 460
216 3440
217 781
217 2415
218 3111
219 3895
219 4003
220 2446
220 2578
220 4421
221 2107
222 2207
223 3157
223 4708
224 359
224 965
224 2579
224 5558
225 619
225 4142
227 2075
227 3039
227 5302
227 5459
228 32
228 5153
229 296
229 522
229 1390
229 1915
230 1743
230 2077
231 634
231 1580
231 3394
231 4774
232 63
232 4464
232 5214
233 3500
233 3605
234 1345
234 1360
234 1815
234 3234
236 1159
236 3733
237 7
237 476
238 3424
239 1691
239 3722
240 2073
240 5470
242 4259
243 20
243 1119
243 4858
244 5701
246 3751
247 2418
248 316
248 888
248 3873
248 4586
249 168
249 311
249 4281
250 912
250 5166
251 1222
251 1430
251 1628
251 3560
251 4291
252 4844
252 4929
252 5070
253 2226
254 145
255 3960
256 2744
256 3494
258 4007
259 1698
259 1730
259 3396
260 5108
261 4256
262 411
262 2094
262 3062
263 1286
263 1905
263 2165
263 2484
263 5198
265 917
265 2835
265 4112
265 4316
266 218
266 5193
267 1115
267 2339
267 2371
267 2492
267 3257
268 3276
269 271
269 2716
269 3229
270 111
270 935
270 1214
270 1913
271 803
271 1467
271 1764
273 3559
273 4051
274 380
274 1484
274 2133
274 4383
275 1119
275 3868
275 5111
276 126
276 1300
276 4830
277 4304
277 4360
278 1062
280 65
280 643
280 759
280 1741
280 4762
281 336
281 5446
282 1505
282 1729
282 3889
283 4488
283 5398
284 2991
284 3241
285 720
285 1026
285 3803
285 5607
286 316
286 5272
287 838
287 1742
288 2683
288 2691
288 3478
291 1219
291 1907
292 2896
293 1523
293 2252
294 3270
294 3830
294 4061
295 507
295 3397
295 5704
296 669
296 761
296 3036
296 4754
297 28
299 1008
299 1970
299 2619
299 4379
300 1588
301 1997
301 5710
302 2448
302 4884
303 156
303 2957
304 2100
304 4531
305 55
306 912
307 2195
307 2947
307 4227
307 5514
308 664
308 2981
309 302
309 3861
310 316
311 802
311 3234
311 4157
312 2137
312 2935
312 3763
313 2084
313 2101
313 2582
314 1474
314 5201
315 2311
315 3953
315 4416
316 1005
316 4628
316 4651
316 5368
317 2394
317 3627
318 268
318 2526
319 1702
319 3286
319 3357
319 3490
319 5063
320 1583
320 5310
321 718
321 1931
323 1417
323 1490
323 4803
323 5150
323 5411
324 3790
325 2
325 3178
325 5457
326 1078
326 4184
327 4839
327 5194
328 2851
329 792
329 1601
329 2021
329 4382
330 2479
330 3012
330 4615
330 5149
331 3811
331 4338
332 937
332 2459
332 3593
333 3464
333 4252
334 3517
335 1558
335 2104
335 4011
335 4201
335 4953
336 3450
336 3872
337 50
337 726
337 2693
337 4177
338 260
340 159
340 244
340 1401
340 5008
340 5345
341 990
341 3372
342 114
342 1399
342 2386
342 5118
343 1020
343 1867
343 1967
344 410
344 2536
344 3467
345 2816
345 4752
347 136
348 1212
348 1231
348 4762
349 4004
350 143
350 453
350 4976
351 3340
351 4717
352 1581
353 147
353 4594
354 648
354 4774
355 415
355 482
355 1196
356 3185
356 4591
356 5074
356 5144
357 1658
357 4936
358 645
358 2067
359 3790
362 1931
362 5333
363 4392
364 2
364 622
364 1345
364 2946
364 3788
364 4825
364 4875
365 2986
365 4397
367 1231
367 3678
367 5057
368 209
368 2418
368 3750
368 4595
369 2809
369 3929
369 5129
370 128
370 463
371 2304
371 2468
371 3822
371 5097
372 1752
372 2542
372 3199
372 4564
373 425
373 1372
373 3191
373 5540
374 640
374 3633
375 522
375 1337
375 2621
376 1911
376 5282
377 3044
377 3094
377 4487
377 4696
377 4875
377 5484
378 808
378 1921
378 3380
380 3599
381 195
383 181
383 329
383 1144
383 3887
383 3903
384 404
384 408
384 2213
384 4100
384 4533
385 4044
386 382
388 361
389 3827
389 3980
390 612
391 4559
392 344
393 154
393 478
394 475
394 3237
395 262
395 3452
396 3616
396 4654
397 3783
397 4108
398 3502
398 4073
398 5620
399 405
399 1392
399 3232
400 4305
400 5383
400 5540
401 2707
401 4372
401 5552
402 2330
402 2515
402 3578
402 4486
402 5213
402 5398
403 186
403 461
403 1628
403 4604
404 373
405 1272
405 4192
405 4925
405 4995
406 2749
407 2021
408 714
409 969
409 1334
409 3352
409 3564
410 159
410 821
410 5488
411 3481
412 3153
412 5131
413 2887
413 3898
414 5295
415 5265
416 580
416 3846
416 4551
416 5327
417 326
417 2169
417 2351
417 2828
418 378
418 2224
418 2762
419 2096
419 2907
419 3302
419 3718
420 2639
420 5515
421 4917
421 5136
422 1800
422 1826
422 4668
423 24
425 3703
426 1225
426 3549
426 4454
426 4509
427 1939
427 2586
427 5642
428 842
428 3948
429 674
429 3853
429 4026
430 705
430 4050
431 3445
432 379
432 3100
432 3389
432 3711
432 5081
433 239
433 511
433 1888
433 2766
433 3276
433 3434
433 5699
434 1237
434 3448
434 4241
435 3657
436 4887
436 5665
437 2597
437 5209
438 409
438 2872
438 4412
439 2969
440 2824
441 2155
441 3198
443 784
443 3267
443 4751
444 5711
445 1661
445 1999
446 901
447 3382
447 3596
447 4207
447 5588
448 1282
448 1367
448 2000
448 3211
448 4571
449 1750
449 5677
450 86
450 1769
450 2167
450 4862
451 1028
451 1226
451 1615
451 2577
451 2916
451 3689
452 283
452 648
453 1537
453 4400
454 3764
454 4542
455 578
455 5420
455 5508
456 4976
456 5388
457 1327
457 1619
457 2073
458 4111
459 1417
459 2592
460 1280
460 3105
460 5297
462 1891
462 3101
463 2020
463 2077
463 2829
464 1295
464 2931
466 2700
466 3345
466 5296
467 616
467 1379
468 2307
468 4528
469 818
470 1825
471 1074
471 2143
471 2642
472 2417
473 4792
473 5140
473 5682
474 4369
475 1815
475 3574
476 1249
476 2615
476 2990
476 3956
476 4409
477 5071
477 5347
478 2214
478 3811
478 4582
479 5294
480 4865
481 29
481 1262
481 1818
481 3236
481 3324
482 5052
483 900
483 4113
483 4489
483 5653
485 89
485 667
485 1857
485 3055
486 1994
486 2437
486 5156
487 587
487 2285
487 4203
487 5445
488 2277
489 2538
489 3242
489 3355
489 4721
491 3219
491 3584
491 4626
491 5463
493 2750
493 5598
495 4833
496 1595
497 3315
498 1012
498 1141
498 3442
499 688
499 1637
499 2915
499 3262
500 399
501 3429
502 3326
502 4937
503 1013
503 1980
503 2860
503 4098
503 5199
504 11
504 1958
504 2631
506 389
506 3780
506 4012
506 5631
507 3679
508 723
508 4520
509 396
509 680
509 2915
509 3622
511 1395
511 1529
512 947
512 2774
512 3050
513 5590
514 1376
515 3989
515 4604
515 4829
515 4917
516 780
516 909
516 4698
516 4972
517 3275
518 1106
518 1892
518 3915
518 5540
519 2021
519 2887
520 400
520 1680
520 3175
521 511
521 783
521 4704
521 4995
521 5385
521 5559
522 2584
522 3939
522 4681
522 5252
523 5700
524 4134
524 5386
525 483
525 4441
526 754
526 4167
526 4752
528 2142
529 1742
529 3494
530 298
530 3246
530 4101
530 5607
531 134
531 1720
532 1248
536 517
536 5215
537 3612
537 5473
538 877
538 2507
538 4615
538 5360
540 2647
540 3686
540 4253
541 2088
541 2461
541 2921
541 4153
542 5001
544 833
544 2728
545 872
545 1667
545 2327
546 2352
546 5533
547 2277
547 3862
547 4593
548 156
548 242
548 2491
548 4587
548 5377
549 4377
549 5346
550 1768
550 4941
551 1679
551 2036
551 5479
552 761
552 5567
554 2238
555 3930
556 4403
556 5256
557 848
557 4463
557 5401
558 850
558 4711
558 4881
559 163
559 837
559 938
559 4567
560 2855
560 2996
560 4480
561 1969
561 4821
562 1357
562 2009
562 4203
562 5378
562 5407
563 801
563 1802
564 2940
564 3783
564 3927
564 5093
565 793
565 3607
565 4206
565 5547
566 3557
566 4756
567 2506
567 5512
568 3702
568 4755
569 4374
569 4974
570 110
570 5226
572 43
573 1762
573 2192
573 2868
573 3307
574 2235
574 3465
574 3708
574 3788
574 5677
576 672
576 1830
576 5037
577 2703
578 1762
578 2389
578 4539
579 283
579 1225
579 2299
580 1007
580 1383
580 3773
581 1042
582 742
582 2969
583 1443
584 770
584 1940
584 2659
584 3716
585 1405
585 3507
585 4787
585 5455
586 5325
587 655
587 876
587 4930
588 2793
589 2952
590 1755
590 4517
591 1421
591 4642
592 2523
592 3570
593 3037
594 3643
596 1558
596 2498
596 2920
597 198
597 3876
598 4341
599 826
600 99
600 2850
600 5486
602 2745
602 3616
602 4024
603 1771
603 3403
603 4501
605 3116
606 1191
606 1674
606 2413
607 1970
607 4809
608 5319
608 5666
609 5695
610 2188
610 4718
612 405
612 5056
612 5102
613 135
613 1380
613 4306
613 4475
613 4780
614 4350
615 955
615 2379
616 209
616 2768
616 3109
617 732
617 2220
617 5306
618 849
619 158
619 1069
619 2158
620 1282
620 5156
621 37
621 651
621 2473
621 5613
622 3169
622 3514
623 487
624 1503
624 2677
624 3866
624 5544
625 1841
625 2351
625 3122
625 5625
627 3370
627 3931
627 5235
629 1342
630 3364
630 3431
630 3833
631 209
632 68
633 4372
633 5288
634 970
634 3689
635 706
635 1233
636 806
636 1254
637 931
637 1299
637 3705
637 5513
638 517
639 631
639 5279
639 5512
640 4727
641 1032
641 4302
642 641
642 2331
642 4805
643 5220
644 1947
646 531
646 2853
647 2909
647 3488
647 3861
647 3947
647 5249
648 3932
650 291
650 5674
651 4448
651 4639
651 4784
652 319
652 1738
652 1799
652 2343
652 4005
653 1716
653 2908
654 703
654 1417
654 3491
655 2131
655 2286
655 4084
656 4080
657 3286
659 4605
659 5550
660 9
660 1618
660 1781
660 5253
661 2995
661 3313
661 4863
661 4937
662 2627
663 2816
665 63
665 1800
665 4605
666 904
666 1659
666 3300
666 3449
666 4857
667 207
667 1095
667 2674
667 3712
667 4006
668 800
668 2803
668 2981
668 4583
669 724
669 842
669 859
670 3305
670 5452
671 1375
671 2965
671 3243
671 3961
671 4864
672 5523
673 620
673 2189
673 3340
674 2241
675 38
675 1034
675 1698
675 4828
676 354
676 2191
676 2859
676 5315
677 1840
677 2630
677 3243
677 3281
678 177
678 1018
678 2063
679 3637
680 836
680 1299
680 1770
680 2767
682 931
682 2236
682 2500
682 5412
683 971
683 3905
684 2432
684 3696
685 3362
685 3953
686 2617
687 1917
687 2707
687 3197
687 4695
687 5628
688 2136
688 2629
689 42
690 694
690 1038
690 2324
691 448
691 4250
691 5448
692 1809
692 2330
692 4656
693 1408
693 2167
693 4750
694 1513
694 2568
694 5040
696 193
696 2060
696 5008
697 239
697 2454
697 5604
698 679
699 492
699 500
699 3717
699 4266
699 5687
700 1125
701 1527
702 43
702 3512
703 2653
704 1686
704 3282
704 4793
704 5186
704 5307
705 1441
705 2122
705 5377
706 3779
707 1821
707 2814
707 5618
708 1385
708 3118
708 5209
709 150
709 2010
710 857
710 1516
710 1828
710 5597
711 1103
711 5011
711 5508
712 1606
712 5083
712 5088
713 448
713 2321
713 3836
713 4103
714 2543
715 1198
715 2951
715 4372
715 4709
716 130
716 5535
717 1881
717 2884
717 3828
717 4444
719 2596
720 2000
721 2654
722 1339
722 1456
722 2646
722 4768
722 5650
723 3661
723 4399
724 1329
724 2054
724 2371
724 3324
725 2245
725 3028
725 4742
725 5399
726 2961
726 4763
727 3628
728 336
728 2888
729 2092
730 2440
730 4313
731 295
732 306
732 1854
732 3313
732 4802
733 206
733 421
733 2057
734 1051
734 4364
735 1882
735 4294
735 4563
736 1002
736 3062
736 4383
737 1368
738 1772
738 2774
738 5578
739 969
739 2057
740 1999
740 3363
740 5170
741 4115
741 5367
742 2174
742 3373
743 1221
743 3604
744 1056
744 3920
745 964
746 4668
747 2167
747 3524
747 4453
748 1854
748 3136
749 5146
750 248
750 5482
751 2418
751 3459
751 4749
751 4993
752 1178
752 1596
752 3407
752 5181
752 5394
753 3973
754 880
754 1112
754 1471
755 1717
755 5100
757 1833
757 4905
758 249
758 5388
759 2244
759 4451
759 5326
760 632
760 1053
760 3653
762 3505
763 1893
763 3720
763 4076
764 1511
764 2981
765 1487
765 1549
765 5500
766 4342
766 5197
767 858
767 1513
767 3559
767 4161
767 4951
767 5125
768 1814
768 1966
768 2413
768 3737
768 4673
770 2440
770 2529
771 1026
771 3001
771 3753
772 2610
772 2613
773 3401
774 2390
774 3585
774 5093
776 5278
777 1640
778 2883
778 2889
778 2948
778 3736
779 3
779 4832
779 4874
779 5668
781 3240
783 4277
784 257
784 811
784 5034
785 1018
785 2506
786 3261
786 4249
787 1879
788 3438
789 2831
789 3329
789 5090
790 2289
790 3530
790 5274
792 1065
792 2340
792 3101
792 4094
793 364
793 2393
793 3745
793 4936
794 2222
795 1832
796 1367
796 4403
797 1152
797 1652
797 4916
798 2633
798 3245
798 3427
799 669
799 2554
799 4830
800 193
800 1313
800 2547
801 1141
801 4849
802 4587
803 688
803 4111
804 304
804 2685
804 4980
804 5412
806 1591
806 1882
806 4250
807 2435
808 1619
808 1765
809 1356
809 4217
809 4363
810 576
810 4076
810 4683
810 5262
811 905
811 3381
811 3953
812 1420
812 4604
813 296
814 472
814 642
814 1158
814 4547
816 1799
816 2109
816 2298
816 3389
816 3471
816 3521
816 4280
816 4353
816 5551
817 849
817 1542
817 2893
817 3114
817 5126
818 410
818 1093
818 1381
818 3145
819 941
819 4759
820 2500
820 3192
820 4116
821 4278
821 4912
821 4929
822 132
822 2449
823 485
824 667
824 1250
825 1467
825 4498
825 5376
826 962
826 2370
828 4175
829 45
829 853
829 3835
829 5483
830 4654
830 5265
831 3698
831 3829
831 4738
832 526
833 892
833 3284
834 314
834 1486
835 2824
835 5475
836 1386
836 4124
837 2599
837 3775
838 3918
839 805
839 2232
841 1269
841 5444
842 3572
842 5417
843 1792
843 2130
843 2521
843 2739
844 605
844 2973
844 4059
845 1012
845 4061
845 5453
847 579
847 1981
847 4357
847 5066
848 2722
848 4414
848 5488
849 662
849 708
849 2093
849 2420
850 2070
850 4573
851 171
851 1172
851 2679
852 4470
854 335
854 2990
855 32
855 3194
855 3984
856 663
857 2987
858 2282
859 3619
860 765
860 843
860 2350
860 2642
861 443
861 5715
862 1084
862 4884
863 1111
863 1568
863 3624
864 228
864 5481
865 3131
866 1676
866 3760
867 665
867 899
867 2172
867 5539
868 4363
868 4590
871 1619
871 4621
871 4916
872 2572
873 4999
874 5423
875 1095
875 1496
875 1843
875 3265
875 5468
876 368
877 3903
878 309
878 2013
878 3295
879 4341
879 5075
881 516
881 4596
881 4813
882 4611
883 3489
883 3503
885 4463
886 736
886 2832
887 3520
888 1835
889 2156
890 91
890 931
890 3007
892 911
892 2994
893 1885
894 794
894 3364
894 3710
895 2416
895 2816
895 5167
896 2177
896 5711
898 1163
898 3259
898 5443
899 4506
899 4835
900 1993
900 3071
900 5623
901 874
901 3044
901 4066
901 4679
901 5162
901 5591
902 1221
902 2068
902 4101
903 1244
903 2529
903 5485
904 5572
905 333
905 3463
906 2084
906 4437
906 4640
906 5717
907 232
907 339
907 900
907 3933
907 4355
908 3278
908 4552
909 786
909 1727
910 4954
911 1778
911 3111
911 3501
911 5147
911 5706
912 4205
912 4836
913 1482
913 2884
913 3290
913 4383
913 5423
914 2533
915 1155
916 696
917 256
917 282
917 293
917 459
917 2271
917 3434
918 1650
918 3834
919 840
919 2417
919 3745
920 329
920 4420
920 5052
920 5090
921 2585
921 3878
922 5186
922 5577
923 455
923 1714
923 3337
923 3413
923 4638
923 4746
924 212
924 981
924 2062
925 1654
925 1888
925 4704
926 929
926 2177
927 134
927 2409
927 3807
927 4091
928 1612
928 4577
928 4735
928 5164
929 3705
929 5085
929 5302
930 1806
930 2783
930 3805
931 54
931 3287
931 3727
932 83
932 1760
932 2199
932 5391
933 736
933 3148
933 4132
933 4867
934 1340
934 2172
934 4586
935 2496
935 4027
935 4494
935 4900
936 2331
936 4688
937 3657
937 5081
938 27
939 3017
940 1814
940 2352
940 2648
940 2826
941 2097
942 469
942 1631
942 3254
944 4030
944 5236
945 926
945 1156
946 3277
947 1957
947 4426
948 1917
948 2518
948 4761
948 5519
948 5564
949 3010
949 3127
949 3864
950 9
950 417
950 684
950 2027
950 2736
950 3681
950 3710
950 4762
950 5351
951 4181
951 4329
952 20
952 788
952 2973
954 772
954 5441
956 5205
956 5605
957 817
957 3547
958 1042
958 1848
959 3576
959 3966
959 5345
960 18
960 4273
960 4696
961 713
961 3645
961 4066
961 4436
961 4853
961 4880
962 892
962 1142
962 1333
962 2063
962 3033
962 4316
964 1889
964 3114
965 1209
967 351
967 4646
968 685
968 3267
968 3498
971 1378
971 2216
971 2470
972 738
972 4332
974 4347
974 4516
974 5043
975 769
975 1001
975 2337
975 4040
976 250
976 1643
976 5229
976 5667
976 5698
977 273
977 328
977 2986
977 4463
977 5663
978 3245
978 4798
979 3518
980 1658
981 3480
982 1027
982 4137
982 4217
982 4915
983 772
983 3616
984 2901
984 4384
984 5581
985 1923
985 2909
985 3642
986 1011
987 2172
988 1399
988 3363
988 4142
989 1724
989 4371
989 5298
990 2692
993 1527
993 2301
993 2717
993 3341
993 5056
994 1541
994 2165
994 2570
994 3879
994 5706
995 1842
996 1212
996 2928
996 3193
996 5002
997 721
998 3329
998 4001
998 5141
999 135
999 2067
999 2070
999 2468
999 4785
1000 401
1000 1267
1000 5283
1001 479
1001 1933
1001 2470
1001 4710
1002 357
1003 913
1003 3912
1004 3428
1005 5317
1005 5711
1006 417
1008 1571
1008 5491
1009 202
1009 1607
1009 2623
1009 4054
1009 5500
1010 2463
1010 3319
1011 180
1011 1554
1011 4815
1011 4911
1011 5232
1013 1462
1013 3681
1014 580
1014 4132
1015 3362
1015 4004
1015 4691
1016 2255
1016 3352
1018 3434
1019 5714
1020 715
1021 3499
1022 1281
1022 5686
1023 3275
1023 4614
1024 5031
1025 47
1025 3903
1026 4260
1028 2934
1029 4753
1029 5317
1030 416
1030 3203
1030 3504
1030 3838
1031 1577
1031 3254
1031 4079
1032 1912
1032 1971
1032 2265
1033 336
1033 3981
1034 95
1034 1149
1034 4074
1034 4131
1034 5312
1035 4093
1035 4333
1035 4561
1035 5371
1036 1383
1037 1918
1037 3917
1038 1780
1038 5362
1039 2036
1040 2471
1041 311
1041 1027
1041 4085
1041 4499
1042 3694
1043 3997
1043 4952
1043 5222
1043 5340
1043 5634
1044 3667
1046 4020
1047 627
1047 2110
1047 3430
1049 4579
1050 752
1050 1135
1050 1591
1050 2654
1051 3239
1051 5010
1053 427
1053 2696
1053 4580
1054 218
1054 4496
1054 4966
1054 5604
1055 1305
1055 3149
1057 736
1057 1401
1057 2016
1057 3497
1057 4443
1058 1516
1058 3784
1058 4561
1059 5031
1059 5471
1060 4977
1061 3185
1061 4878
1062 327
1062 2590
1062 3427
1062 3545
1062 4166
1063 3215
1063 4987
1064 3913
1064 4422
1064 5111
1064 5584
1065 3099
1066 959
1067 614
1067 852
1068 2330
1070 3770
1070 5274
1071 3025
1072 1301
1073 394
1073 743
1073 4917
1074 1307
1074 1788
1075 2779
1076 1177
1076 1612
1077 3658
1077 4980
1078 459
1078 2849
1078 5679
1079 1894
1079 2073
1079 5065
1080 592
1080 5020
1080 5270
1081 483
1082 745
1082 2380
1082 4019
1082 4170
1082 4773
1083 1584
1083 3331
1083 3795
1083 4314
1083 4904
1084 3147
1085 392
1085 2523
1085 2636
1085 4461
1087 151
1087 810
1087 3791
1088 1998
1088 4235
1089 437
1089 2243
1091 430
1092 1161
1093 4161
1094 338
1095 806
1095 2274
1095 3787
1095 4178
1095 4675
1095 5344
1096 1020
1096 3846
1096 3878
1096 4856
1097 1984
1097 2632
1098 1889
1098 3742
1098 3929
1098 4201
1099 2539
1101 99
1101 1412
1101 3082
1101 4237
1102 2848
1102 5048
1103 1050
1103 1107
1103 3051
1105 938
1105 5215
1106 976
1106 2317
1107 748
1107 3521
1107 4748
1108 1996
1108 2539
1108 3411
1108 4042
1109 859
1109 5125
1110 3955
1110 4482
1110 4613
1111 195
1111 1123
1111 4134
1112 1033
1113 2249
1113 3054
1114 4069
1114 4714
1114 5531
1115 3250
1116 1431
1117 3500
1117 5071
1118 440
1118 1217
1118 5209
1119 651
1119 3438
1120 1532
1121 1333
1121 1486
1121 3522
1121 3782
1121 4849
1122 199
1122 954
1122 4058
1123 2003
1123 3972
1123 4483
1124 2182
1124 2768
1124 3846
1125 414
1125 929
1125 1779
1125 3313
1125 4111
1127 1239
1127 2332
1127 3549
1128 1206
1128 2391
1130 1127
1130 1996
1130 5368
1131 2902
1131 3244
1131 4924
1131 5211
1134 866
1134 2670
1135 670
1135 3654
1135 3970
1135 4142
1136 1508
1136 2342
1136 5422
1137 1755
1137 5465
1138 2918
1138 3523
1139 122
1139 300
1139 1166
1139 1606
1139 1832
1139 5220
1141 819
1141 2615
1141 5242
1141 5334
1142 626
1142 2062
1142 4446
1143 2678
1143 3905
1144 1897
1144 4950
1145 3117
1145 4988
1146 1567
1146 4656
1146 5413
1147 3119
1148 156
1148 4548
1149 5691
1149 5703
1150 875
1150 1782
1150 4854
1151 86
1151 439
1151 2410
1151 2694
1151 3072
1151 5012
1152 1073
1152 4407
1153 1529
1154 1308
1155 897
1155 2463
1156 4969
1157 1683
1158 59
1158 1188
1158 2731
1158 4017
1158 4314
1158 4932
1158 5397
1159 497
1159 2941
1160 2679
1160 4117
1161 2095
1161 3401
1161 3516
1162 674
1162 5445
1163 1140
1163 3290
1163 3973
1164 5044
1165 677
1165 5575
1166 3886
1166 4833
1167 3763
1168 684
1168 5699
1169 1602
1169 3836
1169 4656
1170 515
1170 4419
1170 5087
1171 382
1171 2044
1171 4586
1172 339
1172 376
1172 481
1172 2205
1172 2793
1172 4121
1172 4483
1173 3172
1173 3903
1174 2175
1174 5513
1175 3215
1176 66
1176 483
1176 3223
1177 4058
1178 1977
1178 2738
1179 2719
1179 3015
1179 3212
1179 3992
1179 4747
1180 4674
1180 5321
1181 1452
1181 1765
1181 1775
1181 2186
1181 2416
1181 2538
1181 2813
1182 5096
1183 2626
1183 3238
1185 307
1185 2024
1185 3633
1185 3674
1185 4667
1186 1050
1186 3207
1187 1147
1187 1416
1187 3945
1187 4619
1188 3023
1188 4194
1188 4348
1190 732
1190 1465
1190 1914
1190 2515
1190 3095
1190 4998
1191 840
1192 568
1192 3449
1192 3694
1193 172
1193 1206
1194 3440
1194 4210
1194 5709
1195 460
1196 263
1196 2005
1196 4630
1196 4803
1198 444
1198 760
1198 805
1200 1330
1200 1392
1201 19
1201 1356
1201 2552
1201 2771
1201 4075
1204 900
1204 3644
1205 3974
1205 4158
1206 109
1206 580
1206 2775
1207 2643
1207 2760
1207 4161
1208 1582
1208 1777
1208 2018
1209 1798
1209 5590
1210 4997
1211 5658
1212 3385
1212 4003
1213 2457
1214 2962
1215 645
1215 1907
1217 4018
1218 622
1219 1551
1219 4048
1220 3569
1220 3934
1221 1910
1221 2032
1222 2051
1222 2719
1222 3234
1223 2780
1224 323
1224 2046
1224 2659
1224 4215
1224 4369
1225 1466
1225 1512
1225 3198
1225 5372
1226 304
1226 3385
1226 4498
1227 752
1228 2097
1228 3349
1228 3450
1228 4973
1230 252
1230 2012
1231 463
1231 4509
1231 5106
1232 1224
1232 3814
1232 5153
1232 5443
1232 5563
1233 2943
1236 4537
1236 4934
1236 5162
1237 2345
1237 4473
1239 940
1239 2283
1239 3597
1239 4563
1240 1271
1240 4129
1240 4194
1240 5292
1241 1603
1241 3062
1241 3410
1242 801
1242 4120
1243 2916
1243 3646
1244 282
1245 726
1245 4577
1246 156
1246 4216
1247 1545
1247 3110
1247 3198
1248 2404
1248 2923
1248 3196
1248 3422
1249 750
1249 1953
1249 2046
1249 3770
1249 5387
1250 906
1250 1909
1251 1340
1251 3277
1251 3810
1251 3920
1251 4769
1252 396
1252 4371
1252 5560
1253 1415
1253 4749
1254 349
1254 1298
1254 1969
1254 4133
1254 4348
1254 4905
1254 5151
1254 5511
1256 811
1256 4851
1256 5399
1257 170
1257 2749
1257 5106
1258 1819
1259 4792
1260 1609
1261 1028
1261 1701
1261 1782
1261 5005
1262 2297
1262 5255
1263 2652
1263 4308
1263 4981
1264 493
1265 626
1265 3134
1265 3221
1266 3125
1267 3118
1267 4629
1268 1266
1268 1269
1268 5590
1270 1412
1270 2205
1270 2811
1270 3943
1270 4789
1271 1216
1271 1525
1271 4578
1272 838
1273 192
1273 1826
1273 2137
1273 2266
1273 2640
1273 2948
1273 3741
1273 5573
1274 528
1274 2549
1274 5574
1275 2196
1275 3274
1276 202
1276 1707
1277 476
1277 491
1277 779
1277 2303
1277 3196
1277 3466
1278 8
1278 45
1278 4951
1279 4036
1279 4225
1280 1341
1280 2736
1281 27
1281 2038
1281 2420
1282 1794
1282 5505
1283 1046
1284 527
1284 1185
1285 3937
1286 296
1286 4264
1286 4995
1287 2740
1288 889
1288 2551
1289 1513
1289 1867
1289 2034
1289 3255
1289 3389
1290 3660
1290 4517
1290 5324
1291 162
1291 2636
1292 2170
1292 5702
1293 4889
1294 2383
1294 4180
1294 4579
1295 1010
1296 242
1296 4570
1297 502
1297 793
1297 1836
1297 2477
1298 1239
1298 1927
1299 4455
1300 87
1300 105
1300 228
1301 3940
1301 4744
1302 3530
1302 4494
1303 414
1303 1645
1304 4194
1305 46
1305 233
1305 3117
1305 4509
1306 86
1306 1181
1306 2545
1306 2834
1306 4685
1307 4145
1308 2268
1308 2466
1308 4272
1309 110
1309 357
1309 478
1309 1637
1309 5563
1310 1979
1311 1551
1311 2725
1311 4077
1311 4509
1311 4844
1311 4878
1312 4946
1313 3919
1313 4409
1314 4023
1315 1439
1315 2032
1315 4857
1316 703
1316 991
1316 1507
1317 3681
1318 4605
1319 540
1319 2262
1319 2524
1319 3215
1319 4146
1321 5371
1322 3581
1323 3494
1323 5446
1324 1792
1324 2766
1324 4085
1325 1616
1325 4262
1326 2310
1326 2805
1326 4054
1326 4197
1326 4635
1327 844
1327 4703
1328 936
1328 1234
1328 4989
1329 1917
1329 2749
1329 5132
1329 5691
1330 4764
1331 2797
1332 655
1332 3216
1332 4557
1333 4531
1334 2796
1334 4950
1337 4349
1338 16
1338 279
1338 303
1340 1109
1340 2822
1341 1792
1341 1913
1341 4769
1342 2131
1342 5507
1343 5050
1344 2847
1344 4470
1345 612
1345 2222
1345 2666
1345 2719
1345 5443
1346 443
1346 1090
1346 4056
1346 4154
1346 4289
1346 5006
1347 220
1347 1416
1347 2546
1348 1300
1348 4909
1349 78
1349 995
1350 1045
1350 2314
1350 4379
1351 511
1351 559
1351 1310
1351 2460
1352 2475
1353 2419
1353 3767
1354 4986
1354 5114
1355 1649
1355 2949
1355 4031
1355 4987
1356 5512
1357 3001
1357 4289
1359 1704
1359 4822
1361 1379
1361 2482
1362 1120
1362 3875
1362 4485
1363 2715
1363 3699
1363 4236
1365 1385
1365 3645
1365 4315
1367 677
1367 3679
1368 991
1368 4052
1368 4976
1368 5446
1370 524
1370 773
1370 4055
1371 359
1371 422
1371 3896
1372 440
1372 1295
1372 2952
1373 4354
1374 1523
1374 3330
1374 3367
1375 432
1375 557
1375 1069
1375 3112
1375 4472
1375 5284
1376 2707
1376 3422
1376 4116
1378 1336
1380 1278
1380 2368
1381 4570
1382 45
1382 246
1382 4599
1383 3416
1384 4242
1384 4331
1385 504
1385 4081
1386 1779
1386 4639
1386 4850
1388 12
1388 106
1388 489
1389 532
1389 1267
1389 1840
1389 4147
1389 4510
1390 1240
1390 3366
1391 2900
1393 1630
1394 36
1394 238
1394 1332
1394 1814
1394 3448
1395 2881
1395 3794
1397 2607
1397 3154
1397 5411
1398 3596
1399 474
1400 4838
1401 5491
1402 743
1402 2149
1403 1520
1404 1254
1404 1582
1404 4630
1404 4695
1404 5314
1405 1522
1405 2565
1406 1398
1406 3556
1406 4671
1406 4778
1407 606
1407 5607
1409 196
1409 2828
1410 683
1410 2014
1411 3183
1411 3731
1411 4808
1411 4972
1412 2915
1412 5093
1413 772
1413 4281
1415 3959
1416 4404
1417 1751
1417 2890
1417 5294
1418 801
1418 3244
1418 5488
1419 1076
1419 3330
1420 192
1420 2894
1420 4376
1420 5225
1421 1375
1421 3985
1422 845
1422 1183
1422 1502
1423 338
1423 1392
1423 4012
1424 5557
1425 4593
1426 2687
1426 4290
1427 2087
1428 1095
1428 2483
1428 4900
1429 578
1429 1868
1429 2968
1429 3356
1429 3439
1429 5120
1430 1114
1430 2361
1430 5411
1431 507
1431 2557
1431 4957
1432 3231
1432 5252
1433 2225
1433 2599
1433 3884
1433 4326
1433 5471
1434 4316
1434 5352
1435 620
1435 710
1435 1690
1436 3940
1436 4299
1436 4314
1437 1128
1437 1573
1437 2660
1437 3254
1438 1368
1439 228
1439 451
1439 2497
1439 4900
1441 2265
1441 3238
1441 5559
1442 4031
1442 4858
1443 135
1443 1021
1443 3100
1443 3476
1443 5558
1444 90
1444 150
1444 3917
1444 4022
1445 406
1445 2973
1445 5556
1446 4376
1447 1885
1447 3255
1449 629
1449 1418
1449 2757
1449 3254
1449 4229
1450 4
1450 705
1451 104
1451 2340
1452 306
1452 1176
1452 1432
1452 2725
1452 5059
1453 2770
1453 5599
1454 802
1454 5342
1455 441
1456 650
1456 968
1456 2142
1456 5714
1457 1020
1457 3592
1457 4223
1457 4849
1458 2599
1458 4690
1458 4821
1459 3245
1459 5584
1460 1945
1460 2304
1461 275
1461 3484
1461 5539
1463 5618
1464 1603
1464 2292
1464 3490
1464 4927
1465 2372
1465 3071
1465 4573
1465 5009
1466 1768
1466 5682
1467 152
1467 1523
1467 5356
1469 1566
1470 626
1470 2566
1470 3044
1470 3900
1470 5217
1471 177
1471 3024
1472 1387
1472 2088
1472 2916
1472 5052
1473 531
1473 3078
1474 148
1474 771
1474 1995
1475 1582
1475 1770
1475 3861
1476 2244
1476 3143
1478 625
1478 4786
1479 293
1479 3916
1479 4541
1482 953
1482 4648
1482 5161
1483 282
1483 537
1483 1603
1483 3536
1483 4817
1484 4051
1484 4437
1485 1771
1485 3605
1486 2859
1487 1824
1487 4076
1487 4894
1487 5632
1489 3454
1489 3972
1489 5540
1490 71
1490 1925
1490 2771
1491 1430
1491 4633
1492 180
1492 4199
1492 4799
1493 1185
1493 4773
1494 1334
1494 5124
1495 1508
1495 3330
1495 4311
1496 1670
1497 2337
1497 2650
1497 3078
1498 1171
1498 1527
1498 5199
1499 496
1499 2753
1499 3375
1499 3954
1500 772
1500 3212
1501 2492
1501 5043
1502 5352
1503 298
1505 19
1505 90
1505 755
1505 4692
1506 3953
1506 5059
1507 375
1507 5569
1508 786
1508 1075
1508 3453
1509 282
1509 1164
1509 1176
1509 1789
1509 2184
1509 5549
1510 2188
1510 2308
1510 4109
1511 323
1512 3458
1513 4788
1514 342
1514 845
1514 4400
1515 575
1515 2269
1515 3065
1515 4655
1515 4662
1516 67
1516 1003
1516 3648
1517 169
1517 3666
1518 3793
1518 4583
1519 1043
1519 3523
1519 5237
1520 2116
1520 3618
1520 4549
1521 3083
1522 2182
1522 4585
1523 879
1523 4939
1523 5196
1524 1837
1525 4599
1525 4721
1525 5163
1525 5443
1526 422
1527 5365
1528 378
1528 1486
1528 1498
1529 1400
1529 3146
1531 3254
1531 4671
1532 1103
1532 4064
1533 1939
1533 4259
1534 5159
1534 5451
1535 1358
1535 3166
1536 495
1537 4337
1538 295
1538 477
1538 1553
1538 2280
1538 2754
1538 3088
1539 1438
1539 2683
1539 2802
1539 4599
1540 1210
1540 4630
1541 1578
1541 2532
1541 3685
1541 4504
1542 4411
1544 1093
1544 3009
1544 4735
1545 505
1545 1635
1545 2479
1545 3011
1545 5329
1547 1635
1547 4569
1548 4452
1549 1287
1551 3457
1552 1910
1552 3614
1552 3841
1553 1533
1553 2687
1554 1131
1554 3077
1555 4409
1556 2031
1556 5687
1557 1697
1557 2391
1557 2735
1558 3277
1558 3825
1558 4179
1558 4305
1558 4909
1559 2562
1559 2846
1560 3301
1560 4923
1561 2732
1561 3715
1562 680
1562 2625
1563 1086
1563 3307
1564 4131
1565 77
1565 1276
1566 974
1566 1557
1566 4238
1566 5321
1566 5683
1567 1726
1567 1765
1567 4072
1568 281
1568 4105
1568 4286
1569 53
1570 3823
1570 5573
1571 801
1571 3195
1571 3627
1572 3936
1573 74
1573 830
1574 407
1574 3425
1575 3320
1575 3690
1575 5643
1576 2018
1576 5282
1578 1668
1578 2461
1578 5320
1579 2960
1579 3865
1580 189
1580 706
1581 802
1581 1012
1581 1179
1581 2179
1581 2723
1582 1851
1582 1862
1582 2404
1582 4856
1583 1848
1584 3077
1585 1739
1585 3502
1585 3601
1585 4246
1586 3262
1586 4485
1587 3305
1587 4342
1587 5104
1589 2706
1590 3591
1591 2360
1591 2551
1591 5135
1592 1787
1592 4836
1592 5541
1593 1676
1593 3170
1593 3945
1593 3949
1593 4961
1594 1164
1594 1236
1594 1824
1594 4214
1594 4833
1594 5511
1596 804
1596 1460
1596 1895
1597 2742
1597 3322
1597 5620
1599 109
1599 1361
1599 2124
1599 2835
1600 4868
1601 1869
1602 644
1602 1445
1602 2717
1602 5096
1603 546
1603 1149
1603 3463
1603 4863
1604 3367
1608 313
1608 1835
1609 5437
1610 2926
1610 5116
1612 253
1612 491
1612 627
1612 3043
1612 4104
1613 2641
1613 3814
1613 4429
1614 1251
1614 1783
1614 4498
1614 5649
1615 2760
1615 5101
1615 5577
1616 332
1618 3565
1618 4959
1619 677
1619 2304
1619 4748
1620 4353
1621 135
1621 1603
1621 1754
1621 3940
1621 4362
1621 4607
1621 4789
1622 1383
1622 1589
1623 5410
1624 1870
1624 4348
1624 4598
1625 635
1625 1525
1626 1279
1626 2568
1627 968
1627 1913
1627 2161
1628 5004
1629 148
1629 1109
1629 2843
1629 5134
1630 3617
1631 138
1632 271
1633 356
1634 3568
1635 3552
1635 4211
1635 5111
1636 2483
1637 116
1637 4992
1639 174
1639 1724
1639 1760
1640 1465
1640 3950
1640 5302
1641 148
1641 1374
1641 1404
1641 3129
1641 3809
1642 2652
1642 5418
1643 4324
1643 4844
1643 5708
1644 2145
1644 4446
1644 4518
1645 1026
1646 803
1646 1231
1646 3133
1647 3286
1649 991
1650 1207
1650 4531
1650 5209
1651 4079
1651 4670
1651 5511
1652 590
1653 642
1653 1696
1653 2614
1654 885
1654 2695
1654 4364
1655 482
1655 1900
1655 2234
1655 3455
1656 156
1656 739
1656 1605
1657 407
1657 493
1657 1319
1657 3351
1657 5334
1658 638
1659 109
1659 636
1659 3860
1659 4384
1660 1640
1660 2117
1661 4635
1662 3973
1662 4058
1663 341
1664 130
1664 1464
1664 4665
1665 488
1665 804
1665 1177
1665 4153
1665 4707
1666 1327
1666 2956
1666 4182
1668 880
1668 1387
1668 2003
1668 2171
1668 2174
1668 3661
1668 5345
1669 2043
1669 5076
1670 419
1671 2882
1672 1128
1672 1893
1672 1948
1673 3212
1674 1973
1674 4966
1675 3397
1675 4342
1675 4437
1676 1430
1676 1981
1676 4029
1676 4971
1677 1476
1677 1656
1677 2350
1677 4598
1678 3357
1679 1052
1679 1557
1679 3610
1679 3658
1682 2367
1685 6
1685 4252
1686 3973
1686 5586
1687 1958
1687 2042
1688 3756
1688 4718
1689 1566
1689 1789
1690 1924
1690 1956
1691 830
1691 3670
1691 5150
1692 1877
1692 3081
1693 462
1693 898
1693 3009
1693 3196
1693 4645
1695 5582
1696 3374
1696 4263
1696 4741
1697 4108
1697 5687
1698 854
1699 3402
1700 349
1700 1553
1700 2431
1700 4050
1700 5244
1701 3537
1702 5063
1703 178
1703 577
1704 1739
1704 2448
1704 4336
1704 4983
1706 655
1706 3040
1707 575
1707 2506
1707 4100
1708 1513
1708 1576
1708 4940
1709 3294
1709 3457
1709 4475
1712 1337
1712 2037
1712 2309
1712 3007
1713 3939
1713 5317
1714 909
1715 3070
1715 4518
1716 4119
1716 4602
1717 1866
1717 2195
1717 2913
1717 4932
1717 5023
1718 806
1718 1123
1718 2498
1719 413
1719 2213
1719 5262
1720 223
1720 428
1720 4744
1721 2443
1721 5008
1722 86
1722 773
1722 775
1722 2885
1722 4550
1723 136
1723 234
1723 4420
1726 21
1726 5525
1727 4575
1727 4873
1727 5038
1729 3243
1729 4583
1729 4662
1731 4000
1731 5068
1731 5290
1732 95
1732 690
1732 2367
1733 2628
1733 2975
1733 4230
1734 415
1734 2519
1734 3836
1734 4961
1735 1209
1735 4723
1736 246
1737 120
1737 3842
1738 4441
1739 1498
1739 3111
1739 5036
1740 3446
1742 4062
1743 4476
1744 994
1744 3700
1745 5490
1746 2240
1746 3427
1746 3926
1746 3950
1747 381
1748 1175
1748 5206
1749 199
1749 490
1749 3410
1749 4829
1750 93
1750 471
1750 1683
1751 158
1751 4508
1752 3920
1753 1763
1754 5046
1755 245
1755 1849
1755 5028
1756 307
1757 790
1757 1158
1757 2403
1757 4325
1757 4924
1758 139
1758 199
1759 659
1760 975
1760 4841
1760 4989
1760 5558
1761 524
1761 1172
1761 4949
1761 5211
1763 1640
1764 2050
1764 3771
1764 4896
1766 1911
1767 1543
1767 2033
1767 4644
1768 1598
1768 2297
1768 3888
1769 2948
1769 5193
1770 355
1770 4873
1771 338
1771 4286
1772 161
1772 2338
1772 5006
1773 3494
1773 5091
1774 13
1774 3506
1774 3861
1774 4910
1775 914
1775 3628
1775 3981
1775 4488
1776 3202
1776 3519
1777 890
1777 3928
1777 4655
1777 5380
1778 2973
1778 3151
1779 3117
1779 3216
1779 3648
1779 5395
1780 254
1780 3979
1780 4446
1780 5000
1780 5025
1781 1773
1781 1790
1781 2161
1781 3520
1781 4263
1782 400
1782 931
1782 2713
1783 142
1783 1005
1783 2150
1783 4203
1783 4250
1783 4345
1783 5017
1784 2284
1784 4077
1785 778
1785 1744
1785 2382
1785 2663
1785 4795
1785 4955
1786 1359
1786 1786
1786 3907
1786 5049
1788 2847
1788 3495
1788 4409
1789 3005
1790 611
1790 1143
1790 2089
1790 2340
1790 3029
1790 4081
1790 5658
1791 296
1791 4206
1792 650
1792 1398
1792 4168
1793 2410
1794 3086
1794 5543
1795 860
1795 4701
1796 435
1796 491
1796 1070
1797 5495
1798 5446
1799 1519
1799 1628
1799 1977
1799 3928
1800 5348
1801 5660
1802 1117
1802 2997
1804 673
1804 1637
1804 2795
1804 4821
1805 588
1805 2827
1806 1220
1806 1280
1806 1448
1806 1589
1807 292
1807 1478
1807 2599
1807 4346
1807 4598
1808 3588
1809 1141
1809 3361
1809 3497
1809 3652
1809 5284
1810 2184
1810 2919
1811 5000
1812 3399
1812 5211
1815 2673
1816 41
1818 2054
1818 2833
1818 3618
1819 1022
1820 1394
1822 1195
1824 508
1824 890
1824 4770
1825 3763
1826 1571
1826 2638
1827 4574
1827 5163
1828 44
1828 1031
1828 3267
1828 5642
1829 3186
1830 5384
1831 2415
1832 1999
1832 4541
1832 5266
1833 2894
1833 4644
1835 810
1835 975
1835 4958
1835 5512
1836 3359
1837 627
1837 5374
1838 222
1838 5071
1838 5573
1839 1320
1839 4095
1840 3321
1840 3861
1841 4862
1842 5271
1844 1543
1844 4819
1844 5019
1845 780
1845 4883
1846 3130
1846 3422
1846 4797
1847 3885
1847 5302
1848 567
1848 1453
1848 5422
1849 530
1849 2559
1849 2688
1849 3082
1851 3319
1852 1383
1852 1457
1852 2508
1853 639
1853 1182
1853 1397
1853 3348
1854 1185
1855 637
1855 963
1855 2339
1855 2348
1855 3280
1855 5553
1855 5606
1856 858
1856 2089
1856 2312
1856 2729
1857 461
1857 3116
1857 3988
1857 4579
1857 5011
1858 1399
1858 2139
1858 4019
1860 3436
1860 3605
1861 1747
1861 5619
1862 2781
1863 2205
1863 3616
1864 4334
1865 1583
1865 3199
1865 3846
1865 3921
1865 5351
1865 5681
1866 480
1866 4275
1869 3782
1869 4147
1869 5546
1870 243
1871 3449
1871 4451
1872 573
1872 943
1872 2362
1872 3759
1873 1663
1873 3180
1873 3463
1873 4124
1874 1493
1875 108
1875 1474
1876 3161
1876 5678
1877 500
1877 571
1877 4083
1878 3199
1879 164
1880 293
1880 4613
1881 321
1881 2125
1881 2560
1883 2657
1883 3466
1884 1087
1884 1894
1885 159
1886 4958
1887 545
1887 1543
1887 5613
1888 3259
1888 5025
1889 3590
1891 735
1891 4432
1891 5222
1892 528
1892 963
1892 3321
1893 1493
1893 2873
1894 2993
1894 4822
1895 2619
1896 2133
1896 2537
1897 2084
1897 2254
1898 3115
1898 3280
1898 3624
1899 2225
1899 4603
1902 417
1903 2250
1904 3235
1904 3549
1904 4907
1905 236
1905 2962
1905 3569
1905 5591
1906 5284
1907 370
1907 5529
1908 86
1908 2114
1909 4700
1910 1826
1910 2456
1910 4038
1911 201
1911 2431
1911 2827
1912 4050
1913 1616
1913 3528
1913 4976
1914 3122
1914 4461
1914 5512
1916 1719
1916 2249
1916 2537
1916 4014
1916 4363
1917 962
1917 2805
1919 452
1919 1415
1919 3366
1919 4644
1920 1664
1920 3314
1920 4352
1920 4926
1921 631
1921 1071
1921 1242
1921 2633
1921 3121
1921 3331
1922 48
1922 758
1922 2976
1922 5555
1923 4714
1923 4898
1924 1368
1924 1616
1925 2368
1925 3082
1925 3276
1926 1583
1926 2729
1927 122
1928 1883
1928 2265
1928 4441
1929 140
1929 210
1929 3054
1929 3326
1929 4613
1929 5364
1931 3468
1931 5499
1933 2058
1933 3246
1933 3255
1934 1572
1935 2255
1935 5662
1937 455
1938 3558
1938 3923
1939 2325
1939 5584
1940 331
1940 1326
1941 2087
1942 3497
1942 3580
1943 2625
1943 5054
1944 1836
1945 771
1946 432
1946 1893
1946 3873
1947 489
1947 1092
1947 2337
1947 4659
1948 2009
1948 4785
1949 550
1949 2881
1949 5387
1952 797
1952 3990
1952 5110
1952 5546
1953 2763
1953 3461
1953 4820
1954 1669
1954 2255
1954 2753
1956 149
1956 447
1957 584
1957 884
1957 3663
1957 5618
1958 211
1958 243
1959 3854
1960 1725
1960 4413
1960 5580
1962 915
1962 1390
1962 2056
1963 1145
1963 4530
1964 741
1965 3563
1966 49
1966 328
1967 1072
1967 3506
1969 4196
1969 5400
1970 393
1971 3965
1972 4202
1972 4872
1974 2563
1974 3776
1974 4260
1975 1899
1975 3971
1976 330
1976 4719
1977 2408
1977 3729
1978 293
1978 3322
1979 487
1979 1875
1979 5334
1980 1631
1980 3067
1981 4232
1981 5055
1982 323
1982 2821
1983 432
1983 971
1983 1834
1983 3129
1983 4365
1983 4695
1983 4846
1984 197
1984 779
1984 1133
1984 3171
1984 4866
1985 3029
1985 3240
1986 4380
1986 4925
1987 4653
1988 1923
1988 3451
1989 3839
1990 2549
1990 2602
1990 5510
1991 4831
1991 5512
1992 5058
1993 1646
1993 2300
1993 3331
1993 4104
1994 1849
1994 1853
1994 3168
1995 884
1995 1839
1995 5316
1996 584
1996 1899
1996 4430
1997 326
1997 2576
1997 3222
1997 3823
1998 507
1998 754
1998 2321
1999 693
1999 3928
2000 2962
2000 3251
2001 2228
2001 4852
2002 1166
2002 2396
2002 3008
2003 203
2003 1481
2003 1599
2003 4169
2003 4355
2004 2867
2004 4800
2004 5079
2005 224
2005 2114
2005 2758
2005 4305
2006 2306
2007 393
2007 1660
2007 3798
2008 4132
2008 5146
2009 2781
2009 3521
2010 1487
2010 1985
2010 4564
2010 4910
2011 578
2011 996
2012 1069
2012 1804
2012 2344
2012 4670
2012 4965
2013 3324
2013 4920
2014 1570
2014 1596
2014 1765
2015 1660
2015 2424
2016 3773
2017 640
2018 2306
2018 3752
2019 151
2019 5343
2020 4025
2021 927
2021 2156
2021 4544
2021 5695
2023 3783
2023 4061
2024 1757
2024 2628
2024 4792
2025 1333
2026 1615
2026 3010
2027 3654
2028 354
2029 3664
2029 5285
2030 1180
2030 1465
2031 528
2031 1389
2031 2313
2031 2861
2031 2987
2031 4569
2032 1072
2032 5516
2033 848
2034 1032
2034 2138
2034 3693
2034 5609
2036 521
2037 3705
2037 4819
2038 53
2038 2390
2038 5365
2039 106
2039 4455
2041 4098
2042 1089
2042 2411
2042 2891
2042 3351
2042 4106
2043 348
2044 4441
2044 4586
2044 4755
2045 1020
2045 4230
2045 4874
2046 5375
2047 41
2047 1618
2047 3483
2048 601
2048 2130
2048 5487
2049 2125
2049 2309
2050 1458
2050 1976
2051 1118
2052 1647
2053 5258
2053 5503
2055 306
2055 2294
2055 4608
2056 1846
2056 3579
2056 4944
2058 653
2058 2085
2058 4775
2059 494
2060 439
2060 2009
2060 2648
2061 2285
2062 4291
2063 1678
2063 5428
2064 2783
2064 3786
2064 3968
2065 4246
2066 1817
2067 2747
2068 506
2068 870
2069 506
2071 454
2072 3317
2072 3860
2072 3921
2072 5203
2074 2582
2075 2256
2075 2857
2075 3703
2076 2339
2076 3712
2076 4825
2077 1296
2077 2272
2077 5544
2078 4319
2078 4585
2079 2577
2080 3353
2080 3762
2081 1474
2081 5573
2082 2606
2082 4356
2083 3206
2084 16
2084 364
2084 1693
2085 566
2085 2293
2085 2452
2086 704
2086 1815
2086 3221
2087 3235
2087 4798
2088 1751
2089 83
2089 2641
2089 3310
2089 5318
2090 1476
2090 1876
2090 4796
2090 4840
2091 3111
2092 2120
2092 3437
2092 5517
2093 649
2094 351
2094 1199
2095 472
2095 636
2095 1361
2095 1651
2096 5347
2097 2590
2097 4401
2098 1513
2098 3450
2099 1355
2101 537
2101 1115
2101 5332
2103 524
2103 2661
2103 3232
2103 3269
2105 589
2105 1538
2105 4300
2106 729
2106 1531
2106 4756
2107 1540
2107 2969
2107 4410
2108 4035
2108 4760
2108 5232
2109 833
2109 4749
2109 5320
2110 977
2110 1060
2110 1496
2110 2343
2110 2370
2110 2478
2110 3646
2110 5331
2111 2864
2111 5272
2112 2119
2112 3593
2113 104
2115 272
2116 98
2116 2375
2116 4204
2116 5255
2117 1362
2117 5369
2118 2187
2118 2282
2120 1480
2121 387
2121 1214
2122 4400
2123 1110
2123 3001
2123 5010
2124 1346
2124 5268
2124 5277
2125 69
2125 333
2125 2659
2125 5056
2125 5212
2126 366
2126 3087
2127 2621
2127 3778
2127 4672
2128 1612
2128 2120
2128 2587
2128 3069
2129 885
2129 1077
2129 2137
2129 2257
2129 5367
2130 651
2131 632
2131 3796
2132 2264
2132 2483
2132 4809
2133 1260
2134 332
2134 1918
2134 2882
2134 4891
2136 1158
2136 4021
2137 2328
2137 2528
2137 3693
2138 2073
2138 2707
2138 3067
2139 4409
2139 5232
2140 3577
2142 5571
2143 1017
2143 1846
2143 1930
2143 2499
2145 3926
2145 4484
2146 9
2146 2982
2146 2985
2146 3557
2146 4002
2146 4237
2148 352
2148 1605
2148 5401
2149 470
2149 2923
2150 5660
2151 1446
2151 2118
2151 2918
2151 5612
2151 5696
2152 496
2152 1384
2155 992
2155 3613
2155 3886
2156 2848
2156 3110
2156 4095
2157 1144
2157 1851
2157 2381
2158 1125
2158 3460
2158 4713
2158 5590
2159 1388
2159 2210
2159 4596
2159 5073
2161 1465
2161 2603
2162 3022
2162 5136
2162 5403
2164 817
2164 2529
2164 2807
2165 837
2165 1737
2165 3460
2167 2534
2169 1980
2169 3004
2169 4855
2170 1004
2170 2838
2171 1801
2171 2584
2171 5058
2172 2188
2172 4112
2173 553
2174 2571
2175 3715
2175 3795
2175 4071
2175 4714
2176 2929
2178 3558
2179 1050
2179 1503
2180 3666
2181 1525
2181 5413
2182 210
2182 1747
2182 2627
2182 4525
2182 5189
2183 5220
2184 5508
2188 1822
2189 2129
2190 318
2190 1602
2190 2276
2190 2302
2190 3958
2191 2418
2191 3788
2191 4417
2193 1685
2193 4652
2194 2212
2195 605
2195 3080
2196 3745
2196 4349
2197 3964
2198 595
2198 2987
2198 3710
2199 72
2199 678
2199 1079
2199 3150
2199 4764
2199 5206
2200 2899
2202 1207
2202 1978
2202 2345
2203 1620
2203 1769
2204 2400
2204 3004
2204 5039
2205 1774
2205 1894
2205 2857
2205 4918
2206 2571
2207 2769
2207 3547
2207 4067
2207 4591
2207 5144
2208 218
2208 281
2208 2615
2208 2827
2208 2919
2208 4278
2209 1111
2209 1181
2209 2526
2209 3177
2209 3795
2210 805
2210 2151
2210 4920
2211 2071
2211 3944
2212 75
2212 233
2212 2120
2212 2283
2212 2726
2212 3940
2212 4635
2212 4912
2213 997
2213 2038
2215 1355
2216 919
2217 5623
2218 4928
2218 5449
2219 368
2220 68
2220 1115
2221 2429
2221 4192
2221 5234
2222 1805
2222 4948
2223 1780
2224 1125
2225 2290
2226 1223
2226 4595
2227 1917
2228 735
2228 3199
2229 12
2229 2264
2229 3954
2230 1356
2231 2223
2232 231
2232 3189
2232 4648
2232 4716
2233 1793
2233 4827
2234 28
2234 2555
2234 2695
2234 3661
2235 1925
2235 2541
2235 3598
2235 5417
2236 3221
2237 2750
2238 5189
2239 2037
2239 2066
2239 4836
2240 4941
2241 104
2241 2545
2242 699
2242 1000
2242 2601
2242 4575
2243 1205
2243 2403
2243 2542
2244 2021
2244 4810
2245 1200
2245 4746
2246 1241
2246 2628
2246 3041
2246 4187
2246 4903
2247 3384
2247 5010
2248 1388
2248 3576
2249 3348
2249 3811
2249 4877
2250 3961
2250 4668
2251 168
2251 3186
2251 3209
2252 4607
2252 4649
2253 2537
2253 5653
2254 5322
2255 1916
2255 4766
2257 4442
2258 2449
2258 4185
2259 4586
2260 4459
2261 2877
2261 4049
2261 4174
2261 5018
2262 589
2262 5280
2263 3323
2264 4626
2265 3620
2265 5154
2266 2684
2266 2725
2266 3462
2266 4575
2267 1985
2267 2756
2267 4548
2268 2056
2268 2161
2268 3796
2268 4621
2268 5120
2269 1179
2271 219
2271 1182
2271 1426
2271 1958
2271 2873
2271 3075
2271 3615
2271 5169
2272 3982
2273 2377
2273 3627
2273 3936
2273 4042
2273 4384
2275 58
2276 3918
2277 819
2277 1720
2277 2391
2277 2432
2277 3712
2277 4626
2277 5118
2277 5128
2278 420
2278 3728
2278 4446
2279 1353
2279 3087
2279 3652
2279 4750
2280 192
2280 4159
2280 5343
2281 559
2281 807
2281 2060
2282 68
2282 607
2282 4034
2282 4431
2283 1251
2285 505
2285 2090
2285 2211
2285 5284
2286 703
2286 1936
2287 567
2287 1844
2287 1995
2287 5548
2288 2493
2288 3350
2289 2185
2289 4295
2291 4096
2292 1872
2293 1841
2293 3338
2294 1510
2295 2816
2296 4386
2297 3656
2298 1066
2298 2738
2298 4096
2300 4190
2300 4965
2301 3843
2301 4786
2301 5243
2303 807
2303 1362
2303 4035
2303 4579
2303 5581
2303 5687
2304 4976
2305 2548
2305 2735
2306 480
2306 4163
2306 4868
2307 3822
2307 5251
2308 1843
2309 84
2309 3497
2309 3766
2309 5636
2310 924
2311 3593
2312 3455
2312 5253
2313 1002
2313 3171
2313 3882
2313 4385
2314 1225
2314 2601
2315 953
2315 4862
2316 204
2316 1633
2316 1727
2316 2037
2316 4181
2316 4749
2317 638
2317 2614
2317 4008
2317 4229
2318 2136
2318 3595
2318 3952
2319 3227
2319 4517
2320 1290
2320 2097
2321 1025
2321 2708
2321 3159
2321 3197
2321 4070
2322 198
2322 977
2322 2319
2322 3662
2322 5075
2323 1045
2323 4302
2323 5164
2324 2963
2324 4698
2325 1221
2326 154
2326 357
2326 1864
2326 4606
2328 3050
2328 3092
2328 3169
2328 4002
2329 5458
2330 2855
2331 538
2331 661
2331 2391
2333 3025
2334 397
2334 1395
2334 2862
2335 1044
2335 4950
2335 5232
2336 2590
2336 3232
2337 636
2337 1303
2338 639
2338 1673
2338 3548
2339 3431
2339 4637
2340 5102
2341 1921
2341 3228
2341 3545
2342 254
2342 2524
2342 3693
2342 5290
2343 1693
2343 3979
2343 4169
2343 4489
2345 1485
2345 1609
2347 584
2347 3028
2347 5502
2348 1173
2349 1225
2350 319
2350 5334
2351 1689
2352 3751
2353 1088
2353 1789
2353 3997
2353 5075
2354 1078
2354 2440
2355 1134
2355 3163
2355 3617
2355 5368
2357 1970
2357 5639
2358 5226
2359 238
2359 2497
2359 4590
2359 4670
2359 5303
2360 3919
2360 4349
2360 4419
2360 4889
2361 1779
2361 2268
2361 3402
2361 3857
2361 4474
2361 4794
2361 5026
2363 5707
2364 543
2364 1869
2364 5027
2365 632
2365 642
2366 410
2366 3697
2366 5246
2367 893
2367 2756
2367 4212
2367 4659
2368 1372
2368 1646
2368 3689
2369 1696
2369 3971
2369 4970
2370 632
2371 5450
2372 476
2372 1171
2372 2784
2372 3251
2372 3974
2373 1077
2373 4381
2374 949
2374 3686
2375 2273
2375 2639
2375 4797
2376 1341
2376 2532
2376 3299
2376 3307
2378 91
2378 4177
2379 813
2379 1752
2380 354
2380 657
2380 826
2380 2997
2381 160

