1928 698 5204
1 1
1 60
1 170
1 418
2 8
2 25
2 60
2 129
2 432
2 494
2 533
2 587
2 614
3 277
4 271
5 30
5 216
5 242
5 666
6 536
7 3
7 131
7 275
8 621
9 288
9 298
9 411
10 35
10 299
10 372
12 393
12 431
12 636
13 120
13 161
14 1
14 373
14 442
15 462
15 523
15 631
16 250
16 322
17 59
17 69
17 117
17 278
17 371
18 487
18 667
19 56
19 129
19 340
19 510
20 81
20 219
20 402
20 668
21 196
21 322
21 361
21 530
21 531
21 597
21 680
22 110
23 29
23 97
23 173
23 473
23 584
24 102
24 144
24 360
24 470
25 14
25 91
25 128
25 232
26 71
26 343
26 389
26 569
26 643
27 267
27 352
27 439
27 679
28 35
28 46
28 88
28 245
28 531
29 277
29 617
30 20
30 367
31 72
31 319
31 470
31 490
32 241
32 301
32 327
32 466
32 658
33 339
35 189
35 260
35 335
36 260
36 294
37 202
37 232
37 246
37 615
37 632
38 337
38 531
39 114
39 172
39 336
39 636
40 71
40 292
40 430
40 570
41 91
41 226
41 686
42 304
42 474
42 491
42 680
43 162
43 241
43 371
43 545
43 569
43 668
45 135
46 280
46 603
47 84
47 250
47 286
47 315
47 350
48 229
48 394
48 408
48 473
48 580
49 53
49 409
49 554
50 30
50 40
50 173
50 414
51 650
51 675
52 242
52 419
53 312
53 381
53 684
54 22
54 144
54 149
54 552
54 632
55 397
55 402
55 508
56 215
56 515
56 544
57 176
57 362
57 385
57 389
57 496
58 588
59 116
59 276
59 345
59 544
60 49
60 234
60 485
61 288
61 560
61 565
62 216
62 561
62 609
63 58
63 74
63 89
63 174
64 21
64 357
65 236
65 415
65 460
65 625
66 170
66 388
66 423
66 455
66 498
67 19
67 505
68 53
68 153
68 284
68 669
69 116
69 121
69 330
69 446
69 581
70 86
70 554
71 52
71 148
71 214
72 104
73 20
74 2
74 425
75 277
75 293
75 431
75 661
76 300
77 259
77 265
77 287
77 693
78 223
78 386
78 465
79 249
79 335
79 349
79 402
80 422
80 505
81 169
81 310
81 322
81 619
82 261
82 571
83 260
83 306
83 314
84 34
84 274
84 495
84 610
85 65
85 212
86 294
86 545
87 256
87 284
87 360
87 456
88 41
88 142
88 202
89 47
89 134
90 189
90 229
91 358
91 380
91 590
92 90
92 122
93 151
93 334
93 474
94 40
95 54
95 456
95 553
96 72
96 258
96 331
96 608
97 21
97 487
97 632
98 73
98 170
98 596
99 27
99 313
100 306
100 466
101 1
101 151
101 515
101 520
101 561
101 683
101 685
103 80
103 340
103 527
103 548
104 72
104 135
104 224
104 320
104 375
104 391
104 680
106 531
106 537
106 610
106 630
107 156
107 191
107 278
107 570
107 603
110 378
110 604
111 128
111 362
111 428
111 580
112 144
113 440
114 181
114 310
114 486
114 549
115 9
115 94
115 287
115 352
115 572
116 66
116 72
116 412
116 415
116 529
117 109
117 198
117 559
117 640
118 52
118 555
119 19
119 107
119 322
119 517
119 557
120 101
120 260
120 548
121 389
121 646
121 653
121 663
122 13
122 429
122 441
122 501
122 560
123 296
124 128
124 171
124 408
126 99
126 291
126 472
126 645
126 663
127 533
128 108
129 198
129 528
130 95
130 476
131 167
131 360
131 620
132 95
133 573
134 135
134 407
134 516
134 537
134 617
135 220
135 296
135 308
135 516
136 696
137 568
138 115
138 290
139 107
139 695
140 629
140 640
142 303
142 603
142 629
143 488
144 43
145 16
145 503
146 136
146 195
146 343
146 485
147 73
147 372
147 490
147 529
147 607
148 215
148 489
148 627
149 638
150 305
150 322
150 354
151 9
151 132
151 165
151 211
151 252
152 45
152 557
153 234
153 480
154 22
154 30
154 424
154 541
155 544
155 547
155 591
156 60
156 293
157 487
157 585
157 664
158 49
158 604
159 131
159 311
159 349
159 374
159 401
159 488
159 638
160 239
160 314
160 401
161 159
161 214
161 587
162 199
162 237
162 469
163 116
163 392
164 51
164 512
167 664
167 667
168 97
168 657
169 584
170 24
170 488
171 128
171 198
171 392
171 622
172 13
172 18
173 57
173 72
173 531
174 267
174 368
174 664
177 410
177 483
178 80
178 154
178 226
178 552
180 365
181 184
181 219
181 494
181 559
182 447
182 547
183 87
183 195
183 259
183 572
184 168
184 289
184 406
184 515
185 143
185 301
185 320
185 342
185 366
186 110
186 367
186 369
186 538
187 217
187 539
188 662
189 334
189 526
190 676
191 17
191 326
191 509
192 3
192 75
192 419
192 567
193 253
194 166
194 399
195 82
195 192
195 330
195 560
196 525
197 35
197 199
197 472
197 519
198 319
198 451
199 555
200 383
201 130
201 260
201 520
201 521
201 616
202 281
202 296
203 371
203 443
203 527
203 570
204 32
204 261
205 208
205 269
205 436
206 183
206 282
206 350
207 155
207 199
207 262
207 275
208 129
209 227
210 37
210 440
211 507
211 562
212 48
212 135
212 164
212 201
212 332
212 449
212 511
213 318
213 351
213 486
213 504
214 64
214 560
214 598
215 290
215 336
215 463
215 637
216 166
217 34
217 98
217 162
217 493
218 85
219 567
220 156
220 523
220 611
221 253
221 693
222 132
222 503
222 666
223 206
223 591
224 404
224 612
224 663
225 39
225 199
225 287
225 661
226 134
226 562
227 58
227 82
227 230
227 309
227 348
227 404
227 546
227 550
228 34
228 194
228 290
229 232
229 251
229 301
229 381
229 394
229 541
229 584
229 694
230 538
231 643
232 168
232 295
232 573
233 215
233 356
235 8
235 99
235 229
235 230
235 489
235 518
236 65
237 190
237 300
237 490
237 661
238 48
238 259
238 582
238 610
238 652
239 280
239 403
239 463
239 550
240 27
240 212
240 683
241 189
241 469
242 128
242 317
242 448
244 63
244 216
244 554
245 237
245 485
246 176
246 268
246 573
247 446
247 503
248 480
249 51
250 74
250 609
251 82
251 179
251 323
251 509
251 629
252 447
252 562
253 173
253 265
253 288
253 323
254 12
254 285
254 313
254 404
254 415
254 615
254 653
255 239
256 61
256 432
256 509
257 27
257 104
257 363
257 378
258 169
259 277
259 581
260 90
260 178
260 299
260 382
260 407
260 560
261 117
261 369
261 631
262 86
263 159
263 223
264 388
265 56
265 532
265 635
265 672
266 14
266 24
266 126
266 145
266 185
267 147
267 468
268 152
269 198
269 410
270 348
270 409
271 288
271 413
271 463
271 636
272 35
272 199
273 108
273 171
273 254
273 589
273 596
273 606
273 683
274 255
274 328
275 1
275 328
275 529
275 656
277 629
278 142
279 51
279 312
279 406
279 409
279 630
280 121
280 674
280 696
281 213
281 396
282 71
282 143
282 240
282 437
282 560
283 84
283 218
283 480
284 59
284 246
285 399
285 568
285 659
286 6
286 169
286 178
287 204
287 379
287 387
287 590
287 666
288 135
288 173
288 225
289 6
290 199
290 498
290 507
291 177
291 308
293 43
293 437
294 192
294 245
295 5
296 37
296 388
296 622
296 659
296 689
297 164
299 621
300 155
300 291
300 378
301 115
301 458
301 524
301 534
302 95
302 326
302 434
302 461
302 490
302 560
303 8
303 252
303 270
303 319
303 540
303 607
304 368
304 548
304 644
305 38
305 128
305 555
306 521
306 616
307 30
307 402
307 488
307 620
307 686
308 185
308 350
309 29
309 177
309 513
310 245
310 335
311 59
311 99
311 189
311 338
311 363
312 144
312 167
312 387
313 295
313 418
313 472
313 533
313 556
314 1
314 237
314 538
315 373
315 486
315 528
316 188
316 586
317 282
317 476
317 652
318 520
319 347
320 113
320 189
320 285
320 527
320 662
321 12
321 92
321 374
321 482
321 510
321 693
322 25
322 107
322 178
322 393
323 155
323 278
323 407
324 236
324 499
324 510
324 634
325 444
325 675
326 205
326 208
326 254
326 326
326 490
326 541
327 227
327 399
327 673
328 182
328 488
329 108
329 353
329 656
329 688
330 562
330 602
330 619
331 317
331 455
331 629
332 113
333 419
333 570
333 607
334 196
334 315
335 241
335 260
335 284
335 309
335 373
335 541
336 4
336 20
336 223
336 369
336 640
337 141
337 372
337 592
337 622
338 323
338 421
338 531
338 666
338 689
339 189
339 193
339 211
339 215
339 282
339 505
339 639
340 354
340 446
340 563
340 583
341 84
341 147
341 218
342 563
342 681
343 116
343 275
343 276
343 416
343 684
344 84
345 207
345 336
346 69
346 111
346 475
346 514
346 616
347 87
347 260
347 435
348 210
348 631
349 328
349 430
349 528
349 609
350 144
350 170
350 673
351 204
351 302
351 359
351 395
351 455
351 538
351 660
352 117
354 303
354 337
354 657
355 143
355 255
355 331
355 406
355 688
355 690
356 135
358 633
359 99
359 160
359 494
359 676
360 152
360 289
360 367
360 681
361 23
361 80
361 93
362 116
362 250
362 261
362 572
363 317
363 377
363 460
363 520
363 527
364 333
364 404
364 533
364 557
364 660
365 77
365 384
365 559
366 612
367 145
367 320
367 348
368 42
368 593
369 89
369 147
369 579
369 659
370 89
371 78
371 79
371 133
371 225
371 256
371 299
371 461
371 573
372 183
372 195
372 344
373 33
374 211
374 338
374 453
375 210
375 350
375 441
375 565
376 21
376 255
376 528
377 75
377 166
377 174
377 408
378 631
379 69
379 75
379 151
379 180
379 406
379 650
380 250
380 334
380 404
380 476
380 498
380 688
381 139
381 438
382 39
382 85
382 201
382 219
382 472
382 475
383 71
383 180
383 389
383 433
383 562
383 634
384 311
385 189
385 569
386 6
386 455
386 468
387 351
387 451
387 550
387 597
388 184
388 260
388 557
388 641
388 652
389 188
389 268
389 426
389 663
390 97
390 118
390 323
390 432
390 526
390 556
390 657
391 19
391 256
391 696
392 96
392 104
392 183
393 478
393 499
394 166
394 508
396 76
396 192
396 285
396 322
396 368
397 257
397 448
399 188
399 491
399 630
401 214
401 246
401 552
401 647
402 320
402 323
402 411
403 120
403 149
404 19
404 208
404 412
404 468
405 5
405 43
405 382
406 240
406 242
406 264
407 467
407 490
408 6
408 184
408 622
409 46
409 292
409 461
410 638
411 35
411 254
411 587
412 5
413 339
414 597
415 189
415 313
415 655
416 200
416 331
417 271
417 524
417 553
417 676
418 427
418 589
418 617
418 652
419 86
419 195
419 609
419 652
420 30
420 125
420 667
421 261
421 673
422 84
422 241
422 644
423 64
423 103
423 695
424 45
424 205
424 393
426 25
426 109
426 261
427 43
427 345
428 113
428 589
429 532
431 96
431 322
431 521
433 172
433 281
434 641
435 239
436 275
437 259
437 436
438 236
438 273
438 312
438 540
439 629
439 638
440 10
440 72
440 438
440 460
441 536
442 298
442 678
443 229
444 33
444 594
445 11
445 178
445 195
445 196
445 205
445 484
446 451
446 517
446 554
446 596
447 449
447 655
448 73
448 108
448 264
449 318
450 265
450 360
452 80
452 242
452 259
452 282
452 516
452 605
453 636
454 20
454 453
455 133
455 644
455 695
456 65
456 145
456 398
456 418
456 586
456 672
457 65
457 166
458 355
458 546
459 600
459 623
460 57
460 178
460 330
461 110
461 127
461 698
462 466
462 633
462 637
463 632
464 70
464 103
464 361
464 518
464 563
465 42
465 195
465 380
465 609
465 623
466 164
466 204
466 540
467 4
467 308
467 374
467 687
468 143
468 661
469 63
469 65
469 204
469 530
469 609
470 284
470 303
470 633
471 132
471 264
472 463
472 563
474 344
474 567
475 503
476 357
477 476
477 520
478 247
478 366
478 552
479 114
479 611
480 104
481 573
481 584
482 225
482 230
483 98
483 241
483 531
483 674
484 170
484 268
485 350
486 116
486 389
486 476
487 243
487 380
488 25
488 39
488 76
488 99
488 105
488 229
488 285
489 182
489 190
490 406
490 563
490 588
491 46
491 397
491 679
492 62
492 63
492 436
493 233
494 161
494 263
494 331
494 350
494 601
495 320
495 489
496 285
496 537
497 117
497 656
498 100
498 466
498 532
498 647
499 51
499 134
499 307
499 623
499 640
500 612
501 189
501 255
501 297
501 475
501 601
502 453
502 474
503 353
503 490
503 663
504 205
504 240
504 260
504 266
505 54
505 572
506 281
506 322
506 543
507 194
507 471
507 476
507 477
507 478
508 216
508 519
509 449
509 654
510 649
511 47
511 264
511 266
511 516
511 550
513 103
514 32
514 222
514 304
514 674
515 29
515 123
515 185
515 226
515 355
515 441
516 341
516 349
516 497
516 557
517 155
517 226
517 234
517 610
518 28
518 123
519 18
519 80
519 426
519 485
520 211
520 296
520 465
520 544
521 179
522 662
523 14
523 457
523 520
523 569
523 697
524 299
524 358
524 369
525 17
525 43
526 71
526 332
527 117
527 220
527 346
527 610
528 611
528 665
529 78
529 370
530 130
530 389
530 434
532 26
532 49
532 355
532 595
532 640
533 483
534 580
534 601
535 504
535 616
535 652
536 7
536 142
536 476
537 460
537 546
538 40
538 69
538 140
538 390
538 457
538 497
538 542
538 635
539 260
540 24
540 44
540 171
540 530
540 662
540 663
541 127
542 26
542 69
542 236
543 116
543 401
544 177
544 323
544 538
546 382
547 65
547 574
548 195
548 320
549 280
549 299
549 429
549 507
549 568
550 535
551 210
552 104
552 301
552 385
552 412
552 423
552 688
553 308
553 446
554 527
555 191
556 42
556 92
556 448
556 674
557 536
558 61
558 563
558 622
559 125
559 304
559 397
559 540
559 553
560 15
560 417
561 38
562 336
562 667
562 692
563 64
563 71
563 136
564 203
564 315
564 455
564 477
564 646
564 680
566 197
566 199
566 208
566 423
566 596
567 300
567 595
568 231
568 422
568 679
569 663
570 334
571 177
571 485
571 593
572 238
572 453
572 578
572 624
573 72
573 679
574 128
575 586
575 635
576 226
576 354
576 625
577 47
577 178
577 199
577 664
578 137
578 447
579 74
579 205
580 205
580 215
580 216
580 373
580 670
581 682
582 27
582 166
582 543
583 40
583 57
583 342
584 196
584 259
585 138
585 357
585 458
586 373
586 555
586 619
588 16
588 435
588 653
589 282
589 492
589 551
589 605
590 175
590 467
591 245
591 255
591 648
592 121
592 229
592 232
592 287
592 562
593 456
595 263
595 698
596 39
596 177
596 477
597 247
598 591
599 610
599 619
599 668
599 698
600 569
600 623
600 655
602 57
602 363
602 542
602 545
603 128
603 590
603 613
604 141
604 224
604 447
605 177
606 70
606 157
608 414
609 568
610 408
610 503
610 530
611 404
611 506
612 509
612 661
614 531
615 273
616 222
616 297
617 360
617 638
618 54
619 214
619 242
619 367
619 468
619 618
620 24
620 329
621 587
622 265
622 307
622 399
622 440
622 512
623 247
624 163
624 430
625 382
626 209
627 52
627 180
627 649
628 27
628 458
628 602
628 674
629 399
629 697
630 213
630 426
630 453
630 458
631 12
631 58
633 104
633 156
633 317
633 515
635 310
635 553
635 614
636 151
636 251
636 408
636 411
636 469
636 694
637 186
637 241
638 1
638 491
639 65
639 327
639 385
639 470
639 482
639 500
639 598
640 169
640 324
640 401
640 524
641 401
641 466
641 572
641 641
642 185
643 153
643 258
643 325
643 493
643 630
644 19
644 292
644 434
645 228
645 340
646 24
646 334
646 541
647 173
647 326
647 332
648 34
648 646
648 672
649 428
650 142
650 252
650 264
650 377
650 445
650 603
651 188
651 493
653 212
654 686
655 374
655 667
657 520
657 677
658 219
658 631
659 126
659 132
659 250
659 378
660 224
661 53
661 445
662 188
662 238
662 285
662 499
663 40
663 297
663 316
663 335
664 297
664 474
665 693
666 432
666 564
666 653
667 247
667 493
667 581
668 167
668 216
668 463
669 353
669 592
670 145
670 203
670 443
670 614
671 64
671 314
672 531
673 382
673 399
673 502
675 137
676 127
676 202
677 489
678 41
678 70
678 78
678 207
678 467
678 685
679 253
679 258
679 472
679 592
679 593
680 161
680 229
680 606
680 626
683 152
683 570
684 133
685 123
685 352
686 67
686 136
686 206
686 218
686 693
687 23
687 40
687 46
687 206
687 624
687 688
688 140
688 528
688 572
689 58
689 82
690 408
690 522
690 646
691 278
691 322
691 491
691 635
692 379
692 523
693 30
693 46
694 589
694 659
695 140
695 395
695 560
695 581
696 386
696 550
697 314
697 405
697 533
697 655
698 600
699 336
699 420
700 151
700 505
700 532
701 41
701 260
701 263
701 376
701 394
701 542
701 544
701 558
702 509
703 232
703 364
703 568
704 157
704 208
704 347
704 421
704 690
705 98
705 341
705 671
707 301
707 344
707 348
707 372
707 474
707 555
708 245
709 292
710 266
710 290
710 483
711 70
711 139
711 152
711 435
712 10
712 345
712 484
712 548
712 630
713 445
713 521
714 267
714 413
714 618
715 171
715 185
715 337
716 22
717 156
717 201
717 226
717 365
718 79
718 157
718 281
718 567
718 570
718 683
719 145
719 405
719 613
720 7
720 70
720 165
720 372
721 15
721 24
721 194
721 326
721 676
722 391
722 425
722 595
723 158
723 202
723 343
724 74
725 330
726 473
726 576
727 298
727 344
728 223
728 275
728 513
728 525
729 562
730 507
731 367
731 514
731 685
732 5
732 142
732 173
732 259
732 360
733 274
733 295
733 461
733 505
733 518
733 547
734 1
734 176
734 245
734 321
734 609
735 43
736 165
737 433
738 186
738 591
738 620
739 310
740 316
740 506
741 267
741 347
742 208
742 308
742 478
742 570
743 4
743 292
743 326
743 333
744 333
744 344
744 425
744 627
745 30
745 603
746 277
746 286
746 518
747 196
747 315
747 422
747 456
747 521
748 208
748 232
749 333
750 161
750 655
751 14
751 95
752 73
753 192
753 323
753 458
753 656
754 72
754 79
754 440
754 444
754 520
755 322
756 10
757 191
757 232
757 478
758 94
758 134
758 408
759 80
759 99
759 188
759 305
759 363
759 539
759 557
761 101
761 186
762 603
763 177
763 539
764 442
765 78
765 89
765 656
766 438
766 596
766 609
767 478
767 666
768 188
768 279
769 28
770 49
770 567
771 140
772 201
772 342
772 373
773 302
774 154
774 262
774 322
775 210
775 481
776 627
777 32
777 133
777 192
777 400
777 542
777 594
777 686
778 118
778 321
778 327
779 132
779 263
780 370
780 556
780 664
781 323
781 604
781 607
782 329
782 497
782 616
782 673
783 312
783 570
783 614
783 618
784 99
784 287
784 291
784 475
784 488
785 201
785 410
785 605
785 609
786 576
787 272
787 426
787 651
788 111
789 25
789 346
789 578
790 151
790 627
791 301
791 451
791 523
792 26
792 197
792 500
793 424
794 283
794 290
794 550
794 649
794 656
795 130
795 678
796 100
796 509
797 39
797 257
797 351
797 400
798 365
798 444
799 274
799 616
800 187
801 175
801 487
801 604
801 619
802 74
803 191
803 414
804 645
805 69
805 348
806 41
806 219
806 260
806 450
806 534
807 231
807 323
807 375
807 545
808 160
808 204
808 409
808 625
809 317
809 440
810 12
810 31
810 105
810 334
811 389
811 458
811 542
812 107
812 174
812 185
812 398
812 656
813 427
813 603
815 276
815 543
816 117
816 126
816 211
816 298
817 94
817 257
818 543
818 684
819 99
819 231
819 345
819 556
819 624
819 640
820 311
820 518
821 83
822 12
822 163
822 197
822 408
822 431
822 550
823 510
823 551
823 611
824 280
824 328
825 77
825 266
825 282
825 344
825 354
825 656
826 45
826 187
826 190
827 438
827 638
827 657
828 223
829 379
829 440
829 525
829 650
829 676
830 33
830 507
831 25
831 34
831 221
831 277
831 663
832 483
833 177
833 646
834 334
835 65
835 144
835 273
835 368
835 445
835 610
836 272
836 326
836 368
837 75
837 200
837 406
837 424
837 609
838 225
838 639
839 33
840 40
840 193
840 378
841 66
841 268
841 647
842 82
842 520
843 4
843 199
844 540
844 588
845 540
846 486
847 374
847 668
848 628
850 113
850 229
850 463
850 508
851 112
851 314
851 422
852 305
852 342
852 450
852 582
852 689
853 124
853 323
853 340
853 672
855 339
855 656
855 687
856 260
857 45
857 467
858 28
858 34
858 291
858 464
858 568
859 75
860 3
860 263
861 302
861 385
862 81
863 235
864 160
864 210
864 438
865 16
866 163
866 340
866 571
866 621
867 197
868 409
868 486
869 137
869 339
870 211
870 690
871 416
871 418
872 78
872 85
872 337
872 369
872 452
872 456
872 588
873 22
873 114
873 243
873 333
873 633
874 283
874 455
874 622
874 690
876 31
876 651
877 120
877 131
877 195
877 608
878 514
878 608
879 200
879 376
879 521
879 677
879 689
880 427
880 445
880 641
881 12
881 97
881 199
881 237
881 356
881 451
881 561
881 627
882 276
882 528
883 76
883 346
883 406
884 156
885 58
885 118
885 228
885 378
886 176
886 332
886 355
886 541
887 89
887 112
887 139
887 467
888 237
888 387
889 440
890 38
890 630
891 108
891 147
891 360
891 416
891 530
891 624
891 652
892 123
892 429
893 366
894 270
895 133
895 482
896 55
896 453
896 697
897 166
897 531
897 566
898 85
898 590
899 71
899 599
900 156
900 157
900 242
900 515
901 411
901 540
902 518
903 80
903 312
903 538
904 113
904 191
904 192
904 370
904 681
906 174
906 428
906 594
907 289
908 153
908 477
908 512
908 579
909 52
909 142
909 239
909 488
909 573
910 694
911 313
911 337
911 341
911 557
911 565
912 385
912 405
912 656
913 397
913 601
914 33
914 127
914 198
914 329
914 357
914 427
914 446
914 463
914 507
914 597
914 625
914 674
915 142
915 214
915 363
915 514
916 261
916 376
917 1
917 294
917 434
917 536
918 87
918 333
919 246
921 46
923 87
923 102
923 613
924 28
924 411
925 158
925 192
925 331
925 510
926 550
927 74
927 472
928 490
929 130
929 189
929 608
930 181
930 218
930 263
930 463
930 486
931 464
932 107
932 140
932 261
932 316
932 371
932 528
933 170
933 244
933 529
933 606
934 29
934 390
935 99
935 208
935 449
937 576
938 103
938 293
938 417
938 586
939 17
939 466
940 270
940 284
940 319
940 518
940 676
941 351
941 354
941 399
941 461
941 596
942 233
942 446
943 505
943 650
944 300
944 442
945 85
945 210
946 29
946 44
946 333
947 58
947 59
947 219
948 298
948 357
948 639
948 641
949 498
949 558
949 600
950 394
950 632
951 158
951 662
952 88
952 572
953 19
953 330
953 662
954 381
954 401
954 689
955 15
955 114
955 148
956 279
956 282
956 458
956 596
956 679
957 213
957 530
958 56
958 267
958 419
959 128
959 332
959 352
960 8
960 22
960 46
960 195
960 200
960 617
961 282
961 406
962 597
963 225
963 565
964 537
964 657
965 221
965 510
966 223
966 354
966 605
967 178
967 426
967 435
968 357
969 52
969 393
969 513
970 257
970 464
970 564
971 313
971 405
971 679
972 174
972 433
972 670
974 235
974 563
975 103
976 4
976 168
976 284
976 487
977 130
977 190
977 386
977 578
977 639
977 645
978 391
978 550
978 664
979 538
980 57
980 214
980 552
980 663
981 219
981 411
981 568
982 4
982 256
984 22
984 130
984 167
984 241
984 389
984 628
985 317
985 642
986 653
987 60
987 106
987 122
987 630
988 543
988 565
988 576
989 136
989 155
990 62
990 439
991 147
991 341
991 368
991 495
992 222
993 51
993 434
993 446
994 172
994 244
994 644
994 664
995 259
995 433
995 585
996 303
996 446
997 9
997 65
997 608
998 200
998 277
998 336
998 398
998 610
999 244
999 321
999 559
1000 625
1001 258
1001 677
1002 581
1003 167
1003 429
1004 20
1004 421
1004 687
1005 85
1005 196
1006 257
1007 335
1007 417
1007 616
1008 369
1009 331
1009 471
1009 502
1010 285
1010 578
1011 53
1012 221
1012 561
1013 401
1013 467
1013 586
1013 612
1013 679
1014 238
1014 536
1014 565
1016 236
1016 659
1017 170
1017 288
1017 401
1017 460
1017 530
1017 639
1018 351
1019 293
1019 580
1019 693
1020 195
1020 357
1020 431
1020 558
1021 1
1021 504
1021 657
1022 238
1023 150
1023 495
1023 667
1024 281
1024 416
1024 501
1024 693
1025 204
1025 688
1026 156
1026 283
1026 496
1026 516
1026 532
1027 88
1027 274
1027 650
1028 240
1028 639
1029 35
1029 62
1029 63
1029 312
1029 441
1029 463
1029 536
1030 362
1030 695
1031 53
1031 202
1031 364
1031 504
1032 22
1032 344
1032 353
1033 169
1033 395
1033 631
1034 236
1034 251
1034 277
1035 348
1035 634
1037 116
1038 43
1038 56
1038 452
1039 191
1039 601
1040 47
1040 112
1040 469
1040 490
1041 245
1041 253
1041 500
1042 421
1043 243
1044 313
1044 391
1044 476
1044 486
1044 528
1044 533
1044 693
1045 283
1046 161
1046 311
1047 134
1047 198
1047 612
1048 246
1048 600
1049 531
1050 26
1050 122
1050 398
1050 685
1052 13
1052 91
1052 185
1052 371
1052 633
1053 393
1053 476
1054 43
1055 155
1055 172
1056 24
1056 112
1056 314
1057 14
1057 75
1057 114
1057 255
1057 476
1057 677
1058 387
1058 464
1058 647
1059 17
1059 503
1060 195
1061 504
1062 76
1062 103
1062 289
1062 488
1062 542
1062 613
1063 4
1063 69
1063 621
1064 422
1065 696
1066 121
1066 239
1066 250
1066 412
1067 149
1067 153
1068 2
1068 651
1069 627
1071 147
1071 243
1072 273
1073 372
1073 528
1074 108
1074 239
1074 279
1074 515
1074 672
1075 69
1075 269
1075 660
1076 128
1076 198
1076 315
1076 529
1077 14
1077 276
1077 311
1077 583
1078 72
1078 84
1079 444
1080 61
1081 78
1082 14
1082 58
1083 309
1084 659
1085 137
1085 239
1085 280
1085 486
1085 581
1086 77
1086 189
1086 272
1086 317
1087 401
1088 66
1088 578
1088 690
1089 38
1089 40
1089 149
1089 618
1090 622
1090 646
1090 652
1090 688
1091 108
1091 259
1091 298
1092 84
1092 462
1093 39
1093 417
1093 418
1093 534
1094 75
1094 222
1094 267
1096 40
1096 645
1097 223
1097 241
1097 362
1097 445
1098 231
1099 131
1099 133
1099 354
1099 641
1100 38
1100 147
1100 271
1100 640
1101 332
1101 481
1101 592
1102 48
1102 483
1102 630
1103 240
1103 511
1103 545
1103 560
1103 641
1104 124
1104 214
1104 579
1105 29
1105 418
1105 436
1105 487
1107 140
1107 192
1107 352
1108 54
1108 173
1108 378
1109 135
1109 155
1109 296
1109 396
1109 494
1109 539
1110 140
1110 365
1110 472
1111 260
1111 501
1112 479
1113 188
1113 218
1113 621
1114 23
1115 181
1115 265
1115 394
1115 653
1116 85
1116 407
1117 388
1117 676
1118 93
1118 165
1118 220
1118 407
1119 215
1119 225
1119 678
1120 38
1120 129
1120 241
1120 354
1120 680
1121 606
1121 668
1122 7
1122 26
1122 104
1122 165
1122 223
1123 33
1123 396
1123 676
1124 233
1124 407
1124 563
1125 56
1125 426
1125 664
1126 262
1126 359
1126 544
1126 546
1127 106
1127 270
1127 663
1128 1
1128 196
1128 454
1128 674
1128 688
1129 46
1129 61
1129 106
1129 468
1131 202
1131 250
1131 426
1131 493
1131 603
1132 107
1132 329
1132 663
1133 71
1134 95
1134 192
1134 357
1134 408
1135 186
1135 289
1135 354
1135 418
1136 305
1136 600
1137 215
1137 466
1137 578
1138 242
1138 623
1138 682
1139 187
1139 548
1139 613
1140 268
1141 20
1141 227
1141 236
1142 159
1142 668
1143 247
1144 69
1144 148
1144 210
1144 254
1144 690
1147 460
1147 540
1148 377
1148 606
1149 556
1149 596
1150 258
1150 384
1151 21
1151 394
1151 413
1152 33
1152 582
1152 678
1153 334
1154 153
1154 344
1154 418
1154 449
1156 114
1156 168
1156 503
1157 128
1157 360
1157 531
1158 94
1158 269
1159 13
1159 185
1159 393
1160 138
1160 152
1162 266
1162 513
1163 104
1163 265
1163 559
1164 497
1165 260
1165 435
1165 452
1166 175
1168 33
1168 430
1168 611
1168 658
1169 319
1169 417
1170 271
1170 565
1171 537
1172 237
1172 426
1172 451
1172 480
1172 506
1172 603
1172 613
1172 640
1173 687
1174 72
1174 442
1174 538
1174 575
1175 79
1175 414
1175 633
1176 15
1176 149
1176 163
1176 214
1176 389
1176 440
1176 607
1176 641
1177 102
1177 243
1177 404
1177 524
1177 614
1178 693
1179 69
1180 148
1180 307
1180 478
1181 160
1181 427
1182 279
1182 463
1182 660
1183 19
1183 109
1184 187
1184 411
1185 297
1185 334
1186 23
1186 182
1186 192
1186 613
1187 169
1187 328
1188 36
1188 283
1188 318
1188 504
1188 606
1188 607
1189 220
1190 197
1190 237
1190 455
1191 10
1191 123
1191 156
1191 615
1191 640
1192 68
1192 88
1192 350
1192 391
1194 145
1194 458
1194 566
1194 654
1194 658
1194 689
1195 174
1196 20
1196 124
1196 346
1196 360
1198 289
1199 402
1199 418
1199 528
1199 572
1200 38
1200 150
1200 379
1201 9
1201 33
1201 366
1201 678
1201 679
1202 441
1203 15
1203 74
1203 258
1203 337
1203 510
1203 603
1204 247
1204 588
1206 34
1208 230
1209 61
1209 164
1209 525
1209 527
1209 692
1210 206
1210 498
1211 256
1211 440
1211 450
1211 473
1211 646
1212 586
1213 27
1213 183
1214 339
1214 544
1216 193
1216 310
1216 685
1217 309
1218 688
1219 205
1220 185
1220 590
1220 677
1221 546
1222 410
1222 534
1223 318
1224 336
1224 675
1225 35
1225 40
1226 207
1226 213
1226 338
1226 433
1226 656
1227 483
1228 90
1228 521
1229 81
1229 89
1229 93
1229 113
1229 221
1229 240
1229 260
1229 560
1230 598
1231 135
1231 224
1231 262
1231 368
1231 462
1231 607
1233 251
1234 198
1234 232
1234 323
1234 409
1234 471
1234 624
1235 56
1235 74
1235 124
1237 261
1237 340
1237 641
1238 119
1238 303
1238 390
1238 447
1239 339
1239 610
1239 628
1240 130
1243 51
1243 204
1243 232
1243 396
1243 657
1243 661
1244 33
1245 397
1246 246
1246 258
1246 664
1247 149
1247 407
1247 491
1247 513
1247 691
1248 65
1248 100
1248 127
1248 344
1249 182
1249 200
1249 368
1249 516
1249 653
1250 413
1251 155
1251 236
1251 273
1251 435
1252 290
1252 651
1253 243
1253 308
1253 444
1253 506
1253 525
1253 542
1254 614
1255 211
1256 50
1256 182
1256 414
1256 687
1257 100
1257 185
1257 312
1257 329
1259 404
1260 467
1261 653
1262 26
1262 297
1262 404
1263 88
1263 332
1263 433
1264 71
1264 301
1264 527
1265 238
1265 418
1265 517
1265 533
1265 681
1266 198
1266 296
1266 507
1266 596
1267 203
1267 280
1267 414
1268 237
1268 447
1269 185
1269 432
1270 23
1270 62
1270 191
1270 311
1270 673
1271 400
1272 178
1272 413
1272 467
1272 588
1272 694
1273 303
1273 447
1274 49
1274 103
1274 373
1275 4
1275 124
1275 289
1276 9
1276 542
1277 93
1277 96
1277 123
1277 588
1277 615
1278 21
1278 285
1278 404
1278 625
1279 469
1279 606
1280 5
1280 291
1280 463
1281 518
1283 11
1283 19
1283 380
1283 535
1283 612
1284 37
1284 83
1285 36
1285 116
1286 1
1286 623
1287 571
1288 162
1288 479
1288 683
1289 92
1289 149
1289 298
1289 362
1290 186
1290 300
1290 564
1290 671
1291 652
1292 76
1292 155
1292 392
1292 638
1293 44
1293 238
1294 263
1294 647
1295 483
1296 374
1297 52
1297 513
1298 218
1298 405
1299 5
1299 374
1299 499
1299 582
1300 175
1300 282
1300 573
1301 27
1301 641
1304 439
1304 544
1304 571
1305 19
1305 68
1305 167
1306 130
1306 286
1306 361
1306 460
1307 197
1307 285
1307 517
1307 636
1308 254
1308 467
1308 532
1308 561
1309 203
1309 432
1309 450
1310 278
1310 490
1310 625
1311 169
1311 209
1311 291
1311 317
1311 442
1311 501
1312 2
1312 194
1312 480
1312 533
1312 544
1312 639
1312 645
1313 150
1313 437
1314 333
1314 589
1314 652
1315 449
1315 553
1316 39
1317 164
1317 277
1319 99
1319 126
1319 292
1319 330
1319 443
1319 597
1320 210
1320 306
1320 331
1320 590
1320 686
1321 125
1321 195
1321 201
1321 449
1321 456
1322 138
1322 215
1322 386
1323 149
1323 154
1323 180
1323 287
1323 668
1324 124
1324 214
1325 450
1326 522
1326 683
1327 40
1327 266
1328 3
1328 102
1329 154
1329 200
1329 439
1329 496
1330 622
1330 670
1331 98
1331 427
1331 461
1332 468
1332 577
1333 305
1333 599
1333 633
1334 52
1334 250
1335 73
1335 144
1335 282
1336 220
1336 548
1336 624
1337 193
1338 147
1338 492
1338 660
1338 667
1339 21
1339 325
1339 378
1340 273
1340 439
1340 447
1341 8
1341 105
1342 264
1342 305
1343 151
1343 629
1343 677
1344 469
1344 681
1345 169
1345 186
1345 315
1345 423
1347 473
1348 73
1348 128
1348 297
1348 352
1349 7
1349 204
1349 692
1350 4
1350 595
1350 638
1351 472
1351 567
1353 204
1353 210
1353 297
1353 475
1354 260
1354 398
1355 112
1355 316
1355 683
1355 690
1356 19
1356 79
1356 269
1356 341
1356 361
1356 445
1356 462
1356 491
1357 531
1358 84
1358 455
1358 502
1358 669
1359 42
1359 107
1359 274
1359 317
1359 597
1359 623
1359 636
1360 242
1360 350
1360 698
1361 478
1361 643
1361 645
1362 66
1362 80
1362 167
1363 225
1363 456
1363 506
1364 28
1367 99
1367 151
1367 295
1367 641
1368 95
1368 202
1368 367
1369 283
1369 349
1369 474
1370 109
1370 118
1370 449
1370 507
1370 564
1371 19
1371 53
1371 478
1372 75
1372 86
1372 663
1372 666
1373 249
1373 469
1373 540
1373 564
1374 354
1375 66
1375 261
1375 678
1376 88
1376 177
1376 329
1376 482
1377 457
1377 514
1378 600
1378 671
1379 690
1380 57
1380 378
1380 549
1381 257
1382 37
1382 106
1384 388
1385 195
1385 251
1385 381
1385 565
1386 517
1387 88
1387 222
1387 236
1387 333
1387 693
1388 269
1389 56
1389 127
1389 514
1390 211
1390 340
1391 22
1391 500
1391 514
1393 5
1394 235
1394 258
1394 289
1394 319
1395 372
1396 223
1396 444
1396 464
1396 638
1397 183
1397 412
1397 576
1398 140
1398 189
1398 508
1399 69
1399 105
1399 372
1399 460
1399 588
1400 195
1400 607
1401 117
1401 327
1401 371
1401 423
1401 522
1402 175
1402 205
1402 361
1402 633
1403 83
1403 184
1403 264
1403 528
1404 166
1404 171
1404 272
1404 278
1404 325
1404 495
1405 169
1405 447
1405 663
1406 76
1406 113
1406 486
1406 601
1407 660
1407 689
1408 621
1409 19
1409 326
1409 660
1410 72
1410 112
1410 685
1411 364
1411 366
1413 154
1413 481
1413 599
1414 41
1414 285
1414 385
1414 588
1415 211
1415 345
1415 413
1416 25
1416 183
1416 357
1416 400
1416 443
1416 664
1417 19
1417 272
1417 549
1417 663
1418 423
1419 374
1419 456
1419 594
1420 182
1420 433
1420 690
1421 85
1422 1
1422 99
1422 268
1422 565
1423 61
1423 178
1423 287
1423 401
1423 491
1425 7
1425 127
1425 512
1425 665
1426 297
1426 557
1427 65
1427 149
1427 391
1427 396
1427 528
1427 541
1427 545
1427 654
1428 69
1428 135
1428 199
1428 332
1428 392
1428 488
1429 20
1429 264
1430 38
1430 210
1430 259
1430 282
1430 368
1430 459
1431 532
1431 605
1431 625
1432 48
1432 185
1432 246
1432 664
1433 29
1433 50
1433 188
1433 694
1434 424
1434 438
1435 139
1435 241
1435 270
1435 519
1435 671
1436 367
1436 515
1437 26
1437 195
1437 375
1437 395
1437 460
1439 217
1439 247
1439 556
1439 675
1440 600
1441 68
1441 90
1441 274
1442 80
1442 88
1442 265
1442 332
1442 382
1442 571
1443 256
1443 381
1443 426
1443 545
1444 92
1444 383
1444 637
1445 252
1445 317
1445 407
1445 424
1446 22
1446 313
1447 522
1447 638
1448 571
1448 678
1449 208
1449 211
1449 584
1450 149
1450 366
1450 513
1450 542
1452 289
1452 415
1452 557
1453 48
1453 144
1454 461
1454 626
1455 511
1455 526
1456 621
1457 335
1459 450
1459 546
1460 130
1460 455
1460 687
1461 398
1461 570
1462 7
1462 22
1462 83
1462 126
1462 205
1462 285
1462 574
1463 188
1465 296
1465 317
1465 346
1465 360
1466 184
1466 213
1466 606
1466 679
1467 131
1467 535
1467 573
1468 149
1468 372
1468 494
1469 71
1469 171
1469 499
1469 565
1469 570
1469 633
1470 283
1470 535
1470 565
1471 217
1471 225
1472 316
1472 601
1473 70
1473 459
1473 476
1473 508
1473 639
1474 247
1474 302
1475 206
1475 569
1476 100
1476 379
1476 460
1476 637
1478 228
1478 324
1479 391
1480 72
1480 273
1481 365
1482 194
1483 143
1483 288
1483 316
1484 205
1484 423
1485 151
1485 207
1485 250
1485 452
1485 461
1486 76
1487 400
1488 297
1488 508
1488 669
1489 293
1489 434
1490 178
1490 590
1491 108
1491 174
1491 335
1491 461
1491 585
1491 674
1492 280
1493 296
1493 529
1495 85
1495 285
1495 339
1496 430
1496 439
1496 453
1498 387
1498 552
1498 643
1499 118
1499 612
1500 87
1500 344
1500 421
1500 489
1502 100
1502 420
1502 586
1503 157
1503 621
1504 237
1504 420
1504 436
1504 444
1504 449
1505 66
1505 104
1505 134
1505 155
1505 445
1506 174
1506 205
1506 254
1506 331
1507 1
1507 49
1507 341
1507 522
1508 697
1509 280
1509 502
1510 63
1510 143
1510 246
1510 496
1510 525
1511 247
1511 341
1511 425
1511 461
1511 504
1512 132
1512 232
1512 586
1512 609
1512 655
1513 218
1513 416
1514 590
1515 186
1516 383
1516 618
1517 545
1517 569
1518 369
1518 563
1519 189
1520 83
1520 552
1521 20
1521 80
1521 132
1522 193
1522 584
1523 677
1524 140
1524 206
1524 496
1524 506
1525 44
1525 349
1527 70
1527 317
1528 158
1528 366
1528 420
1529 91
1529 262
1529 394
1530 63
1530 357
1530 453
1530 463
1530 696
1531 451
1532 248
1532 415
1533 69
1533 129
1533 315
1533 639
1533 689
1534 91
1534 215
1535 159
1535 177
1536 323
1536 370
1537 84
1537 92
1537 302
1537 509
1537 612
1538 214
1538 473
1538 599
1539 328
1539 644
1539 645
1540 69
1540 422
1541 624
1542 207
1542 256
1542 369
1542 470
1543 2
1543 632
1543 649
1545 160
1545 583
1546 6
1546 471
1546 507
1547 227
1547 310
1547 480
1547 605
1548 51
1548 336
1548 376
1548 379
1550 2
1550 152
1550 235
1550 394
1550 517
1550 675
1551 165
1551 379
1551 566
1551 680
1552 107
1552 395
1552 552
1553 30
1553 282
1553 605
1554 2
1554 40
1554 98
1554 147
1554 171
1555 282
1556 70
1556 252
1556 610
1556 644
1556 693
1557 34
1557 205
1557 433
1557 559
1558 4
1558 156
1558 601
1559 113
1559 393
1559 401
1559 451
1559 535
1560 479
1560 494
1560 639
1561 568
1561 665
1562 109
1562 319
1563 1
1563 272
1563 280
1563 569
1564 64
1564 504
1564 677
1565 194
1565 655
1566 46
1566 161
1566 476
1566 677
1567 22
1567 489
1568 292
1568 656
1568 672
1569 474
1570 84
1570 185
1570 386
1570 564
1570 651
1571 91
1571 259
1571 342
1571 371
1572 116
1572 448
1572 600
1573 18
1574 89
1575 115
1575 201
1576 345
1576 420
1576 593
1577 209
1577 369
1578 480
1579 176
1579 552
1580 251
1580 643
1580 653
1581 48
1581 190
1581 526
1581 555
1581 660
1583 78
1583 442
1584 154
1585 33
1585 332
1586 110
1586 336
1586 422
1587 194
1587 304
1587 511
1588 70
1588 432
1588 559
1589 361
1589 479
1589 582
1589 638
1590 66
1590 162
1590 505
1591 99
1591 129
1591 545
1591 635
1591 646
1591 691
1592 546
1592 550
1592 674
1593 389
1594 64
1594 505
1594 532
1594 624
1595 22
1595 25
1595 579
1595 608
1596 32
1596 144
1596 362
1596 448
1596 650
1597 552
1599 328
1600 158
1600 193
1600 484
1601 35
1601 537
1601 631
1602 123
1602 368
1602 673
1603 70
1603 695
1604 168
1604 225
1604 488
1604 683
1605 331
1605 345
1605 508
1606 460
1607 389
1607 682
1608 248
1608 474
1608 540
1609 309
1609 683
1610 81
1610 557
1611 227
1611 304
1612 170
1612 542
1613 216
1613 224
1613 310
1613 358
1613 396
1613 481
1613 569
1613 663
1614 86
1614 283
1614 373
1615 170
1615 171
1615 385
1616 319
1616 339
1617 328
1617 345
1617 506
1617 626
1617 681
1618 172
1618 592
1619 170
1619 620
1619 634
1620 343
1620 374
1620 410
1620 448
1620 635
1622 346
1622 357
1622 673
1622 691
1623 416
1623 585
1624 470
1625 356
1626 88
1626 317
1626 402
1627 256
1627 295
1627 431
1628 29
1628 152
1628 391
1629 397
1629 544
1630 46
1630 88
1630 300
1632 554
1633 170
1633 183
1633 395
1634 145
1634 175
1634 219
1634 591
1635 128
1635 453
1636 41
1636 407
1636 683
1637 521
1637 674
1638 134
1638 193
1638 508
1638 528
1639 188
1639 332
1640 119
1640 170
1641 44
1641 686
1642 24
1642 80
1642 115
1642 281
1642 426
1642 484
1643 2
1643 20
1643 184
1643 354
1645 226
1646 24
1646 73
1646 470
1646 620
1647 215
1647 257
1648 494
1649 676
1650 123
1650 293
1650 455
1650 483
1651 37
1651 68
1651 546
1651 605
1653 102
1653 117
1653 156
1653 415
1653 446
1653 644
1654 284
1655 386
1655 640
1655 680
1657 338
1658 23
1658 112
1658 244
1658 542
1659 247
1659 336
1659 498
1659 507
1659 545
1660 113
1660 246
1660 354
1660 418
1660 694
1661 446
1662 224
1662 405
1662 506
1662 623
1662 644
1663 4
1664 108
1664 179
1664 665
1665 540
1666 401
1666 464
1667 99
1667 121
1667 123
1667 276
1667 591
1668 27
1668 47
1668 99
1668 216
1668 351
1668 373
1669 211
1669 229
1669 575
1671 2
1672 470
1672 615
1673 538
1674 9
1674 18
1674 143
1674 145
1674 486
1675 114
1675 205
1675 426
1675 568
1676 111
1676 538
1677 44
1677 197
1677 454
1677 486
1678 189
1678 244
1678 346
1678 398
1678 464
1679 395
1680 399
1680 502
1680 652
1681 469
1682 458
1683 244
1683 376
1683 488
1683 494
1683 543
1683 678
1684 36
1684 465
1684 526
1684 679
1685 77
1685 136
1685 421
1685 609
1685 654
1686 281
1686 306
1686 311
1686 644
1687 696
1688 441
1689 56
1690 124
1690 311
1690 498
1691 177
1691 327
1691 330
1691 528
1692 69
1692 168
1692 264
1692 273
1692 384
1692 600
1692 685
1693 483
1694 121
1694 156
1694 178
1695 148
1695 419
1696 8
1696 218
1696 401
1696 554
1696 605
1697 69
1697 114
1697 207
1697 430
1697 461
1697 508
1698 160
1698 530
1698 628
1699 530
1700 49
1700 134
1700 429
1700 667
1701 182
1701 320
1702 312
1702 516
1702 665
1703 346
1704 285
1704 570
1704 596
1705 196
1705 267
1705 369
1706 490
1707 4
1707 12
1707 15
1707 50
1707 59
1708 112
1708 231
1708 407
1708 451
1708 505
1709 188
1709 443
1710 328
1710 507
1710 655
1711 646
1712 192
1712 540
1713 383
1714 464
1716 251
1716 409
1717 362
1718 135
1718 328
1719 50
1719 95
1719 102
1719 372
1720 330
1721 320
1721 512
1721 622
1721 657
1722 184
1722 280
1723 414
1723 477
1723 531
1723 670
1724 229
1724 432
1724 554
1726 5
1726 246
1726 372
1726 638
1727 29
1727 126
1728 18
1728 525
1729 120
1729 236
1730 24
1730 127
1732 442
1732 527
1732 569
1732 674
1733 103
1733 459
1733 562
1734 40
1734 472
1735 256
1736 164
1736 316
1736 411
1737 309
1737 465
1737 544
1737 620
1738 21
1738 631
1739 131
1739 365
1740 200
1740 291
1740 481
1740 507
1741 170
1743 69
1743 184
1744 79
1744 280
1744 469
1745 87
1745 411
1745 493
1746 10
1746 27
1746 135
1746 579
1746 594
1746 616
1747 20
1747 114
1747 159
1747 584
1748 57
1748 585
1749 395
1749 402
1749 415
1750 339
1750 503
1751 165
1751 477
1752 8
1752 105
1752 172
1752 186
1752 246
1753 452
1755 122
1755 274
1755 660
1756 99
1756 151
1756 454
1757 12
1757 146
1757 309
1757 644
1758 33
1758 38
1758 160
1759 176
1760 239
1760 320
1760 345
1760 444
1761 42
1761 232
1762 49
1762 108
1763 370
1764 108
1764 225
1764 276
1764 287
1764 392
1764 647
1765 160
1765 201
1765 392
1765 684
1766 243
1766 515
1767 21
1767 103
1767 525
1768 208
1768 336
1768 528
1769 579
1770 124
1770 190
1770 206
1770 443
1771 327
1771 541
1771 568
1771 576
1771 587
1771 622
1772 75
1772 584
1773 66
1773 74
1773 615
1774 238
1774 330
1774 353
1774 479
1775 423
1775 544
1775 564
1775 605
1776 385
1776 387
1776 686
1777 301
1777 328
1777 479
1778 257
1778 587
1779 39
1780 121
1780 189
1780 443
1781 216
1782 396
1782 603
1783 7
1783 56
1783 461
1783 598
1784 217
1784 511
1785 425
1785 569
1786 228
1786 294
1786 588
1788 367
1788 573
1789 44
1789 135
1790 216
1790 349
1791 285
1792 165
1792 538
1792 552
1793 454
1793 521
1793 525
1794 93
1794 516
1794 682
1795 44
1795 249
1795 455
1796 15
1796 430
1796 689
1797 511
1797 585
1798 378
1798 580
1799 118
1799 269
1799 281
1799 616
1800 376
1800 573
1800 580
1800 673
1801 354
1801 403
1802 29
1802 355
1802 597
1803 148
1803 484
1804 322
1804 424
1804 633
1805 46
1805 86
1805 518
1806 68
1806 89
1806 172
1806 285
1806 488
1807 54
1807 429
1807 644
1807 672
1808 226
1808 298
1808 547
1808 575
1808 652
1809 259
1809 514
1810 679
1811 131
1811 366
1811 513
1811 541
1812 253
1812 342
1813 67
1813 223
1813 272
1813 330
1813 534
1814 102
1814 125
1814 127
1814 228
1815 519
1815 564
1815 591
1816 625
1817 219
1817 523
1818 160
1818 298
1818 329
1818 367
1819 116
1819 241
1819 496
1819 505
1820 327
1821 195
1821 478
1822 421
1823 6
1825 129
1826 6
1826 396
1827 614
1828 55
1828 56
1828 420
1829 116
1829 589
1830 302
1830 484
1830 553
1830 611
1830 613
1831 425
1831 490
1832 30
1832 32
1834 2
1834 30
1834 349
1834 422
1834 424
1834 454
1834 591
1834 642
1835 32
1835 295
1835 507
1836 376
1837 134
1837 220
1837 418
1837 629
1837 667
1838 133
1838 683
1839 183
1839 191
1839 195
1839 584
1841 261
1841 354
1842 39
1842 51
1842 123
1842 296
1842 523
1843 272
1843 277
1844 37
1844 442
1845 349
1846 422
1846 428
1847 169
1848 154
1848 465
1848 676
1849 165
1849 310
1849 388
1849 420
1849 529
1850 178
1851 215
1851 431
1851 495
1852 631
1852 670
1853 691
1855 156
1855 224
1856 9
1856 75
1856 369
1857 263
1857 286
1857 445
1858 299
1859 24
1859 289
1859 447
1859 497
1859 523
1860 264
1860 278
1860 445
1860 553
1861 646
1862 21
1862 590
1862 613
1863 309
1863 319
1864 257
1864 345
1864 517
1865 45
1865 116
1865 605
1866 142
1866 178
1867 58
1867 126
1867 200
1867 232
1867 642
1868 467
1868 577
1869 138
1869 282
1869 354
1869 641
1869 676
1870 51
1870 404
1870 478
1870 611
1870 633
1871 130
1871 425
1871 511
1872 204
1872 616
1872 667
1873 393
1873 528
1874 61
1874 460
1874 517
1875 94
1876 80
1876 676
1877 15
1877 57
1877 176
1877 276
1877 473
1878 434
1879 319
1879 479
1879 521
1879 627
1880 96
1880 606
1880 679
1881 22
1881 94
1881 405
1881 447
1881 647
1882 43
1883 44
1883 251
1883 416
1883 468
1884 161
1884 177
1884 422
1885 563
1885 605
1885 694
1886 21
1886 270
1887 1
1887 44
1887 475
1887 541
1887 662
1888 437
1888 600
1889 443
1891 236
1891 260
1891 533
1892 9
1892 42
1892 169
1892 234
1892 548
1893 284
1893 393
1893 473
1894 363
1895 83
1895 535
1896 170
1896 203
1896 571
1897 269
1899 1
1899 83
1899 462
1900 130
1900 392
1900 532
1901 63
1901 154
1901 478
1901 499
1901 620
1903 48
1903 225
1903 604
1903 692
1905 204
1905 524
1906 376
1906 461
1906 490
1906 654
1906 685
1907 337
1907 444
1907 495
1907 633
1908 334
1908 467
1909 358
1909 412
1909 476
1910 206
1910 271
1911 150
1911 228
1911 266
1911 401
1911 450
1911 489
1912 148
1912 200
1912 278
1913 86
1913 347
1913 420
1914 28
1914 241
1915 60
1915 125
1915 188
1915 237
1916 272
1916 478
1916 563
1916 696
1917 402
1917 423
1918 121
1918 334
1918 651
1919 136
1919 283
1919 471
1920 15
1920 204
1922 372
1923 8
1923 265
1924 283
1924 301
1925 41
1925 305
1925 405
1925 436
1925 664
1925 681
1926 2
1927 269
1928 136
1928 524
1928 531
1928 546

