4378 4252 4552
1 1
1 1789
2 1654
4 2493
4 3691
6 2912
6 4053
12 2318
13 2512
13 3036
14 3750
17 514
17 2573
17 2806
18 1473
18 3071
19 112
19 1669
19 4124
20 2685
21 87
21 845
21 1970
22 2851
23 1626
23 2322
26 3709
27 1990
30 2687
31 4067
32 4247
33 2896
35 3002
35 3292
36 1070
36 2150
37 2022
38 1324
38 3733
38 4069
38 4073
41 442
41 1371
42 3000
43 2397
43 3910
44 4023
46 2919
47 1364
47 1924
48 1666
48 3824
49 873
53 313
53 1869
54 2780
55 636
55 906
55 3466
56 97
56 1637
56 3424
57 3212
58 2319
59 1071
60 1820
61 832
61 3121
61 3572
61 4127
62 58
64 2894
67 219
67 2634
67 3250
68 1101
68 1500
68 2198
69 2843
70 2989
70 3694
71 2878
72 4119
74 2437
75 2509
76 3569
77 463
77 2019
78 405
79 2151
80 790
80 3511
81 1295
82 913
84 128
84 943
85 2441
86 719
88 2800
90 3867
93 1155
95 2126
95 4057
96 4203
97 1961
97 4009
98 202
99 2093
101 2415
103 1791
103 2809
105 3617
106 230
106 1843
107 1080
107 3587
108 949
108 2715
110 3113
112 2881
115 1120
115 3325
116 294
117 417
119 1744
121 3138
123 3705
124 2980
128 2566
130 460
132 3735
134 1464
134 3766
134 4191
137 580
138 1026
138 2838
138 3318
142 3150
143 920
144 1274
144 1941
147 3890
148 222
148 1522
150 3179
150 3249
151 3297
153 103
153 1659
154 128
154 192
154 2343
155 440
156 1850
157 2593
157 3600
158 3703
159 3421
162 921
162 3623
165 245
168 931
168 4166
169 735
171 688
171 3240
172 470
172 2598
173 1496
173 3757
175 2230
175 2979
178 2726
178 2986
179 1722
179 2609
179 2849
179 3779
180 2557
181 3516
184 3156
186 2968
187 3650
188 3269
189 2209
189 3935
190 796
190 1216
193 2139
193 2147
195 1054
195 1261
197 3330
201 2289
201 3652
203 1819
203 1996
205 1663
207 1405
207 2379
207 4104
207 4142
208 2215
208 3510
208 4240
209 2192
209 2390
210 2745
211 1387
211 1819
212 2458
214 3422
214 3544
215 2878
216 867
216 3349
217 2494
217 2689
217 3890
219 954
223 80
224 700
226 2148
229 207
229 460
229 3909
231 905
231 1796
231 3613
232 2336
234 2599
236 719
236 1397
236 3618
237 1678
238 803
238 1830
240 1910
240 3534
241 2728
242 3593
242 4215
243 512
243 3035
244 675
244 2595
244 2684
245 2654
246 3232
246 3526
249 1551
249 2359
249 3610
251 3965
252 1641
253 1127
253 1334
254 3077
255 779
256 2382
257 642
257 3792
258 3505
259 289
260 1197
262 1888
263 1427
265 1252
265 1266
265 1940
268 611
269 2642
270 2098
270 3593
273 264
273 402
275 155
276 4145
277 521
277 2428
279 2279
280 1598
280 2283
280 2924
286 2536
286 3377
287 3882
288 228
288 1772
291 2768
293 132
294 3808
297 488
297 3507
298 2114
300 1406
302 436
304 443
304 2915
305 539
305 2569
306 2843
307 442
307 2074
307 3518
309 1683
311 13
311 1380
311 1807
311 2994
312 1995
313 1182
313 2030
313 3830
314 2635
315 1221
315 4016
317 548
317 3881
318 3978
319 1910
319 2151
319 3977
320 977
320 1392
320 2807
321 854
321 866
321 1089
322 491
323 2295
323 3735
324 3167
325 3785
326 1923
327 2284
328 3072
329 308
330 248
330 2602
331 2438
331 3351
333 242
334 1754
334 2130
334 3317
336 22
336 1746
336 2874
337 881
337 943
337 1003
337 1090
337 2930
338 2123
338 3675
340 281
340 1537
340 2235
340 3245
343 1379
344 342
344 2635
344 2796
345 122
345 1257
346 1110
351 627
351 1279
352 2270
352 3122
354 1557
355 222
355 496
355 3811
356 1133
356 1436
356 2496
357 3242
359 161
359 3475
360 1021
360 2714
360 3359
360 3497
361 2575
362 225
362 1220
362 2314
362 3511
369 67
369 2150
370 2872
370 3928
372 867
373 2748
373 3228
374 591
375 1479
376 3946
378 723
378 799
379 2487
380 3
380 515
380 1544
380 1842
381 3646
382 903
383 1146
383 1760
383 1790
384 466
384 4102
385 98
385 1045
385 2270
385 3625
386 1489
387 2355
388 3467
389 3904
391 74
391 116
391 2183
391 4052
391 4187
392 37
392 1984
393 1331
393 2933
396 3418
397 2241
398 1986
398 2785
399 97
399 1553
399 3111
400 1617
402 3705
403 709
404 3222
408 2843
408 4061
409 330
410 26
411 568
411 3681
412 1064
412 3119
412 3920
413 2554
414 927
414 965
416 731
416 3873
418 2702
419 908
419 1556
419 4040
420 10
421 2082
422 154
422 1901
422 4008
426 3811
429 44
429 3520
432 1012
434 935
434 1564
434 4121
435 848
435 1816
436 2080
436 4070
437 1896
439 849
440 588
444 2822
445 889
446 1853
448 1126
449 1965
449 2292
451 2227
453 2201
453 3198
454 441
456 1903
457 1832
458 1691
458 2857
460 3131
460 3157
461 1032
462 945
462 2015
465 1825
466 3777
467 405
467 1257
467 1357
468 2320
469 3740
470 4075
471 915
471 2170
472 4107
474 3556
474 3948
475 16
475 50
476 2492
477 1956
477 2251
477 2272
478 859
479 2839
480 2708
481 2849
482 2478
483 295
485 1020
488 3233
489 1646
490 3535
491 1700
495 779
496 1439
496 3180
497 1142
498 394
498 2383
498 2402
499 2167
499 2811
499 3032
499 4202
501 2794
502 3601
504 859
505 2629
507 495
507 1545
507 2117
509 1431
509 2257
509 2292
511 69
512 3930
513 831
514 2382
514 2916
514 3842
515 550
516 1160
516 1449
517 290
517 823
517 1508
519 154
520 2205
522 2386
523 2384
526 3803
527 756
528 733
529 3124
532 1320
532 1800
532 4024
534 1646
536 651
536 2651
536 4016
537 1973
537 3778
539 855
540 1329
543 3647
545 654
545 942
545 1310
545 2710
547 2607
548 2536
549 3476
549 3745
553 4040
554 3426
555 510
557 194
557 1014
557 3013
557 4050
557 4054
558 423
558 1677
559 1477
559 2834
561 2546
562 261
562 2289
566 149
567 2448
569 3038
572 4094
573 1167
573 1843
574 160
574 3954
576 474
576 784
576 3141
576 3790
576 3987
577 903
578 1207
579 873
579 3571
580 1352
581 499
585 1953
586 3461
587 2870
588 2662
588 2875
588 3110
589 161
589 1359
589 2344
589 3560
590 2578
591 956
591 1955
592 2671
593 304
593 1915
593 2720
594 1588
595 2848
596 1373
596 3970
599 108
599 643
599 911
599 2339
600 191
600 3494
605 553
605 694
605 2326
605 3825
605 3847
605 4007
607 2392
607 2446
607 3147
607 3611
608 868
609 1329
609 4179
610 3166
610 3801
612 2913
613 282
614 1849
617 2248
617 3008
617 4214
618 40
620 1600
621 1163
622 575
623 1903
624 1739
624 3271
625 1775
625 4217
626 667
626 918
626 1772
626 4123
628 712
628 2055
629 2547
629 3764
632 1480
633 2418
633 2860
634 685
635 1358
636 51
636 1673
637 852
639 3470
640 2410
640 3911
641 393
641 1393
641 3058
641 3681
645 42
645 2176
645 2901
646 2522
647 1439
647 4212
648 1976
648 2918
649 1164
650 565
652 1317
654 866
655 2678
656 2100
657 59
658 1988
658 3193
660 1024
661 700
663 1558
665 245
667 1619
668 1633
669 3996
671 1331
674 1385
676 142
677 2696
677 4020
679 2580
680 2009
681 1330
681 3814
684 64
685 399
686 3033
686 3309
687 1677
687 4046
689 1348
690 761
690 2154
691 2063
692 315
692 2357
692 3762
694 3863
694 4023
695 4147
696 2742
697 1861
698 324
700 98
701 869
704 2166
705 793
705 2487
705 3853
706 1635
707 2093
712 969
712 3268
712 3885
713 3302
715 754
717 398
717 2383
723 483
723 2088
724 1495
727 1786
729 195
729 3751
730 533
730 3813
731 215
731 1058
732 608
733 3150
733 3855
733 4056
734 3380
735 2044
735 3313
736 3709
736 4245
737 1578
738 2792
739 4001
740 1259
740 2060
740 4036
741 65
741 246
741 341
741 2354
742 4015
744 665
744 1407
745 1518
746 3728
747 387
747 1107
750 1093
750 2627
750 3224
751 3462
752 1311
753 336
754 501
754 1278
755 55
755 1030
755 3030
757 3429
757 4033
759 1786
759 2971
759 4096
760 2226
761 2364
761 2815
761 4219
762 269
762 2430
763 2635
764 1174
764 1547
766 2300
767 1748
768 2060
768 4103
769 55
769 1230
770 3406
770 4010
771 2754
771 2871
772 2442
774 424
776 369
777 1536
777 1982
778 1815
780 4107
781 1985
781 2323
781 3229
781 3785
782 3751
783 116
784 1067
784 3775
785 2627
786 908
787 2153
788 3723
789 2071
789 3278
793 206
794 1407
795 986
796 1158
796 3202
796 3205
798 1684
798 4122
799 436
799 1063
800 1845
800 2256
802 111
803 2213
807 1121
809 598
809 2453
810 677
810 2630
811 170
811 1932
812 294
813 231
813 934
814 1389
815 2132
816 3274
816 3918
817 2857
817 3017
817 3660
818 2751
818 3265
818 3634
819 61
819 194
820 477
820 3262
821 420
823 1556
824 775
824 3740
825 625
825 1108
826 477
826 849
826 971
829 2120
829 2154
829 2303
830 2748
830 3456
831 1249
832 622
832 2969
832 4124
834 1388
834 2822
838 904
838 3154
839 1545
839 3035
839 3406
843 2735
845 2263
847 2760
847 3485
849 58
849 1421
849 2425
849 3332
849 3681
853 445
853 2302
854 572
855 3823
858 1838
858 2787
859 422
862 1401
862 2856
864 1021
864 2625
865 1327
865 2820
866 4080
867 2963
867 3440
869 201
869 918
869 2060
870 1091
871 35
871 1679
871 3695
872 834
872 2752
874 3284
876 709
878 273
878 2704
879 1691
880 240
880 4249
881 276
882 3148
883 1873
885 130
885 1450
886 3377
887 2744
888 649
889 3669
891 1313
891 3523
892 2166
892 2366
893 2513
894 293
894 1186
897 223
900 32
901 246
901 1436
902 4180
903 1141
903 1766
903 2579
903 2939
903 3970
905 926
905 4080
908 544
909 743
909 1707
909 1759
910 1401
910 1444
910 1864
910 3674
911 3804
912 1665
915 552
915 652
918 3278
918 3611
919 3064
921 559
921 2018
921 2447
923 3653
924 3167
924 3793
925 302
926 1251
928 2467
930 369
931 2677
935 1302
936 218
936 585
936 2229
938 1090
938 3094
938 3994
939 337
939 371
939 3856
940 2183
940 4191
941 1792
941 3025
942 1393
942 3705
942 3753
944 1835
947 971
947 2458
948 735
948 3053
949 4160
950 4057
952 739
956 59
956 2537
957 119
957 2302
958 1848
959 2669
960 3646
960 4192
961 85
961 1888
961 2844
962 1518
963 2121
964 850
964 2387
966 44
966 3777
966 4002
967 1495
968 89
968 3331
969 1160
970 3274
971 421
972 621
972 2338
972 4131
973 3875
976 493
976 2014
976 3415
978 1974
980 126
980 3782
982 139
982 1927
982 2543
982 2767
982 3138
983 1912
984 1873
985 299
985 2289
987 1536
988 3639
989 574
989 3468
992 83
992 2486
993 1542
993 1567
993 2395
994 2012
995 1610
996 1499
996 2265
997 2092
998 3461
999 3832
1002 2063
1002 3241
1003 2470
1004 1268
1004 3478
1004 3568
1004 4208
1005 3233
1006 1463
1006 2385
1006 3018
1007 629
1009 2740
1009 3092
1010 289
1013 330
1013 1189
1013 1727
1013 4025
1014 3234
1015 322
1016 1956
1016 3198
1017 774
1017 3545
1018 3643
1021 233
1021 3740
1022 1549
1022 3192
1022 3758
1024 375
1025 1122
1026 530
1027 2605
1028 1045
1028 2754
1029 318
1030 1047
1030 3199
1032 1939
1033 1129
1034 2906
1035 1564
1037 2622
1039 2647
1040 3038
1041 119
1041 291
1042 178
1044 3597
1045 1685
1045 2687
1046 963
1050 2495
1052 2297
1052 3375
1053 1468
1056 2189
1056 4015
1057 2214
1058 722
1061 2532
1063 3350
1064 31
1064 344
1064 1042
1064 1598
1065 1262
1068 338
1069 3500
1070 1725
1071 3900
1073 3237
1073 3282
1074 3485
1075 574
1076 3202
1077 1503
1079 1231
1080 323
1080 3419
1081 859
1082 992
1083 1339
1086 231
1086 2107
1087 2871
1088 1730
1089 4188
1091 727
1091 1451
1091 1847
1091 2226
1092 909
1092 3470
1093 3494
1093 3762
1093 3876
1095 1812
1096 533
1096 2026
1098 3359
1102 1685
1102 3301
1103 640
1106 2275
1106 3888
1111 1477
1111 2053
1113 337
1114 3712
1114 3748
1117 1913
1118 3183
1118 3370
1119 1775
1120 3766
1122 935
1122 1015
1124 196
1124 3448
1126 2228
1127 426
1127 3753
1130 843
1131 2288
1132 2541
1133 2001
1133 2821
1134 2228
1136 3776
1137 1983
1138 14
1141 2026
1143 732
1143 1096
1143 2625
1145 1583
1145 1937
1146 579
1146 1176
1147 493
1147 1434
1148 2700
1149 2248
1150 1242
1151 15
1153 1126
1155 389
1155 2524
1156 3531
1159 2009
1159 2838
1160 554
1160 776
1160 3482
1161 621
1161 1291
1164 3329
1166 2107
1167 1182
1167 3817
1168 964
1169 2046
1170 1845
1170 3844
1171 1889
1172 3550
1173 2402
1173 3292
1173 3452
1174 2201
1174 2323
1175 603
1177 1326
1177 1902
1177 3895
1182 1636
1182 3154
1182 3948
1183 781
1183 3321
1185 3409
1189 2437
1189 2666
1191 98
1191 1338
1191 3381
1197 2239
1198 1038
1199 1751
1200 3495
1201 2525
1205 1097
1205 3768
1206 1186
1211 168
1212 2369
1212 2666
1212 3903
1212 4068
1212 4104
1215 1094
1215 2193
1217 2111
1218 1193
1218 4228
1219 1251
1219 1314
1220 323
1220 2013
1220 4045
1221 2061
1225 1252
1225 3189
1228 3350
1229 1302
1229 1816
1229 2524
1231 2270
1231 2388
1232 2409
1232 2784
1234 2418
1234 4120
1234 4167
1234 4183
1237 1618
1239 2331
1239 2377
1239 3157
1240 1894
1241 2887
1245 310
1246 270
1246 282
1246 1347
1247 2633
1247 3779
1249 4175
1252 710
1252 1863
1255 3724
1256 2366
1256 4210
1258 328
1258 2119
1260 172
1260 2778
1262 2899
1263 1713
1264 2369
1264 2880
1265 1198
1265 3221
1266 398
1266 1524
1267 1215
1267 1441
1270 1207
1273 353
1274 1147
1274 1186
1275 3567
1276 3251
1279 1225
1279 1589
1279 3949
1281 2590
1282 226
1282 1166
1283 39
1283 3733
1284 2581
1285 1301
1287 1681
1292 466
1292 2111
1294 409
1294 1426
1295 2751
1296 1950
1297 3677
1298 3488
1299 3127
1299 4180
1300 1038
1300 2199
1301 3357
1301 3853
1303 3411
1307 2005
1313 2833
1313 3292
1314 2489
1315 2473
1315 2617
1318 2248
1320 2225
1320 2916
1322 2084
1322 3984
1323 379
1323 2369
1324 1344
1324 2227
1324 2671
1325 1968
1326 1626
1326 1987
1326 2599
1327 271
1327 3738
1329 3501
1330 1310
1332 3146
1333 1288
1333 2308
1335 1818
1335 3661
1338 463
1338 549
1340 1746
1340 1933
1342 1329
1342 1990
1343 4000
1343 4227
1345 643
1345 982
1346 186
1346 322
1346 1945
1347 2615
1348 3133
1349 1369
1352 3182
1353 1971
1353 2729
1354 1732
1355 95
1355 2691
1356 2030
1357 1832
1357 1983
1357 4150
1358 1249
1359 2936
1360 2626
1361 1433
1361 2160
1361 2821
1362 2084
1365 4
1365 1197
1365 4167
1366 1972
1368 3680
1369 25
1371 2620
1372 434
1372 2477
1378 2672
1378 3025
1381 1460
1382 615
1382 1564
1382 2772
1383 863
1383 1045
1385 3786
1386 859
1386 2197
1389 4177
1390 2246
1391 817
1391 1074
1392 1906
1393 545
1393 842
1393 867
1393 2290
1395 2763
1396 776
1397 1331
1397 2835
1397 3899
1399 3193
1400 2297
1400 3538
1402 793
1403 1165
1403 2140
1403 2566
1403 3547
1404 2751
1405 851
1405 3518
1407 1130
1409 488
1409 1257
1409 1714
1410 1166
1412 342
1412 374
1412 3788
1413 719
1413 2676
1415 1976
1418 438
1418 2626
1419 2698
1420 3415
1421 601
1421 1115
1421 2633
1423 2261
1425 736
1426 3758
1427 1964
1428 922
1428 1590
1431 1107
1433 1797
1435 225
1437 25
1437 3008
1438 1456
1439 350
1439 2710
1440 2260
1441 58
1442 112
1443 3024
1444 1979
1446 3650
1447 1370
1449 2202
1450 1820
1450 3811
1451 335
1451 454
1451 1646
1452 3208
1452 3496
1453 1106
1453 1645
1455 688
1455 3129
1456 710
1456 1637
1456 1792
1456 2707
1457 963
1457 2875
1459 1195
1460 1122
1461 2452
1461 4038
1464 2032
1467 521
1467 2555
1467 3025
1467 4182
1468 2418
1468 3677
1469 2109
1469 3204
1469 3663
1470 1256
1471 1402
1471 1697
1473 1047
1473 2388
1473 3336
1474 371
1474 1016
1475 218
1475 4209
1479 613
1480 1479
1480 3254
1482 1057
1483 3305
1484 399
1484 1696
1485 258
1485 3876
1486 104
1486 4236
1490 1696
1490 3751
1492 3946
1494 344
1494 2652
1494 2997
1494 3138
1495 3359
1497 2057
1498 703
1498 1346
1498 1375
1504 124
1505 112
1505 607
1505 4182
1506 979
1506 2176
1506 4167
1507 1843
1507 1864
1507 2575
1508 395
1508 1156
1510 2196
1510 2528
1510 2709
1511 1392
1511 2128
1512 2624
1512 2880
1513 1410
1513 2471
1513 2877
1515 1971
1518 717
1518 778
1518 1648
1519 2280
1519 2677
1521 3183
1522 2628
1522 3094
1523 888
1524 2738
1525 3078
1526 1805
1527 2269
1527 3132
1529 1717
1530 17
1533 938
1533 2111
1533 3040
1535 2839
1536 2429
1540 499
1542 628
1542 2193
1542 2846
1543 2842
1545 327
1545 761
1545 2621
1546 492
1547 2718
1547 3177
1548 316
1548 1691
1548 3560
1548 3593
1551 2384
1551 3899
1552 2846
1553 792
1553 1344
1554 4106
1555 857
1556 2241
1556 2662
1558 703
1558 2775
1558 4094
1560 3577
1561 3672
1562 259
1562 983
1564 1705
1564 3151
1565 3090
1566 2605
1566 2805
1566 3005
1567 3317
1569 125
1569 1322
1570 1236
1571 4055
1572 120
1572 2394
1573 608
1574 745
1575 3585
1576 2577
1577 3084
1577 3757
1578 3129
1579 496
1580 2744
1581 23
1581 611
1581 1422
1582 1363
1582 2631
1583 3087
1584 846
1584 2952
1585 3015
1586 3443
1588 1455
1588 2738
1589 3090
1591 1315
1591 2712
1592 3693
1592 4190
1593 2966
1595 1228
1598 595
1599 2276
1599 3435
1600 236
1602 2772
1603 2450
1605 1948
1606 3401
1606 3542
1607 748
1607 3000
1609 3768
1613 38
1613 2761
1617 2579
1617 3854
1618 3283
1620 1654
1620 3936
1621 1190
1625 3599
1625 3798
1625 4185
1628 1802
1630 3706
1631 2232
1632 4126
1633 2276
1634 940
1635 1796
1637 2835
1637 3968
1639 3271
1639 3288
1642 1716
1642 2753
1643 2114
1643 2663
1644 1294
1645 347
1645 623
1646 4243
1647 3709
1648 3557
1649 776
1650 2577
1652 498
1653 2017
1654 1050
1654 2150
1655 621
1655 2676
1656 1019
1656 1420
1657 540
1657 2454
1657 4166
1658 853
1662 855
1663 1088
1663 1886
1664 64
1664 3210
1665 2001
1666 2
1667 211
1669 2439
1670 190
1671 2785
1672 899
1672 2609
1673 1527
1674 146
1674 1884
1676 2100
1677 1107
1679 2910
1679 3538
1683 430
1683 1947
1683 3217
1685 35
1685 1369
1686 421
1690 971
1691 344
1691 1343
1691 2354
1691 2749
1694 416
1695 1675
1695 3607
1696 4216
1697 1478
1699 1049
1699 2240
1699 3952
1701 2181
1703 885
1703 3789
1704 2374
1707 494
1707 2691
1707 3807
1708 1082
1709 1316
1710 361
1710 2860
1712 1253
1712 3914
1713 2415
1714 482
1714 4090
1716 1277
1716 2140
1718 1741
1718 3289
1720 923
1721 1349
1723 1198
1724 978
1724 3323
1725 1140
1725 1217
1725 4091
1726 3994
1729 1684
1729 3050
1730 3808
1730 4068
1732 2640
1734 1632
1735 2932
1736 2053
1738 182
1739 3576
1740 864
1741 3373
1742 1975
1743 2670
1745 3296
1746 641
1746 1825
1746 3609
1747 118
1747 767
1747 1662
1747 1817
1748 522
1749 232
1749 1817
1749 3519
1751 158
1751 2721
1752 3788
1753 92
1753 3611
1754 2153
1756 1697
1756 2463
1757 3047
1758 591
1758 3801
1760 2712
1760 3129
1762 1559
1762 2246
1763 1933
1764 681
1764 1604
1766 3514
1767 810
1767 3210
1767 3815
1768 2093
1768 3440
1769 3056
1770 3144
1771 2300
1771 3408
1772 791
1776 1859
1777 3976
1778 3062
1780 1425
1781 2098
1781 3346
1782 2276
1782 3792
1783 626
1783 3478
1784 1510
1784 3947
1784 4143
1785 1609
1786 843
1787 2360
1787 2649
1788 971
1788 2299
1788 2686
1789 3202
1791 3579
1791 4046
1794 1739
1794 3620
1795 2940
1795 4061
1796 29
1797 791
1797 1157
1797 2324
1798 1443
1798 2583
1798 3522
1800 2127
1800 3864
1800 4073
1802 53
1803 759
1803 924
1803 4206
1805 409
1805 3218
1806 376
1807 3098
1808 230
1808 1397
1810 645
1812 4026
1812 4038
1813 3725
1815 2080
1816 3507
1819 2521
1822 428
1823 1825
1824 68
1824 865
1825 1022
1825 1246
1828 1468
1828 2156
1828 2163
1828 2702
1828 3524
1832 4013
1833 4063
1835 2902
1835 4069
1836 1398
1836 1456
1836 3868
1837 1293
1838 479
1842 3132
1843 148
1844 192
1844 1702
1844 2039
1845 1770
1849 1573
1850 508
1850 561
1851 1749
1852 1195
1852 1611
1853 1821
1853 2769
1854 3769
1854 4213
1855 830
1855 2280
1858 1248
1859 1499
1859 3520
1860 2468
1860 4212
1861 1619
1861 4023
1863 1314
1865 250
1868 1183
1871 3121
1873 2629
1876 1253
1876 1677
1877 971
1877 3977
1878 4061
1881 2780
1882 391
1882 661
1885 2579
1886 1882
1886 2501
1887 3596
1889 1689
1889 1826
1889 3719
1891 3319
1892 1070
1893 4074
1894 2158
1895 3624
1896 1925
1898 1353
1898 2300
1900 392
1902 711
1903 1584
1903 3556
1905 162
1905 2276
1905 3309
1906 2392
1906 2743
1907 831
1911 574
1911 1978
1912 510
1913 4168
1914 2390
1915 967
1915 1243
1915 1713
1917 427
1917 3951
1917 4103
1922 314
1922 1274
1922 2597
1923 910
1924 2142
1925 13
1925 2551
1927 2019
1928 1889
1928 2745
1929 1702
1929 3202
1930 1864
1930 2723
1930 3981
1931 1103
1931 2050
1932 1809
1933 1706
1934 1633
1936 320
1936 2105
1937 1075
1937 1706
1937 2598
1937 3275
1938 823
1938 4198
1940 345
1940 1253
1941 2255
1941 3405
1942 3944
1943 3024
1943 3451
1944 1428
1944 3557
1946 2464
1946 2983
1948 453
1948 3904
1951 962
1951 1256
1951 1927
1952 392
1952 3327
1953 640
1953 2923
1954 1499
1955 1287
1955 2475
1957 2514
1958 2075
1960 1989
1960 2436
1960 3848
1961 1690
1961 1836
1962 1791
1964 766
1969 691
1969 2491
1970 937
1971 1983
1972 2248
1973 1284
1973 2484
1974 2574
1974 3030
1976 784
1977 2058
1977 3238
1979 2518
1980 963
1980 1433
1980 2489
1981 286
1982 581
1983 2970
1983 3159
1987 295
1988 1429
1988 1849
1989 3517
1989 3716
1990 1953
1990 3146
1991 1220
1991 2697
1991 3990
1992 313
1992 3521
1993 3177
1995 2924
1997 408
1997 833
1998 3488
1999 2772
2000 3623
2005 237
2005 1469
2008 3963
2009 343
2009 425
2009 1207
2010 2570
2013 883
2013 1367
2014 302
2016 812
2016 1396
2017 700
2017 3166
2019 2721
2021 2162
2021 3791
2022 508
2022 2812
2025 465
2025 3109
2026 293
2026 2626
2027 2773
2027 3832
2028 2852
2029 4214
2030 3000
2031 932
2031 1073
2031 2151
2032 2705
2033 3177
2034 3213
2037 3203
2038 546
2038 2237
2039 1127
2039 1739
2040 2964
2041 96
2041 2606
2041 4061
2042 426
2043 1181
2043 1645
2044 2102
2045 2343
2048 1272
2048 2082
2048 3579
2051 683
2052 3288
2053 181
2054 3369
2058 1188
2061 327
2062 1295
2064 2567
2065 1973
2066 2981
2067 250
2067 793
2067 1110
2067 2768
2067 3525
2068 606
2068 3841
2070 1491
2070 2327
2071 1720
2071 1916
2072 1775
2073 2224
2074 3025
2076 1055
2076 1087
2077 1119
2077 2623
2077 4218
2079 1489
2080 2115
2082 507
2083 166
2085 3603
2086 168
2087 1531
2087 2599
2087 3089
2087 3123
2088 849
2089 15
2089 3096
2091 312
2091 686
2091 2176
2092 1647
2092 3189
2095 3252
2096 238
2098 1593
2098 2438
2101 2351
2102 3490
2103 280
2106 2586
2106 3044
2107 1096
2107 4004
2109 2805
2110 67
2111 374
2111 877
2111 2635
2112 3347
2112 3664
2113 1280
2113 2591
2113 2832
2113 4185
2115 2015
2115 2579
2116 990
2116 3363
2117 2592
2119 898
2120 2844
2120 3659
2120 3773
2121 96
2122 2124
2122 3274
2123 4093
2125 1588
2125 1848
2125 1965
2125 3952
2126 595
2126 2015
2127 565
2128 2589
2128 2773
2129 3823
2130 1781
2130 2551
2131 41
2131 3973
2132 1000
2132 1586
2136 1007
2137 767
2137 1674
2137 2576
2138 301
2140 1317
2140 4075
2141 658
2141 1258
2141 2954
2141 3691
2142 494
2144 2790
2145 1645
2145 2499
2145 3368
2147 107
2147 823
2147 2639
2148 1447
2149 2717
2151 2036
2153 559
2154 236
2156 2667
2157 1410
2159 1181
2161 516
2161 593
2162 1179
2162 3645
2163 58
2164 326
2164 723
2164 1292
2164 3161
2166 871
2166 3106
2167 3186
2167 4177
2169 1758
2170 170
2170 941
2170 2596
2171 2772
2171 3313
2172 1647
2173 1179
2174 2141
2175 1455
2177 1655
2177 2273
2179 2528
2182 3035
2182 3537
2183 40
2186 2065
2186 3483
2186 3878
2188 1496
2189 3557
2190 770
2192 567
2193 434
2193 1035
2193 4101
2195 309
2195 3584
2197 3829
2197 4156
2200 961
2205 2235
2205 2528
2206 1448
2207 3501
2207 4229
2214 2126
2217 3737
2219 3063
2220 478
2220 688
2220 2940
2220 3727
2221 3838
2221 3911
2222 814
2222 3571
2223 444
2225 2609
2226 1579
2226 3205
2226 3854
2227 863
2227 1209
2228 185
2229 2943
2230 1963
2230 2240
2231 891
2231 2778
2232 4099
2234 1680
2235 241
2235 695
2235 1199
2235 3972
2235 4170
2236 150
2237 1485
2237 3102
2237 3298
2239 1609
2239 4126
2240 3711
2241 1197
2241 2120
2241 4198
2242 122
2242 280
2242 2678
2242 3931
2243 587
2243 4089
2243 4198
2244 2630
2246 338
2248 71
2249 383
2250 1712
2251 3489
2253 1866
2253 3934
2254 1150
2256 606
2257 980
2257 2021
2257 3216
2257 3817
2258 1902
2259 2104
2261 193
2262 366
2262 3769
2264 3901
2265 3044
2265 3697
2267 2251
2267 2813
2268 1569
2269 1815
2272 217
2273 4069
2276 39
2276 4050
2277 3334
2278 3671
2280 1292
2281 1341
2281 3621
2282 143
2282 859
2283 2031
2285 2775
2285 4103
2287 1165
2287 4180
2288 2490
2289 455
2289 1554
2289 2850
2291 218
2291 877
2291 1387
2292 1824
2294 3894
2294 4137
2294 4191
2295 1201
2295 4157
2297 2511
2297 2566
2297 3990
2299 4082
2300 144
2300 1529
2301 4158
2303 1399
2303 1604
2305 407
2305 2644
2306 1319
2306 2234
2306 2538
2308 959
2309 248
2309 1062
2310 2094
2313 4039
2313 4065
2314 4239
2315 2196
2316 2071
2316 3282
2318 238
2318 894
2318 1722
2318 3142
2318 3677
2319 1257
2319 1955
2320 2480
2320 3179
2321 612
2321 3651
2324 3475
2325 206
2325 988
2325 1634
2325 3939
2326 1669
2327 2519
2329 1588
2329 1731
2330 281
2330 1265
2330 4138
2331 304
2331 2819
2332 2657
2336 866
2336 3214
2338 3718
2339 1724
2339 3879
2340 1889
2342 1482
2343 2315
2346 1986
2346 2625
2348 4042
2349 1138
2349 2184
2351 1355
2351 3764
2352 1737
2352 1845
2352 4064
2353 707
2353 1940
2358 1818
2358 2828
2358 3454
2359 2790
2361 117
2361 1087
2362 1794
2363 2280
2363 2411
2364 1551
2364 1712
2365 2842
2366 214
2367 1632
2367 2274
2370 96
2372 582
2372 3833
2373 2666
2374 1375
2376 3382
2376 3981
2377 4069
2378 2075
2378 2099
2380 3095
2380 3213
2381 564
2382 226
2382 1014
2382 2636
2383 4037
2384 19
2384 2322
2384 2867
2385 799
2385 1876
2387 314
2387 3168
2388 788
2388 2588
2389 424
2394 2820
2396 1567
2396 2299
2400 3584
2401 1901
2401 2688
2403 1689
2403 2234
2405 776
2406 531
2406 2903
2407 516
2408 729
2408 3703
2412 1450
2413 941
2414 1952
2415 1919
2416 833
2416 2238
2418 1063
2418 2469
2425 1053
2427 3429
2429 669
2430 1569
2431 1557
2432 1193
2432 3963
2433 304
2434 3994
2436 2044
2436 3247
2437 3467
2437 3987
2438 2525
2438 3321
2440 1056
2440 1924
2440 2107
2441 41
2441 1729
2441 2784
2442 1258
2444 174
2444 2214
2446 3102
2449 412
2449 2866
2449 3936
2450 567
2450 1138
2452 3031
2453 1131
2456 3115
2457 3774
2458 799
2458 2976
2458 3249
2459 3508
2460 2113
2461 2024
2461 2252
2462 562
2462 863
2463 1665
2467 672
2468 506
2469 1002
2470 1180
2472 810
2472 2986
2473 849
2473 3833
2475 1623
2476 1744
2476 2225
2477 267
2477 2994
2479 3245
2480 1589
2480 2732
2480 3605
2481 2941
2482 2510
2482 3262
2483 1227
2484 668
2486 2756
2487 3879
2490 3704
2492 267
2493 2575
2494 740
2498 2210
2499 3658
2499 4040
2500 214
2500 3204
2501 88
2503 1126
2505 1113
2508 1112
2509 3180
2510 2333
2510 2672
2511 2736
2511 3074
2511 3841
2513 3979
2515 3313
2516 1627
2517 3542
2518 533
2519 19
2520 3637
2522 572
2524 1380
2527 3654
2529 313
2529 2298
2530 3758
2531 2124
2533 2723
2534 188
2534 2923
2535 548
2536 615
2536 1087
2537 131
2539 1398
2539 2249
2542 1085
2542 1613
2544 821
2546 2189
2547 2742
2552 709
2553 23
2553 1152
2553 3370
2560 1607
2563 1899
2565 734
2569 705
2570 75
2570 2392
2571 2795
2576 535
2576 1243
2576 3914
2577 2284
2578 2590
2582 2524
2583 901
2584 2052
2586 524
2586 1034
2589 3739
2590 1585
2590 1675
2592 349
2594 1772
2594 3132
2595 1462
2595 2833
2596 2240
2597 570
2599 1883
2600 2402
2600 2929
2601 972
2602 61
2602 3026
2603 2325
2603 3376
2604 1989
2606 1880
2608 2810
2611 615
2612 2285
2613 469
2615 3160
2616 2574
2616 3328
2616 3675
2618 3603
2619 1973
2620 1967
2620 3538
2621 1144
2621 1481
2621 1935
2623 777
2624 2790
2626 1216
2628 3476
2629 1529
2630 3048
2631 1549
2631 1945
2633 1784
2634 127
2637 2359
2639 3394
2640 402
2640 4014
2641 1663
2642 334
2642 1281
2645 3262
2647 1504
2647 1783
2648 37
2649 1156
2649 2333
2651 1099
2651 2223
2652 2615
2653 1215
2655 76
2655 680
2655 2750
2656 2327
2657 4186
2659 1946
2660 1263
2660 2409
2661 1385
2661 1553
2663 3040
2663 4120
2665 2817
2667 1458
2667 4244
2671 1059
2671 2554
2672 2443
2673 1863
2673 2419
2674 1526
2674 1731
2675 172
2676 2763
2681 264
2682 1644
2683 653
2684 1964
2684 2736
2686 428
2686 469
2688 2962
2688 3543
2691 2429
2691 3268
2691 3634
2696 2240
2697 2809
2699 1966
2702 1342
2706 2281
2706 2528
2707 1489
2707 3728
2709 625
2709 774
2709 1450
2711 2765
2712 871
2712 1944
2713 1135
2715 597
2715 4045
2716 760
2717 1852
2718 454
2718 485
2719 1330
2720 328
2720 1618
2722 1153
2722 1677
2723 3879
2723 4066
2724 1706
2724 2053
2727 1318
2727 1347
2732 3205
2734 2438
2735 1424
2735 1463
2735 4150
2738 3032
2742 1513
2742 1716
2744 190
2745 2275
2747 1294
2747 3935
2748 3553
2749 3536
2750 973
2750 1104
2751 750
2752 2932
2753 1040
2753 2581
2753 2649
2754 151
2754 533
2755 540
2757 1590
2757 2826
2758 3413
2759 2500
2761 184
2762 779
2763 1080
2763 1787
2764 2458
2765 303
2765 1817
2767 41
2767 619
2769 2211
2773 1473
2773 3583
2774 1228
2776 2779
2777 3002
2779 376
2779 3127
2780 263
2782 1033
2782 1283
2782 2373
2782 3586
2783 3162
2784 808
2785 1441
2787 311
2788 215
2788 1090
2791 584
2792 105
2792 4067
2794 1376
2795 1189
2795 2203
2796 147
2796 502
2796 1838
2796 1878
2797 1757
2797 2413
2797 2716
2799 81
2799 3795
2801 661
2803 3219
2807 1907
2807 2961
2809 2632
2809 2685
2811 29
2811 2580
2814 3056
2814 3900
2815 1263
2815 3246
2816 3874
2818 3916
2819 3682
2820 306
2821 734
2823 2528
2823 3284
2823 3602
2823 3939
2824 267
2825 573
2825 2679
2827 2031
2829 838
2830 2259
2831 1443
2831 3288
2831 4138
2833 1543
2833 1630
2834 2725
2835 15
2835 4179
2839 418
2839 731
2842 121
2842 1749
2843 2595
2844 323
2844 368
2846 1073
2846 2608
2846 3461
2847 754
2848 2190
2849 1337
2852 1467
2853 1774
2854 1007
2854 1105
2855 1311
2855 2984
2856 2186
2857 606
2859 1713
2859 4023
2860 3865
2861 2740
2861 3042
2862 3645
2863 13
2863 2200
2865 1308
2865 2255
2865 3524
2866 248
2866 705
2868 266
2870 568
2870 3188
2871 1539
2872 387
2872 3764
2873 1497
2873 2878
2874 1697
2875 228
2875 2432
2875 3695
2876 1969
2878 370
2880 2641
2881 1710
2882 4088
2883 2730
2884 2971
2887 2818
2888 3573
2889 1971
2891 319
2891 3526
2892 3314
2893 1280
2894 1842
2894 3335
2894 3340
2896 3145
2897 3273
2898 1398
2899 229
2900 458
2900 3624
2900 3698
2901 318
2904 3197
2908 2571
2908 3748
2909 646
2909 2663
2910 2043
2911 1905
2912 2480
2913 453
2917 20
2917 3799
2920 524
2920 3303
2920 3537
2920 4075
2921 1069
2923 1022
2923 2265
2924 1665
2925 44
2933 2326
2933 2930
2935 159
2937 1452
2938 2470
2938 3129
2940 743
2940 1405
2940 3273
2940 3746
2944 1064
2946 1514
2947 506
2948 3195
2949 2123
2949 4235
2950 167
2950 2249
2950 3144
2950 4175
2950 4193
2953 327
2955 1477
2955 1662
2955 2926
2957 1625
2958 1349
2959 1810
2959 2407
2960 2441
2962 1221
2964 3687
2965 2469
2966 3349
2968 537
2968 837
2970 2118
2971 3572
2976 2631
2977 2718
2977 2738
2979 982
2980 724
2980 1988
2982 2142
2983 549
2983 1017
2983 2512
2986 2530
2987 786
2987 1228
2987 3544
2990 91
2995 790
2995 2032
2996 2739
2997 2391
2997 3380
2999 741
2999 2308
3000 3667
3002 1094
3002 3066
3002 4182
3003 1774
3004 833
3005 3270
3009 2541
3010 2510
3012 1613
3014 2193
3015 1644
3017 2493
3017 2688
3018 1242
3019 4184
3021 1081
3021 2505
3021 3190
3021 3348
3022 2348
3023 1330
3023 4241
3025 1941
3026 1413
3027 1765
3028 213
3029 714
3029 2408
3034 3050
3037 264
3037 1951
3037 2301
3039 3951
3040 1763
3042 688
3043 2824
3044 16
3044 365
3045 154
3045 4251
3046 789
3046 2618
3046 2680
3049 217
3049 1134
3049 3145
3050 1083
3052 1759
3052 3189
3053 1974
3055 42
3056 4163
3057 721
3062 1712
3062 1888
3063 1942
3065 3894
3066 1185
3066 3352
3067 2187
3067 4165
3068 3890
3068 3902
3070 459
3070 2702
3070 3755
3071 1151
3071 1180
3071 2920
3071 3531
3072 4221
3074 1119
3074 2743
3074 4040
3075 2652
3076 1014
3078 2291
3079 1452
3080 718
3081 2023
3081 4192
3083 1210
3085 3182
3086 2063
3086 2626
3086 3256
3087 2856
3088 1891
3089 3696
3090 3498
3091 2282
3091 2747
3092 4180
3093 1799
3094 250
3094 518
3095 2896
3096 2365
3098 4220
3101 2475
3101 2615
3103 3032
3106 508
3106 1041
3106 2997
3110 3468
3111 2422
3111 3458
3113 2975
3113 3866
3114 2075
3117 228
3120 2040
3122 857
3123 2210
3126 427
3127 4001
3129 173
3133 791
3134 176
3134 2003
3135 1186
3136 1654
3136 1748
3136 2771
3138 3251
3139 330
3139 2128
3139 4047
3141 2044
3141 2961
3141 3048
3141 3403
3142 194
3143 4012
3145 617
3146 2772
3147 226
3147 3468
3148 1149
3148 3029
3148 4133
3149 3999
3150 968
3150 3449
3152 1035
3153 3018
3153 3023
3155 2135
3155 2882
3157 884
3157 982
3158 2721
3159 211
3159 588
3161 2026
3163 306
3164 369
3165 2662
3166 535
3166 589
3167 929
3167 2033
3167 2765
3170 3179
3171 593
3171 920
3173 1278
3174 475
3175 855
3177 2364
3177 3906
3179 433
3179 1051
3181 1559
3182 616
3183 3957
3184 4207
3185 546
3186 2553
3187 1563
3187 3561
3188 3184
3190 1348
3190 2843
3190 3020
3192 1085
3193 3552
3194 695
3194 1085
3194 1832
3195 650
3196 1693
3196 2000
3196 2043
3196 2805
3197 437
3197 1996
3198 2817
3201 2559
3202 4130
3203 3557
3204 560
3205 1211
3206 1209
3206 1704
3207 3124
3208 1590
3209 1538
3212 949
3213 483
3213 3802
3215 2787
3217 1199
3217 3613
3218 3087
3221 3227
3224 1390
3224 2634
3226 3784
3228 3770
3229 3420
3230 2032
3230 2258
3230 2369
3230 2790
3231 807
3231 1169
3232 3469
3233 3493
3236 1483
3238 307
3239 1965
3243 1408
3243 1480
3243 3478
3243 3638
3244 3973
3246 1408
3247 603
3247 1899
3247 2752
3251 1996
3252 78
3253 473
3253 1284
3254 3494
3254 4107
3255 3200
3256 535
3256 2565
3257 3096
3257 3399
3258 3649
3259 4170
3260 61
3260 3212
3261 1668
3261 3511
3262 1704
3263 3789
3264 2886
3264 3966
3264 4159
3265 2719
3266 3881
3267 3684
3268 1043
3268 1729
3269 1238
3269 2397
3270 1939
3277 1036
3278 1174
3279 2562
3279 3241
3279 3286
3279 3706
3280 2460
3281 3622
3281 3960
3282 2798
3283 2495
3284 998
3284 1890
3285 1654
3287 3743
3288 1588
3288 1657
3288 3114
3288 4154
3291 2293
3292 646
3293 1300
3295 348
3295 677
3296 1121
3296 1218
3296 2555
3297 2085
3297 4124
3299 2880
3299 3915
3300 2815
3303 637
3304 1402
3304 3563
3305 1868
3305 3392
3306 419
3306 3264
3307 911
3307 3207
3308 3044
3309 136
3310 3805
3311 535
3311 3524
3312 538
3312 1766
3312 3624
3313 3080
3314 1957
3315 4219
3316 451
3317 2099
3317 2437
3317 2905
3318 445
3320 517
3321 437
3321 522
3321 1796
3321 4008
3322 440
3322 545
3322 1756
3323 103
3323 570
3323 1446
3323 2470
3328 278
3328 1397
3329 1149
3331 3166
3331 3190
3333 257
3333 608
3333 2236
3333 3163
3334 2492
3336 2737
3339 455
3339 780
3340 2583
3344 609
3344 2261
3348 372
3349 2671
3350 1356
3350 3093
3351 229
3353 3224
3357 1800
3358 419
3358 2270
3359 42
3360 163
3362 1285
3362 1437
3362 2187
3363 321
3363 1219
3364 147
3364 3235
3365 216
3367 448
3367 2773
3367 2937
3368 3516
3368 3537
3370 614
3370 3484
3371 258
3371 314
3372 1829
3374 932
3374 1515
3375 1999
3376 658
3377 393
3378 730
3380 1077
3380 1927
3381 2152
3382 1196
3383 4127
3384 134
3385 680
3386 3775
3387 371
3387 762
3387 836
3389 2594
3389 2985
3390 2672
3391 774
3392 3938
3393 2752
3393 3313
3395 723
3395 1633
3396 1334
3396 3603
3398 1501
3398 3962
3399 2231
3400 1009
3400 3068
3401 790
3401 3346
3402 2046
3402 2620
3402 2644
3403 724
3405 2147
3406 948
3406 3224
3410 3672
3412 2187
3413 501
3416 3436
3417 2650
3417 3665
3418 3592
3420 2216
3421 132
3421 343
3422 1290
3422 3172
3423 2089
3424 1729
3424 2410
3425 562
3426 856
3427 4204
3428 1423
3429 2522
3430 3955
3430 4062
3431 1776
3431 3241
3432 1180
3436 1005
3436 3723
3437 1582
3437 3295
3438 1759
3439 1871
3439 3680
3440 3320
3441 3415
3442 2535
3443 461
3443 1359
3447 889
3448 1444
3448 1816
3448 1946
3449 3269
3449 3281
3451 1239
3451 3620
3452 2495
3452 3193
3453 334
3453 1501
3453 1592
3453 2980
3455 237
3455 1011
3456 155
3456 855
3456 2190
3457 766
3457 3928
3459 869
3459 2182
3459 3348
3459 3389
3459 4060
3461 771
3462 3292
3462 3552
3463 920
3465 1067
3466 725
3466 1718
3466 3125
3466 4058
3467 1197
3468 1423
3469 3104
3471 1192
3471 3091
3471 3456
3471 4224
3472 1727
3472 1793
3473 915
3474 4033
3474 4089
3475 1803
3477 2857
3482 1882
3483 2431
3484 823
3484 3279
3485 865
3485 876
3485 1765
3485 2794
3485 3880
3485 4031
3485 4092
3487 2720
3487 3994
3488 1518
3491 2406
3491 2774
3492 2533
3493 3663
3495 585
3495 1249
3495 2047
3496 1003
3498 4204
3499 3571
3501 2128
3502 2027
3504 3137
3506 1188
3506 1212
3506 1694
3509 99
3511 1350
3512 3907
3515 1537
3515 1788
3516 4173
3517 2303
3518 635
3518 1808
3519 683
3522 4069
3524 1574
3527 577
3528 327
3528 2783
3528 3757
3529 154
3529 2710
3529 4224
3530 3480
3532 1121
3534 1369
3534 3217
3537 2702
3537 3783
3537 3981
3539 844
3545 74
3548 893
3548 3430
3548 4120
3549 4202
3550 1239
3550 4178
3551 1277
3553 1572
3554 83
3554 90
3554 412
3555 573
3555 701
3556 2158
3556 3070
3557 1959
3557 2868
3557 3401
3558 2880
3558 3862
3559 2653
3560 1332
3563 733
3563 2735
3566 646
3567 3333
3569 313
3570 2969
3571 1359
3571 2398
3572 691
3574 4251
3575 2738
3576 2674
3579 3789
3581 1488
3581 2194
3582 147
3582 2777
3587 939
3588 445
3589 2164
3590 1137
3592 1386
3592 1808
3593 1536
3593 3861
3594 477
3594 1982
3594 3646
3595 3563
3596 1535
3597 831
3599 456
3599 3339
3600 1822
3601 726
3601 3243
3604 2958
3606 515
3608 2733
3608 3878
3609 1929
3611 3994
3612 2351
3614 1145
3615 3667
3617 1077
3618 1892
3620 3991
3621 1182
3621 2222
3621 2965
3622 1372
3625 1044
3628 2382
3630 1023
3631 1611
3633 386
3633 4067
3635 3917
3636 46
3636 1610
3637 177
3638 2770
3638 3241
3640 447
3640 1519
3641 3311
3641 4161
3643 536
3643 2865
3643 3432
3644 1520
3645 3937
3646 2123
3647 1694
3649 1914
3652 238
3654 2867
3658 633
3658 1752
3658 3231
3658 4159
3660 761
3660 1886
3660 3368
3661 2768
3662 2389
3663 3131
3664 687
3665 3802
3666 1613
3668 2904
3669 1637
3670 295
3670 2709
3671 4000
3672 1800
3672 2318
3673 855
3674 2569
3679 209
3679 2736
3680 355
3681 255
3683 802
3683 2142
3685 1418
3685 4019
3687 96
3689 2819
3690 3698
3690 3979
3692 272
3694 3859
3697 3087
3700 169
3700 767
3700 2625
3702 3838
3703 554
3703 2311
3703 2717
3705 141
3706 359
3706 3167
3707 3944
3708 650
3708 1556
3708 2358
3709 836
3709 3234
3710 26
3710 3326
3711 1361
3712 1981
3713 2754
3714 1090
3715 898
3715 3230
3715 3556
3716 118
3716 2154
3716 2663
3718 2211
3718 4097
3721 936
3721 2667
3724 3999
3726 2408
3726 3440
3728 401
3728 2574
3729 3558
3730 3086
3730 4044
3731 889
3731 1433
3732 1185
3735 576
3735 2105
3736 493
3737 1479
3737 1721
3740 2222
3741 1113
3741 3970
3742 1843
3743 58
3744 137
3745 171
3745 2164
3746 1813
3747 2697
3748 2156
3748 3921
3749 2532
3751 775
3752 1465
3752 4108
3753 1242
3754 274
3754 1886
3755 237
3755 1679
3756 576
3757 2831
3758 2802
3758 2995
3759 1072
3761 2912
3762 2392
3763 588
3763 2607
3764 1210
3764 2502
3765 2182
3766 1801
3767 3388
3770 2566
3771 2083
3771 2674
3773 1400
3775 216
3777 2866
3777 3754
3778 2104
3778 2406
3782 2373
3782 3074
3784 1586
3784 3150
3785 3852
3785 4069
3789 1976
3790 2376
3791 1563
3792 3008
3793 1015
3793 2294
3793 2463
3795 1242
3798 1829
3798 2868
3799 3786
3800 2
3802 51
3803 983
3805 968
3805 1175
3805 1378
3808 2734
3810 1274
3811 1455
3812 58
3812 635
3813 1755
3815 3924
3816 3513
3817 1274
3817 2776
3818 3496
3818 3747
3820 1697
3822 1007
3822 4100
3825 2870
3826 1126
3827 1136
3828 715
3828 4048
3829 35
3830 2875
3831 14
3832 1589
3835 1775
3837 2330
3837 3134
3839 143
3842 855
3842 1429
3842 4100
3843 2101
3844 807
3844 2835
3845 3250
3847 2643
3847 2906
3849 236
3850 845
3850 2329
3852 1469
3852 3100
3853 149
3853 3586
3853 3987
3854 737
3855 206
3856 2761
3857 3775
3860 4205
3861 1945
3861 3298
3862 2463
3862 3990
3863 1663
3863 2935
3864 639
3865 424
3866 1142
3867 917
3867 3878
3868 2733
3872 1939
3873 4145
3874 470
3875 2677
3875 4018
3877 2774
3878 848
3879 468
3879 542
3880 2804
3882 119
3883 95
3884 363
3886 1549
3887 593
3891 2097
3891 3105
3892 3703
3893 743
3893 790
3893 2217
3893 2593
3893 2988
3893 4079
3894 1025
3895 4183
3902 2105
3902 2426
3902 2520
3904 3355
3905 1233
3906 776
3909 4162
3910 432
3910 820
3911 174
3911 235
3911 2016
3913 1447
3915 2167
3916 2805
3917 1957
3917 2270
3918 2796
3919 2046
3920 913
3920 2595
3921 17
3921 937
3921 3579
3921 4231
3923 1924
3924 776
3924 3928
3925 2177
3926 3937
3930 3043
3930 3141
3931 1653
3932 2069
3932 3454
3934 1476
3935 3223
3936 2292
3937 252
3937 1831
3939 2658
3939 2664
3940 486
3940 1919
3940 2348
3940 2863
3941 2438
3942 2605
3943 72
3944 1820
3944 2619
3944 2775
3945 3758
3946 635
3947 3874
3948 698
3948 2221
3949 3140
3949 3627
3952 961
3953 1834
3954 3945
3954 4223
3955 1541
3956 661
3956 2275
3956 3110
3958 2029
3959 1240
3959 2423
3961 846
3961 2029
3962 2927
3963 4183
3965 1049
3966 1603
3967 2395
3968 3320
3972 1401
3973 119
3973 3401
3973 3572
3975 3949
3976 1069
3976 2138
3981 3942
3982 614
3983 1862
3983 2324
3984 918
3986 1952
3987 1979
3988 838
3988 3217
3989 21
3989 2520
3990 1926
3991 1386
3992 1603
3992 1806
3992 2364
3993 454
3994 2266
3996 869
3997 4240
3998 2953
3998 3956
4002 2615
4003 1482
4003 3270
4003 3486
4004 1946
4005 3535
4006 3325
4007 1708
4007 1907
4007 2744
4007 2817
4008 708
4011 1712
4020 916
4021 692
4024 3019
4027 250
4027 3171
4032 244
4032 1598
4032 2592
4032 2630
4033 536
4034 1585
4034 2170
4038 692
4040 524
4042 444
4043 1814
4044 2335
4044 2450
4044 2792
4044 3315
4044 3402
4046 358
4046 650
4046 762
4047 639
4048 2605
4051 1778
4054 1602
4054 2231
4056 1849
4058 168
4058 1690
4060 894
4062 4038
4064 4075
4066 215
4066 647
4066 1404
4066 1626
4067 483
4068 1434
4073 212
4073 3095
4073 3276
4077 3717
4080 3824
4082 2199
4084 1181
4084 3825
4085 255
4085 2070
4086 963
4086 2055
4087 1846
4089 2132
4090 1843
4090 3472
4091 3033
4091 3271
4091 3664
4091 3684
4091 4024
4092 308
4092 1404
4093 1792
4094 1550
4094 2305
4096 994
4097 1026
4097 3292
4098 3004
4098 3056
4100 2909
4101 2733
4101 3682
4101 3990
4102 1062
4103 1740
4104 615
4105 541
4105 3783
4106 1073
4109 3624
4110 1364
4110 1781
4111 1335
4111 3627
4112 4185
4113 1881
4113 2923
4115 4205
4116 417
4116 1656
4117 4095
4118 2085
4119 814
4119 3873
4121 1149
4121 1371
4121 1410
4122 3617
4124 827
4127 3001
4130 2003
4130 2279
4130 2831
4131 71
4131 548
4131 2585
4132 45
4132 49
4132 1766
4132 2066
4133 1692
4133 3135
4134 805
4135 3530
4138 1705
4139 1991
4139 2170
4140 634
4140 1451
4141 845
4142 1865
4143 2849
4143 4129
4145 1715
4145 1922
4145 1984
4145 2162
4146 3755
4147 2552
4147 4147
4148 903
4149 2612
4149 3923
4150 2162
4150 4089
4152 372
4153 3997
4154 3526
4155 753
4155 1108
4155 2607
4156 899
4157 2383
4158 2523
4158 2759
4158 3046
4159 688
4159 2966
4159 3634
4160 2748
4162 771
4162 1634
4162 1741
4163 483
4163 2869
4163 4246
4165 219
4168 99
4169 222
4169 1969
4170 1071
4170 2138
4170 2953
4171 4024
4174 3159
4175 1189
4175 2836
4176 331
4178 87
4179 2599
4180 1258
4181 2335
4181 2575
4182 1304
4182 2408
4182 3804
4183 163
4184 2822
4184 3589
4184 4213
4185 172
4185 3585
4188 184
4188 1638
4188 2677
4189 3290
4191 1938
4191 3039
4191 3165
4191 3401
4192 875
4194 2239
4194 3473
4194 3582
4195 3696
4195 4015
4196 1500
4197 723
4197 1101
4197 3949
4201 1584
4201 2103
4202 989
4202 3402
4203 1754
4207 1101
4209 4010
4210 3728
4211 782
4212 3451
4215 757
4215 1490
4215 4215
4216 2870
4216 2968
4216 3277
4216 4041
4218 3560
4221 1966
4222 1337
4224 228
4225 817
4225 1829
4225 3963
4227 298
4227 4129
4228 2466
4229 93
4229 3902
4231 723
4231 1273
4231 1318
4232 1339
4232 2530
4234 952
4234 2571
4235 380
4237 717
4237 3340
4238 873
4238 1591
4238 2780
4238 4115
4239 3475
4240 2269
4241 810
4241 3505
4242 2396
4242 3905
4242 4179
4243 1522
4244 1753
4245 3954
4246 1893
4246 2525
4247 1686
4249 2255
4249 3781
4250 778
4250 2348
4250 3857
4251 943
4252 518
4252 2302
4255 3830
4256 846
4256 2416
4258 3507
4261 3003
4261 3026
4262 3645
4263 202
4263 4165
4265 420
4265 1083
4268 2498
4271 1141
4272 830
4274 675
4274 2199
4276 662
4277 1886
4277 2132
4277 2718
4279 2294
4280 4174
4282 3017
4282 4159
4283 466
4283 511
4285 409
4286 3528
4288 1527
4288 2836
4289 1018
4289 2817
4290 2805
4292 2634
4293 2547
4293 2556
4296 941
4298 3566
4299 2583
4300 2974
4301 324
4301 2147
4301 2468
4303 249
4303 3599
4305 4130
4307 1002
4309 3735
4313 952
4313 3679
4314 2941
4315 2573
4316 2509
4319 1440
4320 2606
4321 3207
4321 3598
4325 1137
4328 1524
4328 2880
4328 3964
4329 986
4329 1640
4329 1868
4333 2816
4334 3882
4336 1084
4336 2354
4336 3174
4336 3521
4339 966
4340 2910
4340 2980
4341 3900
4343 794
4344 1884
4346 3749
4347 1484
4347 4249
4348 3653
4350 2618
4350 2641
4351 3463
4352 2848
4353 237
4353 2890
4354 3447
4355 1579
4357 2708
4358 1327
4359 426
4359 3698
4360 3422
4360 4027
4361 1860
4361 2190
4361 4058
4362 821
4362 1982
4363 166
4364 247
4364 351
4364 3589
4365 236
4365 2674
4366 4092
4371 1394
4371 1462
4371 3242
4372 1403
4372 2460
4373 2705
4375 23
4377 3823
4378 3399

