4556 7276 2227
1 1
3 4030
6 5608
8 1208
8 4491
10 7231
13 2536
13 4689
16 1109
18 4421
20 6124
25 7128
29 400
30 7261
31 6399
31 7031
37 5043
39 888
39 5604
41 6136
41 6387
43 4638
48 3938
50 2657
51 4041
52 4926
54 3583
54 5594
55 3362
57 5538
57 6826
59 1510
60 1890
60 6034
62 3375
66 2284
66 5995
74 4442
78 2743
78 6091
83 3380
84 2140
84 6981
85 2070
89 1061
90 1905
90 2373
90 5527
90 6153
91 5174
91 7246
96 623
96 2620
97 3805
99 7274
100 2681
100 4916
102 887
103 5281
103 7218
104 702
106 6619
107 908
107 6735
107 7236
112 6530
114 3960
115 1450
116 1122
120 5564
120 6668
121 3681
121 6377
122 1713
122 3752
122 5622
126 5170
126 6361
127 4200
133 2546
137 3635
140 5720
141 5343
146 390
146 6810
149 6760
149 7272
150 2003
150 6130
152 2920
153 975
154 6823
156 240
157 6506
164 5345
165 6549
166 3348
166 6964
166 7174
175 6329
175 6348
176 1623
176 2149
179 7097
183 3045
185 325
185 4835
187 4412
187 6293
187 6609
190 683
190 3440
198 2931
201 2214
201 6874
203 2105
205 1990
205 2869
207 2392
207 4499
209 799
212 588
213 1498
213 4794
214 6806
219 2041
221 2603
223 3002
224 699
228 7228
230 6995
232 2541
232 4680
237 1882
237 2131
237 5961
238 6271
239 4856
241 4594
242 2659
242 2801
242 5250
244 5218
244 5596
245 3625
246 673
246 3718
249 679
251 5185
254 55
256 6208
258 6582
259 1639
262 4591
263 2002
264 1391
264 4680
264 5723
266 3475
270 6720
276 6258
278 2684
280 168
280 4756
281 6739
281 7123
283 804
287 3956
290 6727
291 3300
295 44
295 2683
295 5043
296 4250
299 2971
302 1281
302 4912
305 5283
305 6460
307 4701
309 1761
314 5352
316 518
316 1846
318 121
322 244
323 3415
324 924
325 6509
327 658
328 4521
329 3639
331 3891
332 418
332 1400
339 7101
340 5134
341 5035
341 6563
344 4179
347 1851
347 2109
349 5726
351 2239
353 2061
355 2193
355 6809
361 1813
361 7012
362 4058
364 6934
371 3070
372 6264
373 2526
380 72
382 786
383 1305
388 7158
391 2462
391 5729
397 1334
397 4859
398 6024
399 4314
400 1
408 2692
410 6135
410 6507
416 5117
418 16
418 3015
431 550
431 3803
432 4795
433 1569
433 4262
435 202
435 1514
436 6960
437 440
437 4092
437 4671
438 6754
438 7050
439 6222
440 6575
441 6687
442 6117
445 1117
446 2387
452 5092
453 2116
453 7221
454 76
454 6617
458 2023
459 2462
459 5934
460 2269
463 5515
463 7022
468 2004
468 7210
471 195
478 752
478 5903
480 1382
482 7024
484 3992
488 5940
489 2919
492 2000
492 4425
496 3886
498 6929
499 1092
499 6151
503 3450
504 4696
506 1508
506 2962
506 4265
510 1546
512 1977
513 3963
515 3290
515 3294
519 265
520 4570
523 6177
524 338
524 3896
533 5553
533 6668
534 2849
536 6150
538 1468
542 4294
554 1657
555 4601
556 99
556 6338
559 137
561 4656
564 3849
565 6807
571 4694
573 1027
574 1485
575 2122
577 2880
577 6237
577 6839
582 4443
585 1416
585 4299
590 5552
595 6971
599 6020
600 431
600 5114
602 5785
604 5733
608 5680
610 548
611 4944
612 4962
618 6730
620 1115
624 6744
626 78
626 3583
626 7140
628 7092
633 87
635 736
636 4023
641 824
641 5236
643 680
643 839
646 438
646 567
646 5558
648 2524
649 7217
652 1356
652 2426
653 4184
653 5580
654 7022
657 303
657 4123
659 2319
662 2631
663 5662
663 6639
666 6988
667 2138
667 3002
674 403
676 800
677 201
678 1416
678 5910
681 2688
685 4699
697 4441
698 7228
702 5653
705 2486
706 4862
708 785
710 3902
711 119
712 3634
712 6743
718 2961
718 4028
718 5967
721 2046
721 3512
722 4951
723 2462
724 5497
726 2980
729 6806
731 2687
733 4711
733 5859
738 3309
738 4525
739 4535
743 276
745 6498
746 7169
747 5222
757 29
758 7094
759 5971
761 2329
762 4235
765 2113
765 3851
768 4098
769 1081
770 6654
771 4230
773 2522
773 4882
775 4661
776 4211
780 2867
781 5944
782 536
787 3488
789 2327
789 6368
793 884
793 1149
793 2438
793 5887
796 722
798 2473
800 2177
800 4211
802 214
803 7249
805 2959
807 403
811 1288
812 5217
814 1435
814 2113
814 5299
818 6868
819 161
821 5637
822 4077
824 5591
825 4360
831 1315
833 1494
833 4272
833 5302
835 6597
837 4579
838 695
839 744
840 3207
844 5132
847 6352
847 7185
848 2475
850 4390
851 3222
852 2317
854 2751
854 5364
855 2983
856 5112
856 6192
857 4646
857 5014
860 4988
861 933
862 897
869 6429
878 7223
884 3205
885 142
886 1149
886 1364
886 7078
888 1269
888 6602
889 3695
890 6003
892 3955
892 4621
896 6561
898 2153
899 3275
902 5134
902 6494
903 5712
913 1678
915 2039
918 905
920 4900
921 1318
921 6049
925 2901
929 2277
931 5988
936 766
936 4947
939 118
939 2861
941 1471
941 4057
942 2028
946 5105
950 1032
950 1501
951 3147
953 4121
953 4257
956 5864
963 1064
965 1694
966 4674
966 4908
967 1108
969 3232
971 1269
971 1336
976 2740
977 382
981 4227
985 1498
986 6329
995 396
996 5602
996 5760
1000 7083
1005 5378
1007 4450
1008 3523
1009 3436
1010 3241
1014 646
1015 7151
1018 1037
1022 1435
1023 62
1026 6349
1027 2930
1028 5008
1031 627
1033 4926
1035 5603
1041 6924
1043 6935
1044 6426
1045 2477
1047 12
1048 4459
1048 6769
1049 2030
1049 6723
1055 2738
1056 7060
1058 5757
1059 2592
1060 4396
1061 1344
1062 6960
1066 3363
1066 3615
1067 7090
1068 206
1068 1243
1071 6736
1073 3958
1074 1809
1079 4838
1082 4845
1084 6110
1085 6096
1086 6360
1090 1834
1094 2360
1095 6142
1096 4421
1098 971
1099 672
1100 6750
1101 6502
1105 2091
1105 7009
1112 5600
1113 2810
1113 7263
1115 397
1115 3255
1119 6188
1123 7236
1125 7262
1126 1287
1127 7253
1128 5614
1131 249
1132 3534
1147 164
1150 72
1150 494
1154 6444
1157 2597
1157 3967
1159 1484
1161 3064
1162 1525
1163 1562
1163 4702
1165 381
1166 690
1169 2268
1170 5958
1171 3122
1172 4356
1172 7094
1177 5054
1178 1114
1183 795
1184 3053
1185 2369
1186 6498
1188 4309
1191 2467
1193 1778
1197 3431
1201 2638
1202 1274
1208 6992
1211 2597
1212 1126
1212 6090
1213 3369
1214 5026
1215 5574
1217 941
1221 6559
1224 6975
1225 3016
1233 7183
1239 5111
1239 5608
1240 289
1241 3450
1242 5500
1244 7120
1245 4034
1246 3490
1246 5086
1246 5834
1251 6306
1253 1067
1253 3154
1253 3863
1255 2305
1256 1066
1261 3225
1262 4651
1268 93
1268 1540
1276 4052
1277 4074
1278 2635
1281 7216
1285 6441
1286 1493
1289 7112
1291 3321
1291 4422
1298 3495
1299 2867
1299 4543
1302 3327
1308 3217
1314 1974
1314 2232
1315 2853
1315 6143
1321 3112
1321 6773
1327 4228
1327 5137
1329 1082
1330 3944
1335 5882
1337 6266
1340 2936
1343 5598
1345 5102
1346 4083
1346 6919
1357 6317
1359 5895
1360 322
1365 6773
1369 5888
1370 6254
1372 269
1372 5771
1373 933
1374 4854
1376 5356
1377 3175
1384 7192
1386 2840
1388 444
1388 3073
1391 1009
1393 5713
1397 7106
1399 3673
1400 1277
1401 6441
1404 2815
1405 2596
1406 2223
1408 5144
1411 379
1417 7105
1422 7177
1424 1072
1425 6643
1426 1067
1428 752
1432 2342
1434 2338
1434 2535
1436 2513
1438 3490
1440 3915
1441 3188
1447 6056
1449 2831
1456 967
1457 2737
1457 6186
1458 5920
1458 6306
1461 4771
1462 5830
1463 5883
1465 3945
1469 914
1469 1440
1470 5081
1473 870
1473 1247
1476 3663
1480 463
1481 3481
1481 6357
1483 3984
1484 2008
1484 3178
1484 3742
1487 6439
1488 6374
1491 3870
1491 4345
1491 7146
1497 4303
1497 4389
1499 2756
1499 6042
1502 4806
1504 4903
1509 1125
1512 2057
1515 5986
1516 6715
1517 3826
1518 2493
1519 2801
1521 6016
1522 2856
1525 5341
1526 700
1527 4709
1530 1414
1533 5676
1534 7020
1536 1891
1538 4108
1543 4094
1546 6103
1547 2819
1548 3043
1548 4012
1553 2577
1556 5212
1557 1166
1557 2439
1561 2944
1561 3242
1562 1922
1566 2139
1566 3658
1569 5576
1575 6388
1579 5394
1580 2371
1580 3336
1580 5858
1583 6528
1591 366
1591 5700
1593 7153
1597 4123
1601 1395
1602 2399
1603 3824
1604 5988
1606 1040
1611 555
1618 2728
1622 2628
1624 3499
1625 80
1625 1949
1626 6238
1628 1044
1628 4156
1631 1551
1632 6309
1636 6797
1637 2049
1638 2663
1639 2081
1640 4179
1644 2066
1646 1345
1647 2216
1649 739
1654 2398
1655 4209
1655 5337
1656 2523
1659 3379
1660 1249
1661 1839
1661 2293
1661 3343
1662 6484
1663 599
1666 318
1668 162
1669 1135
1670 6652
1672 1060
1672 5915
1677 3076
1686 607
1686 6389
1688 2904
1692 5923
1694 6876
1696 349
1699 5101
1700 2959
1704 4234
1708 2443
1708 3404
1709 3323
1711 4194
1719 3097
1720 2292
1720 4669
1721 1510
1725 6622
1727 465
1735 6421
1737 5286
1745 1251
1750 2752
1756 6756
1759 3190
1764 200
1764 3320
1766 6534
1767 2365
1767 5464
1769 557
1771 2942
1772 5887
1773 2241
1774 4375
1776 197
1779 5018
1780 3310
1783 3762
1784 6743
1786 118
1789 4607
1790 9
1793 601
1794 2596
1794 2714
1794 3664
1797 6905
1801 3931
1802 1942
1806 1105
1806 3356
1807 5920
1809 1599
1812 568
1812 5100
1817 4681
1818 2617
1823 797
1823 1067
1835 4089
1836 5123
1838 1295
1838 1357
1841 3401
1845 6760
1850 5939
1852 4306
1853 3833
1854 2173
1859 5886
1864 1247
1864 2816
1866 4394
1867 2785
1867 2993
1868 5692
1869 2677
1872 482
1872 1096
1875 161
1877 3482
1878 4333
1881 6535
1882 2012
1883 2846
1888 1333
1889 452
1890 315
1893 4402
1894 6584
1896 4322
1896 4861
1897 3452
1899 3791
1905 4254
1906 2977
1909 4274
1909 6293
1910 6731
1911 5211
1912 2474
1915 1640
1918 4092
1919 6071
1920 2267
1921 6676
1928 5711
1936 6435
1937 1577
1938 5070
1942 5613
1942 6057
1944 2736
1945 1782
1948 3899
1949 155
1949 3608
1950 3285
1950 4164
1952 980
1952 5042
1953 3565
1953 3928
1954 1632
1954 2303
1955 5509
1966 5093
1969 3141
1970 6459
1971 554
1974 7247
1977 758
1980 5335
1983 5558
1985 4091
1986 6752
1987 6393
1988 5918
1991 2979
1993 2865
1994 5563
1997 5766
1999 5133
2004 5810
2004 6821
2005 843
2005 3165
2005 5149
2006 202
2010 4321
2010 6856
2015 4154
2016 6449
2017 2601
2017 4755
2019 6755
2024 6054
2031 3078
2033 6921
2034 1007
2035 5382
2037 1282
2038 818
2039 4312
2041 1755
2042 853
2043 2302
2046 3628
2049 6005
2050 4660
2052 2279
2057 951
2057 2284
2061 159
2063 4847
2066 2160
2068 1628
2069 4409
2070 1549
2071 1736
2072 5126
2083 2063
2084 1388
2085 2550
2088 5524
2091 7060
2095 1344
2096 2976
2098 3094
2103 18
2105 5698
2105 6990
2106 1602
2109 5322
2111 1537
2111 3452
2117 5968
2121 1365
2127 7187
2131 2914
2134 126
2134 1579
2136 6735
2137 1686
2137 1889
2138 1893
2139 3671
2141 1288
2141 6335
2143 3683
2144 847
2147 1483
2147 2747
2147 7013
2149 1231
2149 4171
2149 6331
2150 6342
2158 348
2160 633
2161 1463
2161 6892
2162 814
2165 2013
2167 6462
2171 6442
2172 6784
2173 2223
2176 5516
2177 474
2180 250
2180 1300
2186 1270
2186 3915
2189 693
2189 6614
2190 2009
2190 2157
2194 4219
2197 2402
2198 2946
2198 3962
2198 5973
2200 4929
2200 7274
2201 4257
2202 4446
2205 668
2205 4435
2206 1288
2208 1640
2208 5459
2208 5643
2213 4192
2213 5022
2214 4071
2215 5224
2222 1703
2224 1028
2226 7102
2229 1383
2231 106
2232 4312
2232 5371
2235 1576
2235 2723
2237 5727
2242 6857
2251 4829
2260 3987
2261 3517
2262 753
2264 5555
2275 1081
2275 4227
2278 4589
2279 1988
2281 6284
2283 2074
2285 1166
2287 4885
2288 161
2290 6618
2292 3375
2293 5723
2294 2873
2298 10
2300 6830
2301 4597
2306 4643
2308 5615
2310 1754
2311 6536
2319 5348
2324 979
2325 5430
2329 1105
2332 5949
2333 7133
2334 4853
2340 2288
2340 2809
2352 5547
2352 5737
2359 338
2360 2491
2361 3669
2366 407
2367 1061
2367 2388
2368 941
2370 773
2370 6996
2372 3259
2372 5838
2372 6729
2379 3060
2383 1519
2384 4109
2385 2449
2386 3631
2388 4789
2392 827
2392 4204
2392 6306
2393 3836
2394 2201
2399 1741
2399 7062
2403 1637
2403 4666
2408 1568
2409 3350
2409 4845
2410 2186
2410 3037
2410 6515
2414 1372
2417 5693
2417 5781
2420 6282
2422 5965
2425 72
2426 5632
2431 6952
2434 3485
2435 1454
2436 6368
2437 3817
2439 541
2439 667
2441 176
2459 4247
2460 7144
2465 1637
2466 4828
2472 6076
2475 3550
2478 2650
2480 4382
2481 232
2483 3204
2487 5198
2487 6298
2487 6641
2489 658
2490 6557
2491 5548
2500 687
2502 6335
2504 1151
2505 976
2506 611
2510 1973
2514 6525
2522 4014
2522 7171
2524 5338
2526 5457
2526 6495
2528 1455
2528 4698
2534 709
2534 4848
2536 1186
2536 3311
2537 520
2541 100
2545 3779
2550 2398
2551 3097
2552 185
2552 4416
2553 5358
2553 6987
2555 3016
2557 3483
2558 3720
2559 3704
2562 4725
2562 5468
2564 2543
2566 3916
2568 1456
2569 3316
2576 817
2579 4906
2582 744
2582 1201
2582 4203
2583 3447
2586 1301
2587 1959
2589 4164
2591 97
2591 1059
2593 7127
2596 1525
2596 5096
2601 2992
2601 4528
2605 4826
2605 5723
2606 4621
2606 6837
2607 6858
2610 2008
2611 1434
2613 3205
2627 1286
2627 6646
2628 3178
2629 142
2629 4432
2633 417
2638 3834
2639 4819
2641 7077
2644 342
2645 1408
2646 4908
2647 2248
2651 4675
2651 4728
2652 7146
2656 2784
2658 4497
2661 4463
2663 1091
2663 6665
2664 6470
2667 698
2667 6292
2675 663
2677 4056
2678 53
2679 1894
2679 4283
2680 6008
2681 5621
2685 3272
2686 1826
2689 3328
2689 5120
2690 1133
2693 5184
2700 4308
2702 2052
2704 4529
2706 2379
2708 220
2709 4022
2709 5367
2714 4153
2716 6317
2723 3766
2726 4047
2727 6846
2742 247
2742 1476
2742 5437
2743 3481
2746 81
2746 1662
2749 5708
2750 6623
2751 1925
2755 4817
2761 4241
2763 2064
2768 6308
2769 3254
2770 452
2770 3614
2772 1821
2772 5315
2772 5982
2773 5390
2776 138
2780 3705
2780 4746
2781 6418
2784 1255
2784 3700
2784 5915
2786 1668
2789 6088
2790 445
2792 2306
2792 6739
2793 4239
2798 1454
2799 2321
2801 2387
2801 3514
2811 4632
2812 2304
2812 4387
2819 1882
2823 2925
2824 1781
2826 2743
2827 6237
2830 4677
2832 1817
2833 3004
2835 3953
2838 517
2841 3295
2843 5852
2844 2235
2853 1805
2854 5533
2855 3881
2856 5156
2857 1356
2857 6676
2859 117
2860 5512
2861 5031
2861 6895
2870 330
2874 5383
2877 3773
2878 3850
2885 2519
2886 2462
2891 6665
2894 4761
2895 1304
2898 573
2898 1503
2901 1821
2905 2078
2905 5297
2908 2960
2909 1313
2909 5361
2910 5849
2915 813
2920 4470
2922 2029
2924 3601
2929 3557
2934 29
2937 5564
2937 6843
2940 4242
2947 1046
2949 2360
2951 823
2953 4480
2955 3820
2957 4207
2959 3502
2961 2334
2961 5806
2962 2956
2965 5129
2969 2868
2971 4733
2971 4956
2972 61
2974 1876
2974 2828
2978 4258
2980 5979
2981 3509
2986 4319
2988 490
2989 2556
2990 2653
2990 4724
2992 3104
2996 6599
2997 5962
2999 896
3000 3988
3004 1778
3006 1491
3008 6681
3009 1359
3010 5542
3016 2195
3019 2343
3020 6430
3021 5210
3022 4604
3023 3619
3025 1552
3025 4541
3026 4029
3029 557
3036 1122
3039 5381
3043 902
3044 7075
3048 5517
3051 881
3053 221
3054 466
3054 6440
3055 3360
3055 3752
3057 5004
3059 5278
3060 6083
3063 606
3072 3146
3075 1316
3075 5300
3076 1730
3076 2530
3077 1085
3077 3111
3079 5586
3080 2492
3082 2127
3089 14
3090 6373
3093 3491
3093 7000
3094 4299
3101 1259
3101 4351
3102 4800
3103 6628
3103 6850
3104 4302
3106 554
3107 1840
3109 7120
3112 1701
3113 3473
3113 5188
3118 2485
3118 3327
3121 3295
3122 2595
3122 2712
3122 6101
3123 2550
3124 880
3126 981
3126 4170
3130 5381
3132 1993
3139 2298
3141 4840
3142 4939
3146 3643
3147 767
3152 27
3152 7020
3154 3
3158 3578
3158 7091
3161 2877
3161 2978
3166 291
3167 2111
3168 1619
3169 3425
3170 284
3172 2195
3173 2484
3174 289
3174 6888
3176 2970
3181 2452
3183 4277
3186 928
3187 3981
3192 1913
3194 50
3196 6032
3197 404
3197 3109
3201 6064
3201 6541
3201 7139
3205 3979
3207 711
3207 6134
3208 4802
3209 4863
3216 3589
3216 6930
3217 7096
3217 7198
3219 5276
3220 2847
3225 600
3225 5860
3231 2242
3231 6159
3243 1267
3247 2643
3251 2841
3251 5885
3252 4262
3255 2293
3256 2813
3257 601
3263 769
3264 1314
3268 1693
3272 2752
3273 405
3273 5899
3276 4591
3277 1671
3282 6817
3287 1661
3289 4583
3290 1847
3291 669
3293 1119
3293 5664
3294 2834
3294 4395
3295 2519
3295 3249
3298 5495
3300 4051
3301 2
3303 791
3303 3343
3303 4075
3306 799
3306 6223
3307 1267
3310 670
3312 1211
3314 233
3317 2712
3319 1323
3319 1656
3321 4573
3328 6020
3331 1316
3334 2550
3336 2847
3340 578
3343 3132
3343 5508
3348 4203
3349 2257
3349 5360
3355 3851
3356 369
3357 5814
3359 6259
3360 5348
3361 4938
3363 4457
3364 3463
3364 5190
3365 6442
3367 1610
3367 4898
3369 3260
3369 6196
3370 5043
3370 6513
3372 2946
3374 6017
3378 653
3380 544
3381 3602
3385 7169
3393 356
3394 6335
3397 96
3400 2348
3400 4655
3405 4244
3407 6735
3407 7241
3411 1402
3413 5298
3416 1928
3421 5571
3422 3938
3424 1678
3424 5100
3427 3653
3429 1837
3430 1971
3430 4760
3430 6108
3430 6384
3431 4005
3432 4453
3437 3146
3437 5870
3444 4752
3447 414
3447 2377
3450 5524
3452 3125
3457 1836
3460 5240
3461 1199
3461 3270
3463 3145
3465 5234
3469 5066
3470 3553
3470 5579
3471 2338
3471 3419
3473 5470
3475 2395
3476 1262
3488 6024
3491 6126
3499 6104
3506 2936
3512 4223
3512 6160
3519 6924
3521 6123
3525 4701
3527 1940
3528 4980
3528 5127
3529 41
3529 943
3530 6199
3535 1602
3535 3486
3538 7065
3544 3926
3550 744
3550 1382
3550 6718
3552 820
3557 2325
3558 3572
3561 3202
3563 1813
3563 4840
3566 4393
3567 463
3567 3045
3568 1922
3571 2701
3572 3209
3573 3749
3574 2511
3576 2240
3577 5978
3578 2622
3581 1350
3583 2411
3584 468
3584 1525
3589 2699
3592 1297
3598 2025
3598 3523
3604 759
3605 1675
3612 7086
3614 2196
3615 6161
3619 1985
3620 1562
3625 1667
3625 3368
3625 4423
3626 3420
3626 4829
3627 498
3627 5434
3632 1534
3637 5564
3638 6574
3645 422
3645 1537
3645 6940
3646 2074
3648 6051
3648 6642
3651 3202
3654 3081
3657 1575
3657 3440
3661 446
3661 6800
3664 3575
3665 6968
3666 3925
3667 3972
3668 6168
3671 6401
3677 326
3678 885
3681 7037
3683 6232
3686 3370
3687 1191
3691 396
3691 1142
3693 2421
3694 193
3697 627
3701 5
3702 4365
3703 3878
3705 864
3706 5863
3707 5061
3709 2311
3714 1609
3714 4238
3715 844
3717 480
3719 3824
3722 4898
3725 5401
3729 4673
3730 228
3730 7020
3731 61
3738 2541
3740 4420
3746 6826
3749 1826
3752 996
3753 491
3755 4842
3756 5993
3759 6336
3764 470
3766 6431
3770 848
3770 2027
3770 6332
3771 2795
3773 1511
3774 2563
3775 955
3775 1811
3776 6020
3776 6506
3777 602
3778 5775
3778 5885
3780 4090
3783 947
3789 223
3790 1487
3792 7164
3793 644
3794 7071
3798 3383
3801 5361
3803 1015
3803 1144
3804 3577
3806 6184
3807 4912
3808 2929
3810 191
3810 3545
3811 1801
3812 1106
3814 1892
3816 4042
3818 2247
3820 343
3820 2586
3822 5138
3828 2717
3828 3399
3830 6091
3831 5387
3838 6004
3842 572
3843 3943
3844 311
3845 887
3845 5498
3846 1884
3847 334
3848 919
3857 2625
3859 2958
3863 5393
3864 5924
3870 5488
3874 5598
3876 4672
3876 5287
3877 4249
3878 3564
3878 7268
3879 7178
3885 4156
3888 259
3888 1873
3890 4997
3891 2441
3891 4844
3892 1488
3895 4571
3896 128
3896 6057
3897 7008
3904 861
3907 1715
3907 6368
3909 1705
3910 261
3913 2959
3915 1893
3915 5255
3917 3273
3922 6015
3924 4441
3926 2134
3931 4383
3931 5955
3932 3546
3933 739
3935 2398
3936 6800
3937 2930
3939 5829
3941 1431
3945 3918
3948 926
3948 7073
3950 1279
3951 6043
3960 370
3960 5652
3962 5058
3963 3886
3963 5395
3964 617
3964 1396
3969 4222
3970 2723
3970 6393
3978 5183
3979 5041
3981 5861
3982 3292
3985 1847
3985 3556
3988 4653
3988 6961
3990 2112
3993 4549
3996 5349
3996 5633
4000 3120
4001 6863
4002 3031
4007 5852
4008 6268
4015 1314
4016 4949
4018 714
4018 1717
4021 829
4021 1790
4024 6213
4028 363
4028 1765
4028 2759
4028 3525
4029 5519
4031 175
4031 5997
4032 1217
4035 1260
4041 4427
4043 476
4043 6991
4046 7020
4047 2418
4049 3895
4052 3909
4052 4310
4053 1973
4055 2755
4056 2451
4059 6484
4064 2446
4065 3753
4068 974
4068 7234
4069 2318
4069 5827
4071 2610
4073 1569
4076 5245
4078 1019
4081 4171
4083 1296
4083 6053
4085 4364
4086 1789
4087 6311
4089 6023
4094 3357
4097 5700
4104 1725
4104 3067
4105 1464
4105 2868
4105 4277
4107 3055
4110 2052
4113 4076
4115 3857
4118 6275
4120 4357
4123 4156
4124 922
4124 2618
4126 3787
4128 5326
4133 2181
4142 3410
4142 5903
4143 1108
4144 6108
4145 175
4146 2310
4147 6610
4148 5634
4152 3446
4155 6819
4161 3341
4162 5549
4162 5676
4165 426
4165 5088
4167 5052
4169 6258
4171 3666
4172 433
4173 5532
4177 5374
4186 5630
4187 2600
4187 3652
4187 6724
4189 2261
4189 4034
4189 5271
4189 7019
4190 2592
4190 4906
4192 6086
4192 6102
4192 6937
4196 5969
4197 3582
4199 4225
4203 314
4204 2054
4206 5153
4207 3113
4210 3900
4212 816
4214 6874
4215 10
4216 2590
4219 4932
4223 5091
4226 1736
4227 3718
4229 1837
4229 4490
4230 2200
4231 937
4233 5397
4234 693
4236 7098
4239 1723
4240 7158
4242 5030
4244 2122
4244 2829
4244 6658
4246 5413
4248 319
4248 1160
4248 5415
4251 1068
4251 6067
4251 6543
4253 2417
4255 2147
4255 3289
4255 6335
4258 1928
4258 5241
4264 1549
4265 5757
4266 3932
4266 6049
4269 1725
4271 3784
4274 3029
4279 1047
4279 3876
4280 701
4280 4934
4281 3272
4283 2390
4284 1450
4285 2218
4286 6042
4286 6185
4288 148
4289 6197
4289 7029
4292 1823
4292 4098
4297 2487
4298 3848
4304 5943
4306 2386
4306 6798
4310 1319
4310 7008
4312 2942
4317 4606
4320 4247
4325 3289
4326 5003
4328 676
4331 1522
4341 2137
4344 1818
4344 5631
4345 1975
4345 4607
4347 6818
4348 562
4349 6002
4350 6317
4352 279
4352 1872
4353 2378
4353 6914
4356 6606
4358 5232
4359 6621
4364 1487
4365 5582
4367 493
4368 3240
4368 7040
4371 2919
4372 6632
4373 1908
4374 549
4376 3928
4382 3055
4385 3581
4394 491
4397 771
4398 3955
4398 4257
4400 2350
4402 4879
4404 5709
4405 5519
4407 4643
4408 261
4409 5163
4410 3142
4410 3626
4410 3669
4410 4351
4410 5487
4411 4531
4414 3931
4417 5198
4420 3494
4421 304
4421 7186
4423 351
4425 344
4429 5168
4432 5399
4432 6308
4433 6936
4434 6356
4436 3628
4437 7186
4441 1421
4447 5716
4448 3977
4449 840
4450 1117
4452 510
4452 1545
4460 6838
4461 6946
4464 2563
4465 2781
4465 5412
4465 6645
4465 7097
4476 4623
4477 1077
4477 1370
4478 1820
4479 160
4479 5176
4480 5917
4480 6599
4483 963
4483 1319
4486 2160
4487 4362
4487 5426
4487 5856
4490 6772
4493 378
4499 5800
4502 1177
4502 5896
4503 4077
4503 6447
4505 1942
4505 5323
4507 3806
4509 5437
4511 4871
4512 5350
4514 1222
4516 5052
4517 7190
4519 2936
4528 5215
4529 5169
4530 4619
4531 2515
4532 316
4534 4935
4535 5272
4541 2749
4544 6285
4545 489
4545 5256
4547 2239
4548 350
4548 4381
4550 5892

