875 5750 2483
1 1
1 5022
3 4814
4 1258
4 3977
4 3981
4 5397
4 5611
5 421
5 2912
5 3770
5 3840
5 5442
5 5474
6 4052
7 2154
7 3058
7 3958
9 3265
9 5500
10 1965
10 5499
11 1436
11 1665
11 3723
12 2627
12 3459
13 2297
13 3269
13 3555
14 113
14 931
14 2739
14 3736
15 5563
16 1489
16 1889
16 3937
17 991
17 1409
17 1972
17 2559
17 4113
18 3337
18 3439
19 551
19 1975
19 4862
19 5149
20 2938
20 5145
21 5286
21 5667
21 5742
22 2408
22 4167
22 4898
23 750
23 2416
23 3862
24 1557
24 1655
24 2099
24 3187
24 5293
24 5640
25 140
25 3964
25 4383
25 5381
26 790
26 1756
26 2340
26 5087
26 5226
27 3471
27 4221
27 4605
27 5299
28 1644
29 5457
30 72
31 2046
31 2057
32 1696
32 2346
32 3747
33 3449
33 5494
34 1687
34 2266
34 3837
35 1368
35 4804
36 1429
36 2283
36 3122
36 4125
37 345
37 1681
37 2067
37 2775
38 2657
38 3343
38 5134
39 1
39 3322
39 5283
40 144
40 1273
40 2440
40 3380
41 3176
41 4088
41 5535
42 889
42 2164
42 2649
42 3417
43 13
43 151
43 849
43 1200
43 4299
43 5611
44 516
44 2956
45 1336
46 694
46 4859
46 5262
47 82
47 690
47 2351
48 3724
48 4646
48 4760
48 5646
49 515
49 1611
50 515
50 1656
50 2237
50 2601
51 2182
51 2625
51 3113
53 1037
53 1361
53 3468
54 3592
54 5157
55 158
55 2200
55 5685
56 1542
56 4252
56 4994
56 5548
57 5405
58 4311
58 5522
59 2802
59 3061
59 4727
60 1863
61 852
61 942
61 2520
61 5047
62 399
62 4800
63 628
63 3993
63 4494
64 3735
64 3815
65 5728
66 1384
66 1707
66 1925
67 4141
67 4934
68 1242
68 1811
68 2737
69 3299
69 4001
69 4234
69 5008
69 5467
70 1012
70 1678
70 4951
71 1276
71 2487
72 1825
72 4182
72 4500
73 1117
73 3472
73 3486
73 4963
74 185
74 4419
74 5132
75 2902
75 4038
76 749
76 1229
76 3504
77 1493
78 1707
78 1755
78 4839
79 2022
79 4261
79 4319
80 2314
80 5562
82 1419
83 3140
83 5437
84 491
84 2805
85 2677
85 4627
86 1089
86 1418
86 3968
88 3960
88 4938
89 1781
90 3139
91 1979
92 895
92 1892
92 5405
93 1179
93 5139
94 3809
94 5414
95 5177
95 5610
96 2040
96 3018
96 3580
97 5200
98 2600
98 3935
98 5045
98 5605
99 4039
99 5080
101 3323
102 295
102 1007
102 1279
102 1722
102 2386
102 5631
103 1266
103 1755
103 1957
103 3462
103 4409
104 3982
104 5283
105 2118
105 3810
106 804
107 3160
109 145
109 1935
109 4635
110 125
110 4253
110 4556
110 4725
110 5711
111 5528
112 3701
112 4566
113 45
113 2790
113 2937
114 2596
115 741
115 3948
115 4083
115 5661
116 222
116 5704
117 151
117 1401
117 2923
117 3182
117 4043
118 147
118 1263
118 3766
119 355
119 520
119 2778
119 3559
120 137
120 1460
120 2147
120 5068
121 427
121 1406
121 5098
122 1313
122 1462
122 1698
122 1705
122 2550
122 3012
122 4442
123 1603
123 3273
124 1429
124 2505
125 3674
125 4252
125 4357
125 4511
125 5266
125 5366
126 2572
128 3258
128 3278
129 62
129 3172
129 4296
130 1876
130 1879
130 4025
130 4697
131 1071
131 2913
131 5726
132 1370
132 1648
132 5325
133 111
133 2158
133 2185
133 5304
134 128
134 608
134 1907
134 2473
134 3178
134 3888
134 4177
134 5045
135 58
135 2195
135 2993
136 8
136 2226
136 3042
137 3442
138 43
138 4301
138 5146
139 2492
139 2504
139 3701
139 4168
139 4488
139 5100
139 5358
140 5160
141 1041
141 1966
141 4992
141 5340
141 5612
142 2066
143 806
143 2552
143 3014
143 5622
144 371
144 794
144 1290
144 2201
144 5427
145 3748
146 3560
146 3708
146 5728
147 2552
147 3151
148 1862
148 4818
149 613
150 4082
150 4873
150 5058
151 427
151 604
151 1625
151 3846
151 5534
152 612
152 1600
152 3200
152 4389
152 5378
153 942
153 1370
153 4863
153 5750
154 2143
154 2325
155 60
155 536
155 1885
155 5033
156 1770
156 2724
156 3962
157 2166
158 1846
159 613
159 1428
160 54
160 583
160 2850
161 3836
162 1661
162 3982
163 517
163 5346
164 454
164 4108
164 4646
164 5017
165 901
165 1396
165 1464
165 1934
165 2708
165 2762
165 5259
165 5704
166 2542
166 3173
167 1899
167 3724
167 4470
168 5028
169 416
169 2097
169 3206
169 3310
169 3621
169 5081
170 2765
170 3819
171 904
171 986
171 5117
171 5206
172 4275
172 4450
173 1616
173 2809
174 84
174 388
174 3912
176 1522
178 907
178 3706
178 4370
179 791
180 516
180 3045
180 4233
181 518
181 1026
181 1077
181 1899
181 2328
181 5035
183 306
183 1958
183 3354
184 507
184 2277
184 2293
184 3709
184 4130
184 4590
186 1421
186 3171
186 3754
186 4248
186 5522
187 637
187 779
187 4224
187 4830
188 1711
188 2878
188 5420
188 5458
189 300
189 1184
189 1308
189 2128
189 4106
190 1509
190 4928
191 2515
191 3052
191 3424
191 4229
191 5046
192 764
192 2868
192 3940
193 120
193 2708
193 3206
193 4552
193 4679
193 5486
194 311
194 950
194 5507
195 543
195 1477
195 2737
195 3517
195 4287
196 368
196 2808
196 3302
196 3400
197 5351
198 2850
199 3424
199 4678
199 4870
200 1138
200 1660
200 4355
201 2275
201 3329
201 3480
201 3490
201 3770
201 4122
202 2864
202 5197
203 3515
203 4701
204 148
205 2548
205 2905
206 5082
207 2144
207 4571
208 427
208 2104
208 2399
210 2131
210 2192
210 3330
210 3852
210 4520
211 1650
211 4318
211 4905
212 2328
212 3439
212 5155
213 1
213 2162
213 5318
214 3591
214 4000
214 4638
215 828
215 1600
215 3500
216 39
216 2387
217 1787
217 1906
217 2881
217 3681
218 1608
218 4740
219 2136
220 2082
220 2818
220 5455
221 1134
221 1188
221 2200
221 2240
221 2614
221 3135
221 4058
221 4125
221 4339
221 4868
221 5071
222 424
222 1502
223 637
223 1178
223 2672
223 3831
223 4499
223 5337
224 778
224 2163
224 5335
225 825
226 962
226 4230
227 928
227 1074
227 2266
227 2334
227 2908
227 2964
227 5545
228 746
228 1582
228 3470
228 3879
228 4645
228 4790
228 5285
229 601
229 1618
229 5458
229 5711
230 525
230 1157
230 2881
230 3095
230 4980
231 1111
231 2187
231 3615
231 3755
231 4613
231 5060
232 591
232 2334
232 2847
232 3147
233 111
233 652
233 4295
233 5717
234 3503
234 4854
234 5157
235 28
235 1865
235 2523
236 43
236 1745
236 3960
236 5629
237 2152
237 3396
237 4298
237 5718
238 113
238 1689
238 1814
239 1320
239 1696
239 2817
239 3087
239 3590
239 4279
240 416
240 4800
240 4946
240 5690
241 2595
241 3609
241 4199
241 4625
242 1302
243 999
243 2490
244 3429
244 4170
244 4488
244 4542
244 5499
245 2368
245 3909
245 5048
245 5481
246 1033
246 1863
247 512
247 2864
248 2303
249 1266
249 1477
249 5024
250 532
250 812
250 1578
250 5725
252 62
252 1747
252 3654
253 4552
253 4790
254 2349
254 3788
256 582
256 2675
256 3348
256 4577
256 5043
257 1081
257 1265
257 5410
258 289
258 813
258 2221
258 4040
258 4879
258 5419
259 122
259 626
259 1077
259 2986
260 3613
260 4171
260 4257
260 4775
260 5264
260 5510
260 5738
261 715
261 3213
261 5268
262 1664
262 1786
262 2747
262 4692
263 3612
264 4762
265 363
265 1407
265 1929
265 3338
265 5224
266 330
266 1627
266 1746
266 2848
266 2953
266 3041
266 3140
266 4061
267 3348
267 4319
267 4530
267 5180
268 784
268 4430
269 1335
269 2946
269 3202
269 5172
269 5721
270 4567
271 160
271 196
272 224
272 1963
272 5165
273 608
273 1387
273 2409
274 902
274 1918
274 3925
274 4776
274 4988
274 5310
275 150
275 1117
275 1538
275 4749
275 5379
275 5562
276 1066
276 3066
277 1183
279 3808
279 4134
279 4967
279 5100
280 487
280 1572
280 2352
280 4916
281 874
281 3683
281 3951
282 303
282 326
282 1161
282 1343
282 3509
282 3516
282 3644
282 4563
282 5045
283 1014
283 1407
283 3689
283 4228
283 4586
284 1855
284 2216
284 3506
285 675
285 2372
285 2424
285 2654
286 1582
286 2590
286 4314
286 4999
287 5376
288 3123
289 1463
289 2649
289 3231
291 1389
291 2371
291 3570
291 4051
291 4820
291 5001
292 1430
292 2061
292 2498
292 3685
293 3919
294 985
294 1585
294 1651
294 5409
295 849
295 4395
295 5682
296 327
296 1062
297 4888
298 1388
298 1936
298 4112
298 4555
298 5412
299 185
299 4443
300 1126
300 2097
302 920
302 5011
303 1906
303 2272
303 2473
303 4479
305 4969
306 2426
306 4177
307 1503
307 1766
307 3803
307 4896
307 5129
308 2059
308 2114
308 3449
308 5416
309 903
310 2361
310 2884
311 172
311 2738
312 21
312 297
312 2200
312 2497
312 5684
313 2898
313 5456
314 2311
314 4249
314 4810
314 5050
315 2395
316 2869
316 4064
317 2593
318 2754
319 2625
319 3285
319 3316
319 5081
319 5135
320 1349
320 2076
320 2250
321 3285
321 4331
321 4540
322 759
322 2740
322 4681
323 610
323 2811
324 874
324 1735
325 2302
325 5270
326 1911
326 5088
327 155
327 546
327 747
327 830
327 3478
327 4160
328 366
328 3849
328 5173
329 429
329 2487
329 2618
330 430
330 1482
330 2070
330 3534
330 3552
331 122
331 1254
331 2092
331 5264
332 27
332 1551
332 4137
332 4555
333 1794
334 748
334 816
334 2621
334 4535
335 742
335 885
335 3364
335 4461
335 4542
335 4950
336 1019
336 4778
337 1673
337 3487
337 3859
338 1043
338 1258
338 2155
338 2457
338 3994
339 544
339 1532
339 1906
339 3674
340 171
340 694
340 2115
341 242
341 650
341 2440
341 4747
342 455
342 463
342 632
342 5217
343 464
343 2293
344 388
344 601
345 313
345 1029
345 1523
345 5362
345 5373
346 3735
347 3447
347 3760
347 5704
349 448
349 1700
349 1839
349 2344
349 3602
349 4897
350 1228
350 2596
350 3009
350 5006
351 663
351 758
351 1045
351 1479
351 3320
351 3582
351 4479
351 4621
352 738
352 2043
352 4380
352 4704
352 5624
353 828
353 1612
353 2213
353 4735
354 3120
354 3941
354 4662
354 4840
354 4987
355 2632
356 123
356 2869
356 5730
358 25
358 2592
359 2065
359 3770
359 4374
359 5110
359 5441
361 3326
361 3410
361 5049
361 5515
361 5731
362 1107
362 1425
362 5367
363 2523
363 5573
364 2512
364 2878
364 5145
365 1110
365 1442
365 5157
366 1297
366 2135
366 4235
367 788
367 1170
367 1772
368 29
368 879
368 1693
368 1748
368 1878
368 3089
368 4894
369 2077
369 2969
371 1445
371 3457
371 4899
372 1389
372 1782
373 2107
373 2455
373 4081
374 213
374 3984
375 1592
375 1623
375 3895
375 5403
376 1666
376 2623
376 4845
377 2418
378 5678
379 4726
379 4784
379 5046
380 1032
380 1275
381 2109
381 3227
382 4887
382 5659
383 2595
383 2801
383 3903
383 3985
383 4657
383 5429
384 1602
385 170
385 1288
387 592
387 1181
387 2562
388 2919
388 2981
388 3075
388 3178
389 1193
389 1533
389 3693
389 4981
391 1508
391 2329
391 4503
392 629
392 3213
393 2019
394 387
394 5706
395 1041
395 3642
396 741
396 4610
396 4742
397 805
397 1541
397 4324
398 1355
398 5239
399 497
399 1401
399 1650
399 4014
399 5463
400 1235
400 2271
400 3819
400 4390
401 5133
401 5306
401 5632
403 1495
403 1661
403 5625
404 1307
404 4684
405 1075
405 1842
405 1997
406 2507
406 3705
406 3714
407 1542
407 2428
407 2939
407 4639
408 1144
408 4040
408 4229
409 4609
409 4866
410 855
410 2764
410 3170
411 563
411 955
411 1750
411 1981
411 2697
411 3796
412 752
412 3442
412 4292
412 5102
413 447
413 1966
413 2761
413 3288
413 3381
413 4572
414 1745
414 4003
415 3419
415 4072
415 5313
416 2218
416 5207
417 2224
417 4706
417 4868
417 5028
418 308
418 723
418 4460
419 309
420 3098
420 3423
420 5486
421 483
421 595
421 850
421 1567
421 3523
422 1840
422 2352
422 3892
423 267
423 1029
423 1433
423 2430
424 881
424 4135
424 5557
425 73
426 522
426 3938
427 2622
428 914
428 2577
428 5209
429 162
429 969
429 1136
429 1468
429 5336
429 5415
430 3820
431 601
431 3076
431 3395
432 1655
432 3430
432 3742
432 4359
432 5042
432 5401
433 97
433 3783
433 3972
433 4115
433 4264
434 1876
435 3397
435 3487
436 1436
436 1866
436 2851
436 3620
438 2627
439 929
439 2672
439 3306
439 3970
439 4461
441 1899
441 2486
441 5439
442 627
442 1582
443 254
443 411
443 4759
444 1175
444 1794
444 2096
445 3054
445 3868
447 1970
447 4460
449 1802
449 2792
449 4033
449 4459
450 603
450 1496
450 2899
450 5343
450 5453
451 2583
451 3531
452 3608
453 740
453 5515
454 18
454 2177
454 3843
454 4378
455 1301
455 2687
455 5391
456 883
456 1981
456 3821
457 910
457 4206
458 295
458 894
458 5081
459 112
459 1934
459 2589
460 550
460 1234
461 797
461 1082
461 1511
461 1658
462 868
462 4573
462 5345
463 1025
463 3055
463 4369
463 5612
464 265
465 1202
466 157
466 3282
467 1708
467 2409
468 785
468 2979
468 3875
469 502
469 971
469 3739
469 3909
469 4272
470 458
470 1235
470 2557
470 2559
470 2562
470 3517
471 137
471 499
471 3449
472 359
472 4264
472 4840
473 4019
473 5451
474 3054
474 4456
475 2600
475 2716
476 1386
476 2305
477 1419
478 1695
478 2685
478 3265
478 5183
479 1871
479 3396
479 4457
479 4761
480 127
480 144
480 3437
480 5713
481 3607
481 4410
481 5273
482 122
482 1422
483 1041
484 1172
485 1505
485 4067
486 5012
486 5749
487 1784
487 2608
487 3167
487 3504
487 4347
487 4813
488 510
488 626
488 1369
488 1991
488 4210
488 5419
489 178
489 3909
490 416
490 2784
490 2995
491 2743
491 3449
492 212
492 3631
493 42
493 545
493 3465
493 3657
494 1616
494 5047
494 5416
495 820
495 2583
495 4891
496 501
496 760
496 4473
497 354
497 3686
497 5400
498 58
498 884
498 5355
499 279
499 1958
499 5021
500 4177
501 2587
501 2943
501 4507
502 2711
502 3061
502 3086
503 4622
503 5678
504 2838
504 3748
504 3920
505 1262
505 4581
505 5149
505 5281
506 2003
507 2010
507 2403
507 3417
507 4261
508 543
508 2347
508 4776
508 5703
509 3100
509 3331
509 3665
510 3162
511 5616
512 2524
512 4651
512 5180
513 29
513 229
513 3654
513 5123
514 549
514 4201
515 1844
515 3581
516 4258
516 5685
517 2497
517 4239
517 5205
519 4108
520 2361
520 2753
520 2826
520 4194
520 4716
521 470
521 1643
521 3577
521 4749
522 936
522 3065
523 1376
523 5241
524 1132
524 2004
524 2950
524 3991
524 5607
525 690
525 3357
525 5217
526 1750
526 2632
526 3852
526 4710
527 697
527 1299
527 5410
528 1861
528 4576
528 5485
529 319
529 2469
529 2949
529 3804
529 5583
530 373
530 534
531 1352
531 2429
531 3517
531 4937
532 636
532 2743
532 3637
532 4839
533 102
533 712
533 3391
535 2468
535 2827
535 5094
536 1699
536 2967
537 2115
537 5326
538 174
538 1016
539 925
539 5729
540 810
540 1402
540 1528
540 2980
540 4857
541 585
541 1907
541 2838
541 2935
541 4382
541 4995
542 313
542 792
543 388
543 967
543 3304
543 3803
545 707
545 3921
546 1135
546 1447
546 2842
547 2706
547 5608
548 3892
549 157
549 826
549 1814
549 3065
549 5724
550 2697
550 3427
551 622
551 1376
551 2525
552 349
552 3727
552 4329
553 325
553 1364
553 1384
553 2112
553 4487
553 4710
553 4805
553 4860
555 249
555 633
555 3526
555 4912
556 3908
557 1936
558 1068
558 3400
559 145
559 5280
560 202
560 917
560 2305
560 4683
560 5476
561 347
561 4809
562 487
562 4266
563 1456
563 1808
563 5396
564 4104
564 5254
565 687
565 981
565 1837
565 3540
566 3209
566 3822
566 4580
566 4859
567 849
567 1794
567 2446
567 2544
567 4879
568 1821
568 4767
568 4987
569 926
569 1097
569 4406
570 252
570 683
570 5653
571 3531
571 5023
572 56
572 830
572 888
572 2071
572 2668
573 576
573 5148
574 2268
574 3998
574 4035
574 5508
575 856
575 1080
575 5584
576 5041
577 1812
577 4009
577 4245
578 754
578 4158
578 4730
579 208
579 1104
579 1775
579 4438
579 5321
580 2529
580 5302
581 1149
581 2231
581 2488
581 2585
581 4838
581 5037
581 5732
582 812
582 3621
582 4664
583 2612
583 2927
583 3510
583 4153
583 4812
584 201
584 3462
585 4412
586 831
586 1787
588 78
588 3812
589 714
589 1433
589 4413
589 5202
590 2771
591 716
591 1771
591 2866
591 3333
591 4829
591 5091
592 2234
592 2566
592 3258
592 3952
592 5650
593 774
593 2715
593 3334
594 2814
594 3836
594 4136
595 124
595 3749
596 268
596 1523
596 4332
597 163
597 2341
597 2378
597 3188
597 4227
597 4991
598 436
598 1462
599 4293
600 4190
601 3663
602 2232
602 4239
602 5644
603 843
603 1199
603 5193
604 1264
604 2585
604 3347
605 2229
605 3882
607 2191
607 2791
607 4517
607 4700
608 954
608 2593
608 2760
609 5031
609 5671
610 4925
610 5250
611 226
611 1880
611 3900
611 4428
613 4695
613 5397
614 1231
614 1323
614 2875
614 2891
614 3319
615 115
615 1736
615 1985
615 3816
615 5306
616 5596
618 2897
618 3596
618 3907
618 3992
618 4701
619 4747
620 66
620 383
620 3218
620 3896
620 5483
620 5643
623 1375
623 4073
624 1984
625 66
625 1579
625 3137
625 3421
625 3558
625 4611
625 5255
626 2047
626 2761
626 3899
626 3983
627 2237
627 4621
628 502
628 4834
628 5020
628 5587
629 926
629 4107
630 1474
630 2015
630 2687
630 4486
630 5688
631 1968
631 5470
632 2259
633 158
633 528
633 2350
633 5149
634 2464
634 3896
636 1698
636 2819
637 124
637 2261
637 3747
637 5361
638 679
638 1928
638 3959
639 5201
640 122
640 1486
640 1681
640 4256
640 4468
640 4507
641 615
641 1391
641 3344
641 4608
641 4754
642 230
642 2989
642 5555
643 119
643 3077
643 5716
644 2144
644 2702
644 2998
644 3672
644 4807
644 5312
645 947
645 2286
646 1042
646 1630
646 2416
646 4634
647 3237
647 3302
647 3727
648 3153
648 4235
648 4254
648 5337
650 1053
650 1522
650 1999
650 3180
650 4079
651 3089
651 4134
651 4869
651 4941
652 3040
653 24
653 870
653 3735
654 4106
655 251
655 501
655 3079
655 3081
655 4276
656 3878
656 4830
657 2752
657 5395
658 45
658 2632
658 5442
658 5643
659 85
659 677
659 1211
659 4291
660 88
660 5384
661 969
661 5706
662 1610
662 2164
662 2452
662 2841
663 134
663 734
663 2843
663 3369
663 4235
664 1887
664 2508
665 3541
665 4059
666 4468
667 72
667 853
667 1296
667 5427
668 3770
668 4386
668 4404
668 4471
668 5710
669 113
669 907
669 4204
669 4786
669 5086
670 1470
670 3111
671 579
671 4920
672 1595
672 5311
672 5705
673 1552
673 3546
673 4335
674 504
674 999
674 5405
675 1110
675 2252
676 171
677 3548
677 4218
677 4931
678 2359
678 3742
678 4974
679 1574
679 2536
680 4701
682 4140
683 2010
683 2597
683 4763
684 2718
684 4050
685 1083
685 2051
685 3658
685 3855
685 4066
685 4636
685 4798
685 5153
686 461
686 578
686 3652
686 5237
686 5408
687 1708
687 3386
687 4606
687 5603
689 102
689 2114
689 3959
689 4148
689 4877
689 5014
690 529
690 2122
690 3781
691 2322
691 4627
692 749
692 2829
693 3593
693 5011
694 427
694 1207
695 4
695 2145
695 5314
695 5334
696 684
696 1596
696 4603
697 364
698 5416
699 2539
699 3159
699 4401
700 1611
700 2044
700 2119
700 4313
700 5165
700 5283
700 5290
701 237
701 1683
701 1751
701 5586
702 1801
702 3856
702 4107
702 4259
702 5657
702 5701
703 730
703 3796
703 5030
703 5515
704 2518
704 4676
705 1914
705 3587
706 2170
706 2556
706 3158
706 3612
707 2520
707 4005
707 4372
707 4412
707 4730
707 5233
707 5242
708 3527
708 4326
709 75
709 4588
709 5476
709 5659
710 1184
710 1571
710 3505
710 3807
710 3972
710 4475
711 1052
711 3322
711 3919
711 4972
712 236
712 1013
712 4470
713 2443
713 3765
714 3033
714 5128
715 1603
715 4127
715 5071
716 4803
717 1446
717 2217
717 5588
718 809
719 2422
719 2430
719 4472
719 4812
720 1474
720 3183
720 3768
721 1504
721 2265
721 2533
721 3257
721 3654
721 3688
721 5284
722 2547
722 4835
723 152
723 4560
724 251
724 381
724 2175
724 2828
725 417
725 1770
725 5423
725 5609
726 4284
727 1128
727 1683
727 2179
727 3792
727 4092
727 4497
727 5663
728 2702
728 2786
728 2858
728 4932
728 4992
729 653
729 1443
729 2814
730 307
730 1726
730 2132
730 4645
731 744
731 3379
732 2720
733 109
733 2221
734 1296
734 2417
735 137
735 201
736 994
736 1211
736 1853
736 3045
737 1242
737 3858
737 4210
737 4919
737 5158
739 2745
739 4201
739 5180
739 5289
740 3520
740 5091
740 5500
741 421
741 2558
741 5463
742 3030
743 1165
743 1977
745 1222
745 2091
745 2161
745 4595
746 596
746 2025
746 2347
747 175
747 712
747 4725
748 4690
749 4057
749 4092
750 422
750 4414
750 4676
751 248
751 1963
752 4079
752 4198
752 4531
753 1665
753 1845
753 4214
753 4917
754 798
754 3468
754 5507
755 4122
755 4531
756 1971
757 1191
757 2347
757 2418
757 5741
759 884
759 2643
759 2936
759 2946
759 3490
759 5082
759 5336
760 53
760 3188
760 4505
760 5217
761 1679
761 1775
762 1376
762 3201
762 3680
762 4928
763 1437
763 3518
763 4672
764 732
764 1285
764 2782
764 2787
764 5274
765 3220
766 5162
767 1297
768 3859
769 189
769 2869
769 3766
769 3829
769 4986
770 846
770 1898
770 5735
771 5521
772 340
772 2403
773 3820
774 1976
774 5231
775 2059
775 4697
775 5168
776 334
776 409
776 939
776 1880
776 2802
776 5439
778 1625
778 2003
778 3111
779 137
779 3869
779 4429
779 5467
780 751
780 3101
781 589
781 1629
781 2309
781 2825
781 5145
782 1399
782 2374
782 3882
783 3218
784 5186
785 256
786 362
786 1943
787 700
787 1618
787 3241
787 3660
788 189
788 3405
788 3603
789 217
789 1405
789 4522
789 5697
790 1633
790 1872
790 3757
791 2413
791 3151
791 4409
792 240
792 848
792 1570
792 4406
793 463
793 882
793 2100
793 4219
793 4596
793 4641
793 5124
794 2631
794 2945
794 4147
794 4179
794 5181
795 324
795 3691
797 1533
797 2959
797 4511
797 5659
798 140
798 1272
798 5191
799 974
799 4685
800 1204
800 1668
800 2056
800 5750
801 2176
801 4936
802 2934
803 1503
803 3224
803 3819
803 4046
804 3120
804 3655
806 1420
806 3863
806 5466
807 1095
807 4515
808 3664
808 4078
808 5450
809 2227
809 3557
810 1093
810 1402
810 5355
811 2889
811 4185
811 4593
811 5705
812 550
812 3562
813 482
813 1793
814 4849
814 5048
814 5095
815 1672
815 2418
815 5467
816 192
816 878
816 3392
817 4465
818 933
818 3538
819 763
819 5687
820 2728
821 113
821 2140
821 4105
821 4199
821 4981
821 5049
822 4895
823 5119
824 79
824 1434
824 4038
825 693
825 722
825 1336
825 2996
825 3445
825 3512
825 5475
826 5429
827 3203
827 4041
827 4448
827 4865
827 4892
827 5463
828 748
828 3387
829 1645
829 3191
830 170
830 1785
830 2104
830 2781
831 3285
831 4507
832 1047
832 1395
832 3291
832 5128
833 844
833 4731
834 4578
834 4658
837 2618
837 4489
838 332
838 1619
838 3456
838 3659
838 4466
838 4506
839 441
839 2347
839 2364
839 4891
840 3173
840 3907
841 458
841 2981
842 4085
842 5005
842 5337
844 2988
845 3266
847 64
847 222
847 1586
847 2378
848 2103
848 2789
848 2940
848 3525
850 726
850 2276
850 4188
850 5674
851 1335
852 3835
852 4808
853 1034
853 4451
853 5269
854 342
855 1870
855 2361
855 5471
856 2777
856 4844
857 702
858 4053
859 1446
859 2305
860 95
860 4444
861 700
861 4047
861 4105
862 2671
862 3385
862 4680
863 3623
864 511
864 1657
864 1827
864 3844
865 365
865 2933
865 5378
865 5532
866 1075
866 3318
866 5369
867 932
867 1488
867 4960
868 1090
868 1320
869 630
869 4022
869 4542
870 1047
870 2225
870 4626
871 1141
871 1990
871 2237
871 2808
872 299
872 871
872 3130
872 3665
873 680
873 2518
875 295
875 4335

