8934 7713 1910
1 1
7 4629
14 2393
18 738
19 7122
29 2046
30 3466
42 5504
56 3061
64 6758
65 3606
67 4911
69 7659
70 5308
76 2421
76 3549
77 3512
84 4360
87 2188
91 4797
92 7044
100 3232
104 6106
104 6501
107 4148
109 3356
112 2288
113 3273
114 3325
118 4954
121 1378
122 5080
124 5634
127 4372
129 5948
134 443
135 1748
136 299
136 7459
139 70
143 5521
146 990
171 883
179 999
189 1802
191 4299
193 3258
195 1607
207 4788
228 6025
240 2939
242 7161
247 802
247 2002
247 4994
257 7091
265 4043
265 5933
278 6288
282 5915
288 4932
292 426
292 4259
294 4068
295 1662
319 3546
331 6809
336 3141
349 6022
349 7118
351 2763
351 3220
356 3931
357 666
357 1504
362 4982
368 4959
377 7042
379 2355
384 2210
388 6044
389 6368
391 5880
395 2212
397 5251
398 3528
399 1926
401 4860
408 1868
411 3116
412 2245
414 7613
416 2476
417 7123
419 7094
424 6200
428 1269
431 448
456 1497
461 1871
461 3921
479 6786
484 2925
484 3327
486 6687
489 7533
493 1022
494 5803
497 3193
502 1253
513 4088
515 5720
523 7040
526 3181
529 2450
530 5901
535 5295
535 5604
535 7358
537 3985
537 5472
539 7046
546 2768
548 4414
559 6815
562 7662
566 3842
572 3646
573 751
576 550
577 3614
594 4333
602 735
603 2514
604 3361
605 4699
607 3803
607 4975
620 3100
624 7631
646 5494
668 1940
676 7029
685 2846
687 1339
691 181
692 5465
704 3142
706 1222
710 6505
713 7403
717 5312
719 6975
722 283
722 1729
725 7538
730 5184
733 3991
753 6608
755 2957
756 5496
763 3962
776 5564
783 5391
790 4760
793 922
794 3156
795 3053
796 2518
800 4128
801 3230
804 7074
805 3085
823 2343
826 7663
828 5797
829 741
830 3151
833 115
834 526
845 3300
845 5089
849 6287
853 5182
863 2507
865 44
867 1834
881 6214
884 5322
890 7680
898 6846
902 3964
913 6506
920 1472
936 2384
939 1418
940 6446
947 1988
947 4037
948 4803
950 4102
952 3154
954 2561
955 1458
958 4810
965 2178
969 7028
970 1435
971 4168
973 7447
976 164
977 3458
977 7050
980 4386
991 3311
997 6154
1008 990
1012 4388
1015 5754
1015 5798
1017 6559
1019 1277
1019 2996
1019 7223
1029 1249
1029 4335
1031 5884
1032 6456
1035 2075
1036 1624
1038 7
1039 5531
1053 5457
1064 5098
1074 7520
1078 362
1091 5286
1092 4049
1109 5944
1119 6610
1122 541
1126 1755
1132 340
1132 4698
1149 2058
1150 5416
1150 6217
1160 2244
1169 101
1170 1906
1170 4056
1176 616
1181 2429
1191 1349
1192 7688
1198 5359
1209 6162
1216 746
1217 565
1217 965
1218 5426
1218 7534
1223 747
1229 4316
1233 1368
1235 1425
1236 4916
1238 3690
1239 4529
1244 7495
1245 7580
1250 6714
1252 7071
1257 781
1261 5798
1273 283
1273 3277
1276 4944
1279 255
1279 4888
1282 7548
1287 6005
1294 5163
1302 2118
1303 1607
1304 4774
1306 3785
1308 441
1308 5692
1309 6430
1315 4252
1336 2157
1342 5015
1345 60
1349 3667
1350 3880
1358 3095
1358 5852
1369 1629
1372 241
1374 6017
1380 4005
1384 1075
1384 3981
1386 2439
1388 5024
1392 1918
1395 5090
1397 4903
1402 5027
1413 2877
1417 5238
1426 4710
1427 7604
1442 131
1448 2687
1451 189
1452 3674
1454 5449
1460 723
1463 1021
1465 980
1465 4671
1472 2585
1478 2810
1478 3970
1487 2358
1487 5926
1494 5152
1510 5933
1515 1236
1516 996
1516 6152
1525 3868
1530 5918
1534 2142
1537 3884
1539 2157
1541 1951
1555 5086
1557 2486
1559 3666
1563 409
1568 2691
1569 3280
1570 6599
1572 3062
1578 1455
1581 896
1582 2502
1586 2685
1586 4358
1603 2866
1623 7557
1624 3859
1624 6961
1634 5783
1644 5753
1651 4347
1655 7519
1660 1743
1665 7612
1671 2997
1674 6625
1675 3385
1680 5941
1683 296
1684 3494
1687 5718
1698 4445
1718 6864
1747 7460
1749 3124
1758 7252
1762 3947
1773 6360
1783 5265
1794 1619
1794 6771
1796 7503
1810 1838
1814 479
1814 5572
1814 6534
1822 1942
1825 1138
1828 665
1828 1093
1834 3341
1842 5017
1844 1407
1845 4760
1846 1824
1852 6981
1854 2242
1855 1932
1857 4273
1859 7282
1865 4314
1866 2457
1867 3928
1876 4259
1885 2152
1887 2145
1888 4608
1889 5636
1899 5307
1914 1158
1936 5283
1937 1325
1938 4945
1939 4016
1940 2180
1945 2801
1948 4048
1959 2228
1970 3272
1975 5527
1976 4046
1982 1321
1986 6525
1992 1659
1995 1663
2004 6529
2008 3366
2009 4120
2011 7198
2012 738
2017 38
2028 7345
2038 5357
2045 6021
2046 6911
2055 2175
2055 3633
2057 1021
2057 1621
2058 2699
2060 4982
2062 5780
2070 3578
2073 755
2073 2267
2076 5417
2082 6843
2084 535
2094 3160
2125 2024
2130 6825
2131 5268
2132 6922
2138 3925
2142 2604
2146 5576
2148 332
2156 6749
2165 2237
2175 4263
2182 6171
2186 3724
2187 3905
2188 363
2188 3938
2196 535
2198 5600
2207 1904
2215 311
2220 3201
2221 851
2244 6230
2245 6092
2249 7229
2256 6866
2270 3692
2276 2319
2277 5194
2280 4601
2289 740
2293 4412
2294 2902
2298 2354
2310 4398
2312 1119
2312 2368
2312 6727
2314 511
2314 3146
2321 5357
2322 3776
2329 5220
2333 5145
2338 6456
2342 713
2350 6191
2351 5617
2364 2200
2371 1428
2389 2955
2389 3581
2394 781
2399 954
2401 3378
2402 672
2404 4249
2408 4316
2412 4129
2417 1255
2422 6
2422 770
2422 5610
2431 834
2434 2887
2439 2910
2443 4972
2445 6664
2446 3580
2452 6233
2455 1991
2461 1794
2461 4685
2463 1065
2465 2050
2466 215
2475 4694
2477 6279
2481 3853
2482 4367
2484 5501
2490 2667
2493 5071
2495 6192
2498 653
2504 7273
2505 1732
2518 6670
2519 4639
2522 1188
2524 43
2525 7231
2530 2042
2538 4487
2541 826
2546 3862
2552 1019
2555 4842
2562 974
2566 3820
2568 5376
2571 818
2571 6707
2578 162
2579 7707
2582 4753
2586 6417
2590 1599
2598 7101
2600 5934
2611 6553
2615 6897
2620 6187
2624 2704
2632 4458
2632 6913
2633 7591
2639 6073
2640 1004
2643 6024
2648 6171
2649 6238
2651 502
2652 1668
2657 2710
2659 2323
2661 2850
2677 4485
2678 4773
2678 4815
2682 5077
2692 6580
2698 1387
2702 5314
2705 5667
2706 2447
2706 5055
2709 3440
2715 7028
2727 5053
2731 3201
2736 4824
2736 5302
2742 7254
2751 658
2785 4670
2794 2806
2796 1401
2796 3296
2797 2463
2799 1126
2799 2308
2799 6856
2803 292
2815 6555
2817 4667
2820 3927
2826 2718
2832 5437
2839 7014
2842 5716
2846 2090
2855 4409
2855 6435
2856 2119
2856 6713
2856 7521
2860 1426
2860 3849
2863 3502
2865 5296
2869 5562
2875 1438
2883 4305
2883 7401
2892 448
2898 2554
2898 7215
2902 2024
2910 6550
2916 3008
2916 4664
2916 5646
2917 4619
2920 2856
2922 1463
2922 7497
2925 3882
2929 316
2933 5192
2938 3250
2939 6903
2948 191
2948 3938
2953 4301
2956 1158
2956 3164
2958 4632
2967 4259
2986 1548
2990 5478
2991 321
2998 3562
3010 7443
3018 2935
3023 957
3030 2200
3033 1703
3053 5142
3059 3937
3071 670
3073 7588
3082 3174
3087 4873
3093 506
3094 4927
3099 808
3102 5220
3106 3251
3110 1886
3116 922
3121 6447
3124 5766
3137 7065
3141 4550
3153 2770
3153 4052
3155 5683
3158 6546
3162 2305
3163 2116
3164 5042
3172 2098
3176 2783
3185 6567
3190 3554
3194 742
3200 2654
3200 3113
3201 2524
3201 3797
3206 329
3214 5340
3220 121
3222 3356
3229 7082
3232 7436
3234 5818
3242 5398
3247 4633
3247 5306
3248 2434
3252 7700
3257 5375
3258 6662
3259 4879
3260 3091
3260 6331
3262 6318
3289 5019
3299 6445
3301 290
3303 6293
3304 4680
3306 2264
3308 2835
3318 7106
3319 2998
3329 2941
3333 2740
3333 3802
3337 6734
3339 7367
3345 4043
3347 3489
3350 4721
3360 5826
3363 3115
3371 3628
3377 5376
3389 4034
3392 3688
3395 3755
3401 6545
3405 6582
3407 547
3409 3722
3409 6336
3416 1276
3419 2495
3421 3821
3424 4172
3439 5475
3440 1306
3442 1494
3444 512
3450 4311
3454 7060
3461 1994
3470 5069
3471 2377
3473 6422
3477 4199
3478 622
3480 5516
3486 279
3487 1413
3487 6532
3502 3035
3506 5479
3508 876
3521 524
3535 3755
3552 4294
3556 423
3560 3947
3571 3258
3584 795
3585 6195
3588 5482
3596 2502
3601 6231
3613 423
3614 168
3614 3315
3625 1173
3627 721
3628 4469
3634 4332
3635 2258
3635 6307
3642 5859
3648 172
3649 4869
3649 5975
3654 5516
3679 4125
3681 6955
3685 3846
3692 3612
3694 7485
3696 650
3699 6069
3718 4852
3721 626
3721 1204
3723 2735
3727 6314
3731 6236
3732 43
3732 58
3738 6628
3739 6887
3740 1926
3751 4302
3761 2085
3778 179
3781 7630
3782 4399
3794 1033
3795 6518
3809 2686
3814 3850
3820 3974
3822 3719
3833 620
3833 4001
3844 1063
3844 5157
3846 7356
3847 1510
3853 7567
3856 2275
3856 5621
3858 2536
3860 1322
3861 5724
3863 3916
3870 1445
3873 499
3880 5295
3883 2541
3893 2745
3920 2324
3921 1905
3929 3078
3931 1606
3931 5431
3942 4272
3945 122
3946 3053
3960 1088
3965 5693
3971 2464
3974 5227
3976 5276
3989 1067
3989 6761
3990 2031
4001 3927
4002 1422
4004 4963
4029 5249
4030 2076
4035 5030
4037 1232
4050 3310
4056 6367
4058 14
4062 2909
4066 2587
4068 1933
4069 1786
4073 315
4073 2961
4073 3856
4074 4880
4075 2540
4077 1019
4079 1511
4081 6107
4083 5332
4084 3884
4085 1359
4086 1023
4098 5092
4101 5582
4110 4502
4110 6082
4130 6478
4135 6008
4142 1603
4147 4861
4151 5976
4159 6131
4161 3816
4168 3486
4182 5513
4188 3498
4188 4802
4191 7202
4194 84
4200 2065
4208 6644
4209 1303
4210 1346
4211 2520
4212 2763
4218 6389
4226 4457
4228 2673
4230 2690
4232 3483
4233 1335
4265 7209
4285 2521
4296 535
4300 6150
4301 1406
4303 1193
4307 1649
4312 4216
4317 4862
4320 4924
4324 735
4326 50
4328 1207
4328 7254
4333 6205
4334 7453
4335 3359
4339 5268
4354 4911
4354 5214
4356 5127
4357 6543
4370 4358
4381 6765
4394 688
4394 4675
4403 5655
4407 3880
4408 1127
4420 5334
4433 1268
4442 1637
4442 5182
4446 6096
4452 6754
4456 3688
4457 6666
4464 930
4465 6684
4466 6313
4469 5544
4470 3379
4471 3857
4477 7662
4479 5784
4483 6316
4487 3339
4494 260
4495 1134
4498 5451
4498 6464
4503 3894
4510 2848
4510 2946
4514 5714
4516 6400
4520 1353
4525 4507
4526 353
4526 7559
4529 1367
4538 7452
4544 4433
4545 3793
4554 4100
4558 2005
4559 1209
4562 5891
4564 5128
4564 7677
4569 3360
4572 423
4574 5075
4587 375
4588 1888
4588 2433
4598 6369
4599 4259
4607 145
4609 909
4609 3785
4612 6102
4613 6076
4645 3771
4651 161
4651 3663
4651 4779
4664 3918
4667 6635
4668 1049
4676 4098
4679 3086
4681 4613
4685 1770
4693 119
4695 1450
4697 2926
4699 2936
4705 6255
4718 3486
4719 5154
4720 333
4726 647
4728 1710
4731 3523
4741 555
4741 3355
4746 6675
4751 2017
4753 3457
4770 4326
4770 5664
4773 701
4781 6884
4784 4527
4806 7032
4809 4027
4811 3273
4816 3470
4822 6500
4824 4167
4824 7548
4825 4197
4827 817
4830 1252
4833 5476
4849 7623
4852 6759
4867 7109
4870 3904
4872 3696
4875 1182
4876 277
4878 27
4882 6266
4898 108
4899 3107
4901 3036
4901 5927
4909 1548
4913 4449
4915 201
4919 4220
4919 5268
4921 5249
4923 1678
4924 6572
4930 467
4943 5141
4944 4557
4952 81
4958 7270
4967 218
4968 5339
4977 7006
4980 6771
4983 5430
4984 4096
4986 1859
4991 350
4998 63
4998 3518
5004 5057
5023 7344
5028 1524
5032 1542
5034 3363
5036 2069
5046 5858
5047 4574
5054 1180
5058 4644
5061 2120
5063 599
5064 4546
5065 2899
5068 6496
5086 4736
5090 3184
5096 324
5103 2359
5122 1798
5141 3187
5156 74
5176 3010
5188 3793
5194 6263
5200 5658
5216 474
5220 6159
5223 4833
5224 1469
5224 7068
5229 819
5234 7435
5241 3796
5251 4835
5254 926
5256 334
5276 2645
5280 3835
5281 5306
5281 5719
5284 4730
5286 4480
5291 2097
5292 4504
5296 2224
5299 2839
5307 793
5309 6555
5311 6859
5317 1737
5317 3009
5318 274
5320 797
5330 982
5332 257
5333 1885
5346 2723
5347 5720
5349 340
5349 5834
5351 6724
5359 3284
5362 751
5364 2327
5365 2576
5365 4566
5368 5506
5371 964
5373 2454
5385 313
5394 2444
5396 6574
5401 2757
5402 3451
5403 1031
5413 339
5423 4112
5424 409
5435 7242
5438 2970
5439 4038
5450 1512
5450 1650
5458 7400
5460 4899
5471 1772
5476 4864
5483 3343
5488 2960
5492 6306
5493 911
5496 4065
5498 409
5503 6498
5518 5692
5521 2625
5546 242
5558 92
5561 4409
5578 3330
5582 5388
5583 1774
5585 4689
5595 6121
5604 6103
5606 1493
5611 5813
5613 771
5613 3953
5613 7116
5615 6704
5616 821
5616 4774
5617 2767
5649 24
5650 2577
5655 4533
5659 4059
5661 926
5670 5018
5677 2328
5677 5144
5681 975
5682 1103
5685 188
5691 2157
5698 627
5701 2877
5706 6958
5713 1488
5714 3375
5717 7138
5722 5014
5725 1365
5728 6650
5730 4316
5730 5692
5735 6424
5741 6241
5741 7157
5743 4199
5744 5953
5745 206
5745 1371
5749 1431
5754 24
5756 4694
5765 3213
5769 2584
5769 5160
5769 5299
5772 3714
5777 70
5778 1165
5780 371
5788 3491
5790 6710
5791 1126
5795 2449
5798 4726
5799 4857
5803 3552
5803 6396
5807 2201
5825 3503
5837 798
5844 1039
5878 4863
5880 4142
5885 758
5887 6770
5888 5454
5891 1175
5891 6315
5893 7610
5896 2854
5896 4682
5896 5431
5898 950
5899 2461
5901 1657
5902 5817
5903 11
5906 332
5908 2021
5914 3030
5918 3027
5921 715
5924 3198
5927 5068
5933 5286
5939 5172
5940 1066
5946 1453
5949 4939
5950 3346
5953 6184
5960 532
5965 5766
5974 885
5980 5170
5982 6697
5983 4168
5984 5236
5987 2055
5990 6337
6003 4004
6005 6279
6010 6720
6012 4272
6013 5209
6019 3855
6023 3393
6024 7093
6030 2828
6040 3748
6043 2037
6043 4670
6047 4744
6048 6427
6050 5984
6068 4667
6072 1625
6075 3105
6084 766
6086 4002
6092 3485
6111 1525
6113 98
6115 6616
6117 5940
6120 6628
6121 2780
6128 111
6135 4157
6139 3681
6144 6400
6152 2771
6154 4561
6161 1260
6164 1203
6168 4255
6171 3456
6174 4321
6185 700
6185 5705
6187 547
6188 1701
6192 1561
6204 704
6210 6522
6213 1595
6218 4245
6221 335
6233 7259
6247 6367
6249 4924
6252 6406
6259 4869
6260 4215
6266 2119
6273 798
6273 1044
6278 3036
6280 6017
6281 4991
6309 7250
6310 7705
6320 2235
6321 4746
6331 3630
6332 6281
6333 5980
6337 7361
6346 3736
6353 5837
6356 5003
6365 2524
6365 6423
6366 30
6376 6400
6378 7070
6388 5866
6395 1752
6395 6616
6397 2002
6400 6864
6407 2123
6414 3593
6421 5217
6431 2017
6432 2641
6439 4338
6443 228
6446 4489
6446 6122
6447 2365
6451 2395
6473 6920
6476 1796
6485 1320
6485 3907
6488 2261
6495 4466
6508 2368
6511 6407
6526 691
6534 7077
6537 3077
6543 2577
6551 6316
6562 1052
6566 1477
6569 705
6569 6440
6570 5706
6572 5322
6580 522
6580 579
6581 4254
6581 4591
6582 2095
6588 7492
6594 4096
6599 6841
6601 3239
6603 7451
6604 6680
6605 25
6609 5546
6613 6885
6634 4612
6634 6713
6649 1470
6650 97
6656 1517
6658 2362
6662 5677
6664 3413
6668 4725
6672 2330
6677 3816
6680 6572
6686 2636
6699 2996
6707 4777
6712 1612
6713 6598
6718 1579
6722 2767
6722 4911
6727 5143
6730 3132
6731 7151
6736 5111
6757 4301
6758 5163
6767 646
6777 554
6779 6825
6783 3018
6783 4981
6783 5686
6789 1268
6790 7525
6802 7239
6806 116
6817 348
6817 925
6833 4678
6841 2019
6844 4717
6846 6715
6852 6579
6853 1658
6854 7504
6862 5052
6864 6657
6871 5218
6872 7601
6875 7091
6878 6886
6886 2040
6890 3887
6891 1257
6893 6111
6897 4371
6900 2917
6910 3604
6911 3346
6915 1058
6915 6322
6920 259
6921 4170
6924 1559
6933 1565
6934 6056
6938 2083
6942 3378
6949 2423
6952 637
6962 3217
6962 6508
6963 350
6973 5739
6978 6974
6980 396
6980 3749
6982 1679
6983 5188
6994 3176
6995 2638
7001 2300
7002 1516
7005 6351
7008 512
7020 4204
7027 2436
7032 682
7034 4012
7034 7548
7037 5739
7038 2569
7043 869
7047 3381
7054 3356
7059 6706
7067 5559
7070 5353
7074 3292
7081 4876
7082 4522
7082 7289
7088 4149
7088 4676
7090 2823
7092 2867
7092 5604
7094 625
7094 6988
7095 3350
7100 3259
7104 3356
7107 875
7107 1793
7107 2792
7118 2228
7120 3861
7126 3672
7130 5908
7140 4285
7141 1462
7149 2030
7162 765
7165 1676
7193 607
7195 4293
7196 4131
7196 4389
7197 3081
7200 4232
7203 1959
7208 848
7213 7420
7217 3314
7218 1965
7220 6868
7221 1433
7227 651
7228 7207
7233 2839
7234 6927
7239 6417
7242 3831
7244 4544
7248 4927
7252 1657
7258 6250
7261 2317
7262 2582
7264 6251
7265 2610
7266 6222
7271 7668
7279 7567
7296 1692
7296 5399
7298 3645
7307 5108
7308 7681
7310 5005
7322 6309
7325 4263
7329 2968
7335 6378
7340 2513
7345 1567
7348 3891
7350 2735
7352 4099
7360 105
7361 1309
7367 4861
7367 6332
7371 4463
7373 4452
7383 3760
7388 4525
7395 3186
7395 3783
7397 5092
7397 6097
7408 3985
7412 2115
7417 2026
7422 3604
7423 822
7425 5016
7426 5330
7426 5405
7431 54
7435 4044
7440 11
7451 2641
7453 3238
7458 3771
7466 7604
7467 6166
7473 2408
7475 7302
7486 4903
7488 2759
7491 1199
7494 5069
7497 4806
7504 5137
7505 7034
7507 4524
7508 1838
7512 7566
7534 2271
7535 758
7535 2546
7536 1674
7543 1604
7543 7232
7544 3224
7546 332
7548 2399
7554 284
7556 3094
7561 6584
7568 3262
7580 3686
7594 112
7594 6270
7601 6167
7607 3984
7613 1628
7614 3677
7615 4544
7620 7458
7625 2620
7632 6821
7634 276
7643 3548
7647 6229
7648 4980
7649 4874
7650 823
7657 2676
7657 4393
7657 4429
7657 6635
7681 3065
7698 688
7705 3078
7706 3133
7716 4380
7717 606
7719 7415
7724 2673
7724 3342
7725 7254
7728 6803
7729 7153
7730 6282
7734 154
7735 1954
7736 875
7744 2187
7745 193
7746 2533
7758 4108
7765 1959
7769 554
7781 4198
7785 2504
7785 3607
7786 6982
7789 2142
7798 7513
7803 2593
7803 3478
7804 6754
7806 29
7806 6660
7808 5636
7808 5667
7808 6614
7809 5146
7814 3129
7815 2701
7822 6557
7826 2240
7832 2684
7832 4099
7844 2936
7850 6011
7854 1742
7873 270
7877 5764
7879 7243
7882 4354
7899 1362
7900 4452
7905 5016
7908 725
7909 6618
7916 7496
7924 1684
7935 6347
7940 3364
7945 6176
7953 3974
7966 6465
7967 181
7973 137
7974 1059
7976 5439
7985 1632
7990 5506
7996 6075
8016 1879
8018 5296
8019 4132
8033 3346
8044 2439
8050 4123
8051 6559
8052 6727
8056 76
8057 1295
8060 6362
8067 1833
8079 3764
8081 3062
8089 2197
8101 759
8109 2974
8116 4544
8119 7140
8124 3336
8129 5737
8132 5608
8147 2189
8150 4190
8154 5671
8166 2852
8171 4915
8175 535
8175 806
8178 5003
8179 893
8179 2583
8183 2335
8187 2075
8190 4990
8194 4693
8196 2387
8205 20
8213 2105
8214 5479
8223 4470
8227 6292
8231 5851
8251 3865
8253 5980
8257 5780
8259 957
8266 2924
8266 7269
8275 7570
8277 4379
8286 3418
8289 3952
8292 1380
8294 6361
8299 5638
8300 3935
8310 569
8317 2677
8321 5497
8327 3305
8333 5417
8335 3235
8335 4733
8336 2997
8338 2158
8341 1832
8342 4254
8347 2833
8353 5075
8353 5292
8358 1672
8359 4339
8368 5587
8375 867
8377 833
8384 7020
8385 5900
8387 1628
8392 5
8393 3902
8397 868
8404 4141
8405 6770
8406 5557
8407 2232
8412 5286
8428 3320
8433 3784
8436 1726
8438 3745
8441 2452
8442 1264
8443 2882
8455 3849
8458 3683
8459 3013
8461 846
8462 2166
8464 3372
8476 2978
8484 2505
8495 4725
8500 4329
8503 5215
8503 5918
8507 6856
8521 4296
8530 6678
8542 6746
8542 7304
8547 251
8561 2095
8577 4061
8579 5740
8588 213
8597 1104
8602 6588
8603 6273
8611 776
8614 1894
8614 6422
8615 3883
8616 6214
8619 6530
8621 6350
8628 5645
8634 7303
8639 5198
8644 4491
8648 5908
8651 1864
8657 5821
8659 1550
8664 2758
8671 5481
8672 6919
8673 5928
8685 6703
8687 1424
8688 7586
8690 4982
8693 7306
8695 3242
8698 3022
8704 1735
8704 2532
8705 2168
8707 3460
8710 365
8714 5841
8716 2924
8717 3546
8719 103
8720 829
8722 4842
8726 6466
8732 1516
8732 7068
8748 1186
8749 5881
8752 5622
8754 5522
8755 2393
8755 7130
8766 5297
8780 5892
8787 2791
8790 6757
8796 1586
8796 2900
8800 4407
8802 610
8808 3120
8808 4177
8811 5270
8811 5428
8816 2912
8817 7671
8819 960
8819 3624
8824 3903
8837 289
8842 344
8856 7281
8860 2397
8860 4299
8867 1210
8867 5011
8870 763
8872 1346
8879 4284
8879 7282
8887 3132
8891 4809
8896 6165
8898 1227
8907 6808
8911 6390
8916 3627
8916 6843
8920 1842
8923 3409

