4777 6579 1717
1 1
3 877
6 1021
8 5333
9 909
15 4276
16 5657
19 5767
20 1795
21 5034
24 1997
32 837
37 3498
39 1868
41 2528
42 5783
45 3606
53 315
55 1042
64 971
65 491
72 204
72 4208
73 5041
75 798
80 610
80 3419
82 1238
82 2600
83 5460
85 6257
86 502
90 4804
91 3338
92 708
92 4441
93 1532
95 625
95 632
97 2087
100 5254
100 5361
102 325
102 2768
103 2162
104 1283
105 5048
106 1892
111 428
113 4210
116 4929
129 3851
131 3382
137 5356
139 3741
140 5140
142 2131
145 102
150 4080
155 3628
157 4524
174 5416
175 2552
177 441
179 3165
180 4663
182 389
191 5696
196 4437
197 5622
197 6392
198 3400
200 1062
200 5204
205 3004
206 3797
208 3307
209 999
215 234
216 1188
216 2825
216 3852
218 1743
219 2506
224 375
224 5447
226 4059
233 3409
236 5738
237 1820
242 4210
243 4486
246 1783
250 1180
253 1291
253 6389
254 1284
261 4834
269 381
270 55
272 2397
278 4744
283 240
284 6
289 3504
293 3223
293 4018
298 1040
301 3676
306 5017
309 6372
311 736
314 267
314 6442
315 4246
316 1345
319 307
319 2582
320 3633
329 805
331 2479
336 4122
336 5944
342 1026
346 6156
349 5239
351 3741
360 3648
362 1784
363 2342
364 1023
372 5486
377 2841
380 4699
383 651
383 2854
383 4569
390 5363
391 286
395 4523
395 5247
396 4800
400 6183
402 2438
406 5055
408 4376
410 5349
416 801
420 1828
421 1118
421 4566
425 1377
430 5459
431 3099
434 3368
442 921
444 88
446 2014
454 3612
457 3084
460 3051
460 5512
463 1112
465 5299
469 6395
491 3288
496 3136
498 243
498 3576
502 4562
504 4051
505 4401
507 763
507 6286
508 1080
510 2226
519 124
523 157
527 78
528 6235
529 1260
529 5831
533 2819
536 933
539 4978
540 541
540 5886
542 2838
543 5913
546 1039
547 241
550 3617
553 2023
555 5564
556 2622
561 4761
566 5039
567 2574
567 5987
568 6171
570 1157
570 5945
573 889
573 3546
574 2628
575 3021
575 3518
581 3802
584 2675
588 74
588 1277
589 4825
590 3710
598 6529
601 1078
602 5207
608 3346
609 4836
610 2325
611 4082
612 323
617 164
623 195
626 4390
631 4930
632 3761
634 4937
638 1132
640 4772
648 1312
648 3347
650 2377
652 6043
658 3142
659 5761
659 6568
664 6056
670 5914
671 3163
672 3865
673 2735
674 4561
679 5086
680 756
680 4192
687 5151
691 2733
700 2898
710 2692
711 1290
711 2412
711 6077
714 2922
719 1324
720 281
720 1691
721 3723
725 705
728 2706
728 3654
728 5502
733 390
739 1461
739 2002
744 1870
745 3981
752 6336
756 4750
768 4412
768 5819
769 4121
772 6472
773 1522
774 1869
777 645
778 5233
779 6223
787 3242
791 3356
795 422
795 3593
802 3248
813 4600
814 5628
818 3839
820 627
820 2112
824 834
824 1375
827 52
830 2970
834 3473
845 3237
847 2507
847 4305
851 4748
851 5663
855 2235
856 3845
860 2597
861 227
862 2660
863 323
864 5113
865 4561
869 1769
875 6553
878 1987
881 2395
884 904
886 6127
895 2736
897 560
897 4443
901 5209
904 3269
907 1926
908 5583
914 3837
919 266
920 6244
921 4154
922 1890
926 5329
929 3746
931 5769
934 1854
936 1199
936 5238
937 3052
937 4223
940 4272
945 1639
946 765
955 821
955 1072
956 693
956 5618
959 4608
963 2227
966 1716
968 585
970 2539
972 2559
972 4227
976 5164
979 6250
988 3894
992 3210
994 6363
998 5107
999 6522
1011 877
1012 4229
1020 3154
1020 4986
1028 4904
1029 4523
1030 105
1031 3632
1034 873
1041 6326
1044 1346
1049 2367
1060 2977
1064 624
1065 5454
1069 4737
1071 4352
1072 3772
1075 619
1076 4302
1080 4625
1081 2199
1081 5573
1085 2837
1085 4472
1094 3716
1095 825
1095 1955
1097 2832
1098 3933
1106 4117
1106 4491
1108 4798
1109 3015
1109 3384
1109 3628
1112 404
1112 6355
1116 2945
1117 3612
1117 3761
1117 5926
1118 4182
1119 5490
1123 6135
1126 3987
1130 1117
1143 4577
1144 3254
1145 1366
1146 308
1156 2478
1159 172
1159 3247
1161 1759
1162 5992
1170 5747
1171 428
1171 5381
1172 71
1172 1422
1173 4696
1173 5031
1177 105
1187 5849
1191 4353
1196 3098
1197 4057
1199 5492
1203 151
1204 1385
1204 4607
1209 1836
1209 3464
1212 2554
1213 2530
1213 5758
1219 1380
1230 6436
1234 4824
1237 3125
1239 827
1240 1448
1242 3981
1246 4446
1251 682
1253 4299
1254 1348
1254 2115
1264 2606
1267 3294
1270 1916
1274 1341
1279 6358
1281 1859
1285 6021
1289 102
1292 5745
1295 3143
1295 5532
1299 4106
1304 4105
1307 2983
1312 1132
1313 388
1316 2510
1322 1226
1324 622
1325 2017
1326 2041
1326 3208
1326 4818
1328 5155
1349 4587
1351 5656
1352 3438
1353 495
1355 746
1357 463
1357 1574
1359 6061
1367 1598
1368 5185
1373 166
1374 3671
1375 1206
1379 726
1382 4129
1383 2677
1383 3257
1386 3805
1389 2956
1391 3116
1393 5374
1399 5180
1401 1162
1401 3119
1402 174
1405 1328
1410 4316
1410 4429
1422 4662
1423 2200
1427 1300
1428 3198
1432 5068
1433 1736
1435 3486
1438 1364
1438 6553
1440 2075
1440 6485
1442 4818
1448 5830
1450 3911
1453 1816
1454 2045
1455 2201
1456 127
1462 4629
1465 5912
1470 5723
1472 6286
1476 4008
1478 2349
1480 3119
1480 3546
1480 4310
1481 1196
1481 4262
1486 1528
1486 6253
1487 3360
1488 2852
1499 1294
1500 3332
1504 6455
1512 6350
1514 6080
1516 4723
1520 3280
1520 3502
1520 5593
1522 575
1522 3376
1523 1275
1524 5781
1528 3321
1528 5268
1531 3758
1531 6512
1532 2825
1533 6074
1537 4715
1540 6574
1541 5751
1549 4038
1551 1304
1555 4956
1556 324
1557 2575
1557 3307
1561 2722
1561 6033
1566 6368
1571 1334
1571 5415
1575 2507
1579 3105
1582 3309
1582 4153
1583 1768
1583 2668
1584 747
1584 3478
1587 2359
1590 3228
1607 4273
1609 561
1613 28
1617 6317
1623 2006
1624 3184
1629 2224
1629 2499
1633 5896
1634 2065
1635 4854
1639 4641
1646 354
1647 1015
1647 2458
1650 167
1652 2614
1656 1341
1656 3698
1657 6319
1659 4069
1661 5366
1662 6430
1664 6509
1666 1469
1667 1312
1668 5697
1671 4730
1673 4309
1680 5331
1685 3609
1690 5662
1691 6516
1693 3532
1696 1925
1704 6243
1708 4130
1709 1220
1709 5562
1711 4662
1714 2095
1714 3099
1716 1057
1716 2619
1717 6158
1718 1417
1727 3735
1728 2388
1729 3394
1731 108
1733 5369
1734 66
1739 6413
1741 504
1742 4445
1749 863
1752 1377
1753 4150
1753 4390
1754 4247
1755 4555
1756 3200
1758 2702
1762 846
1764 3143
1766 5903
1767 69
1767 5743
1770 843
1772 6523
1775 796
1777 305
1778 1182
1779 1801
1779 3600
1786 5672
1787 5081
1789 3161
1795 2189
1797 2656
1799 3855
1803 5029
1805 2513
1805 6342
1812 6354
1814 4377
1815 2869
1818 6528
1828 6073
1830 2442
1830 5959
1835 5911
1839 644
1843 4992
1846 5469
1846 5752
1847 2369
1849 604
1857 1701
1857 6113
1861 6575
1862 3859
1871 460
1873 282
1875 392
1875 3286
1876 4208
1876 4766
1880 2999
1891 303
1895 1087
1896 1926
1897 2216
1905 671
1909 422
1912 107
1912 6117
1913 6262
1918 4634
1920 5494
1921 3846
1930 3022
1931 1486
1944 5352
1948 1290
1949 1630
1949 6030
1951 819
1951 3981
1963 857
1972 624
1974 696
1976 1525
1977 490
1977 2415
1979 5
1979 6255
1986 1105
1989 240
1989 382
1989 5034
1990 3532
1994 2474
1999 4767
2000 2608
2000 2949
2000 3348
2000 5084
2002 1414
2003 701
2003 6343
2004 1740
2004 3731
2008 1604
2010 4058
2015 2937
2020 1989
2022 2244
2023 5641
2026 5571
2030 1920
2038 1685
2039 4666
2039 5412
2040 4669
2047 93
2047 4903
2051 4114
2052 5238
2053 3088
2054 5722
2056 1170
2061 4535
2063 4836
2079 1032
2082 5897
2085 5142
2087 101
2088 2208
2091 5554
2093 1282
2095 2594
2099 4679
2100 5991
2101 2720
2101 5312
2102 1009
2104 1894
2105 1065
2106 2127
2113 1340
2122 1271
2124 2428
2126 4795
2130 1013
2130 4586
2138 1288
2140 934
2144 3406
2148 490
2149 716
2149 3176
2150 6171
2151 1393
2152 3793
2156 2968
2165 3870
2166 6113
2171 2497
2174 232
2181 20
2186 1700
2191 17
2191 2831
2194 2225
2194 3990
2195 4687
2195 5865
2204 2245
2204 3368
2204 4229
2208 4239
2212 5876
2221 3667
2225 3426
2227 2799
2227 5614
2234 4522
2238 1295
2240 1065
2240 4999
2241 5448
2243 326
2250 3251
2254 5070
2255 3683
2256 5562
2261 6080
2264 5491
2265 2109
2266 3494
2266 6016
2267 1125
2268 3783
2269 4156
2273 446
2274 5018
2279 2615
2281 3702
2286 2633
2287 875
2288 2234
2291 5265
2293 397
2298 4106
2303 3872
2303 4923
2308 6064
2309 5314
2310 3326
2311 2570
2312 335
2313 4957
2314 6291
2316 6073
2320 4714
2322 2534
2324 4071
2325 1197
2326 1342
2331 3982
2333 1311
2334 477
2335 674
2335 4069
2336 1237
2336 2715
2339 5427
2342 4238
2345 5967
2346 1546
2349 1570
2349 3864
2351 852
2351 3624
2353 2037
2354 1077
2355 5751
2359 3568
2360 5135
2363 5057
2365 2791
2365 2888
2370 3909
2371 2957
2371 5399
2373 236
2376 6100
2378 427
2378 654
2378 6557
2380 2330
2381 4047
2391 2776
2391 5545
2395 2706
2395 3146
2396 4223
2398 2128
2403 1862
2405 5637
2409 1139
2409 6490
2410 6312
2417 3792
2427 2854
2433 2592
2433 4021
2438 2919
2442 2537
2443 1864
2444 4958
2445 3307
2446 860
2451 5078
2453 856
2453 4690
2457 664
2460 6324
2465 4905
2469 3427
2481 1778
2482 975
2484 5277
2486 4629
2503 4380
2506 1957
2506 2536
2507 2303
2507 5671
2508 1900
2508 3878
2511 6009
2514 4918
2515 5974
2520 2028
2522 5359
2531 1840
2532 3215
2533 622
2542 3918
2544 5204
2553 3676
2556 3300
2560 228
2561 2860
2562 4626
2567 5005
2572 6321
2573 4625
2578 2932
2580 365
2580 1188
2581 3263
2585 2525
2587 3894
2588 4326
2591 1366
2591 4402
2595 659
2597 2493
2599 6283
2601 4281
2605 4174
2607 5369
2615 3675
2618 513
2619 760
2620 2249
2623 4738
2626 3523
2628 273
2631 5058
2633 4964
2635 6082
2638 3282
2638 4945
2642 1474
2644 2947
2644 3314
2645 2491
2649 6180
2660 3460
2667 2110
2668 3101
2668 4275
2674 4272
2677 1050
2679 1552
2679 3135
2679 3921
2679 4955
2680 1604
2682 3571
2682 5066
2683 6169
2684 947
2687 6531
2694 2859
2695 2474
2708 4403
2708 4821
2713 6367
2714 1692
2716 4236
2718 288
2718 529
2718 3997
2722 2736
2728 5790
2732 813
2732 1170
2733 4952
2736 3461
2736 3544
2741 344
2741 2828
2742 273
2742 2860
2746 1190
2747 6546
2748 1406
2749 1634
2750 1478
2750 5060
2751 4476
2755 1209
2765 1879
2766 646
2774 4827
2775 5388
2776 258
2778 1602
2778 3704
2780 3603
2781 401
2782 202
2784 4582
2788 5434
2790 6276
2795 4408
2803 3576
2804 5551
2807 5495
2808 4594
2809 5279
2809 5524
2810 3463
2811 285
2815 657
2815 4728
2817 1991
2819 4909
2820 2250
2822 1865
2822 3855
2825 2016
2827 1188
2828 469
2830 5549
2832 6017
2836 4033
2836 6176
2839 5700
2840 3357
2854 65
2854 4010
2855 2212
2855 5240
2857 2468
2860 5720
2863 428
2863 3758
2864 3415
2865 375
2866 5142
2869 1015
2873 308
2875 4418
2881 4116
2881 4980
2889 2692
2892 4421
2894 5858
2899 3492
2900 2147
2901 4375
2904 2054
2911 2902
2914 1120
2919 5009
2919 6472
2920 6577
2922 4509
2925 6230
2937 1402
2938 6423
2943 1337
2943 4136
2944 2555
2947 3672
2948 2680
2948 2805
2952 1015
2953 5269
2964 3238
2964 3997
2971 2347
2971 3547
2971 4492
2972 2755
2973 3803
2975 5240
2981 1862
2983 1510
2990 3810
2993 3924
2995 5163
2996 2284
2996 3797
2996 6434
2998 1301
3000 2294
3006 4185
3014 258
3014 4235
3016 5027
3017 3987
3019 454
3025 3791
3026 1203
3027 858
3028 4645
3031 901
3036 3574
3036 3603
3042 1199
3047 1887
3060 6109
3061 4302
3064 3269
3065 3957
3069 4516
3076 3601
3078 4477
3080 153
3081 6069
3082 866
3091 2567
3092 2386
3093 685
3094 3687
3096 2663
3103 2201
3105 4200
3106 1395
3116 5271
3118 1418
3121 741
3124 2083
3127 1804
3127 4372
3128 2438
3138 1796
3138 6377
3141 5427
3142 5699
3153 5202
3153 6393
3159 6440
3162 584
3163 4551
3165 1097
3176 3942
3177 809
3179 5969
3181 4711
3182 2410
3185 5216
3186 1380
3187 3367
3191 833
3194 5108
3196 4492
3197 5932
3200 3284
3200 4803
3206 6169
3209 5117
3214 4931
3216 5729
3219 5019
3223 1898
3226 4974
3230 4288
3231 87
3238 352
3245 3861
3246 6065
3250 2428
3252 1281
3256 43
3260 6358
3272 1686
3276 429
3283 6002
3283 6105
3285 5030
3288 4781
3290 1795
3291 6506
3292 4537
3293 3632
3294 1899
3298 4259
3300 3794
3306 173
3306 2333
3310 6126
3313 3085
3314 5531
3318 2824
3321 3742
3321 5680
3322 6376
3324 5449
3326 2103
3327 6025
3328 5592
3331 48
3331 3211
3331 3803
3336 3378
3344 6453
3345 1999
3346 4870
3351 5789
3352 795
3355 4027
3361 1733
3370 3532
3371 3134
3373 1078
3376 4752
3378 3259
3378 3313
3380 3675
3382 770
3383 6104
3384 3671
3387 4267
3391 6161
3400 1896
3403 3831
3407 1213
3407 3789
3415 5617
3429 4224
3435 2993
3436 3400
3438 103
3441 1589
3441 5949
3442 1674
3445 3877
3456 3453
3460 1364
3462 4718
3466 4964
3467 3788
3468 4110
3469 2063
3471 137
3471 4257
3476 5410
3477 1074
3477 6101
3478 1309
3484 5232
3485 1105
3486 4069
3487 3810
3489 5984
3495 6360
3497 2534
3498 157
3501 3366
3505 3531
3506 2622
3508 5583
3509 996
3510 681
3512 6009
3516 5709
3518 6254
3522 3617
3523 6061
3525 227
3525 526
3529 5684
3531 3470
3531 5163
3532 3128
3537 5889
3538 2447
3540 6319
3543 2898
3545 3553
3548 5300
3549 3876
3555 4983
3555 5265
3556 1299
3556 4263
3558 3169
3562 1085
3566 315
3568 5100
3573 3125
3575 3697
3578 6210
3585 4275
3591 280
3591 2420
3592 4318
3596 1077
3597 3808
3599 687
3606 131
3607 1597
3609 2452
3617 3748
3618 2948
3622 584
3625 3350
3628 1151
3628 6400
3637 5326
3641 2962
3642 4260
3643 6445
3644 3896
3645 6164
3646 1140
3649 5551
3652 1629
3653 1222
3654 182
3656 4354
3660 2522
3666 1583
3669 3866
3670 6574
3671 3231
3671 4040
3674 2543
3675 4590
3678 194
3678 3767
3678 5590
3680 3567
3682 767
3683 1029
3685 4029
3688 2271
3688 2818
3689 988
3690 447
3696 4581
3697 507
3700 5368
3704 1953
3706 6511
3708 5270
3713 6207
3720 4952
3721 699
3723 6499
3724 4130
3725 2842
3729 3894
3730 6156
3731 41
3734 3243
3736 5274
3739 5998
3743 6557
3746 1403
3746 4298
3749 5033
3750 1781
3750 3559
3754 3004
3761 5354
3766 5579
3773 2063
3776 6388
3777 4946
3781 832
3782 3635
3782 5803
3784 261
3784 390
3784 5136
3795 4106
3795 5800
3796 1261
3797 529
3797 3787
3800 267
3800 3620
3801 5871
3803 727
3812 5943
3824 1478
3826 713
3827 5545
3831 6561
3835 3520
3839 1025
3840 5088
3842 3
3846 3556
3847 6223
3865 5240
3866 752
3867 6040
3868 6274
3871 5691
3872 5652
3874 4584
3875 4172
3877 4333
3885 1687
3899 4962
3903 911
3905 1158
3905 1425
3907 1596
3912 5499
3913 2063
3923 4807
3929 4109
3930 3976
3932 5300
3934 2686
3940 149
3940 4581
3943 1130
3947 1373
3949 787
3957 924
3962 1217
3963 3077
3963 4463
3964 211
3975 5238
3979 2955
3980 3466
3987 5537
3994 6222
3997 2300
3999 5268
4003 515
4004 3226
4006 30
4014 2992
4015 5775
4017 5870
4020 3487
4025 1744
4030 5774
4047 6312
4048 617
4049 353
4050 4207
4051 4658
4060 3033
4062 3920
4066 1738
4071 1001
4075 547
4076 3601
4085 5638
4090 2444
4092 5314
4093 347
4094 2679
4096 5602
4099 2777
4100 899
4101 1836
4102 4903
4103 2264
4105 4723
4106 3061
4111 1865
4112 4310
4114 1018
4114 2626
4118 4141
4120 6287
4123 1153
4123 4310
4124 2005
4125 5495
4126 3853
4130 5129
4140 5137
4143 3728
4150 2440
4152 3181
4153 6074
4155 366
4155 4893
4161 2100
4162 3139
4165 3664
4168 4946
4169 4940
4173 641
4174 1748
4175 3040
4175 5553
4175 6227
4177 3232
4179 4271
4184 228
4186 4962
4187 3141
4187 5208
4188 2497
4189 4888
4198 2071
4203 168
4204 770
4205 5596
4205 6035
4206 4496
4215 4535
4217 1734
4219 1186
4219 4921
4220 188
4226 5129
4231 2213
4232 1496
4238 1546
4240 4172
4240 5708
4244 4227
4245 3317
4245 5390
4257 1274
4257 1946
4259 2048
4263 1913
4270 1909
4273 1144
4274 2390
4275 5933
4277 2934
4279 1933
4280 3386
4283 3804
4288 570
4288 5400
4298 2571
4304 5992
4307 1858
4309 300
4312 2805
4316 692
4317 1211
4317 4085
4320 706
4320 4984
4322 6133
4330 3490
4333 625
4338 5827
4340 5256
4346 302
4353 1962
4356 4712
4359 956
4359 4703
4360 2024
4360 6194
4363 3355
4363 4376
4365 4502
4376 3439
4376 3660
4381 2538
4382 688
4382 4048
4385 4370
4387 3710
4389 2903
4393 1356
4396 2932
4397 5226
4399 226
4404 1369
4407 154
4411 1949
4412 485
4412 1384
4415 5111
4422 939
4428 6062
4429 2706
4431 4957
4434 2477
4436 5328
4436 5749
4437 5997
4438 2438
4438 6344
4438 6497
4439 1684
4442 2843
4446 4760
4451 3843
4457 3280
4458 6413
4459 1447
4469 5261
4473 333
4476 4397
4486 2525
4486 5685
4491 2446
4502 2464
4508 1549
4516 4448
4522 169
4522 320
4522 5967
4526 3338
4533 5319
4540 5605
4551 3254
4551 4941
4554 2585
4555 3344
4556 4550
4561 1186
4562 175
4562 4660
4571 1584
4574 762
4574 1027
4577 3469
4579 1385
4579 4497
4593 4072
4593 6520
4596 2689
4598 3621
4606 828
4607 1919
4618 5077
4626 737
4626 2717
4626 4620
4626 4711
4633 3903
4636 4023
4638 456
4639 2707
4642 5472
4644 2791
4650 280
4654 5052
4657 1911
4662 5473
4666 6295
4670 1203
4671 2963
4672 4366
4674 4555
4675 1289
4675 4400
4675 6432
4676 2149
4681 5552
4682 3056
4684 4250
4685 911
4685 2943
4690 3316
4692 436
4692 2877
4692 4093
4693 6171
4694 4875
4699 2482
4701 478
4702 5110
4704 4706
4705 4889
4710 879
4711 2075
4716 5364
4720 5144
4723 900
4724 2525
4726 4285
4726 6499
4729 1104
4730 211
4731 4232
4733 6304
4734 4912
4737 528
4740 1526
4740 4766
4741 4677
4741 4684
4742 2209
4742 4451
4743 511
4750 2531
4750 4925
4751 5572
4753 5931
4754 2406
4754 5889
4756 4488
4759 6363
4763 3003
4768 6464
4769 5203
4772 1334
4775 1411
4775 3109

