2926 4111 5370
1 1
1 964
1 3658
2 4057
3 2073
3 2912
4 3689
4 4034
5 1277
6 426
6 3058
7 709
7 961
7 2203
7 2505
7 3879
9 3703
10 3360
11 1216
11 1246
11 1385
11 2652
11 3935
11 3986
13 3855
14 1870
14 4007
15 2754
15 3387
16 1367
17 33
18 1435
19 29
19 1530
20 2401
21 2235
21 3341
22 709
22 2064
23 1521
23 1609
23 1940
23 2144
23 3563
24 2386
25 2761
26 2743
27 1699
27 1806
28 2135
29 1842
30 1400
30 1892
30 3516
31 1338
33 116
33 1630
33 2947
33 4079
34 3638
35 266
35 2355
35 2801
35 3089
35 3295
35 3639
36 310
36 1054
36 1215
36 1295
38 2304
38 3144
39 2791
40 199
40 1456
40 3466
40 4000
41 776
41 1296
41 1541
41 2138
42 1428
42 2415
42 2549
43 116
43 3436
44 117
44 846
45 2634
46 348
48 852
49 1007
49 2675
49 2853
50 2801
52 610
52 3623
53 1913
53 3540
53 4034
54 753
54 1335
54 3014
54 3615
55 730
55 1393
55 1535
56 13
56 368
56 643
56 1719
56 2649
56 2770
57 2142
57 3183
57 4085
58 1309
58 4063
59 3649
60 1140
60 1949
60 3107
60 3390
60 3881
61 3333
63 1828
63 2094
63 2368
63 4059
64 714
65 351
65 378
65 750
65 1669
66 357
66 768
67 289
67 474
67 701
67 1169
68 1181
69 1838
69 2549
69 3237
70 1400
72 559
72 761
72 1041
72 2690
75 2313
75 2593
76 3169
76 3864
77 57
77 2693
78 1661
78 1995
78 2606
78 3059
78 4066
79 4043
80 1467
80 1617
81 2150
81 3234
81 3630
81 3678
82 1580
82 2182
82 3568
82 3643
84 1762
84 2272
86 2268
87 3346
87 3514
88 3793
89 992
89 2041
90 1324
91 1550
91 1865
91 2562
92 554
92 3437
93 3830
94 2315
94 2817
94 2971
95 631
96 2246
96 2650
97 890
97 1437
97 1674
97 3787
98 4074
99 1095
99 2224
100 1339
101 950
101 1173
101 1775
101 4084
102 361
102 508
102 1944
102 3663
103 1618
103 3872
105 1415
107 3252
110 12
110 2587
111 1288
111 1893
112 681
112 1034
112 1200
113 1510
113 2957
115 331
115 2139
115 2576
116 2027
117 992
117 1386
118 701
118 1141
118 2701
118 3491
119 42
119 128
119 228
119 2139
119 3047
119 3204
119 3485
119 3661
120 3231
120 3550
121 3741
122 1749
122 3036
123 1928
125 211
125 2375
125 3163
126 687
126 2769
128 122
128 185
128 3525
128 3946
129 4013
130 213
130 1740
131 2146
131 3265
132 631
133 194
137 285
138 1065
138 1778
138 1928
138 3774
138 4041
139 108
139 1455
139 2183
139 3128
140 429
140 2078
140 3112
140 4004
143 2544
144 561
144 862
145 1348
145 3585
146 1168
146 1489
147 3161
147 3622
148 1290
148 2359
148 2509
148 3173
149 571
149 627
151 3901
151 4075
152 124
152 1523
153 44
153 405
153 1510
153 2319
153 3915
154 874
154 1167
154 3615
155 401
155 1691
155 2591
156 2381
157 1670
157 2720
157 3272
157 3362
157 3654
157 3956
158 978
158 3001
158 3796
159 303
159 2960
159 3053
160 484
160 1004
160 2279
161 315
161 3105
161 4110
163 180
163 2588
163 3780
165 1039
166 3822
166 3874
167 3493
168 3364
169 1633
170 92
170 610
170 1513
171 2172
171 3347
171 3448
172 2206
172 2978
173 717
173 1185
173 3176
174 208
174 3435
175 281
175 1632
175 3655
176 472
176 1228
177 1190
177 2240
178 104
178 1138
178 2220
178 3513
179 1101
179 1556
179 3277
180 689
180 3907
181 3676
182 758
182 2202
182 3731
183 3880
184 2545
184 2929
185 2077
185 3556
187 1039
187 3844
188 831
188 1259
188 2968
189 851
189 1540
190 1455
190 2024
190 2508
192 207
192 1468
192 3356
193 510
193 3259
193 3342
194 1869
195 196
195 1711
195 3580
197 160
197 594
197 810
197 2086
198 973
198 1144
198 1586
198 2490
199 3245
199 3555
199 3820
200 2266
200 3976
201 1067
201 3469
202 1645
203 2090
205 521
205 2761
206 62
207 1151
207 1338
207 2568
207 2692
207 3273
208 3581
208 3838
209 48
209 2085
209 2596
209 3439
210 3248
211 1003
212 1232
213 2688
213 3803
216 34
216 1310
217 1987
217 3837
219 624
219 784
220 247
220 861
221 31
221 3463
221 3932
222 1366
222 3473
223 2293
223 2516
224 503
225 2647
226 583
226 1307
226 4043
227 1434
227 2534
228 1501
228 3561
228 3894
229 2043
230 1708
232 421
232 3889
233 1205
233 2031
233 2929
233 3599
234 1273
234 2207
234 2499
235 1120
235 1743
235 3979
236 1804
236 2842
237 1998
239 642
239 2386
239 3275
240 238
240 826
240 3033
241 1392
241 3150
241 4100
242 1681
243 465
243 1353
243 1445
244 2987
246 691
246 2065
247 34
247 479
247 2392
248 2002
248 2016
248 2379
248 2589
248 2641
248 2886
248 4068
250 2850
251 450
251 1727
251 2564
251 3058
252 777
252 2306
252 2323
253 3176
254 2369
255 292
255 2334
255 3056
255 4033
256 1882
256 2937
257 1677
257 1691
258 1810
260 3511
261 1329
261 1806
262 851
263 2087
264 3133
265 939
266 942
266 1798
267 276
267 439
267 2570
267 3631
268 2606
269 3425
270 2645
270 2925
270 3418
271 1139
271 3218
272 739
275 2933
276 1928
277 3554
279 1466
279 1563
279 2466
280 1135
280 2845
280 3711
283 2865
283 3491
284 897
284 1675
284 3046
287 199
288 825
290 2602
290 3374
291 1864
291 3742
293 3678
296 1345
296 1826
297 2479
298 1075
298 2324
299 366
299 1059
299 3212
300 1115
300 2080
300 2151
300 2233
301 592
301 3348
302 2146
302 3843
303 1595
303 1787
303 2811
303 3963
304 451
304 1345
304 2677
304 3220
305 701
307 1470
307 2613
308 583
309 2622
309 3021
310 1119
311 69
311 1920
312 303
312 1271
312 2694
313 1429
314 398
314 1885
314 2797
314 3584
314 3768
317 2011
317 3354
317 3987
318 19
318 2307
318 2660
319 1589
319 3782
320 1313
320 1472
320 1985
320 3139
323 3135
324 803
325 2947
325 3830
326 643
326 1459
326 4001
327 631
330 479
331 1625
332 795
332 2754
333 1785
333 1967
334 2352
334 3982
336 2714
339 1198
339 1206
340 2214
340 3260
342 908
342 1254
343 1281
343 2082
343 2310
344 989
345 896
345 2016
345 2442
345 2577
345 4092
346 1018
347 838
347 1235
349 1853
349 2783
350 347
350 641
350 1353
350 1454
350 4096
351 580
351 2108
351 2288
351 3953
352 34
352 1188
352 2850
352 2865
353 1213
353 2982
353 3102
354 1023
356 331
356 1201
356 1203
360 1930
360 3021
360 3868
361 1325
361 2834
362 30
362 2477
363 787
363 2876
364 3996
365 1990
365 2842
365 4107
367 808
367 1107
367 2073
367 3514
367 3847
368 1235
368 1366
370 1642
370 4106
371 2057
372 1081
373 2422
374 927
374 2657
374 3523
375 3183
376 1973
376 3624
376 3669
377 3811
378 1040
378 2629
378 2692
379 2507
380 471
381 428
381 1762
382 3018
382 3290
383 481
383 2880
383 3903
384 800
384 2601
385 864
385 3425
385 3618
386 1757
388 1917
390 3941
391 1443
391 2802
392 2373
392 3585
394 1881
394 3041
395 186
395 1115
395 2157
397 263
397 347
397 1388
397 2294
397 2451
397 3278
399 2343
399 3805
401 1057
401 2839
401 3421
402 502
402 651
402 3203
403 290
404 2096
404 2584
404 3961
405 9
406 1190
406 2160
406 3136
406 3344
406 3448
407 340
408 359
408 509
408 1116
409 2832
410 1824
410 2015
411 641
412 989
412 1781
412 2200
412 2731
413 612
413 1240
413 1512
413 1853
414 667
414 2423
415 480
415 1042
415 2329
415 2841
415 3106
416 1846
416 2614
417 1023
417 1055
417 2165
418 3459
419 112
420 220
420 1343
421 304
421 1805
422 3527
423 2926
424 603
424 2595
425 2635
425 2857
426 65
426 3557
427 634
427 2683
428 1124
428 1168
428 2887
429 1083
429 2301
430 1603
430 2522
430 2916
430 3630
432 1409
432 2561
432 2896
433 668
433 2226
433 3363
433 3489
433 3857
433 4002
434 370
434 1750
435 1806
435 2012
435 3381
436 3314
437 2071
438 585
438 2768
438 3273
439 720
439 829
439 1292
440 1292
440 1426
440 1708
440 1862
441 624
441 2136
442 844
442 2284
443 692
443 1603
443 1647
443 1756
443 2018
443 2717
443 3194
444 753
444 2937
444 4011
447 2894
447 3589
448 436
448 1912
448 3180
449 1960
451 937
451 3313
452 194
452 214
452 272
452 2436
454 380
454 2236
454 3963
455 943
455 3465
456 3135
457 2950
460 627
460 1069
461 963
461 1226
462 215
464 417
464 1961
465 283
465 864
465 2966
467 2407
467 3254
468 808
468 2872
468 3453
469 663
469 1086
469 3375
469 3548
469 3692
472 338
473 1745
473 2731
474 740
474 1428
474 1440
475 2223
475 2980
476 222
476 1149
477 815
477 1138
477 1514
477 2690
481 1011
483 681
484 1648
484 4100
485 263
485 592
486 562
486 2726
486 3634
487 3106
487 3665
487 4050
488 3058
489 1206
489 1745
489 1801
490 315
490 1940
490 2787
490 3318
490 3381
491 617
492 166
492 3883
492 4077
493 1827
493 2325
493 3619
494 2588
494 3166
494 4109
495 379
495 975
495 2161
495 2784
495 4050
496 1816
496 3574
497 2088
497 3204
497 3598
499 1283
499 2498
499 2557
499 2990
500 1007
500 1557
500 1762
500 2175
501 442
501 3799
502 958
505 596
505 646
505 2907
506 855
507 987
507 1578
507 2671
507 4057
508 854
508 3379
508 3546
509 85
509 1113
509 1631
510 1646
511 809
511 1992
512 1906
513 905
513 1488
513 2761
513 3725
513 3817
515 2005
516 168
516 278
516 443
517 1406
517 2257
518 2714
518 2865
519 1155
520 61
520 1808
520 2676
521 3472
522 1044
522 1618
523 3047
524 177
524 1121
524 3691
525 1844
525 2356
527 1286
527 3279
528 376
528 2081
528 2978
529 3013
530 1715
530 2171
531 354
531 1343
531 4072
532 2009
532 2017
532 3659
533 410
533 1034
533 3737
534 3124
534 3386
535 2287
535 3096
536 3379
536 3712
536 3748
537 2095
537 3481
538 638
538 914
538 1107
538 2247
538 3911
539 5
539 1152
539 4099
540 1999
540 3501
540 3682
541 1150
542 2146
542 3632
543 492
543 1385
543 3458
543 4109
544 2265
545 2619
546 1054
546 1667
546 3654
547 272
547 2008
547 2658
548 15
549 553
549 3381
549 3518
550 2423
550 3475
551 3379
552 3795
553 846
554 799
554 1628
554 2104
554 3762
555 1153
555 1594
556 582
556 1287
556 1516
556 3994
557 494
557 1307
557 1742
557 3773
558 2165
558 2344
560 2115
560 3760
561 202
561 1782
561 2727
562 1221
562 2234
562 3172
563 1759
563 4051
565 546
567 1561
567 2140
568 2684
568 3160
569 835
569 1299
569 1681
569 2024
571 1547
571 3298
571 4055
572 3396
572 3715
573 2188
574 573
575 697
575 4045
576 2004
577 3491
577 3626
579 242
579 2289
580 75
580 1612
580 2595
581 476
581 916
582 895
582 2309
582 3324
582 3432
582 3618
583 345
583 1115
583 1406
583 1706
583 2320
584 1364
584 1451
585 255
585 813
585 3840
586 1063
586 3897
587 756
587 2749
588 265
588 1743
588 3813
589 3784
590 582
590 3566
591 2555
591 2565
592 496
592 2624
592 3901
593 3690
594 1730
594 3104
594 3883
596 3975
597 1298
600 1357
601 101
602 2419
602 2503
602 3290
603 543
603 2085
603 2195
604 234
604 642
605 650
605 3615
605 3714
605 3824
606 1912
607 204
609 1014
609 1728
609 2173
609 3740
609 4086
610 2611
611 2989
612 250
612 587
612 1600
613 549
613 1990
613 2264
615 1157
615 1549
615 1972
615 3779
616 553
616 2082
616 2792
616 3879
618 156
619 535
620 648
620 3894
621 1456
621 3857
622 3208
622 3624
623 949
623 2303
623 2411
624 2235
624 2377
624 3115
625 120
627 182
628 1029
628 3674
629 682
629 1574
630 686
630 1283
630 2869
631 1138
632 1928
632 2650
634 1783
634 2606
636 2018
636 2522
636 3751
637 350
638 405
640 256
641 170
641 4104
643 2314
643 2682
643 3654
645 3962
646 1896
647 1032
648 1421
648 2707
650 1949
651 1470
652 274
652 4111
653 1050
653 2496
653 3785
653 3804
654 3007
654 3903
655 2595
655 3375
656 1834
656 3949
657 1772
657 1859
657 2607
657 3260
657 3306
659 973
659 1529
659 2505
659 2943
660 529
660 1970
661 189
661 913
662 1157
662 1428
662 2336
662 2564
662 2609
663 1335
663 3392
664 1169
664 3498
665 1150
665 2630
666 1892
666 2165
666 2557
667 2140
668 1156
668 3857
668 3974
669 535
669 974
669 3639
670 1140
670 2742
671 2851
671 3083
671 3738
672 1417
673 182
673 2183
673 3520
675 1333
675 3027
676 504
676 2373
676 3230
676 3803
677 864
677 3062
678 2106
678 3074
679 428
679 2551
679 3433
680 1155
680 1725
680 3424
680 3469
680 3921
681 296
682 104
682 1105
682 1996
682 2302
682 2399
683 2017
684 2714
686 1080
686 1517
686 3315
686 3855
687 3006
687 3062
688 874
688 2539
689 2279
689 3045
690 2069
691 136
692 655
692 1818
692 2815
692 3909
693 1586
694 874
694 2095
695 2188
696 188
697 2134
697 2509
699 963
699 2468
700 1449
700 1870
700 1982
700 2567
700 3098
703 3726
704 1670
705 2902
706 402
706 2683
706 2686
707 6
707 1751
707 3420
708 2343
708 4088
709 3508
710 1181
711 594
712 132
712 3591
713 1119
713 1124
715 2884
716 3013
716 3715
717 2271
717 3521
717 4048
718 408
718 1774
718 3707
719 4100
720 837
721 1992
721 3717
722 337
722 1571
723 1472
723 1571
724 1739
724 2566
724 3920
725 504
725 1642
726 159
726 362
726 414
726 2715
727 131
727 164
727 546
727 1023
727 3218
728 3264
729 1421
729 1977
729 2021
729 4054
730 952
730 3684
730 3878
731 2681
731 3353
732 318
732 4073
733 4091
735 3626
736 2231
736 2390
736 2852
737 2281
738 683
739 1846
739 2477
739 2559
739 2660
740 3748
740 4090
741 1891
741 2018
742 944
742 1889
742 3673
743 310
743 2303
744 3681
745 3911
747 935
747 3796
748 1269
748 2763
748 2906
748 3661
749 255
749 610
749 1047
751 106
751 1016
751 1021
751 1715
751 1949
752 3642
753 2577
753 4066
754 950
754 1077
754 1159
755 2204
755 3503
756 727
757 746
757 3988
759 2196
759 3936
761 1238
762 1972
762 2706
763 1690
763 3484
764 413
764 745
766 1325
766 3421
767 849
767 1466
767 1783
767 1795
768 1301
768 2039
769 1098
770 297
770 2273
771 2251
771 3160
771 3635
772 1639
773 3372
773 3448
773 3898
775 2071
775 3684
776 698
776 995
777 972
778 344
778 3656
779 1727
779 2263
779 2793
779 2857
780 551
780 947
780 1193
781 948
782 812
782 3886
782 4042
783 1173
783 2752
784 1475
785 2326
785 2535
786 203
786 3005
786 3561
787 970
787 3599
789 1601
789 1712
789 2207
789 2829
791 1285
791 1600
791 3167
792 1775
792 2546
792 3707
793 3150
795 2930
795 3662
796 13
796 1964
797 140
797 471
798 1114
799 49
799 883
799 2289
799 2389
799 2971
799 3749
801 382
801 1460
801 2925
801 4012
803 587
803 1054
803 2324
803 2407
805 2718
806 544
806 2344
806 2990
806 3527
806 4079
808 704
808 2146
809 130
809 601
809 3853
810 2985
811 835
811 1654
811 4029
811 4069
812 3907
813 455
813 2498
813 3382
814 547
814 1288
814 1477
814 1547
814 2454
815 1284
817 1080
817 1524
817 3167
818 1281
819 3045
821 3950
822 2489
823 98
823 787
823 2031
823 2358
823 3382
823 3803
825 2688
825 2890
826 775
826 4026
827 1481
827 3847
828 1792
829 2054
829 2555
830 2411
831 2823
831 3055
831 3600
831 3747
832 644
832 751
832 3052
833 1534
834 40
834 532
834 797
834 1382
834 1502
834 2578
835 870
835 1674
835 3128
836 143
836 1597
836 2806
837 3260
838 1360
838 1502
840 1393
841 3764
842 2655
842 3030
843 1128
844 1674
844 3391
845 348
845 1142
846 235
847 80
847 3130
848 354
849 3039
849 3926
850 11
851 1346
851 2686
853 168
853 4089
854 340
854 609
854 1061
854 2067
854 3438
855 86
855 436
856 666
856 700
856 1085
856 2080
856 2803
856 2854
857 2089
857 2719
858 2706
859 769
859 1784
859 3415
859 3531
859 3978
860 845
860 893
860 3651
860 3974
861 1741
862 3649
865 1617
865 3509
866 310
866 4028
867 968
868 262
868 778
868 2920
869 1470
869 2120
869 3143
870 591
870 1406
872 996
872 2369
873 1007
873 2955
874 2603
874 3360
875 54
875 445
875 3199
876 1011
877 1746
879 520
879 3072
880 1553
881 2435
882 2988
883 3715
883 4010
885 2894
885 3346
886 307
886 652
886 1448
887 2933
888 822
888 2410
888 2666
888 3677
890 1248
890 1314
890 2370
891 19
891 1662
891 3334
892 68
892 739
892 851
892 3098
892 3145
893 1748
893 3474
895 1952
895 2422
895 2636
898 200
899 1108
899 1897
899 2237
899 3093
900 1408
900 2284
900 3617
901 3
901 3191
903 2661
903 4022
905 185
905 695
905 1649
905 2948
905 3979
906 1219
906 1525
908 1664
909 3515
910 462
910 3375
910 4097
911 124
911 3525
912 1135
913 3060
914 1002
914 2006
915 1141
915 2108
916 88
916 1944
916 2235
917 406
917 879
917 1537
917 2317
918 156
918 1581
920 3710
921 1627
921 2936
922 587
922 1805
922 3688
923 1595
923 2028
923 2158
923 3109
924 3153
926 212
926 1201
926 3797
927 123
927 1528
928 1771
928 3387
929 616
929 1960
929 2768
930 335
930 1721
930 3582
931 3327
932 686
932 3295
934 2215
935 137
935 904
935 3573
936 1634
938 3820
939 788
939 2922
939 4061
941 96
941 1966
943 746
943 1181
943 1515
946 1673
947 2273
948 341
948 1136
948 2563
948 2842
951 1199
952 1190
952 2665
952 3792
953 3930
954 1163
955 389
955 2515
955 3300
956 2909
957 1270
957 1422
958 1122
959 904
960 367
960 1448
960 1718
962 776
963 3017
964 490
965 874
965 2841
965 3539
966 1222
966 1914
967 10
967 174
967 3611
968 223
969 28
969 1800
969 3022
970 1671
971 544
971 3932
972 348
972 446
973 1589
973 2538
974 2336
974 3057
975 268
976 1570
976 3138
977 241
977 253
977 3884
979 3579
980 3037
980 3390
980 3721
980 3867
981 1091
981 1700
981 2627
982 1434
982 3863
982 3949
983 250
983 1834
983 2761
985 783
985 3672
986 1077
986 3294
987 2592
987 3787
988 441
988 2843
989 718
989 1203
989 1636
989 3324
990 1152
991 1528
991 2217
991 4086
992 2149
992 2319
992 2696
992 2882
995 247
995 4064
996 1381
996 2733
996 2883
997 2423
998 2378
998 2868
998 3902
999 2542
1000 2800
1001 2133
1002 457
1002 3555
1003 1194
1004 1949
1004 3308
1005 1681
1005 2940
1006 757
1006 1364
1006 2984
1007 1072
1007 2184
1008 2054
1010 3725
1011 928
1012 2
1012 1012
1012 1235
1012 3855
1013 970
1013 3927
1014 1911
1015 2686
1016 1290
1016 2424
1017 3615
1018 1
1018 15
1018 1944
1018 2699
1018 3198
1020 1880
1021 1186
1021 2744
1022 1491
1023 2431
1023 3478
1024 79
1024 2912
1024 3812
1025 3449
1027 211
1028 3622
1029 1336
1029 1877
1029 2821
1030 508
1030 1220
1031 2130
1031 3779
1032 1808
1032 2370
1032 3921
1033 965
1034 1956
1034 2925
1034 3390
1034 3556
1036 412
1037 2189
1038 690
1038 1214
1038 3284
1038 3537
1040 3441
1041 606
1041 610
1041 1603
1042 80
1042 238
1042 1072
1042 3993
1043 1334
1043 1362
1043 2005
1043 3422
1044 2094
1044 4032
1045 3408
1046 2610
1047 425
1047 1069
1047 2493
1048 616
1048 3078
1048 3422
1049 2355
1049 3726
1050 2047
1050 2930
1050 3776
1051 66
1051 1055
1051 2606
1053 1906
1054 1035
1055 1120
1056 839
1056 1382
1057 192
1058 961
1058 1210
1058 1697
1059 1188
1059 2378
1060 2738
1060 3407
1061 1721
1061 2724
1062 390
1062 3219
1063 2102
1063 2362
1064 1965
1064 2721
1064 3435
1064 3655
1065 864
1065 2191
1066 459
1066 1614
1066 1976
1066 3585
1067 1996
1067 3716
1067 3738
1069 3016
1070 1523
1070 2229
1071 166
1071 1983
1071 2896
1073 215
1073 2147
1073 3366
1074 423
1074 3411
1075 394
1075 1637
1075 3092
1075 4015
1077 2919
1077 3741
1078 3538
1078 3623
1079 609
1079 1457
1079 1696
1080 179
1080 888
1080 1688
1080 2361
1081 1571
1081 2459
1082 4009
1084 1242
1085 3458
1086 731
1086 3199
1086 3704
1088 1315
1088 2773
1091 411
1091 1459
1091 3288
1092 97
1092 1049
1093 1340
1095 34
1095 2918
1095 3183
1095 3593
1096 28
1096 3066
1096 3769
1097 3890
1097 3893
1097 4090
1098 449
1099 689
1099 2909
1100 3393
1100 3969
1100 4083
1100 4104
1101 17
1101 671
1102 192
1102 292
1102 768
1102 1519
1102 2810
1103 469
1103 605
1104 730
1104 2620
1105 968
1107 3959
1108 859
1110 820
1110 1501
1112 2680
1113 3962
1114 72
1114 632
1114 1004
1115 1418
1116 1682
1116 4054
1117 1056
1118 614
1118 1955
1119 293
1119 3206
1119 3965
1120 449
1120 628
1122 770
1122 3242
1122 3963
1123 3141
1124 198
1124 2396
1125 67
1125 541
1125 1222
1126 1630
1126 2021
1126 2085
1126 2502
1126 2677
1126 3083
1131 3853
1131 3968
1132 3398
1133 817
1133 1446
1133 1680
1134 4
1134 276
1134 922
1134 1205
1134 2991
1135 3133
1136 1088
1136 2992
1137 480
1137 1035
1137 1323
1137 3115
1138 479
1138 963
1138 2253
1139 3432
1140 3786
1141 49
1141 87
1142 220
1142 2590
1143 2317
1143 2326
1143 2598
1143 3204
1143 3635
1144 227
1144 3363
1144 3857
1145 806
1145 2285
1145 2630
1148 492
1148 1983
1149 251
1149 3347
1149 3829
1149 4028
1150 239
1150 1162
1150 2411
1151 3227
1152 1269
1153 2743
1154 2353
1156 2738
1158 108
1159 578
1159 2718
1160 1633
1160 1734
1161 133
1161 953
1162 51
1163 124
1163 3926
1164 2061
1164 2679
1164 2753
1164 3137
1164 3772
1165 32
1165 3042
1166 970
1167 1913
1168 2248
1169 749
1169 1608
1169 4072
1170 1457
1170 3307
1171 1740
1171 3677
1172 2880
1173 689
1173 2041
1173 2488
1174 1120
1175 2076
1175 2493
1175 2968
1176 616
1177 47
1177 2559
1177 3235
1180 1667
1180 2199
1181 3205
1182 2048
1182 3909
1183 2752
1183 3076
1184 18
1184 864
1184 2721
1184 2898
1184 3267
1185 295
1185 1447
1186 110
1187 1820
1188 1642
1189 1716
1190 3935
1191 574
1193 169
1193 1204
1193 2967
1194 3110
1194 3955
1195 282
1198 413
1198 2112
1199 580
1201 675
1201 1226
1202 2084
1202 2564
1203 935
1203 2572
1203 2690
1203 2869
1204 901
1204 3060
1204 3314
1205 1555
1205 3986
1206 1279
1206 3651
1207 365
1207 1758
1207 1894
1207 2308
1207 2354
1207 2423
1208 3202
1209 1034
1209 1489
1209 3987
1210 2363
1210 3329
1212 33
1212 261
1212 716
1213 2260
1213 3855
1214 3932
1215 1530
1215 1667
1215 2184
1216 4073
1217 2723
1217 3791
1219 60
1219 3429
1221 1416
1221 1490
1221 3567
1222 346
1222 2950
1222 3546
1225 2160
1227 487
1227 1867
1227 4075
1228 556
1228 1227
1228 1687
1228 2847
1229 461
1230 3374
1232 218
1232 1679
1233 2756
1234 1825
1234 2462
1234 3189
1234 3634
1234 3982
1235 2028
1236 1013
1236 1507
1236 1646
1236 2281
1237 664
1237 1930
1239 1875
1239 4098
1240 826
1240 1201
1240 1755
1240 2657
1240 2866
1241 1047
1241 1153
1241 3463
1243 1441
1244 887
1244 1593
1244 2000
1245 830
1245 1885
1246 3634
1247 2547
1247 3275
1248 811
1248 1695
1248 2691
1249 92
1249 1963
1250 2038
1250 2715
1252 35
1252 2229
1252 2490
1254 3002
1255 485
1256 236
1256 3602
1257 2581
1258 3297
1258 3446
1260 1913
1261 1777
1263 213
1263 2540
1263 2877
1264 700
1264 2506
1265 510
1266 1006
1266 1935
1268 1402
1269 453
1270 2947
1271 786
1271 2162
1271 2522
1271 3665
1272 2284
1273 662
1275 3829
1276 1185
1276 3152
1276 3515
1277 498
1277 1103
1278 346
1278 647
1278 3472
1279 989
1279 2004
1279 2838
1280 404
1281 3980
1282 3236
1283 1293
1283 3639
1284 2588
1285 1614
1285 2882
1285 3280
1286 927
1286 3551
1287 2120
1287 3797
1287 3881
1288 1495
1288 1719
1288 2952
1289 1132
1290 1736
1290 3101
1291 269
1291 1427
1291 3299
1293 703
1293 2465
1294 3480
1297 1137
1297 1578
1297 2348
1297 2929
1298 1754
1298 3930
1300 1991
1300 2557
1300 2853
1303 676
1303 797
1303 2261
1303 2920
1303 3067
1304 652
1304 1816
1305 2864
1305 3703
1306 290
1306 1192
1307 806
1307 2289
1307 2317
1307 2552
1307 2942
1307 3785
1308 1006
1308 1366
1308 1516
1310 1117
1310 1793
1311 777
1311 958
1311 3340
1312 3120
1312 3294
1314 2305
1314 3019
1315 358
1315 2732
1315 3034
1315 3085
1317 1870
1317 1973
1318 3941
1319 363
1319 3681
1320 1572
1320 3220
1321 1520
1323 3028
1323 3423
1324 580
1324 1100
1324 2074
1325 2706
1325 3574
1326 82
1326 2129
1326 2652
1326 3205
1327 1571
1327 2500
1327 2518
1327 2954
1328 936
1329 137
1329 391
1331 130
1331 989
1332 2287
1334 914
1334 2334
1335 392
1336 2360
1336 3246
1341 25
1341 2515
1342 3344
1343 855
1343 1102
1343 2527
1344 260
1344 2912
1345 548
1345 720
1345 2536
1345 2967
1346 1380
1346 1460
1346 2350
1346 2802
1346 3959
1347 373
1347 3529
1347 3808
1347 3846
1347 3953
1348 1030
1348 1896
1349 2557
1349 3204
1350 900
1351 342
1351 817
1351 2041
1351 3571
1352 2022
1353 1633
1353 2760
1353 4062
1354 1052
1355 2242
1355 2274
1355 3283
1356 3753
1357 1231
1357 3959
1358 3188
1358 3383
1359 704
1360 76
1360 358
1360 2389
1360 2736
1360 3154
1361 1487
1361 2014
1361 2964
1361 3272
1362 1302
1362 3165
1362 3734
1363 2544
1363 2746
1363 3673
1364 2902
1366 3994
1367 376
1369 3223
1370 2509
1371 545
1371 2503
1371 3170
1372 1998
1372 3401
1373 77
1374 1631
1374 3723
1375 1289
1375 1673
1376 2805
1376 3159
1377 2111
1377 3118
1378 1675
1378 2053
1378 2605
1379 544
1379 2271
1380 241
1381 1976
1381 3034
1382 2474
1383 352
1383 2023
1383 2512
1384 877
1384 2240
1384 3123
1385 3782
1386 2152
1386 2888
1386 3651
1386 3757
1388 1013
1388 1156
1389 2277
1391 2625
1392 1462
1392 2980
1392 3050
1393 1402
1393 3865
1394 2805
1394 2976
1395 4000
1396 1381
1397 3360
1398 1704
1399 678
1399 2198
1399 2729
1399 3131
1399 3331
1400 998
1400 3214
1402 123
1403 939
1403 2914
1404 427
1404 681
1404 2289
1405 1775
1406 818
1407 2654
1408 1786
1409 1430
1410 1386
1411 2664
1412 368
1412 714
1413 1676
1414 1225
1414 2075
1414 3777
1415 836
1416 1683
1416 2380
1416 2724
1417 1748
1418 2992
1418 3263
1420 1682
1422 981
1422 3136
1422 3203
1423 4108
1425 1515
1425 3229
1425 3687
1427 356
1427 1964
1427 3045
1427 3177
1427 3544
1427 4031
1428 2762
1429 233
1430 888
1431 1116
1432 1171
1433 111
1433 1927
1433 2178
1434 1483
1434 2164
1434 3744
1436 1108
1437 875
1437 1918
1438 2745
1439 2293
1440 2019
1441 460
1442 1298
1445 1532
1447 1960
1448 1738
1449 1365
1449 1755
1449 2018
1449 2396
1449 2563
1449 2616
1450 317
1450 1191
1450 3818
1451 281
1451 2610
1451 3695
1452 82
1452 534
1452 1539
1452 2248
1453 1838
1454 1330
1454 2450
1455 968
1455 3123
1456 562
1456 1989
1456 2314
1456 3396
1457 2267
1457 3237
1457 3320
1457 3530
1459 714
1459 2190
1459 3979
1460 2147
1460 3574
1460 3868
1461 2722
1461 4068
1462 577
1462 2493
1462 3298
1463 1476
1463 1701
1463 1710
1464 1710
1465 1281
1466 635
1466 915
1466 1282
1467 35
1467 750
1467 1870
1469 1102
1469 1969
1470 1038
1470 3315
1472 1498
1472 2113
1472 3643
1473 2566
1474 3207
1475 237
1475 1791
1475 2276
1475 2311
1476 912
1477 1200
1477 3108
1478 1073
1478 1845
1478 2193
1478 2835
1479 1607
1479 1884
1479 3794
1480 1853
1481 323
1482 2281
1483 2023
1484 1200
1484 1793
1485 2200
1485 3276
1486 629
1486 3032
1487 2678
1488 817
1489 3084
1489 3640
1490 331
1491 198
1491 3868
1493 391
1493 575
1493 916
1493 1471
1494 2251
1495 183
1495 3739
1496 2624
1498 1738
1498 2888
1500 3441
1501 2944
1502 2415
1502 2991
1503 57
1503 62
1503 318
1503 1330
1503 1912
1503 2953
1504 1954
1504 2148
1505 2610
1505 2996
1506 400
1506 531
1506 861
1506 3324
1506 3351
1507 1426
1507 2383
1508 829
1508 3111
1509 514
1509 586
1509 2034
1510 1561
1511 2436
1511 3858
1512 964
1513 442
1513 2165
1514 1318
1514 2931
1514 3849
1515 838
1515 2847
1516 3276
1517 479
1517 1109
1517 2619
1518 1950
1518 2097
1520 1515
1521 840
1521 848
1521 2118
1521 2351
1522 919
1522 2143
1523 2954
1524 930
1524 1087
1524 1367
1524 2153
1524 3529
1524 3767
1525 813
1525 1601
1527 1954
1527 3712
1528 3002
1528 4079
1529 2723
1530 3209
1530 3903
1530 3998
1531 1668
1531 3143
1532 2081
1533 2970
1533 3505
1534 339
1534 854
1535 1306
1535 3174
1536 1202
1539 2423
1539 3973
1540 1115
1540 2297
1541 1407
1541 2922
1541 2942
1542 552
1542 1233
1542 1849
1543 1027
1545 21
1546 2932
1546 3864
1547 1530
1547 1835
1548 206
1549 229
1549 2486
1550 2547
1550 2784
1550 3773
1550 3774
1550 3870
1551 136
1551 1268
1551 3392
1552 3695
1553 2
1553 116
1553 328
1554 1113
1554 1346
1554 1512
1554 3555
1554 3576
1555 926
1555 935
1555 3168
1555 3901
1556 223
1557 271
1557 3272
1558 590
1558 1161
1558 2859
1558 2925
1559 1886
1559 3348
1559 3419
1560 2537
1561 1382
1561 2514
1562 2637
1563 1202
1563 2163
1564 2073
1564 3276
1565 385
1565 1191
1565 2291
1566 949
1566 1141
1566 1418
1566 2819
1566 2980
1566 3220
1568 20
1568 196
1569 231
1569 3872
1571 547
1571 1143
1571 2559
1572 123
1572 1072
1572 3907
1573 3793
1574 2390
1575 3803
1575 3898
1576 2730
1577 657
1577 1361
1577 2596
1577 3773
1577 3951
1579 10
1579 3168
1580 1489
1580 3992
1581 763
1581 1006
1581 1191
1582 147
1582 930
1582 2597
1582 2881
1582 3305
1584 825
1584 874
1584 1133
1584 4007
1585 2606
1586 1384
1586 1723
1587 913
1587 1334
1587 1801
1587 3478
1588 419
1590 731
1590 2447
1592 2708
1594 1403
1594 2481
1595 1349
1595 2923
1596 1200
1597 1308
1597 2587
1598 505
1598 3057
1599 1004
1599 3317
1601 1563
1601 1654
1601 3696
1602 709
1602 966
1602 1294
1602 1497
1602 3269
1602 3891
1603 929
1603 2503
1603 3403
1604 1411
1604 1871
1605 972
1606 650
1606 1437
1606 2797
1606 2936
1606 3708
1607 1622
1607 2363
1608 645
1609 810
1609 821
1609 3995
1610 2651
1610 3485
1610 3962
1611 3652
1612 1172
1612 1495
1613 1933
1613 2663
1614 1755
1614 2222
1615 1112
1615 1337
1615 1709
1615 1888
1615 3391
1616 702
1617 1900
1617 2897
1617 3094
1618 908
1619 60
1619 596
1620 1055
1620 2195
1620 2708
1621 582
1621 3219
1623 2848
1624 21
1624 3258
1624 4088
1625 3408
1625 3999
1626 508
1628 436
1628 2455
1630 716
1630 2540
1630 3710
1630 3816
1631 2115
1631 3275
1631 3381
1632 1952
1632 3132
1633 2021
1633 2777
1633 3324
1634 1839
1634 2360
1635 2807
1636 252
1636 2766
1636 3125
1636 3655
1637 377
1637 839
1637 2086
1639 662
1639 1703
1639 2633
1640 24
1640 3984
1641 3596
1642 655
1642 1666
1642 3704
1644 357
1644 1135
1644 2602
1645 1797
1645 3737
1647 3845
1648 2580
1651 148
1651 1623
1651 2033
1651 2228
1651 2687
1651 3824
1651 3972
1652 442
1652 2957
1653 1885
1653 3179
1654 9
1654 1578
1654 2232
1654 4066
1655 97
1655 1142
1655 2278
1655 3138
1655 3479
1656 637
1656 3866
1657 1357
1658 2785
1658 3853
1659 3579
1660 644
1660 1023
1660 1748
1660 1900
1661 173
1661 1811
1661 3475
1662 786
1662 1507
1662 3909
1663 832
1664 3221
1665 102
1665 797
1665 2710
1666 281
1666 1487
1667 59
1667 224
1667 1490
1667 1971
1667 2352
1668 911
1668 2287
1668 2446
1669 1561
1669 3805
1670 1125
1671 2312
1671 2862
1671 3559
1671 3832
1672 611
1672 2391
1673 2325
1673 3622
1673 3663
1675 2373
1675 3157
1676 594
1677 391
1677 3471
1678 500
1678 3383
1681 1913
1682 1558
1683 1067
1683 4082
1685 495
1685 1533
1686 147
1686 987
1686 3167
1687 677
1687 2336
1688 1210
1688 1904
1688 2058
1688 3323
1689 3765
1690 2989
1691 811
1691 1060
1691 2313
1691 4036
1692 339
1692 3346
1694 237
1694 1495
1694 2773
1696 3656
1697 2027
1697 2903
1698 863
1698 3505
1699 2888
1700 456
1700 1742
1702 3741
1703 1740
1703 1989
1705 4038
1706 1110
1706 3734
1707 1927
1707 3698
1707 3988
1708 1260
1708 2019
1709 3070
1710 563
1710 2583
1712 226
1712 1750
1712 3267
1712 3816
1714 3521
1715 1423
1715 2696
1715 2821
1716 889
1716 3431
1717 880
1718 1764
1721 1236
1722 431
1722 2280
1722 3040
1722 3250
1723 3430
1723 3844
1724 2030
1724 2341
1725 2235
1727 1691
1727 2907
1727 3124
1727 3483
1730 3110
1730 3407
1731 1202
1731 3078
1731 3581
1732 3812
1733 1888
1734 2828
1738 1838
1739 1375
1739 2756
1739 3806
1742 3964
1743 3326
1744 1455
1744 2184
1744 2700
1744 2793
1745 1020
1745 1466
1745 2749
1747 2013
1749 3705
1751 854
1752 639
1752 3633
1753 93
1753 308
1753 3261
1754 2455
1754 3071
1755 843
1756 2969
1757 173
1757 2559
1758 586
1758 816
1758 3788
1759 1436
1759 3056
1760 27
1762 3957
1763 1441
1763 2312
1763 3341
1763 3401
1763 3961
1764 3699
1765 3676
1766 2783
1766 3767
1767 2624
1768 1875
1768 4109
1769 3238
1770 560
1770 2857
1770 3169
1770 3827
1772 476
1772 732
1772 3489
1773 3896
1774 1711
1774 3029
1775 538
1775 2469
1776 189
1777 1941
1777 2795
1778 1183
1778 3822
1780 203
1780 1150
1780 2391
1782 476
1782 611
1782 3139
1784 713
1785 1495
1785 2938
1786 526
1787 660
1787 1285
1788 3617
1788 3670
1790 240
1790 2095
1791 197
1791 1326
1791 4009
1792 1168
1792 1900
1792 2978
1793 1811
1794 245
1794 628
1795 556
1795 3283
1796 3145
1797 1758
1797 2704
1797 3464
1798 3363
1799 938
1800 2302
1800 3654
1801 1756
1801 1880
1801 2742
1802 628
1802 1084
1802 2682
1802 3123
1802 3846
1803 9
1803 557
1805 2297
1805 2901
1807 1013
1808 3694
1809 2231
1809 3478
1810 3045
1810 3830
1811 882
1813 847
1814 346
1814 433
1814 1276
1814 2164
1815 223
1815 524
1815 1172
1815 2312
1816 276
1816 843
1816 2200
1816 3589
1817 2933
1818 1347
1818 2644
1819 1713
1819 2159
1820 2434
1821 557
1821 2054
1821 2187
1823 1227
1823 1384
1823 3508
1824 3002
1825 2376
1826 2045
1827 136
1827 342
1827 753
1827 2090
1827 2158
1827 2755
1827 3043
1827 3531
1828 855
1828 2971
1828 3229
1829 2049
1829 3624
1830 825
1830 2891
1831 1986
1831 3731
1831 3811
1832 579
1833 2199
1833 2616
1833 3221
1834 2977
1834 3101
1837 3785
1838 3555
1839 1060
1839 1242
1839 1488
1840 1946
1841 1076
1841 1818
1842 1400
1843 1762
1843 1994
1843 2450
1844 236
1844 2948
1844 3602
1846 472
1846 1498
1847 537
1847 2637
1847 2900
1850 3851
1850 4028
1851 400
1851 1111
1852 1295
1852 3602
1853 3807
1854 2013
1854 2023
1854 2238
1854 3462
1855 1716
1855 2307
1857 1248
1859 2352
1859 2620
1860 1307
1861 2318
1862 1020
1862 1095
1863 505
1863 2537
1863 2751
1864 1970
1867 841
1867 3072
1868 790
1868 1234
1869 3294
1870 967
1870 1978
1871 1803
1872 1023
1872 2415
1872 2739
1872 3689
1873 844
1875 2516
1875 3477
1876 268
1876 1162
1877 1808
1877 3388
1879 894
1879 1364
1879 2651
1879 3333
1881 1678
1881 2118
1882 3844
1885 3340
1886 90
1886 391
1887 3477
1889 178
1889 3198
1889 3392
1889 3418
1890 1865
1890 2157
1890 2378
1890 2581
1890 2745
1890 2842
1890 3280
1891 92
1891 2091
1891 3566
1892 156
1892 509
1892 2006
1892 3035
1893 242
1893 1744
1893 2490
1893 2556
1893 3451
1894 2593
1895 4024
1896 2781
1896 2910
1897 367
1897 2642
1900 81
1900 1077
1901 2024
1902 308
1902 1470
1902 2124
1903 3834
1904 173
1904 1901
1904 4056
1905 736
1905 1202
1907 3092
1908 397
1908 2893
1909 1611
1909 2699
1912 837
1912 991
1912 2198
1912 2622
1912 3301
1913 280
1913 406
1913 518
1914 1203
1914 1980
1915 74
1915 3089
1916 2175
1916 3661
1917 828
1917 1286
1917 1469
1918 1354
1918 2053
1918 3778
1918 4063
1919 448
1919 897
1919 1784
1919 3996
1920 3663
1922 693
1922 2407
1927 9
1927 3360
1927 3706
1928 3255
1929 3927
1930 465
1930 547
1930 2762
1931 125
1931 994
1931 1850
1931 3967
1933 1741
1933 2707
1933 2854
1934 402
1935 261
1935 263
1936 702
1936 2285
1936 4110
1937 652
1938 1010
1938 2082
1939 3448
1941 3891
1942 3030
1942 3786
1942 3834
1944 1799
1945 3983
1946 345
1946 732
1946 2144
1947 2317
1949 1956
1950 676
1951 831
1951 1642
1952 3647
1952 3747
1952 3912
1953 964
1953 2998
1953 3627
1955 26
1955 1197
1955 1829
1955 2098
1955 3304
1955 3671
1956 2164
1957 21
1957 509
1957 1578
1957 2365
1957 2974
1957 3970
1958 972
1958 1367
1958 2045
1958 2091
1958 2468
1959 2642
1960 3026
1961 1759
1961 3022
1961 3096
1961 3697
1962 1140
1962 2121
1963 3642
1963 4050
1964 670
1965 248
1966 2085
1968 2594
1969 1636
1969 3009
1972 422
1972 863
1972 2594
1972 3862
1974 648
1974 2843
1975 1664
1975 2458
1975 3732
1976 232
1976 742
1976 1857
1977 321
1977 1629
1977 2493
1977 3268
1977 3932
1978 602
1979 3240
1979 3950
1980 4021
1981 2568
1982 3231
1983 1318
1985 1548
1985 3425
1985 3862
1985 3875
1986 3169
1986 3421
1986 3530
1987 1886
1987 2041
1987 3224
1991 894
1991 1341
1991 1707
1993 315
1993 1994
1993 3536
1994 1630
1996 3788
1997 3724
1998 2353
1999 2396
1999 2514
1999 3595
1999 3693
2000 2683
2001 3402
2002 111
2002 2237
2002 3106
2002 4096
2003 795
2004 2594
2004 3356
2005 1674
2005 3498
2006 2076
2006 2886
2007 1303
2007 1603
2007 2450
2008 183
2008 2110
2008 2685
2009 3263
2010 162
2010 940
2010 1538
2010 2345
2010 2635
2011 1154
2012 1736
2012 2451
2012 3420
2013 2835
2014 931
2015 1681
2015 3551
2015 3929
2016 485
2016 748
2016 2904
2016 3491
2016 3727
2017 449
2017 1322
2018 217
2019 510
2019 2557
2019 2623
2019 3048
2020 57
2020 2211
2021 1736
2021 3028
2022 837
2022 2917
2022 3546
2023 135
2023 1669
2023 2961
2024 2847
2025 2094
2027 1304
2028 822
2029 1525
2030 3865
2031 274
2031 759
2033 1643
2033 2234
2033 3441
2034 34
2034 1369
2034 3378
2034 3892
2036 1027
2037 3588
2039 3887
2040 809
2041 2323
2042 361
2042 3943
2044 118
2044 233
2045 972
2045 1705
2045 3551
2046 1212
2046 2639
2047 874
2047 2467
2048 539
2048 2672
2048 3043
2050 90
2050 2032
2051 1809
2052 2816
2052 2905
2052 2926
2052 3579
2053 3437
2053 3496
2054 166
2054 2560
2055 3393
2055 3649
2056 1711
2057 208
2057 2302
2057 2427
2059 960
2059 3596
2059 4103
2060 1229
2061 127
2062 1170
2062 1448
2062 2122
2063 1085
2065 839
2065 2121
2067 506
2067 3379
2068 2625
2068 3601
2069 1682
2069 2619
2069 3161
2069 3890
2070 1082
2070 1488
2070 2515
2070 3055
2070 3576
2072 655
2073 3420
2075 3488
2076 2668
2076 3298
2077 594
2077 2213
2078 991
2078 2694
2079 1858
2081 198
2081 1060
2082 915
2082 1934
2082 2431
2083 2327
2084 660
2084 1622
2084 3108
2085 2519
2085 2621
2086 1512
2086 3645
2087 4005
2088 2381
2089 1358
2089 3327
2090 113
2090 115
2090 778
2090 887
2091 384
2091 2385
2092 1569
2092 3046
2093 633
2093 1691
2094 4067
2095 1561
2097 2083
2097 2431
2097 2645
2097 3672
2098 2358
2098 4084
2099 21
2100 1146
2101 1315
2102 2134
2102 2427
2102 2980
2102 3404
2103 1020
2104 764
2105 1889
2106 2570
2107 583
2107 2112
2107 2805
2108 3205
2109 424
2109 3614
2110 758
2110 1671
2111 570
2112 1443
2112 3933
2113 3268
2113 3813
2114 193
2115 485
2117 131
2117 882
2117 2281
2118 3985
2119 203
2119 434
2119 745
2120 2316
2121 314
2121 2066
2121 3998
2122 1861
2123 2017
2123 2424
2123 2543
2123 3234
2125 387
2125 3183
2126 403
2127 2439
2127 3155
2128 936
2128 2109
2129 1189
2129 3444
2129 3969
2130 3177
2131 1390
2131 2156
2131 3390
2131 3790
2132 375
2132 979
2132 2155
2133 1033
2134 454
2134 1864
2134 2011
2134 3860
2135 877
2135 2028
2136 3097
2136 3923
2137 1361
2137 3971
2139 541
2139 3495
2140 1700
2141 1118
2141 3944
2142 809
2142 1987
2143 2022
2144 92
2145 2674
2146 2222
2146 2525
2147 328
2147 1523
2147 1705
2148 1467
2150 2265
2150 2289
2151 3464
2152 1144
2152 2861
2153 806
2153 1590
2153 1808
2153 2963
2153 3902
2154 2458
2155 1675
2155 3245
2155 3297
2155 3552
2156 3595
2157 837
2157 2876
2157 2924
2157 3591
2158 138
2158 502
2158 1180
2158 1874
2158 3330
2160 141
2160 2895
2160 3201
2160 3528
2161 154
2161 2925
2161 3749
2161 3761
2162 140
2162 848
2162 2844
2162 3086
2165 3823
2166 2014
2167 1219
2167 1634
2167 3171
2168 930
2170 457
2170 2719
2171 671
2172 541
2173 256
2173 4015
2175 2314
2175 2343
2175 3559
2176 322
2176 1614
2176 2345
2177 3836
2179 1151
2180 3574
2180 3729
2181 2847
2182 548
2182 1036
2183 762
2184 1567
2184 3423
2185 1170
2185 1225
2185 3563
2186 72
2186 2132
2186 2398
2187 1256
2187 2559
2188 449
2189 1025
2189 1491
2190 955
2190 1350
2190 3040
2191 637
2191 1369
2191 3102
2192 945
2194 1979
2194 2354
2194 2685
2194 4006
2195 53
2195 3277
2196 1412
2196 2402
2197 1125
2197 3156
2198 502
2198 4048
2199 768
2199 3789
2199 3948
2202 2468
2203 142
2203 584
2203 2767
2203 3380
2204 285
2204 738
2204 1981
2205 1762
2205 3251
2206 1368
2206 1941
2206 2013
2207 774
2207 3705
2208 404
2208 807
2209 4037
2210 1854
2210 2636
2210 3396
2211 1161
2211 3824
2211 3976
2212 625
2212 875
2213 517
2214 1301
2214 3446
2215 3050
2216 1821
2216 1954
2217 1332
2218 1427
2219 859
2220 645
2220 970
2221 2525
2222 2579
2223 1028
2224 292
2225 1669
2225 3299
2228 1428
2228 1585
2228 1883
2229 438
2229 1953
2229 2993
2230 3348
2231 167
2231 1283
2231 3480
2232 1495
2232 3060
2233 499
2233 1887
2234 1263
2234 2358
2234 2446
2234 3119
2235 3515
2236 3921
2237 1524
2238 144
2238 267
2238 2610
2238 3184
2242 1745
2242 3844
2243 516
2243 2638
2243 3956
2244 2153
2245 2562
2245 3356
2245 3697
2246 2831
2247 1162
2247 1383
2248 3862
2249 1415
2249 3387
2250 475
2250 2641
2251 344
2251 1277
2251 3491
2252 1671
2252 2260
2252 2348
2253 624
2253 2938
2254 1462
2254 1550
2254 2816
2255 323
2255 3600
2256 2081
2256 2286
2256 2376
2256 3061
2256 3805
2257 215
2257 510
2257 2099
2259 710
2259 759
2259 951
2259 1118
2259 2574
2259 3165
2260 4100
2261 2399
2262 2040
2263 127
2263 1802
2264 1118
2264 1676
2267 2228
2267 2279
2268 2309
2269 1065
2269 1756
2270 1291
2270 2021
2270 3118
2271 1148
2271 3489
2271 3703
2272 203
2272 1888
2272 1890
2272 3621
2273 3329
2273 3330
2273 3750
2274 2033
2274 2092
2274 3707
2274 4009
2275 163
2275 192
2276 3286
2276 3693
2276 4020
2277 175
2277 324
2278 2463
2279 2915
2279 4108
2280 313
2280 886
2280 922
2280 1958
2281 3242
2281 3379
2282 51
2282 1888
2283 3750
2285 3016
2285 3530
2286 2497
2287 133
2287 1783
2287 2053
2287 2646
2288 177
2288 249
2288 1064
2288 2388
2289 1608
2289 3664
2289 3689
2289 3806
2289 3908
2290 740
2291 1898
2291 1910
2291 2569
2292 3331
2293 483
2293 1114
2294 2435
2295 793
2296 750
2296 2312
2296 2627
2297 386
2297 666
2297 1488
2297 2762
2298 1568
2298 1634
2298 2956
2299 553
2299 1853
2299 3049
2300 2366
2301 132
2301 418
2301 1576
2301 2193
2301 2235
2301 3909
2302 917
2302 1854
2302 2404
2302 3255
2302 4103
2303 228
2304 2465
2304 2965
2304 3901
2305 3057
2305 3844
2306 1945
2307 1324
2307 2102
2307 2256
2308 1835
2309 3738
2310 3738
2311 503
2311 1110
2311 1536
2311 2097
2311 2778
2312 697
2312 1122
2313 745
2313 3231
2316 2609
2317 439
2317 660
2317 3931
2318 295
2318 2504
2318 4039
2319 3089
2320 2115
2320 2771
2321 520
2321 1740
2322 172
2322 1619
2322 1717
2324 1510
2325 1052
2326 1326
2327 1154
2327 1463
2327 1850
2327 2794
2328 1316
2328 2892
2329 3342
2330 2510
2330 3103
2331 2609
2331 3220
2332 3031
2332 3371
2333 2410
2334 3759
2335 831
2335 1546
2336 299
2336 3582
2336 4058
2338 183
2338 782
2338 1244
2338 3358
2339 903
2339 1965
2340 154
2340 1767
2340 3022
2340 3645
2342 3527
2343 361
2343 1178
2343 4019
2344 452
2344 1113
2346 818
2347 2051
2347 2608
2348 3894
2349 3756
2351 2495
2352 1088
2352 1767
2352 3924
2353 2317
2354 1066
2356 549
2357 1107
2357 2280
2358 782
2358 944
2358 1306
2358 2483
2358 2597
2359 2233
2359 3079
2359 3116
2360 2408
2362 115
2362 684
2362 756
2363 634
2363 3753
2364 674
2365 1841
2365 2487
2366 3179
2367 705
2367 2822
2369 278
2369 3542
2369 3614
2370 1087
2371 1294
2371 2823
2372 771
2373 1315
2373 1948
2375 1279
2375 1773
2376 2497
2376 3270
2377 2357
2378 254
2378 2923
2378 4056
2379 1151
2379 1295
2380 442
2380 617
2380 620
2381 1472
2381 2280
2383 2990
2383 4046
2384 1671
2384 2779
2384 3194
2386 878
2388 477
2388 2669
2389 392
2390 49
2390 3796
2391 354
2391 1947
2391 3806
2392 1276
2392 3389
2393 2565
2394 775
2395 185
2395 3774
2396 877
2396 1673
2396 2909
2396 3365
2396 3994
2397 357
2397 1537
2397 2347
2397 2520
2397 2900
2398 3848
2398 3856
2400 3854
2401 503
2401 788
2401 3221
2402 813
2402 1336
2402 1854
2402 2407
2402 3708
2403 1038
2403 1288
2404 2571
2405 657
2405 2250
2405 3655
2405 4093
2406 667
2406 1806
2408 1970
2408 3679
2409 3221
2409 3588
2410 1900
2411 516
2411 3566
2412 351
2412 2392
2413 4037
2414 595
2414 737
2414 1632
2415 401
2415 747
2416 1522
2416 1789
2417 3030
2418 135
2419 269
2419 2147
2419 2685
2420 1190
2420 1289
2420 2522
2421 3013
2421 3557
2422 456
2422 519
2422 879
2423 341
2424 2172
2425 2023
2425 3820
2428 227
2428 1701
2428 3218
2429 237
2429 2369
2429 3174
2430 4000
2431 312
2431 2068
2432 61
2432 358
2432 801
2432 911
2433 465
2436 2702
2436 3729
2437 1199
2438 353
2439 1881
2439 3563
2439 3872
2442 823
2442 1998
2443 4062
2444 75
2444 1740
2444 3250
2445 3033
2446 171
2447 222
2447 675
2447 2017
2447 3233
2448 1310
2450 1407
2450 2671
2450 3543
2450 3587
2451 1964
2452 877
2454 1665
2454 2969
2455 212
2455 1424
2455 2696
2455 3740
2456 318
2456 664
2456 1484
2456 1522
2456 3713
2456 4080
2457 4094
2458 3888
2460 3692
2461 97
2461 1572
2463 1537
2463 2724
2464 3540
2466 2081
2466 2595
2466 3319
2467 596
2467 2593
2468 2877
2469 1154
2470 1585
2470 2159
2471 1736
2471 2854
2471 2986
2471 3482
2472 1720
2472 3121
2473 135
2473 676
2473 1054
2473 3871
2474 1652
2474 1798
2475 403
2475 2858
2476 213
2477 3803
2478 610
2478 1501
2478 1734
2478 2886
2479 523
2479 706
2480 831
2480 4104
2481 790
2481 919
2481 1182
2481 2027
2482 1165
2482 1382
2482 2763
2482 3257
2482 3266
2483 576
2483 3239
2484 2507
2484 3082
2486 444
2486 1434
2486 3841
2487 3873
2489 3322
2489 3678
2491 2192
2491 3307
2492 1596
2492 2819
2493 2730
2494 308
2494 662
2494 1822
2495 1776
2495 2301
2495 2566
2495 3588
2497 1767
2498 2608
2498 3643
2499 1916
2499 2393
2500 1980
2500 3709
2501 176
2501 534
2501 2673
2502 526
2502 1481
2502 3459
2503 496
2503 3682
2504 242
2505 926
2505 1612
2505 1688
2507 1376
2508 106
2508 1698
2508 3940
2509 1777
2509 2882
2510 326
2511 95
2511 3241
2513 1159
2513 2563
2514 135
2514 2333
2516 30
2516 568
2516 2928
2517 645
2517 2476
2517 3338
2518 1421
2518 1884
2520 1085
2520 1229
2521 996
2521 2728
2523 2292
2525 597
2525 2714
2525 2879
2526 827
2526 2895
2527 3055
2528 501
2528 1137
2528 2434
2528 3712
2528 3784
2529 2729
2530 269
2530 895
2531 3821
2532 1841
2532 3600
2533 10
2534 1051
2535 1887
2535 3661
2536 1628
2536 1664
2536 1779
2536 2033
2537 256
2537 1191
2537 1413
2537 3088
2537 3757
2538 676
2538 2978
2540 142
2540 1591
2540 1837
2541 263
2542 1569
2543 431
2543 1232
2543 1504
2544 1520
2544 2171
2544 2641
2546 1995
2547 1169
2547 3290
2548 209
2548 266
2549 3521
2550 2382
2550 2587
2551 2445
2552 1868
2553 163
2553 276
2553 3427
2553 4046
2553 4102
2554 1496
2554 3346
2554 3816
2554 3888
2555 1129
2555 1971
2555 2255
2555 3688
2556 1982
2557 2170
2558 959
2558 2264
2558 2276
2558 3866
2559 135
2559 1422
2559 2069
2561 806
2561 2721
2564 413
2564 546
2564 920
2564 1819
2564 3098
2565 31
2566 323
2566 3405
2568 3041
2569 1870
2569 1880
2569 2579
2569 3519
2569 3653
2570 3208
2570 3339
2573 1514
2574 3257
2574 3425
2575 3132
2576 2282
2576 3752
2577 1209
2577 1701
2577 1892
2577 3198
2578 449
2578 2119
2578 3860
2579 2064
2582 2871
2583 466
2583 613
2585 477
2585 3935
2585 4040
2585 4102
2586 1503
2587 13
2587 615
2587 1339
2587 3005
2588 3829
2589 756
2589 3164
2589 3926
2592 97
2592 1220
2592 3546
2594 2050
2594 2402
2596 1005
2596 2691
2596 2859
2596 3316
2597 2553
2598 2073
2598 2618
2599 454
2599 1761
2599 1991
2599 2802
2600 3838
2601 794
2601 2733
2603 1114
2604 1139
2605 1964
2605 3509
2606 64
2607 1227
2607 1560
2607 3552
2607 3647
2609 519
2609 2095
2609 4085
2610 1317
2610 1480
2610 1753
2611 392
2613 1491
2613 1630
2613 3507
2614 668
2614 2901
2615 1250
2615 2371
2616 3524
2617 1040
2620 310
2620 328
2621 2272
2622 3384
2624 1620
2625 1455
2626 711
2626 2059
2626 4103
2627 139
2627 1294
2627 2039
2627 2794
2627 3994
2630 1809
2631 3720
2632 301
2632 784
2633 2206
2633 3010
2634 286
2634 751
2634 3623
2635 1313
2635 2870
2637 421
2637 1994
2637 2674
2637 2974
2637 3911
2638 536
2638 1169
2639 946
2640 129
2640 866
2640 1170
2640 3470
2640 3661
2641 695
2641 1400
2641 2832
2641 3829
2641 3964
2643 2925
2644 210
2644 686
2645 77
2645 82
2645 896
2645 2893
2646 672
2646 2201
2647 3637
2648 1126
2648 3852
2648 4097
2649 3556
2650 2209
2650 2752
2650 3352
2652 245
2652 569
2652 844
2652 1844
2653 336
2654 1545
2654 2679
2655 1756
2657 298
2657 1710
2657 2135
2657 2439
2657 3783
2657 4076
2659 1157
2659 1281
2659 1599
2659 3927
2660 1678
2660 3303
2661 443
2661 1814
2662 1683
2662 2577
2662 3789
2663 1826
2663 2863
2663 3619
2664 1297
2664 2074
2665 1586
2666 548
2667 3533
2668 3735
2669 823
2671 576
2671 1494
2671 2740
2672 533
2673 520
2673 592
2673 1437
2673 1528
2673 1842
2673 2232
2673 2988
2674 68
2674 544
2674 1649
2674 2986
2675 3220
2676 998
2677 54
2677 2439
2678 198
2678 1222
2678 1232
2678 2648
2679 2473
2680 253
2680 2481
2681 2878
2681 2917
2681 3027
2682 933
2682 2486
2683 933
2683 2156
2683 3354
2683 3996
2684 1450
2685 1353
2685 2049
2686 2883
2687 2523
2688 3830
2689 3825
2690 896
2691 1466
2691 3207
2691 3371
2692 169
2692 4006
2692 4020
2693 1105
2693 1532
2694 414
2694 1832
2695 1659
2695 3492
2696 3108
2697 541
2697 766
2697 1490
2697 3062
2697 3220
2697 4033
2701 521
2701 1463
2701 2180
2701 2708
2702 761
2702 914
2702 2725
2702 3748
2703 3868
2704 2880
2704 3665
2705 982
2705 2148
2705 2736
2705 2892
2705 3207
2706 1324
2706 3764
2707 117
2707 3052
2707 3083
2707 3933
2709 1158
2710 1012
2710 1392
2710 2920
2711 1377
2711 2444
2711 3336
2711 3443
2712 1451
2712 3484
2712 3731
2713 469
2714 3318
2714 3520
2715 861
2715 2800
2715 2976
2715 3845
2716 754
2716 2448
2717 3040
2717 3044
2718 3432
2719 2160
2720 3946
2721 893
2721 969
2721 2163
2721 2232
2721 2700
2721 3350
2722 85
2723 2584
2724 402
2725 3304
2726 137
2726 2669
2728 475
2728 540
2730 3907
2730 4085
2733 1578
2733 2175
2733 3635
2735 488
2735 527
2735 881
2735 1381
2735 3205
2735 3789
2736 637
2736 4043
2737 418
2737 3497
2737 4080
2740 1430
2740 2343
2741 3867
2741 3982
2741 3995
2742 1834
2742 1886
2743 895
2743 2136
2743 2841
2745 1741
2746 93
2746 2815
2747 3200
2748 139
2748 176
2748 637
2748 1002
2748 1049
2749 3184
2749 4045
2750 1080
2751 1296
2751 4024
2752 1763
2752 3470
2753 354
2754 354
2754 1384
2754 2186
2756 1769
2756 3532
2757 1898
2757 2359
2758 824
2758 1092
2758 1308
2758 2866
2758 3200
2758 3219
2758 3243
2759 1361
2759 3843
2762 210
2763 631
2764 119
2764 219
2764 497
2764 607
2766 2818
2766 3283
2766 3648
2767 683
2767 3460
2768 557
2768 2931
2769 3163
2769 3982
2770 2293
2770 2997
2771 2113
2772 305
2772 3361
2772 4016
2772 4062
2774 1387
2775 1265
2775 1807
2775 2996
2776 740
2777 893
2778 599
2778 669
2778 1426
2778 2704
2778 3497
2779 2663
2780 2128
2782 883
2782 2352
2783 3716
2783 3718
2785 3617
2785 3739
2787 520
2787 4001
2788 190
2789 674
2789 2797
2790 3435
2791 1788
2791 2555
2792 4000
2793 3921
2794 1379
2794 3322
2795 1145
2795 3778
2796 2224
2797 2574
2797 2969
2798 3378
2799 711
2799 2349
2799 2846
2800 923
2800 2638
2802 771
2802 778
2802 2423
2802 2687
2803 1948
2803 2858
2804 311
2804 1485
2805 179
2805 3449
2805 3906
2806 2197
2806 3343
2808 952
2808 1443
2808 2424
2809 1628
2809 2871
2811 884
2811 970
2812 2758
2812 3388
2813 866
2813 2511
2814 623
2814 1577
2814 2478
2814 3762
2815 101
2815 831
2815 3290
2816 482
2816 673
2817 1041
2817 1147
2818 1603
2818 3156
2820 836
2820 3843
2821 492
2822 213
2822 1141
2823 450
2823 3461
2824 4
2824 2684
2825 667
2826 194
2826 3505
2826 3666
2828 834
2828 3734
2829 1702
2829 2001
2830 169
2830 799
2831 548
2831 3203
2832 580
2833 559
2834 379
2834 674
2834 835
2835 3525
2836 358
2836 1996
2836 3914
2837 782
2837 877
2837 1355
2837 1894
2839 548
2840 1759
2840 2048
2840 2309
2841 3524
2841 3638
2841 3844
2842 1004
2842 2910
2842 3891
2843 1457
2843 3096
2844 1444
2844 2024
2844 3438
2845 2145
2845 3534
2847 317
2848 512
2849 693
2849 2858
2849 3225
2849 3926
2851 3
2851 587
2851 2065
2851 2171
2851 2481
2851 2581
2852 2223
2852 2307
2852 3547
2854 3483
2854 3691
2855 478
2856 506
2858 1083
2858 2886
2859 666
2859 1576
2860 2253
2861 837
2862 3004
2863 1102
2863 4016
2864 2123
2865 3801
2866 871
2866 2124
2866 3554
2866 3868
2867 2418
2867 2705
2868 468
2868 2411
2869 755
2869 1034
2869 1554
2869 1601
2869 1842
2869 2799
2869 3319
2869 3595
2870 891
2870 1080
2870 1745
2870 1783
2871 1656
2871 3495
2872 145
2873 322
2873 3780
2874 2417
2875 1008
2876 1841
2876 2123
2876 3392
2876 3481
2876 3747
2877 3052
2878 2328
2879 774
2879 1949
2879 3542
2882 342
2883 2208
2884 173
2884 3159
2885 2454
2886 2899
2886 3265
2886 3803
2887 131
2887 1753
2888 575
2889 722
2889 3308
2889 3489
2890 2069
2890 2095
2890 3878
2892 143
2892 2532
2892 3595
2893 582
2893 1432
2893 1443
2893 2226
2893 3099
2893 3458
2894 2241
2895 656
2896 452
2896 3204
2898 2063
2898 2387
2898 3028
2898 3110
2899 2948
2899 3482
2900 545
2900 3641
2900 3705
2901 1702
2902 1314
2902 2099
2903 1291
2904 2842
2904 3374
2905 554
2905 758
2905 1245
2905 3487
2906 1897
2908 834
2908 2777
2908 2890
2909 1155
2909 2916
2910 2725
2910 3087
2912 4107
2913 85
2913 719
2913 747
2913 1858
2913 2313
2914 414
2917 764
2917 3530
2919 3636
2920 3969
2922 759
2922 2289
2922 2296
2922 3762
2924 1226
2924 3499
2924 3964
2925 1270
2925 1275
2925 1654
2925 2140
2925 4004
2926 167

