8440 7729 4881
1 1
3 90
11 5681
12 6904
14 6334
15 2843
17 4420
18 7599
21 2542
21 6680
24 5798
25 5195
30 804
33 1363
33 3469
34 1703
34 4069
35 4796
37 5199
40 2360
40 4613
43 3532
45 5224
46 3856
53 172
58 2181
63 7059
64 5032
68 5392
68 5713
69 1990
70 409
70 3877
73 2011
75 4453
78 5179
79 2759
79 2848
79 5565
79 6943
80 3115
80 7284
82 2960
82 3722
83 1225
83 6478
86 876
87 3774
93 715
94 3646
99 5369
99 6726
101 6571
101 7124
103 7542
104 4003
105 426
106 7587
108 5713
108 6343
110 4219
119 2309
120 7331
124 2467
131 2445
138 5246
139 352
147 4568
148 2670
149 2562
152 2875
153 6014
155 581
155 2333
156 1917
157 283
158 5615
158 7072
159 1180
159 4356
161 2660
162 7660
163 3532
167 1447
169 3740
171 4847
175 3510
175 5713
177 3100
177 7211
181 7502
182 2998
183 4451
183 5695
184 6357
185 1103
188 2251
188 4236
193 637
195 6225
198 327
198 1478
199 2980
203 7296
204 292
206 5687
207 3528
209 7227
217 6305
219 1913
219 1951
219 2756
219 4376
222 3896
226 7003
227 3977
230 5406
231 4362
232 7124
232 7169
234 3468
236 4727
237 2395
237 5025
243 1364
243 5849
249 2481
249 7574
250 2007
252 6506
253 118
253 5291
260 1679
261 7435
261 7528
263 2741
269 3200
269 3784
271 6431
272 4198
274 3378
275 627
275 3058
277 6684
279 2161
281 7185
283 3643
285 4677
288 3681
288 3916
289 2520
290 7082
291 2250
291 3140
291 6709
295 1771
296 5712
298 2976
298 3781
304 2185
306 1259
307 4993
308 7277
309 6504
310 5806
310 6891
311 2863
312 341
312 1903
313 7167
314 6441
317 6126
317 7063
319 2673
320 6264
322 6765
323 326
326 1530
327 5317
331 3610
340 655
341 6945
342 5348
346 785
346 3708
347 2860
348 231
350 752
350 1672
359 1736
361 5294
363 2339
364 5767
368 6561
371 5529
373 6608
375 51
379 4935
381 2355
383 1212
384 1183
385 5888
388 6011
388 7467
389 3298
389 4889
390 4828
392 7525
393 5204
397 4289
399 4341
401 7359
402 2920
409 3168
411 1199
416 7058
417 6767
419 1111
420 3611
423 2906
423 4563
424 7153
425 2540
426 6442
428 7018
429 5285
430 1333
433 2011
439 1892
441 2016
442 1807
443 7406
447 3340
448 1041
448 1459
449 4846
451 7677
453 4879
454 856
455 3569
459 4462
460 2062
463 1404
465 190
466 2135
468 1144
468 4414
470 7663
474 3915
474 5815
475 1843
476 6333
478 3433
482 5725
486 1527
488 6638
489 5451
490 1098
490 4729
493 1864
498 2855
500 55
502 3565
508 3245
508 5516
509 1988
509 7326
511 1129
511 7289
513 3933
515 1098
518 5921
520 1300
520 7194
523 4141
523 6040
524 451
524 1751
524 2921
526 113
527 2613
531 3291
532 5777
534 3012
541 686
541 4339
544 6305
546 1407
547 2203
547 4435
551 3561
552 1883
552 2794
552 6094
555 2937
555 4009
559 1349
559 4397
560 2017
561 710
563 1016
565 6840
569 2489
570 1920
570 7351
571 5251
571 6623
572 1882
572 7395
578 4942
579 4344
579 7451
582 3155
582 5148
582 7609
583 4882
583 7032
584 6338
588 3259
588 6899
588 7396
589 7572
593 5646
595 4040
596 454
599 3348
600 3991
601 5196
605 1922
608 5345
609 4332
610 4507
611 5887
612 1443
612 4780
613 5361
615 2401
615 6146
617 759
617 6451
619 7570
623 3362
623 5730
625 7651
626 955
632 2014
635 3718
637 225
637 2343
639 419
640 7336
642 1812
642 2707
642 4748
646 6648
648 7149
650 1051
650 1417
650 5737
651 1160
656 840
660 1161
664 5549
667 4246
667 7122
668 4901
671 3747
672 2556
672 4745
673 1447
674 7216
676 19
676 6996
677 3421
682 3952
685 1610
686 5498
687 4218
688 627
688 7333
689 2720
694 3054
695 7056
699 2880
702 5378
702 7662
706 1340
709 3686
710 4962
710 5311
710 5864
710 6364
712 1673
713 5184
715 7685
717 3020
718 375
720 4003
724 2404
724 2590
725 2239
728 1038
730 5682
731 4724
732 713
734 1025
734 7391
736 5385
739 7389
744 3236
746 4674
746 7337
747 6674
749 5487
750 59
750 6624
751 1102
755 1109
757 1951
767 4688
767 7689
768 1123
768 1532
772 4518
773 4048
773 6979
776 4676
779 7645
780 7560
783 1473
786 5942
788 7171
789 3200
789 6783
793 6212
798 1354
798 6777
800 7568
801 3727
801 5749
802 4721
805 4168
805 5661
808 6586
809 1871
815 6271
815 6705
819 912
819 4930
820 6748
824 6755
831 4077
833 2441
836 6469
837 4112
838 5341
839 2300
841 6120
844 177
844 1374
847 1400
850 3279
850 4849
850 7674
854 838
855 470
855 6434
856 44
857 3357
858 5393
861 229
862 6330
863 2390
866 7306
867 1348
867 6314
873 2527
873 4800
874 366
874 1836
879 3897
885 570
887 3635
887 7262
890 6056
891 1801
893 301
893 413
893 7476
894 5761
896 4889
896 5141
898 1344
899 2227
900 1240
901 433
902 296
903 4359
904 4372
908 2124
908 3705
909 4771
911 7341
915 497
916 1594
919 3159
921 1882
925 2032
925 2212
926 4291
926 4924
926 6071
927 2876
928 203
928 1356
930 3743
931 3803
932 5198
932 7656
934 2341
936 2978
936 5532
937 6929
939 796
939 2291
939 2479
939 7252
942 1617
944 1292
944 4097
945 7265
947 1054
947 5632
951 454
951 4189
951 4590
956 2200
957 1322
961 4484
963 4420
964 4215
967 590
968 6319
970 5141
971 2867
971 6234
973 4099
974 495
976 4009
976 6514
979 4039
981 962
982 24
983 3507
984 5116
986 4959
987 873
987 2321
988 2271
988 7522
989 3136
991 4938
993 1590
994 1931
995 3017
995 6390
996 6563
997 7199
998 1202
998 2778
999 2803
1002 3843
1005 4708
1007 754
1007 1922
1008 1333
1010 1738
1012 310
1012 2864
1014 740
1016 6900
1016 6989
1017 3321
1018 2073
1019 5445
1020 3691
1020 5661
1020 5745
1022 842
1023 4378
1024 999
1024 7254
1025 4177
1026 2978
1026 3205
1027 1083
1029 5608
1030 1888
1033 4409
1033 6531
1037 2491
1038 3408
1039 1308
1041 2086
1042 561
1042 6496
1043 6356
1043 7614
1046 673
1046 1751
1048 4619
1049 3323
1052 3845
1052 5710
1052 5761
1052 7329
1054 1485
1054 5839
1056 606
1056 6293
1057 1744
1059 7574
1060 1416
1069 2512
1069 6996
1070 379
1072 3134
1073 7002
1077 1802
1083 863
1083 6442
1087 4685
1087 5716
1090 4096
1094 3506
1095 1904
1095 3934
1102 3364
1106 2546
1107 3773
1109 443
1113 1058
1120 4930
1121 7509
1122 2513
1124 4388
1125 6945
1126 4483
1127 1053
1128 1790
1130 191
1132 4750
1133 226
1133 614
1135 2745
1137 1705
1138 6994
1145 6984
1146 5358
1148 3160
1150 5372
1152 2550
1152 7080
1153 2723
1156 4975
1158 6657
1159 4800
1160 5050
1164 7293
1165 1587
1166 299
1167 3795
1167 5407
1170 6180
1173 3344
1173 6634
1174 5016
1175 5020
1178 6027
1181 1372
1184 2283
1185 3755
1192 1110
1193 5921
1195 1400
1196 885
1196 7445
1198 2759
1200 4278
1203 916
1204 2658
1206 2004
1209 4791
1209 5828
1212 2742
1212 3491
1214 5369
1217 2013
1217 3012
1218 1496
1218 7338
1226 545
1227 870
1229 6837
1231 4640
1235 1640
1238 6897
1239 629
1239 6123
1241 602
1241 2859
1242 1566
1247 1767
1247 3352
1254 3951
1256 4378
1258 2186
1258 2395
1258 2879
1259 453
1259 5768
1260 604
1264 1474
1269 770
1273 3483
1273 6980
1274 2316
1274 4535
1275 5697
1280 4222
1283 3416
1283 4080
1283 4447
1285 5308
1285 5699
1285 6129
1292 6550
1293 282
1293 846
1293 3368
1293 3382
1297 3379
1299 2153
1299 7005
1302 7672
1305 2822
1308 32
1308 1288
1308 2272
1310 2827
1311 5980
1314 3457
1315 53
1316 2858
1318 267
1321 7052
1322 5655
1323 3181
1324 87
1324 4807
1325 1570
1328 558
1328 1537
1328 2812
1328 3098
1330 7106
1334 4775
1336 5017
1340 7002
1343 7056
1344 717
1348 1426
1349 3173
1353 810
1354 622
1354 2462
1354 2780
1354 6150
1355 588
1356 1559
1358 4048
1358 6290
1360 1138
1361 126
1364 593
1364 6539
1366 1179
1367 4591
1367 5957
1369 1498
1372 4402
1381 2769
1382 523
1382 6565
1383 6003
1385 1496
1386 664
1388 733
1390 1667
1391 527
1391 3261
1391 4039
1394 5919
1396 5719
1397 6113
1399 477
1399 1176
1399 4574
1408 3378
1409 5937
1411 3560
1411 6003
1413 2846
1413 4628
1414 2055
1415 4479
1420 1275
1422 2062
1423 5046
1426 5484
1428 3461
1430 527
1430 545
1430 4351
1430 5360
1431 2900
1432 3889
1434 608
1434 2122
1434 7701
1435 5394
1440 4207
1442 1148
1447 3052
1447 4259
1447 6947
1449 581
1452 1580
1453 2037
1453 3215
1453 4060
1455 3746
1455 5913
1460 3264
1463 599
1463 4585
1466 1571
1468 1055
1468 3722
1470 5579
1472 2692
1472 2782
1475 277
1477 6096
1479 3207
1479 3370
1481 7269
1484 169
1484 203
1486 4259
1489 5512
1491 5455
1493 5119
1493 6646
1494 1088
1494 4374
1495 4760
1495 6455
1496 2296
1498 7602
1499 5304
1501 3978
1503 981
1511 3600
1513 5165
1514 139
1514 3381
1516 4778
1516 4893
1517 1305
1517 6942
1521 1486
1521 4488
1521 6533
1523 3342
1523 4878
1523 7332
1525 1758
1528 353
1533 5380
1535 5096
1543 753
1543 3867
1544 1031
1544 3675
1548 3204
1548 6508
1550 4014
1552 1000
1553 7493
1554 4551
1558 5330
1560 3033
1561 5514
1561 6643
1562 2487
1562 7545
1563 3325
1567 5770
1568 20
1572 6465
1573 3989
1575 3393
1576 4907
1576 6235
1579 4782
1581 2837
1586 5774
1591 1804
1591 6350
1594 6980
1596 5198
1596 7455
1597 1043
1597 5144
1599 38
1599 5069
1599 7206
1601 416
1603 1477
1604 1319
1606 4292
1607 2308
1607 2718
1610 829
1610 6613
1615 5807
1616 5137
1620 1569
1621 2500
1621 7049
1622 1408
1622 1637
1624 4152
1626 3318
1626 6214
1627 7286
1628 3004
1629 604
1629 5331
1632 2410
1637 4271
1638 2122
1639 1002
1644 4354
1647 3666
1648 1659
1648 4881
1650 3436
1653 1604
1654 4540
1658 1691
1661 1362
1663 7455
1669 2108
1675 2019
1676 5611
1678 832
1682 2758
1685 4681
1685 7432
1686 6351
1687 4355
1694 4907
1698 3079
1699 6713
1700 3550
1703 5432
1704 1906
1706 4722
1706 5893
1707 2914
1709 6661
1711 4112
1712 3252
1712 7084
1718 3897
1720 1244
1727 6888
1732 4945
1732 6813
1735 2323
1736 4204
1738 6187
1739 1260
1739 6443
1740 249
1742 4445
1743 1160
1744 5340
1746 2471
1747 6561
1748 3679
1750 745
1753 5822
1760 5029
1761 5994
1764 49
1764 212
1764 7286
1766 4112
1767 3819
1768 4452
1769 741
1769 1185
1769 4012
1769 5620
1771 4225
1771 5968
1777 1889
1778 2088
1781 4511
1785 6514
1785 6694
1792 5300
1794 4258
1795 5093
1797 129
1797 2878
1797 6137
1798 1261
1800 2991
1802 2234
1802 3208
1806 5580
1811 792
1812 543
1812 2550
1817 2635
1819 5591
1820 4835
1822 7113
1824 4028
1825 2965
1826 598
1826 7549
1828 1921
1829 7530
1832 7656
1833 1782
1833 2218
1835 5316
1836 6072
1838 5987
1838 7565
1840 3153
1842 1619
1842 2853
1843 7097
1845 62
1847 3044
1852 5092
1858 4543
1859 1585
1859 6857
1860 7576
1864 7680
1867 2699
1870 3517
1870 4537
1871 4033
1875 7009
1879 6347
1880 2226
1881 5242
1882 511
1882 1021
1884 5870
1886 1649
1887 2915
1888 6460
1888 7169
1889 5128
1894 1981
1894 2471
1894 4609
1896 2675
1898 6186
1899 7476
1900 3613
1901 5829
1902 3410
1902 5145
1903 1121
1903 1894
1903 5514
1906 2773
1907 768
1909 1163
1910 434
1910 2581
1912 3385
1912 6534
1918 4515
1920 2086
1921 7592
1922 1315
1924 6660
1929 7172
1934 213
1935 5953
1936 3653
1937 4249
1941 264
1942 6245
1942 6580
1943 6008
1945 5459
1947 4957
1949 4016
1949 4254
1949 4270
1950 15
1950 2382
1951 3247
1953 6957
1953 7676
1955 5861
1956 3195
1957 5322
1959 1366
1959 5994
1960 719
1960 4727
1960 5366
1961 6416
1964 490
1964 3260
1967 219
1967 2538
1977 3144
1977 4115
1978 5578
1982 7374
1984 6491
1984 6785
1985 1994
1985 4868
1987 1399
1989 378
1990 1435
1990 1697
1991 1986
2000 7668
2001 2306
2003 4329
2005 170
2006 1834
2009 409
2009 2541
2010 7519
2012 626
2012 723
2012 2501
2012 4538
2015 6603
2018 1405
2021 4858
2022 5947
2025 7334
2031 1201
2036 3307
2036 4211
2037 545
2037 5840
2039 894
2039 5892
2041 2510
2044 834
2045 4032
2045 5155
2049 722
2054 6505
2058 3026
2062 243
2064 7398
2067 7238
2067 7492
2069 3571
2074 4631
2080 5315
2081 2111
2081 4797
2082 858
2083 479
2083 4237
2085 1322
2086 5750
2088 5305
2090 3242
2091 213
2091 3211
2092 3317
2092 4499
2092 5381
2093 4260
2093 5044
2095 449
2095 926
2095 5286
2098 316
2103 2033
2104 7209
2106 5999
2112 7053
2114 1533
2114 4560
2114 6561
2117 1385
2118 1050
2119 4453
2120 2639
2122 2855
2123 2336
2124 6529
2125 4344
2125 6714
2125 7490
2126 4389
2129 2698
2129 4041
2132 1662
2133 4033
2134 1221
2134 3303
2135 7377
2136 2860
2137 77
2137 1810
2137 2782
2138 225
2139 6250
2140 6837
2142 5691
2143 6990
2144 3983
2146 2583
2146 4783
2147 2758
2150 744
2150 5287
2151 3572
2153 1076
2154 2524
2157 337
2160 957
2160 1520
2162 4356
2163 1217
2164 940
2165 5171
2176 3464
2176 4738
2176 5427
2176 5439
2177 6701
2178 1040
2178 1473
2180 3708
2182 2896
2182 6986
2183 3276
2183 5705
2183 6079
2188 812
2188 6383
2188 6904
2193 5068
2195 5408
2196 4417
2197 4487
2203 1503
2206 1902
2206 7543
2207 1678
2212 4057
2212 6260
2215 535
2215 2401
2217 121
2217 2009
2218 2700
2218 3526
2221 664
2221 1798
2225 7516
2227 6687
2228 545
2228 2126
2232 6809
2234 7127
2235 2523
2237 3951
2240 3551
2241 1485
2241 2888
2244 2947
2245 5881
2245 6466
2247 7657
2248 6819
2249 7444
2250 7455
2252 5929
2253 7109
2254 2925
2255 2001
2256 17
2257 5319
2257 5711
2258 5354
2260 6004
2261 265
2262 2020
2263 2868
2263 5519
2264 1655
2270 1472
2273 3655
2275 229
2278 2674
2280 6157
2281 2531
2285 4451
2285 5233
2288 1712
2290 126
2291 1995
2297 1295
2300 3238
2304 2788
2304 5413
2305 5299
2307 1906
2307 7621
2308 6598
2310 2762
2310 3935
2311 432
2311 2078
2313 632
2313 3878
2313 4232
2315 5723
2315 6539
2318 4300
2320 290
2323 1643
2325 949
2326 4244
2328 4716
2330 999
2335 1368
2335 7297
2338 1190
2342 6154
2346 1254
2351 3288
2352 449
2354 1419
2355 1357
2355 7441
2360 1397
2361 3803
2361 7722
2363 1184
2363 7395
2364 2416
2366 647
2366 6358
2367 785
2367 3675
2368 5711
2369 6169
2370 1096
2372 1256
2372 1553
2373 7364
2375 1621
2375 3673
2379 1440
2380 2331
2383 2434
2383 4688
2384 2256
2388 3383
2389 688
2390 6126
2395 6069
2395 6979
2399 299
2406 3481
2411 7123
2411 7153
2412 220
2415 1722
2417 1739
2420 6452
2420 7366
2423 2230
2424 4623
2425 7696
2428 7239
2431 3356
2434 3508
2435 1650
2436 3292
2439 573
2439 2430
2439 3533
2440 3888
2444 139
2447 1584
2447 2352
2447 2758
2451 4338
2455 948
2456 7457
2457 7031
2458 3467
2459 2523
2470 5863
2475 871
2475 2038
2477 3741
2483 5695
2483 6291
2484 7180
2486 4995
2489 2366
2491 7348
2495 1607
2496 1796
2496 7497
2497 3847
2498 2921
2498 5541
2503 5994
2506 333
2510 3996
2513 77
2513 4603
2514 3911
2518 301
2519 2131
2520 2153
2520 7098
2521 6212
2523 5051
2525 1087
2526 3605
2527 3481
2530 3452
2531 2575
2531 5743
2535 3702
2540 7245
2542 4871
2542 6644
2543 1692
2545 5305
2546 1479
2546 2728
2554 5821
2556 1474
2556 2947
2557 189
2560 2179
2560 3517
2561 2171
2564 7514
2565 577
2565 6840
2570 5106
2571 6862
2572 2738
2573 5862
2573 6340
2574 1445
2577 5814
2578 2888
2581 3749
2582 3418
2583 2247
2584 7332
2585 1094
2585 2730
2589 547
2589 2310
2591 3752
2591 6041
2595 3745
2602 3113
2605 7281
2609 3996
2609 5344
2612 1452
2614 3252
2615 3791
2616 788
2616 7028
2621 2072
2623 1655
2625 1752
2625 4673
2627 5855
2628 1810
2632 5009
2633 1494
2633 4194
2634 1704
2635 4977
2635 7309
2637 1090
2637 5833
2638 6573
2640 4740
2641 1762
2641 3335
2641 4197
2642 7425
2643 3162
2646 156
2646 1169
2647 2778
2650 2862
2650 6550
2652 2917
2652 5177
2653 4299
2654 945
2658 220
2659 3754
2662 1010
2666 7094
2667 180
2667 1697
2667 6371
2667 6550
2668 2439
2668 5540
2673 5517
2676 507
2680 3926
2681 57
2682 904
2682 1395
2682 5454
2686 1442
2686 7103
2692 6317
2693 1597
2693 6083
2693 7476
2694 2812
2694 4632
2697 4833
2698 191
2700 202
2700 4100
2701 2595
2702 2285
2702 4752
2704 3303
2705 3349
2706 5417
2710 348
2710 2006
2711 137
2712 5938
2715 2101
2716 4692
2717 3326
2718 6652
2718 6998
2719 1689
2720 2981
2721 6276
2723 7044
2725 4210
2727 1242
2727 7172
2731 5960
2731 7555
2734 1684
2734 3935
2735 1175
2735 6289
2739 7315
2742 5744
2742 7040
2742 7670
2744 1917
2750 1453
2751 5039
2753 2577
2756 86
2756 3670
2756 5768
2757 2869
2757 5279
2757 5722
2758 1163
2758 1477
2758 6787
2759 4520
2761 1908
2761 2718
2765 6528
2766 4157
2766 5343
2767 80
2769 2217
2769 7686
2772 881
2780 462
2780 938
2783 4435
2784 4200
2785 3205
2785 5058
2788 5550
2791 2970
2793 1365
2793 5032
2793 5196
2794 3551
2795 45
2796 7359
2797 6829
2804 5403
2804 7511
2805 1658
2807 802
2809 3572
2809 3821
2809 6226
2809 7544
2811 5410
2813 4706
2813 6321
2821 4369
2823 1460
2829 7199
2834 1283
2834 7372
2839 2593
2841 1956
2842 2625
2845 3458
2846 6895
2848 449
2848 2755
2849 2023
2854 7452
2857 3788
2858 3497
2860 1354
2862 431
2863 5998
2866 2770
2871 7109
2876 988
2879 2237
2881 279
2882 129
2884 1739
2886 4738
2888 596
2889 7514
2893 5478
2894 7269
2895 4232
2896 1493
2897 69
2897 2419
2897 4767
2900 5151
2902 2311
2903 6286
2906 693
2909 1258
2909 1659
2911 5489
2913 3643
2914 3886
2915 6857
2916 5190
2917 5166
2918 4558
2918 7636
2919 6618
2920 5207
2920 7543
2922 1052
2922 2149
2922 4003
2923 6253
2928 2091
2928 5800
2929 3993
2929 7237
2931 254
2931 3125
2933 1749
2933 3464
2935 4001
2938 2135
2939 1015
2945 3663
2961 213
2962 5812
2963 7376
2969 6640
2972 946
2975 964
2975 3885
2977 3710
2978 391
2983 2258
2983 6399
2983 7106
2984 2836
2985 5412
2986 5102
2986 5855
2987 5010
2990 7647
2992 4681
2996 4905
2997 1490
2997 6181
2998 4891
3000 5508
3001 1974
3005 2152
3007 5648
3008 5071
3010 3643
3010 5834
3012 2061
3013 4684
3020 6343
3022 7321
3026 2339
3028 2955
3029 2344
3029 3490
3029 7166
3032 467
3033 1746
3036 6107
3039 4404
3040 975
3040 3058
3042 5524
3042 5822
3044 1997
3048 1061
3049 1578
3049 4890
3051 3981
3056 81
3058 7066
3061 6490
3062 6241
3065 2451
3066 1672
3067 1597
3070 854
3070 6340
3073 1033
3078 5234
3081 1546
3084 6530
3086 254
3086 1848
3086 2528
3087 259
3092 2610
3092 7219
3098 1520
3101 162
3103 3216
3106 3532
3108 4969
3109 900
3109 2081
3111 7354
3113 5073
3119 4452
3121 1884
3125 49
3128 2205
3128 3771
3131 2993
3134 6851
3135 69
3138 7685
3139 140
3143 743
3143 3021
3147 7538
3148 3324
3155 200
3157 5211
3158 1467
3161 927
3161 2945
3162 3461
3162 4215
3162 6845
3164 1825
3165 7309
3168 3916
3169 688
3172 7107
3173 548
3175 2359
3176 6991
3178 2202
3181 1478
3184 629
3185 6007
3187 1441
3187 3157
3187 7682
3191 1829
3191 2194
3191 2482
3191 6150
3196 6356
3197 41
3198 7040
3201 2712
3203 2122
3211 3225
3215 5818
3216 3051
3220 6756
3222 2008
3222 4304
3223 6232
3228 7035
3229 2959
3231 6130
3232 3623
3233 6895
3234 2386
3234 6536
3235 1899
3238 184
3239 2823
3240 1329
3241 6056
3242 7464
3243 3456
3243 6955
3245 284
3246 5857
3251 3599
3251 7113
3253 1133
3253 4935
3256 2862
3256 5154
3257 3238
3261 3198
3263 3612
3266 4957
3267 4681
3269 621
3270 6356
3273 6384
3274 545
3277 5342
3278 6937
3279 1149
3279 5008
3280 5262
3281 4638
3281 5362
3283 5363
3284 412
3284 4029
3288 4321
3291 1347
3291 6984
3292 926
3293 1388
3293 4520
3294 2993
3296 4438
3298 6918
3304 1872
3305 20
3305 3111
3305 5134
3307 3811
3318 6489
3320 3311
3322 7218
3323 139
3326 4517
3327 1146
3327 5193
3328 364
3329 4015
3330 6542
3331 1845
3332 494
3332 1037
3336 2967
3337 1531
3339 4098
3341 3168
3341 3433
3342 4610
3345 5485
3346 3717
3347 1503
3347 4080
3351 1058
3356 3727
3357 1843
3358 541
3361 5139
3361 7580
3365 2948
3365 4285
3366 2937
3366 4608
3372 1995
3372 5881
3377 2732
3380 3183
3384 5041
3385 7571
3386 3528
3386 6282
3386 7454
3387 119
3387 5726
3387 7152
3388 2665
3389 6294
3392 4885
3396 1093
3397 5704
3404 207
3404 2180
3405 1108
3406 1319
3407 1309
3408 462
3408 2350
3409 3692
3412 1059
3412 2111
3414 2341
3414 5109
3414 5792
3415 3395
3416 4841
3416 6137
3417 3336
3417 5733
3422 4700
3423 7708
3424 4744
3428 6503
3431 1318
3432 4604
3433 3896
3434 6288
3435 5279
3436 204
3437 797
3441 1515
3442 6634
3444 4343
3447 3351
3449 2873
3449 3156
3452 4020
3453 4966
3454 2338
3454 3270
3454 4310
3457 575
3460 3670
3460 4120
3464 291
3464 1093
3465 5182
3465 6084
3468 208
3469 3536
3470 4083
3471 2953
3471 6255
3473 3662
3474 2610
3475 5396
3475 6493
3479 704
3480 2570
3481 5892
3483 7594
3484 6471
3486 4829
3487 277
3489 28
3489 4160
3492 4637
3494 2036
3495 1911
3495 2772
3495 2915
3498 678
3501 273
3501 616
3504 2216
3505 2670
3507 1474
3509 3496
3511 344
3511 6995
3512 4921
3514 6475
3516 6976
3521 7650
3523 4846
3526 4115
3528 7076
3536 3438
3537 6021
3541 3676
3543 3270
3544 2492
3546 1648
3546 2640
3547 3791
3551 2654
3552 160
3554 5478
3558 6608
3559 792
3559 1291
3559 1967
3561 736
3563 3460
3565 1096
3567 105
3570 3121
3572 7412
3576 4092
3577 5874
3580 622
3580 3342
3583 588
3585 5242
3587 6383
3593 469
3596 1981
3600 6892
3603 6909
3604 1524
3604 3208
3605 293
3606 4337
3609 5035
3610 150
3621 1813
3625 2795
3626 7445
3627 6404
3630 656
3631 3416
3633 7455
3634 2149
3634 3250
3634 5237
3636 1695
3637 2786
3639 3771
3644 2854
3647 351
3647 4601
3647 6797
3648 2570
3649 1014
3651 4187
3651 5013
3652 7353
3654 2636
3655 572
3657 192
3658 2970
3659 6804
3660 3230
3661 5922
3662 3804
3667 3606
3669 1362
3671 140
3672 5499
3673 1574
3673 6335
3674 2030
3679 7507
3680 6448
3680 7587
3681 6527
3682 7428
3683 3906
3684 349
3686 1247
3691 964
3692 7074
3693 3107
3695 6717
3697 4621
3701 2274
3701 3628
3701 6613
3703 1673
3704 3544
3705 5369
3706 221
3706 2490
3708 5481
3711 5484
3714 2872
3714 6332
3722 6559
3723 4848
3725 5509
3728 7166
3730 1977
3730 3170
3730 3780
3731 1097
3731 6527
3734 1261
3736 4633
3739 3362
3739 6889
3740 1012
3741 5189
3745 6701
3747 3474
3751 2271
3752 3715
3753 3967
3759 5030
3762 4064
3762 5359
3763 2896
3763 6531
3764 2843
3764 6868
3765 2691
3767 6727
3768 2142
3773 5350
3774 6392
3777 5937
3777 7702
3780 1693
3780 5949
3781 4009
3781 7392
3782 2572
3784 6252
3786 5592
3789 6829
3789 7320
3790 5356
3792 3231
3793 80
3793 2385
3795 2476
3795 7019
3796 4255
3801 3921
3802 3584
3804 1766
3806 4031
3806 7343
3808 2955
3808 7380
3809 776
3809 4650
3812 2061
3812 5234
3815 2200
3816 7497
3817 3963
3820 319
3820 2988
3822 613
3822 5784
3824 2151
3829 4785
3829 7250
3832 3720
3834 2894
3837 6357
3838 7337
3842 773
3842 6147
3844 1963
3844 4791
3845 1514
3847 275
3847 7644
3849 1119
3850 3615
3850 7019
3851 2643
3851 2997
3852 194
3852 4436
3855 6141
3858 4437
3860 2695
3860 2864
3862 7677
3868 7530
3869 4919
3872 1600
3872 5835
3874 7604
3875 2020
3875 3755
3876 6699
3880 3308
3880 3499
3885 749
3885 5783
3887 645
3889 4833
3890 424
3890 7144
3893 2639
3896 7325
3898 3713
3898 6997
3899 7198
3900 3419
3900 6073
3902 2753
3902 2950
3903 1757
3904 1464
3905 3612
3905 3803
3910 3872
3912 4448
3913 5637
3915 2755
3916 2462
3919 3415
3921 7549
3924 1245
3925 1741
3926 5822
3928 4310
3933 1437
3933 3705
3933 6567
3934 6881
3935 2665
3935 6667
3942 1131
3949 1516
3949 1719
3951 3240
3953 5350
3959 1952
3959 6228
3963 2310
3963 3229
3963 4871
3965 4161
3967 5202
3970 6264
3974 4184
3975 1804
3975 6795
3976 2553
3976 4063
3977 3145
3980 5599
3981 2172
3982 411
3982 7271
3986 2870
3987 395
3988 6620
3990 3805
3991 5947
3994 3577
3998 4535
3999 2209
4000 7279
4007 5492
4008 3604
4009 7038
4011 516
4012 6127
4013 6158
4016 497
4027 4703
4028 183
4028 5905
4028 6635
4030 1626
4032 1662
4032 1917
4034 2696
4036 6329
4038 23
4038 7669
4039 5513
4040 6480
4043 5227
4045 1514
4046 3583
4050 5271
4053 6331
4059 6884
4063 4754
4065 5236
4066 5170
4070 2082
4071 595
4071 6779
4074 4189
4075 3237
4076 1581
4076 3945
4079 4766
4080 2391
4081 6586
4082 6693
4083 2664
4085 6235
4086 2111
4088 41
4088 5990
4090 7483
4091 1577
4091 4842
4095 552
4097 4381
4100 6646
4100 7287
4102 633
4103 2774
4104 716
4104 4510
4108 2991
4110 7364
4111 1912
4112 6130
4115 954
4117 4032
4119 1012
4120 5458
4122 7462
4123 4479
4124 1362
4125 3019
4125 5798
4127 4728
4127 6534
4128 1884
4128 5541
4129 6490
4129 7105
4132 4574
4134 6099
4138 6653
4139 374
4139 6859
4144 394
4145 3359
4145 7304
4147 1195
4149 4005
4151 2040
4155 2156
4155 3052
4160 2718
4161 2340
4167 3946
4168 2237
4168 3617
4169 2019
4169 2947
4170 301
4170 4622
4172 2536
4172 2846
4173 5396
4173 6453
4177 1219
4182 6043
4182 6093
4183 3614
4184 209
4184 1019
4185 3213
4187 1277
4188 1515
4192 4780
4194 598
4197 3652
4198 3892
4201 6054
4202 3974
4204 5299
4204 5777
4209 206
4209 7628
4211 7002
4212 889
4214 295
4215 5431
4219 7143
4221 2834
4222 6986
4224 3750
4225 6424
4226 2538
4227 2730
4230 4537
4231 4412
4236 77
4236 3390
4236 7721
4239 2368
4242 5448
4244 786
4248 4638
4249 3212
4250 1219
4251 749
4252 1427
4254 7154
4256 1497
4260 5096
4262 6856
4264 5676
4265 3714
4265 5401
4266 3004
4268 1925
4268 4949
4269 7400
4272 6337
4273 6399
4277 1072
4277 7605
4280 3290
4280 6042
4281 4562
4281 4894
4287 1976
4288 1821
4290 940
4291 5912
4295 35
4295 1481
4297 6511
4298 573
4299 2373
4303 6357
4306 6244
4308 1301
4310 430
4310 4888
4311 4993
4313 7204
4315 1396
4318 7581
4319 522
4320 7687
4324 2143
4324 3264
4326 3591
4327 3735
4328 3001
4328 4166
4329 2345
4329 6510
4331 7622
4332 5867
4332 6085
4333 2126
4343 2302
4344 4447
4346 2623
4348 2098
4357 5436
4357 7280
4357 7705
4358 2382
4358 6060
4360 2388
4360 6456
4362 1358
4365 4125
4366 1511
4366 4778
4367 4792
4370 2655
4372 2849
4376 6739
4380 285
4381 5189
4383 1569
4384 158
4388 2205
4389 283
4394 6805
4394 7000
4396 2905
4397 2057
4398 5213
4399 924
4401 927
4402 6857
4405 2058
4407 3344
4407 5896
4413 2135
4413 2609
4415 1607
4415 4196
4415 4489
4415 7212
4417 567
4419 4556
4419 5521
4419 6110
4419 7249
4422 557
4423 2233
4427 5744
4429 4466
4431 4662
4434 5958
4437 6563
4438 5677
4440 4930
4443 6582
4446 3807
4446 6137
4446 6661
4449 2897
4449 3304
4452 421
4453 4786
4455 1895
4455 3717
4456 5953
4457 6983
4462 3058
4463 5312
4466 2406
4467 11
4468 1249
4473 868
4475 5058
4478 1969
4479 2700
4479 5418
4480 2021
4481 5063
4482 30
4482 2663
4484 1799
4484 5964
4485 1525
4486 1351
4486 5640
4487 3573
4487 6538
4488 1643
4490 5125
4490 6444
4492 6409
4500 76
4502 2657
4502 3986
4503 239
4504 1474
4504 5084
4505 7493
4507 6912
4509 5790
4511 6802
4512 2708
4514 4134
4519 6046
4524 4506
4524 7174
4524 7518
4525 594
4530 3451
4540 5005
4541 3233
4541 4680
4541 7072
4542 1782
4542 4928
4544 3784
4545 2310
4548 2976
4554 502
4554 5618
4555 4632
4559 617
4559 2060
4559 3197
4564 1507
4564 6081
4565 3353
4568 4958
4571 927
4571 1158
4571 3436
4571 7684
4572 1569
4572 3480
4574 424
4574 6473
4575 1848
4577 3373
4578 604
4581 7601
4582 1500
4584 5157
4584 6969
4585 4678
4586 778
4586 3333
4591 6746
4592 2825
4592 2993
4593 1473
4593 1767
4596 7006
4597 5899
4599 5165
4605 6109
4606 968
4607 1849
4610 1647
4610 6234
4611 2601
4613 4471
4615 6752
4616 1231
4616 5276
4617 1136
4617 1442
4618 2331
4618 4707
4622 4872
4622 5639
4623 7639
4624 3074
4625 3477
4627 4911
4628 3464
4628 4415
4632 1491
4634 2752
4634 6452
4636 640
4637 6382
4640 440
4643 4089
4643 6715
4644 789
4645 2209
4645 4705
4647 3830
4647 4143
4649 4867
4650 7358
4651 1636
4652 5200
4658 5032
4659 1038
4661 3875
4662 7246
4663 2650
4663 4416
4663 5499
4663 5751
4667 3729
4668 6386
4677 5047
4678 2757
4680 7603
4682 5964
4690 5083
4690 6385
4690 6911
4690 7210
4692 6448
4694 1698
4695 1637
4697 4861
4697 5560
4698 3278
4698 3312
4699 4769
4700 5612
4701 3257
4703 6047
4707 3180
4707 4415
4707 4956
4710 5751
4716 300
4720 6912
4721 975
4721 4337
4723 4303
4724 5345
4725 2770
4727 1942
4727 3317
4727 4915
4734 1960
4736 3892
4740 5144
4742 6289
4743 3540
4743 7521
4744 4156
4745 2324
4747 6088
4747 6123
4749 5780
4749 6631
4754 2265
4756 5302
4756 7124
4760 1572
4761 3115
4765 48
4765 1426
4766 2120
4769 2894
4770 1464
4770 6076
4773 1179
4773 2857
4778 6989
4786 7341
4792 7272
4798 7083
4799 4278
4800 6342
4801 2304
4802 474
4805 1097
4807 866
4809 849
4809 1107
4810 6213
4813 568
4816 2016
4816 4692
4818 5906
4819 1090
4820 1305
4822 7613
4825 3266
4828 503
4830 4137
4832 1253
4833 132
4836 7105
4837 1305
4845 2346
4847 5834
4849 717
4849 3228
4850 3125
4852 7640
4859 5101
4862 2398
4862 5907
4864 5947
4865 1940
4865 5814
4867 3139
4870 439
4871 7157
4874 7537
4876 856
4877 6804
4879 7057
4882 3399
4886 3112
4888 1101
4892 5605
4893 3694
4894 6755
4895 3356
4897 2065
4897 3530
4901 4605
4905 7587
4906 4770
4908 7570
4909 2568
4909 6356
4909 6608
4911 4912
4912 5808
4913 2374
4914 1830
4915 5293
4915 6788
4916 6769
4920 6135
4921 4298
4922 5402
4925 2562
4930 6214
4934 6197
4934 7632
4935 5089
4936 898
4936 2863
4937 3001
4942 5552
4943 1375
4946 808
4946 5636
4948 144
4948 774
4948 2292
4949 1592
4949 5767
4951 1748
4952 7467
4956 1117
4957 1540
4957 7005
4961 3168
4963 4846
4964 968
4966 3184
4966 5760
4969 2502
4971 389
4972 4407
4973 4839
4975 3651
4976 3723
4976 4796
4978 1076
4981 6990
4985 1855
4985 6565
4986 4759
4990 3236
4990 3697
4992 1014
4992 1641
4992 2835
4995 6835
4995 7415
4998 2663
5004 1115
5004 6822
5006 141
5006 2412
5008 1474
5012 2201
5012 7333
5013 7259
5014 4887
5014 5583
5015 1766
5016 2255
5016 4386
5019 1815
5019 4931
5021 2599
5021 6591
5022 2032
5022 5208
5022 7665
5024 3027
5025 4472
5028 4955
5029 2860
5030 6299
5031 3494
5033 3697
5034 3098
5036 1059
5037 2588
5041 1277
5041 5667
5041 7642
5043 5458
5045 5128
5050 1544
5052 430
5053 5628
5054 6775
5056 1915
5058 2754
5060 5794
5061 3722
5063 6189
5063 6264
5064 2276
5064 6126
5065 162
5068 5265
5069 4847
5070 3841
5071 6068
5072 400
5072 1567
5079 3276
5080 1448
5082 6632
5086 1987
5088 5250
5089 2095
5092 2167
5092 4455
5094 4244
5096 5578
5096 6144
5100 1427
5100 6633
5101 128
5103 7206
5106 943
5110 467
5110 3144
5110 6316
5113 636
5113 3985
5114 6614
5117 1996
5118 2350
5119 2513
5119 6244
5121 672
5121 2236
5121 2564
5121 3064
5121 5188
5121 6623
5126 292
5126 5457
5128 4342
5129 124
5132 1794
5132 7313
5133 7255
5134 5539
5136 7197
5139 2437
5142 1574
5143 3762
5144 1362
5144 6375
5145 4742
5147 3676
5148 588
5152 5016
5156 7139
5158 1719
5161 6069
5161 6893
5168 3240
5169 1453
5171 2756
5172 3653
5174 5643
5176 1483
5176 7650
5180 3882
5180 6184
5182 682
5182 7681
5183 74
5184 271
5189 1935
5190 2035
5192 1228
5192 6229
5196 1866
5198 1143
5198 4122
5199 1991
5199 4486
5199 5914
5201 1573
5202 1638
5204 1320
5210 1348
5210 4754
5211 6208
5214 2034
5214 3806
5214 7628
5215 3692
5218 2906
5219 4947
5220 1469
5221 5100
5223 3553
5225 5043
5225 6256
5226 1207
5227 288
5227 3123
5227 4714
5227 5921
5227 7455
5230 5674
5230 7563
5231 4165
5232 1264
5233 7245
5235 1394
5235 4006
5239 839
5239 7565
5242 925
5245 1584
5247 5388
5249 1522
5251 5180
5252 3820
5252 7488
5256 5073
5257 148
5257 647
5258 5447
5259 5904
5260 640
5266 1168
5266 3111
5267 3004
5268 3031
5270 2169
5273 1469
5275 840
5284 3230
5285 6695
5288 2636
5292 5477
5296 5763
5298 5853
5299 1070
5300 4363
5301 635
5301 5427
5302 6010
5305 2796
5308 4815
5313 2632
5314 7541
5321 4382
5323 4471
5326 6172
5328 4644
5331 1693
5332 1984
5334 4339
5335 2214
5335 5001
5343 4396
5346 2019
5346 2436
5346 4367
5348 5521
5351 7191
5353 2529
5355 381
5356 1187
5357 5642
5359 376
5360 3068
5360 5699
5360 5994
5363 7704
5364 5535
5364 6415
5365 3142
5367 2432
5368 2147
5373 1514
5374 5250
5376 7392
5377 6702
5378 4178
5379 6726
5379 6837
5381 1806
5387 4545
5387 5081
5388 6544
5389 744
5390 5420
5392 4318
5393 3570
5397 4013
5399 1059
5399 1385
5399 5138
5401 5068
5403 3548
5403 4739
5403 4749
5405 1771
5405 7410
5406 3168
5407 5409
5408 1090
5408 7431
5408 7537
5410 77
5410 3172
5412 4901
5414 2508
5420 2050
5420 3376
5428 4346
5429 1529
5430 1639
5432 2910
5433 2222
5434 3001
5437 418
5438 1246
5444 5673
5446 6626
5446 7106
5450 352
5450 2483
5455 1496
5455 4608
5455 5061
5456 257
5459 5287
5459 7412
5463 141
5464 5278
5470 5595
5471 6063
5472 2393
5472 5114
5474 700
5474 4416
5475 2092
5477 4955
5478 5434
5479 4397
5481 588
5483 4256
5486 985
5490 6060
5492 2623
5492 4450
5492 5659
5493 6657
5495 303
5496 5953
5497 4096
5498 5267
5499 3405
5501 2123
5501 5417
5501 7445
5503 2944
5507 1194
5510 4062
5511 4451
5512 4126
5513 3051
5513 3499
5514 2997
5514 4685
5515 395
5520 4367
5524 5101
5525 626
5525 1677
5525 2667
5525 5641
5528 6279
5530 6006
5533 4830
5534 6320
5537 5611
5538 1506
5538 3845
5540 1922
5541 6875
5543 3083
5544 6534
5547 6792
5548 3571
5549 4090
5551 2031
5554 403
5554 4553
5555 4225
5558 4549
5560 393
5561 3057
5561 6255
5562 4127
5563 6068
5564 4516
5564 7657
5565 4316
5566 6425
5567 7074
5568 2921
5569 5068
5572 6268
5575 1359
5576 2139
5576 7725
5579 942
5579 3271
5579 6622
5587 3429
5588 2470
5592 4795
5593 4034
5596 856
5596 2551
5601 3911
5601 4854
5606 6485
5609 1556
5612 3241
5615 894
5616 4801
5617 3956
5618 1871
5619 6627
5619 6768
5620 7094
5622 889
5626 6763
5627 2895
5628 1149
5629 4071
5634 2303
5634 5953
5635 7131
5636 5491
5638 574
5640 4298
5643 1789
5643 4727
5644 1708
5645 1162
5645 5179
5645 5249
5649 5671
5651 3020
5654 2384
5655 423
5655 2570
5656 2133
5658 7270
5660 3646
5664 5149
5665 2033
5665 3253
5665 5920
5668 5351
5669 181
5669 779
5673 2473
5673 3084
5679 3380
5680 2348
5681 6134
5682 6142
5683 519
5683 4017
5683 5084
5685 2472
5686 4261
5687 7703
5688 5111
5689 986
5689 4867
5694 364
5698 5
5699 3922
5702 7115
5704 7584
5705 5834
5706 1377
5709 820
5710 5268
5710 7724
5712 2088
5714 843
5718 6081
5725 1548
5726 4790
5729 5593
5730 1535
5731 4301
5732 4941
5732 7592
5733 896
5736 3707
5740 1030
5740 3110
5741 6022
5743 964
5745 1885
5745 2000
5746 6568
5750 5656
5750 5863
5750 6008
5751 3162
5751 4814
5752 2633
5753 1634
5754 2889
5755 6714
5759 71
5759 1018
5759 5216
5759 5788
5766 1937
5766 6819
5767 3424
5768 5199
5769 5117
5776 5657
5777 6739
5779 3955
5783 2465
5786 2770
5787 5381
5794 223
5798 2223
5800 4557
5800 6403
5800 6453
5801 6228
5802 1389
5802 5001
5804 6120
5806 3340
5808 3003
5808 5272
5809 4334
5811 938
5813 967
5813 3133
5813 3602
5814 6508
5818 2164
5818 2360
5820 1751
5821 4102
5822 373
5823 3089
5828 7584
5829 2563
5833 238
5834 1139
5835 7099
5836 7597
5837 5364
5838 3551
5840 5031
5840 6127
5840 6334
5842 2780
5842 7073
5843 2108
5844 2871
5847 1139
5852 4055
5854 4351
5855 708
5856 6991
5865 1551
5866 3723
5868 1056
5869 1825
5869 4011
5871 5701
5872 5534
5874 5476
5876 2905
5877 2972
5878 5520
5879 6546
5880 6991
5883 3099
5884 5266
5889 1344
5889 5862
5892 3732
5894 5855
5894 6828
5898 4875
5899 3179
5900 355
5901 4371
5903 678
5903 3979
5906 4224
5907 4433
5910 136
5911 589
5911 4111
5912 2184
5915 2926
5916 7326
5917 1046
5918 4523
5919 3623
5921 4787
5922 1870
5927 3843
5929 5769
5933 4972
5935 417
5936 654
5936 903
5938 948
5939 214
5940 2353
5942 3858
5943 4746
5945 7565
5954 2699
5955 4372
5957 2849
5959 6763
5960 6138
5961 3349
5963 1145
5967 1191
5968 4521
5969 548
5969 5034
5970 7632
5972 4780
5973 2369
5976 1300
5979 6154
5980 1970
5982 572
5982 3399
5989 7053
5991 3586
5991 6384
5992 3602
5992 6190
5992 7173
5993 5665
5993 6030
5994 1884
5995 2902
5998 5818
5998 6290
5999 2278
6000 3181
6001 4586
6001 6189
6001 7103
6002 2456
6002 7346
6003 6307
6005 3
6005 2793
6006 5949
6007 4660
6008 18
6010 7207
6011 4426
6017 418
6017 6123
6018 791
6019 2745
6023 2053
6026 3023
6028 5954
6032 3064
6034 3935
6037 127
6038 2613
6050 5796
6050 6873
6053 5080
6058 1258
6061 3124
6061 6657
6062 2511
6064 4237
6066 5455
6069 4499
6070 2067
6072 3440
6078 5325
6079 5740
6080 7136
6086 2989
6089 97
6091 3421
6091 5644
6093 5456
6094 2242
6095 6365
6096 1578
6097 2089
6101 561
6103 2937
6103 5184
6103 7263
6105 2562
6107 4696
6108 1738
6109 4130
6110 3416
6111 1391
6111 2795
6112 2582
6112 2589
6112 3028
6112 7655
6116 1391
6119 5773
6121 1078
6125 177
6126 6473
6128 1873
6128 3260
6132 5042
6133 2261
6134 691
6135 1565
6136 3112
6136 3955
6138 2531
6140 5036
6142 1648
6146 7644
6150 2071
6150 4483
6151 5151
6153 3860
6156 5861
6158 1271
6158 1442
6167 5288
6168 3584
6171 795
6174 1670
6174 3749
6175 5420
6177 3283
6177 3318
6180 5
6182 2797
6185 2579
6186 2359
6186 7442
6188 5215
6192 4259
6192 5648
6193 4054
6198 2014
6199 3865
6200 7155
6201 1276
6202 2556
6202 7556
6205 1132
6206 2180
6206 6151
6209 4191
6210 1383
6211 3129
6211 3184
6211 7691
6212 2515
6214 2009
6220 7516
6222 1920
6223 5263
6225 3555
6225 6883
6228 2234
6228 3253
6231 699
6234 1186
6235 2880
6237 1532
6237 2198
6239 3021
6240 2010
6241 2938
6244 1619
6248 1413
6250 6104
6253 6305
6259 1333
6259 4678
6260 501
6263 2573
6268 604
6269 3460
6272 1164
6274 1993
6274 6623
6275 2783
6277 2630
6278 1384
6287 7627
6293 5116
6294 3644
6295 2420
6297 504
6305 3148
6306 4927
6312 1560
6312 2210
6313 4404
6313 5482
6314 1548
6315 2983
6316 6515
6318 4406
6319 722
6322 5304
6323 6718
6324 2855
6325 718
6327 5151
6330 6235
6333 248
6333 1664
6333 4925
6334 2737
6337 27
6337 5295
6337 5374
6337 5555
6340 2153
6341 4631
6342 1864
6343 4660
6344 7227
6346 3285
6346 6509
6348 2928
6348 3201
6349 6670
6350 4338
6355 3112
6356 7724
6358 649
6358 3354
6359 3619
6360 4317
6362 3644
6364 7284
6366 5537
6367 3568
6367 7358
6368 1801
6368 6701
6374 2084
6375 2739
6377 4494
6379 1287
6380 793
6383 2896
6393 3253
6394 627
6395 4580
6396 7596
6397 1587
6403 4999
6405 5508
6407 546
6407 2314
6408 4739
6409 2473
6410 549
6410 6580
6417 6464
6418 3555
6419 165
6420 1175
6423 3394
6423 5388
6423 6997
6425 5981
6426 2883
6428 5228
6429 6342
6435 2520
6437 2783
6437 4618
6438 1005
6439 3637
6443 2158
6443 2462
6444 4454
6445 2318
6451 515
6452 2923
6453 1280
6453 4068
6458 6194
6461 6737
6462 204
6464 702
6464 2237
6464 2523
6465 88
6468 2752
6468 7102
6470 4120
6474 1375
6474 6347
6478 6558
6480 425
6481 6554
6487 5012
6489 1653
6489 7266
6491 4778
6492 5842
6493 6301
6496 1561
6498 3167
6504 162
6507 2451
6515 5584
6515 6169
6533 411
6534 1702
6536 7418
6539 1474
6539 4804
6543 1892
6544 6903
6545 2482
6547 2019
6549 3127
6550 2760
6552 245
6563 6742
6564 414
6565 5976
6566 2313
6566 4078
6566 4322
6569 7268
6571 5879
6572 3189
6572 5596
6575 2911
6575 3833
6576 6618
6577 5033
6579 3238
6581 4176
6583 614
6583 994
6583 2794
6583 7600
6585 6631
6586 4427
6591 7159
6594 3896
6595 6958
6597 4003
6597 5734
6598 4007
6603 2658
6604 1452
6604 4638
6605 1538
6606 3390
6608 6466
6608 7155
6611 4816
6614 5577
6616 2381
6622 5559
6623 3367
6623 4525
6625 2018
6626 13
6626 6833
6628 3742
6630 854
6633 4925
6634 5027
6635 6929
6635 7707
6637 2962
6637 5764
6639 4333
6641 6248
6642 1325
6643 3960
6643 4218
6648 4584
6648 6688
6651 4054
6651 5686
6651 7005
6654 5921
6655 1510
6655 4667
6659 6515
6662 2241
6666 4881
6667 2349
6669 5
6670 4946
6670 5320
6672 992
6672 7492
6680 7371
6681 6676
6683 997
6684 1848
6684 2230
6685 2281
6685 5447
6686 540
6686 3787
6686 5088
6687 2166
6690 6448
6692 5947
6695 1044
6695 5403
6696 2058
6697 3421
6703 4674
6703 5233
6705 5466
6705 6410
6709 1390
6709 4785
6711 1225
6713 6893
6715 4615
6716 6517
6717 843
6719 4104
6722 6391
6726 2347
6726 4197
6727 4859
6730 461
6731 1861
6731 6188
6732 3406
6734 7350
6736 4226
6745 2974
6746 937
6746 4316
6755 1366
6755 2234
6756 2445
6761 2694
6761 3510
6763 885
6765 6307
6767 3194
6767 3470
6770 43
6771 2797
6773 5445
6773 6250
6774 2419
6776 868
6776 2371
6782 4529
6786 7210
6789 2917
6791 1606
6791 3211
6791 3935
6793 2769
6794 1432
6794 5088
6795 5756
6796 11
6798 48
6799 6412
6800 123
6802 5408
6803 3246
6804 2027
6804 4230
6807 6585
6808 705
6808 7137
6808 7677
6812 3253
6812 3445
6813 4519
6816 6094
6817 1000
6818 4441
6820 6374
6821 6301
6825 2206
6825 6361
6826 3532
6830 4637
6831 807
6831 4671
6832 4024
6832 4264
6833 4726
6835 3239
6837 2029
6838 1241
6843 6450
6844 7574
6845 4152
6846 2414
6847 594
6851 402
6854 3621
6858 857
6860 3249
6864 2490
6872 2531
6875 5970
6877 4213
6880 1027
6882 7558
6883 7463
6885 1623
6885 4940
6894 3779
6894 7659
6897 567
6898 7444
6899 3718
6899 6714
6900 3690
6900 5162
6901 6097
6906 5068
6906 6045
6910 456
6910 6228
6911 5695
6912 544
6916 196
6918 1257
6918 2075
6918 4897
6918 6311
6923 5538
6924 1521
6927 4520
6930 282
6930 7712
6931 3547
6931 5470
6933 1437
6934 2706
6934 5867
6937 3644
6937 6689
6942 971
6943 1972
6943 2311
6943 2909
6944 4252
6945 2059
6946 3421
6948 5884
6949 725
6949 772
6949 2980
6949 5879
6949 7292
6950 6562
6951 1696
6952 3708
6952 5691
6955 2849
6959 1968
6960 7147
6961 1156
6962 3744
6963 3390
6965 1728
6965 5020
6965 5678
6965 5966
6966 7125
6969 3053
6971 637
6971 4589
6973 558
6976 3590
6976 6625
6976 7490
6978 3457
6979 1507
6981 1346
6981 5906
6981 6641
6981 6789
6985 1911
6990 793
6992 7478
6993 1106
6994 251
6994 2187
6998 4635
6999 7546
7002 3130
7004 1501
7005 2676
7007 379
7010 252
7013 5026
7013 7644
7014 3319
7019 5386
7021 2204
7026 3052
7027 1073
7028 5785
7030 5934
7031 3752
7035 3896
7046 4585
7050 5293
7051 2252
7053 4960
7054 5528
7055 5325
7055 7210
7056 5544
7057 637
7066 3759
7066 7016
7068 5329
7070 4688
7071 3127
7073 6900
7076 5616
7079 1097
7079 3487
7080 7550
7083 6742
7085 3576
7088 7093
7091 1331
7094 4155
7094 5239
7096 5289
7101 3222
7102 4498
7103 6109
7104 89
7104 1398
7104 3037
7116 1006
7116 1158
7116 2838
7119 2278
7122 2815
7124 1713
7125 1440
7126 3126
7127 2315
7128 1395
7133 6578
7135 4904
7135 7589
7137 6107
7139 1330
7140 4733
7141 3777
7143 5142
7144 5908
7144 6680
7146 3046
7148 4516
7151 2363
7155 3911
7155 5899
7156 4332
7159 843
7161 7480
7162 3212
7163 3500
7165 6473
7165 7575
7167 4570
7169 1011
7171 3460
7171 5607
7176 1138
7176 1642
7182 3400
7183 4147
7184 615
7184 1750
7184 6509
7186 2135
7187 513
7187 2673
7187 2907
7187 6818
7188 7041
7191 2436
7191 3102
7192 677
7193 6968
7196 1753
7198 5784
7198 6962
7200 56
7201 1760
7205 93
7205 2065
7205 3631
7205 4414
7207 5889
7209 5040
7211 437
7211 4002
7213 7655
7214 6211
7214 7146
7215 251
7218 4943
7220 491
7220 958
7220 2740
7220 4646
7224 6342
7226 531
7226 6333
7228 766
7228 6038
7231 1704
7232 4560
7234 3344
7234 6464
7236 5125
7239 5579
7242 2429
7243 4663
7245 3160
7246 3180
7246 3676
7247 6974
7250 351
7250 5058
7250 5161
7256 4072
7261 6142
7265 563
7266 3303
7266 3718
7268 2169
7268 6586
7269 483
7272 989
7274 6046
7283 5813
7284 7159
7285 5271
7286 4765
7288 5981
7288 6472
7289 7657
7291 1412
7292 102
7293 592
7293 970
7293 6587
7299 3312
7300 1067
7300 3414
7301 2927
7302 1402
7302 3395
7305 594
7305 2259
7307 1470
7310 7517
7312 4321
7314 663
7317 1969
7323 2288
7325 3500
7327 4338
7328 2877
7329 3006
7330 257
7331 3916
7332 2426
7332 7265
7333 3695
7335 1062
7335 4821
7336 1091
7336 4250
7337 463
7337 2268
7338 2969
7338 4713
7339 2763
7342 3071
7345 2897
7345 6751
7346 1104
7347 7196
7348 3582
7357 2882
7357 3221
7358 47
7358 3609
7359 4826
7361 4811
7362 389
7364 7174
7365 826
7372 142
7373 7603
7375 630
7376 2578
7377 2452
7377 3296
7377 5122
7377 6456
7378 4058
7383 364
7384 3758
7384 6685
7385 6922
7386 1589
7386 6505
7389 616
7389 7718
7390 1341
7392 6498
7392 6791
7393 3636
7401 5242
7404 6847
7406 1064
7409 4242
7410 483
7416 1792
7416 5152
7417 5202
7418 3416
7419 279
7421 7091
7424 3685
7425 2519
7426 1942
7427 856
7427 3974
7428 3327
7428 6091
7429 383
7432 2359
7434 2576
7434 2578
7434 5760
7436 2546
7436 5097
7437 5093
7437 6330
7438 166
7445 2548
7449 1188
7449 3468
7449 6072
7451 3012
7452 2354
7454 7327
7456 6741
7459 6245
7460 3454
7461 2461
7466 7222
7468 5352
7471 1602
7474 6213
7478 2469
7487 1834
7488 3439
7491 6549
7492 4547
7493 3862
7494 3035
7495 1387
7496 6013
7497 2596
7500 5298
7506 5667
7507 3126
7507 6602
7516 881
7517 2662
7521 136
7523 4016
7524 2034
7524 4953
7524 5890
7525 4036
7526 3433
7527 6389
7528 3542
7528 4081
7529 7032
7530 2836
7531 6751
7533 2214
7533 7407
7537 6417
7539 907
7540 148
7540 2019
7548 5504
7548 6951
7550 3384
7555 1057
7555 2332
7556 7376
7559 2748
7560 3675
7561 7537
7562 4805
7568 4521
7568 6581
7570 4821
7571 7673
7572 4975
7575 624
7576 5456
7576 6718
7578 2197
7578 2947
7579 6978
7580 4203
7585 3940
7588 682
7588 4252
7589 4878
7593 810
7593 3508
7593 6249
7597 2167
7597 2505
7598 5560
7598 7604
7602 746
7605 21
7606 577
7606 1014
7607 4716
7607 6850
7608 1512
7609 5338
7611 7261
7612 4856
7617 609
7620 2078
7621 1619
7623 4414
7624 5214
7627 5615
7636 4085
7637 3585
7637 7500
7639 1040
7641 4440
7642 987
7643 6692
7646 5565
7647 785
7649 1005
7651 3299
7651 7515
7652 362
7653 3750
7654 1643
7659 5589
7661 6356
7669 3181
7669 4319
7671 6336
7673 7120
7677 6869
7677 6893
7680 6769
7681 1102
7681 6007
7683 775
7683 6752
7686 3307
7687 5742
7691 3992
7691 5563
7693 4990
7697 5901
7699 691
7701 22
7701 7088
7702 2958
7704 1351
7708 7729
7709 7371
7713 4988
7715 177
7715 1301
7715 3698
7715 4800
7715 5356
7715 7172
7717 5550
7718 3535
7718 3916
7719 3806
7722 276
7724 497
7724 2338
7726 1245
7728 4433
7731 1886
7732 7679
7734 1069
7735 5416
7735 6910
7737 2117
7737 5340
7741 4957
7742 6242
7743 435
7743 5626
7745 4761
7745 7295
7746 533
7746 6690
7747 7472
7748 7601
7749 6384
7751 4340
7752 1371
7752 2085
7753 4768
7754 2837
7757 5722
7760 1139
7761 1514
7766 3254
7768 2388
7768 6593
7768 7463
7770 625
7779 1674
7781 1240
7781 3640
7785 3261
7786 5428
7787 6797
7788 5810
7789 1265
7793 5219
7796 2671
7797 2744
7798 2806
7805 677
7805 5117
7805 5902
7806 4050
7808 4733
7809 6849
7815 217
7815 3513
7819 941
7820 318
7821 2506
7824 2567
7825 6470
7826 606
7826 6700
7827 6617
7828 3727
7832 3386
7837 3915
7839 2905
7846 4627
7849 2081
7850 1142
7850 2409
7850 3123
7854 2074
7854 3658
7859 191
7859 1029
7860 2011
7861 5284
7863 7088
7864 1299
7865 5346
7875 1024
7877 6532
7879 7248
7883 3250
7885 1446
7885 6420
7888 3722
7890 4841
7891 4781
7895 2660
7895 4379
7896 5379
7898 1072
7901 3434
7901 7543
7906 1908
7907 3458
7908 3870
7910 6775
7911 12
7912 7491
7914 2751
7915 6410
7918 3008
7918 3412
7919 7177
7920 2231
7920 5783
7921 4660
7922 3359
7923 2692
7925 2360
7925 5488
7930 1069
7931 2861
7932 5585
7935 6227
7936 5602
7937 3077
7943 3495
7945 6586
7949 4073
7954 2565
7954 6398
7955 5795
7957 396
7957 622
7958 7161
7959 3060
7960 919
7962 829
7967 2390
7967 5595
7969 2914
7971 2587
7972 1425
7972 2864
7972 7104
7973 4788
7977 6007
7977 7316
7983 288
7983 4772
7984 1525
7984 4036
7985 503
7987 5988
7989 4877
7991 7560
7993 4017
7994 5553
7995 6241
7996 5222
8001 5691
8002 7392
8004 5803
8006 2095
8007 5882
8009 3482
8010 6006
8010 7013
8011 1642
8014 4456
8025 439
8033 4553
8034 1903
8035 7168
8036 6999
8037 2599
8038 6715
8039 5374
8041 176
8042 4822
8043 472
8044 442
8044 5287
8045 1076
8048 2774
8048 4281
8048 7693
8049 6967
8050 955
8050 1068
8051 4181
8052 969
8054 5101
8056 2104
8064 4128
8066 4973
8068 1531
8070 3907
8075 3248
8079 7479
8086 1771
8089 3115
8089 7254
8090 618
8091 1309
8091 3707
8094 4419
8095 2938
8096 1871
8097 755
8098 2343
8098 3189
8100 4835
8101 1245
8103 7016
8104 75
8104 4315
8105 3876
8106 5748
8107 3897
8108 3459
8108 3460
8114 1997
8115 6669
8120 915
8120 1371
8120 2018
8125 3554
8128 4884
8130 6935
8132 4419
8132 4560
8132 7418
8141 6082
8141 6350
8146 2943
8148 3272
8150 2625
8151 2635
8151 4435
8153 3751
8153 6803
8154 330
8158 3951
8158 4149
8158 5027
8160 4985
8161 2311
8162 1587
8162 1597
8166 4481
8171 6278
8171 7522
8172 7058
8174 455
8175 7722
8178 5812
8179 6730
8181 552
8182 4012
8190 2009
8190 4424
8190 5859
8192 3898
8194 4046
8197 1615
8199 667
8199 1391
8200 119
8200 2564
8200 4380
8208 4531
8209 1389
8215 4083
8218 1903
8224 249
8224 7596
8226 3622
8227 1443
8231 4167
8232 6078
8233 4089
8234 7282
8235 188
8235 4113
8242 3669
8243 5839
8247 7093
8249 952
8249 6129
8251 694
8251 1472
8252 7196
8255 6690
8255 7652
8257 1939
8257 2239
8257 6057
8260 813
8262 1045
8266 1616
8267 5594
8267 7680
8268 7682
8269 2076
8269 4290
8271 5372
8271 6961
8271 7673
8274 5710
8278 4497
8281 2430
8282 1366
8283 5541
8284 4887
8284 5112
8285 5587
8292 2047
8293 3435
8294 2864
8296 1569
8298 3624
8303 1063
8304 1329
8308 2078
8309 1580
8309 3779
8310 3669
8313 7030
8314 1858
8318 1478
8318 1813
8322 6279
8324 880
8326 121
8328 4510
8328 6424
8329 3305
8330 2989
8330 6763
8330 7396
8333 7618
8337 4896
8338 4440
8339 4289
8340 2146
8342 966
8342 1291
8345 2408
8346 2121
8346 2875
8347 4399
8347 4801
8348 1180
8351 964
8353 2018
8353 4841
8357 7298
8360 3591
8360 7528
8362 6247
8363 4751
8367 2700
8369 2868
8369 7581
8373 6087
8374 3560
8376 6378
8378 412
8378 1616
8378 5091
8380 2997
8381 3808
8382 2253
8383 2587
8383 4514
8386 5270
8387 3010
8391 4108
8391 7729
8393 2012
8394 930
8399 883
8399 7319
8400 4481
8402 6237
8405 3621
8410 2630
8411 5169
8417 4725
8418 2300
8418 6450
8419 125
8422 4399
8422 5398
8423 4492
8424 4172
8425 199
8425 4349
8425 7227
8425 7500
8427 7638
8430 3037
8431 3840
8433 3887
8434 6565
8435 5122
8435 5964
8436 4506
8439 4620

