7303 2824 2166
1 1
1 938
2 450
2 2406
6 471
9 2739
10 124
11 14
13 1234
14 2320
21 114
24 1254
25 1195
26 838
32 1637
36 1718
38 1355
41 1939
50 1134
50 1186
60 2239
69 999
71 1912
73 2333
75 1982
76 88
76 1487
77 665
82 503
84 15
90 431
90 872
91 1321
95 790
101 2718
105 1914
105 2773
107 1177
111 1930
112 1444
112 1917
114 2296
115 1014
125 983
129 1322
129 2546
130 1429
132 581
134 1854
136 1538
136 2204
138 1113
141 1071
143 1988
144 598
145 1769
159 2799
162 148
167 1871
167 2291
170 1217
171 1183
179 1424
191 1313
192 925
196 990
209 2632
212 1428
214 431
220 1334
225 267
226 2277
236 293
236 926
236 2574
243 1909
246 354
254 2044
256 2386
258 2011
263 1056
263 1119
268 2091
270 284
270 1123
276 884
286 2778
289 2364
290 1477
295 19
298 2408
302 1530
303 542
309 2564
311 2037
312 2420
316 1781
323 236
323 2393
323 2617
324 263
329 2794
331 892
333 562
337 139
337 2371
339 1719
340 1340
342 163
343 2456
344 1726
351 965
360 951
364 2688
365 583
370 768
372 1911
372 2710
375 1155
378 575
384 2634
385 2149
392 1570
395 5
402 2287
405 1534
415 2030
418 805
419 1884
419 1950
429 966
430 2801
433 2553
434 668
435 1147
436 2482
438 391
440 1890
442 446
447 1452
461 2284
462 1183
463 2220
468 1153
470 269
472 952
475 1226
478 403
478 1826
485 344
485 948
486 1143
491 2288
495 12
498 150
499 1119
502 1295
504 434
504 2553
505 346
506 2118
513 424
514 2236
515 850
517 166
517 1537
521 552
523 2106
527 239
531 1600
535 2240
541 458
547 1440
551 1609
551 2777
554 1972
555 2656
558 2118
560 982
561 2295
566 2252
571 2084
575 1683
577 1766
578 2360
589 580
590 1024
591 1243
592 1685
599 24
606 2158
607 761
613 2402
614 124
614 729
618 1045
621 2621
627 1333
628 1368
631 2147
640 520
642 2329
652 2036
660 64
665 57
673 446
674 1115
674 2659
677 2612
682 2765
685 1798
686 1719
690 1258
701 976
705 1514
710 2649
714 759
721 2293
722 192
724 2679
729 934
733 845
735 712
735 2239
736 287
736 1427
738 1347
740 1109
742 1296
743 2011
744 681
746 397
746 1297
747 2036
748 2152
750 127
751 1148
754 39
755 2631
758 1569
758 2804
761 256
761 906
763 542
764 1141
765 922
766 1342
773 2455
782 1090
790 168
793 845
808 2667
814 1699
815 2697
823 137
825 2546
826 1872
831 909
841 2207
845 1546
846 664
852 2437
857 2691
858 1108
863 2346
873 369
874 265
875 1788
876 1125
879 362
885 41
891 242
896 1435
905 573
906 1991
907 1454
908 2004
913 827
914 1232
921 802
942 1247
944 572
945 2314
952 2821
957 2122
958 429
961 1072
966 2183
970 16
970 546
971 1663
974 1056
975 2735
979 129
980 2320
988 877
994 384
995 2366
995 2552
1003 319
1004 28
1008 1415
1009 1041
1013 2112
1014 1444
1015 87
1020 2583
1024 2668
1028 1459
1028 1669
1030 219
1044 74
1059 384
1059 2380
1062 484
1070 844
1078 140
1084 1807
1086 2102
1087 2385
1090 338
1094 1391
1097 1495
1105 1021
1106 105
1113 2390
1117 2027
1121 106
1126 808
1127 1021
1131 1069
1131 1748
1136 1514
1137 2747
1146 1625
1146 1708
1149 1934
1157 1903
1159 90
1160 1917
1161 120
1161 1290
1163 1120
1163 1655
1167 389
1168 1565
1177 2812
1183 1688
1184 1587
1186 1428
1187 1184
1192 441
1193 1161
1195 2700
1202 941
1210 1050
1210 1081
1210 1608
1210 1771
1216 2628
1216 2705
1220 580
1223 1098
1226 2821
1229 965
1231 378
1236 361
1237 1013
1242 2206
1245 654
1245 1039
1247 745
1251 1003
1252 4
1256 1446
1257 2427
1266 125
1266 2270
1272 308
1274 2097
1283 1074
1284 2721
1287 774
1293 1636
1295 2381
1298 109
1300 2719
1311 1230
1312 1102
1314 2653
1316 368
1322 879
1328 1915
1330 812
1334 2374
1335 1001
1341 921
1345 1587
1345 1857
1352 2412
1355 336
1357 982
1357 1832
1361 995
1363 59
1364 2095
1365 918
1367 642
1367 1596
1375 789
1383 645
1385 1604
1395 109
1395 1764
1400 2808
1405 811
1408 2490
1419 488
1423 941
1425 2130
1434 177
1435 259
1436 2634
1438 1861
1439 1204
1446 1264
1451 862
1458 2480
1461 1476
1471 2127
1477 1008
1481 2016
1488 1802
1495 1536
1496 2391
1496 2412
1498 824
1502 2204
1511 1825
1517 462
1525 1223
1528 2163
1530 810
1535 155
1536 1795
1536 2774
1538 1730
1538 2604
1540 1129
1548 1578
1549 2093
1559 655
1561 148
1561 2010
1571 1742
1575 211
1576 758
1578 1924
1578 2370
1579 985
1600 62
1602 395
1611 141
1619 95
1619 1400
1619 1991
1621 1767
1624 100
1627 2410
1630 2723
1631 253
1631 1890
1631 2429
1631 2518
1631 2729
1632 2477
1634 2201
1635 1402
1635 2600
1637 535
1639 1221
1647 667
1650 968
1651 1267
1656 863
1662 1148
1670 969
1674 2474
1680 641
1685 2711
1690 1280
1691 53
1693 483
1701 2424
1703 1082
1704 699
1707 765
1709 1729
1711 2078
1718 1390
1721 947
1725 2633
1730 9
1737 460
1741 1531
1753 891
1754 725
1754 1482
1757 1016
1758 1109
1758 1127
1759 2691
1761 1604
1763 2808
1766 1243
1767 616
1768 207
1771 2782
1781 2694
1782 15
1782 464
1798 1718
1798 2729
1799 1752
1800 916
1801 290
1808 2555
1809 1098
1809 1694
1812 769
1812 1464
1813 2362
1814 1745
1827 2205
1828 1991
1831 1534
1835 2491
1838 2605
1842 108
1847 1441
1849 1021
1849 2611
1854 832
1861 2659
1863 401
1879 2226
1883 2003
1892 780
1896 2022
1897 446
1901 510
1903 320
1904 1154
1906 2046
1909 1264
1909 1739
1910 2672
1913 2809
1920 1653
1923 2193
1928 590
1928 785
1930 629
1937 1791
1943 622
1946 182
1952 229
1952 2665
1953 156
1954 2203
1962 2346
1966 757
1966 1650
1971 1936
1971 2197
1973 807
1976 2148
1977 190
1977 258
1977 564
1993 1304
1994 1523
2001 1014
2002 171
2002 777
2003 260
2003 1592
2003 1701
2008 1474
2009 2766
2011 1500
2012 2732
2017 364
2017 969
2025 1839
2026 420
2026 1494
2028 1881
2033 1704
2034 2475
2037 976
2039 2373
2040 2201
2042 54
2042 1047
2043 644
2045 2233
2048 2294
2052 1437
2060 2608
2065 1835
2066 936
2068 2180
2069 1058
2075 406
2082 275
2090 1949
2092 821
2106 841
2107 393
2110 2633
2111 977
2112 833
2115 819
2120 1821
2121 765
2128 2723
2133 2001
2134 549
2136 1721
2139 1104
2150 1390
2152 1161
2152 1388
2154 2626
2155 2166
2158 609
2164 563
2164 1969
2165 1496
2170 1765
2175 936
2177 1236
2178 673
2193 351
2193 1848
2195 251
2199 2688
2208 2113
2209 1869
2209 2074
2213 2244
2219 2385
2220 2034
2221 830
2224 1908
2230 2257
2232 2763
2233 769
2235 1870
2242 2154
2243 485
2244 2501
2251 2755
2255 2265
2264 1075
2265 2305
2266 164
2268 1851
2270 1585
2270 2443
2276 2583
2282 2744
2292 1663
2293 2478
2294 1082
2301 768
2301 1411
2311 1663
2312 2206
2319 2015
2320 1638
2328 1213
2329 899
2330 1677
2336 1417
2338 2031
2343 1916
2350 2675
2350 2800
2354 2639
2358 610
2358 1430
2362 1115
2370 836
2376 1767
2379 2766
2380 2377
2380 2644
2383 1347
2389 1918
2389 2169
2395 333
2397 2332
2403 1303
2419 1324
2420 2236
2420 2329
2421 831
2422 1391
2430 2124
2432 1222
2432 2044
2433 1846
2453 2678
2456 1643
2456 2670
2473 2628
2476 515
2477 1291
2483 507
2483 1472
2483 1664
2485 821
2485 1068
2489 1328
2491 1174
2497 453
2497 930
2498 371
2500 2116
2502 509
2505 881
2506 1383
2507 412
2511 1034
2512 2203
2515 251
2515 1091
2515 2109
2517 1663
2525 788
2531 567
2533 1640
2533 2511
2535 884
2539 362
2541 1864
2551 598
2551 1199
2551 1756
2557 917
2560 2184
2564 2618
2564 2800
2565 86
2567 2456
2572 733
2579 2066
2582 465
2587 706
2595 520
2599 725
2608 2773
2615 2774
2621 1148
2622 2280
2630 1769
2634 1155
2637 661
2640 360
2640 1575
2641 1115
2642 1605
2648 94
2651 583
2652 2434
2653 1558
2658 1441
2671 1668
2679 1074
2687 1520
2691 518
2698 702
2698 965
2700 1709
2705 630
2709 155
2716 220
2716 806
2719 769
2720 757
2731 232
2731 549
2732 1009
2735 2187
2739 318
2739 366
2740 961
2756 1432
2757 662
2762 2758
2769 1991
2770 2091
2776 312
2776 1177
2780 1843
2793 1027
2796 2171
2800 2250
2804 567
2809 1592
2809 2179
2814 2380
2821 1343
2825 1497
2825 2015
2832 912
2833 2298
2837 1815
2838 709
2842 1072
2843 234
2847 2448
2851 692
2852 399
2854 278
2854 723
2854 2271
2860 1540
2863 717
2867 1982
2870 2348
2878 974
2879 2287
2880 322
2881 2369
2888 66
2894 2576
2895 742
2897 1174
2900 242
2900 933
2900 1281
2905 25
2905 1651
2905 2416
2907 380
2911 1888
2914 1110
2915 2579
2916 1741
2920 726
2920 1126
2921 2329
2925 1162
2928 1724
2929 1163
2932 2007
2934 1823
2936 1298
2942 81
2944 404
2948 564
2962 433
2967 2803
2972 2562
2974 618
2976 1328
2977 1516
2980 1760
2983 1958
2985 1238
2985 2434
2986 1705
2990 198
2991 2553
2996 2319
3012 670
3012 2417
3017 1037
3017 2263
3019 115
3022 240
3024 2202
3024 2336
3025 2360
3033 935
3044 1343
3046 1768
3047 1644
3049 2562
3058 938
3058 1805
3059 350
3059 2103
3059 2511
3061 2450
3062 404
3063 229
3063 377
3064 1727
3066 2186
3072 2151
3073 1788
3082 962
3083 2609
3084 58
3085 486
3092 680
3101 1140
3102 310
3105 127
3119 813
3121 7
3124 750
3130 401
3137 1230
3141 1864
3151 1990
3154 2456
3155 1210
3155 2162
3179 2015
3188 2248
3190 1065
3190 1760
3199 1096
3202 123
3204 874
3205 2
3209 645
3210 2364
3214 1854
3220 2819
3224 1370
3234 948
3236 2301
3239 56
3239 460
3246 1417
3256 154
3261 676
3261 1980
3267 1266
3269 576
3270 2325
3271 354
3276 519
3281 2548
3282 640
3284 810
3286 169
3291 151
3291 2256
3291 2577
3300 95
3301 2503
3304 1498
3310 2139
3313 887
3314 1145
3315 2122
3315 2651
3318 839
3331 646
3331 1544
3331 1737
3334 31
3343 269
3345 1772
3347 2015
3348 1389
3348 2457
3349 589
3350 2545
3355 2141
3369 1710
3371 2437
3372 1323
3373 1129
3373 1520
3374 1386
3375 1855
3376 498
3377 2753
3382 780
3384 2671
3388 2738
3392 1644
3397 2779
3401 994
3401 2553
3408 1329
3411 643
3412 2188
3414 831
3414 1080
3415 2553
3419 1798
3420 1067
3421 2140
3426 2377
3431 1
3436 2369
3441 1279
3444 748
3446 636
3450 701
3451 1388
3453 738
3461 293
3462 290
3466 625
3467 486
3467 1093
3470 2029
3471 2627
3471 2764
3479 2762
3482 2073
3487 952
3487 2057
3488 453
3499 1987
3500 1240
3503 934
3506 667
3510 1277
3510 1491
3510 2589
3514 593
3514 1218
3517 1140
3518 1360
3523 1936
3523 2365
3531 1972
3532 1993
3535 113
3546 1370
3554 2072
3556 2185
3557 2794
3558 1997
3565 1249
3569 2073
3570 281
3571 831
3572 456
3574 289
3575 1371
3578 81
3581 1366
3583 1684
3586 1115
3586 2359
3593 1370
3594 923
3595 582
3596 944
3597 2651
3605 1817
3605 2726
3606 2821
3608 714
3609 566
3620 2435
3636 269
3636 686
3639 2346
3640 1277
3640 2458
3644 2541
3645 2764
3646 1274
3648 58
3648 1198
3657 2134
3658 1571
3660 1291
3661 2556
3664 2078
3666 532
3668 17
3670 2212
3670 2600
3672 349
3674 1659
3677 1494
3679 1403
3681 923
3682 2768
3687 2282
3692 1466
3692 1604
3696 326
3696 687
3697 2543
3700 2427
3701 985
3702 1942
3704 952
3704 2047
3704 2245
3708 932
3710 1216
3724 299
3728 1093
3729 625
3730 221
3736 686
3738 2382
3742 388
3747 247
3754 2182
3757 2801
3760 474
3764 49
3765 242
3765 514
3774 252
3778 2312
3788 91
3789 975
3791 1112
3804 340
3806 276
3818 1007
3827 2218
3829 287
3829 1811
3830 1206
3839 193
3839 1789
3845 2684
3847 2198
3848 785
3850 2104
3851 21
3857 274
3861 1586
3872 2358
3872 2788
3874 759
3876 2156
3878 1749
3880 969
3883 2365
3884 2522
3886 1461
3888 2703
3893 1150
3897 2350
3900 2113
3900 2194
3909 20
3910 899
3913 1929
3914 617
3915 648
3916 807
3928 1818
3933 1274
3936 1738
3939 314
3960 1388
3961 876
3961 1203
3968 1669
3970 618
3972 2647
3975 199
3982 267
3982 2174
3983 1690
3986 220
3987 2685
3987 2790
3990 349
3990 1276
3995 597
3998 846
3999 44
4003 193
4004 476
4004 2491
4005 1842
4007 987
4007 1713
4011 799
4011 2030
4019 1398
4032 1206
4036 2686
4040 1811
4041 797
4042 2196
4046 171
4052 2359
4055 2465
4056 2169
4057 1300
4059 1532
4060 1132
4061 1667
4067 1549
4072 1193
4074 2050
4074 2518
4080 2643
4084 518
4085 312
4085 718
4090 657
4092 1475
4097 866
4108 395
4108 824
4109 536
4111 1829
4115 1249
4116 396
4116 1567
4117 1740
4117 2634
4120 1661
4125 1324
4130 2419
4134 545
4136 2346
4138 518
4140 1693
4140 2446
4141 2412
4142 2209
4143 2384
4149 891
4151 852
4156 216
4159 849
4159 1444
4162 675
4166 645
4168 1394
4174 1779
4178 1062
4178 1682
4181 1715
4186 60
4186 2060
4187 2667
4191 478
4191 2502
4194 1677
4197 2088
4197 2102
4199 1771
4206 94
4208 293
4208 2136
4217 1146
4220 2606
4222 1755
4224 928
4227 1657
4228 239
4228 2770
4235 2399
4236 2021
4239 1281
4239 1331
4239 2215
4243 617
4255 234
4256 2212
4257 2513
4259 360
4259 840
4265 2762
4268 40
4274 1844
4275 87
4275 2199
4278 2437
4280 52
4281 605
4282 553
4284 476
4284 1948
4291 2227
4293 2675
4296 2024
4297 671
4306 2016
4310 970
4313 2400
4314 2523
4321 334
4326 102
4328 2547
4330 2301
4332 609
4334 2674
4335 1212
4345 2686
4347 86
4350 2650
4353 1432
4372 1683
4373 2211
4375 2147
4375 2354
4378 154
4379 969
4383 1465
4385 1156
4388 2127
4391 1998
4393 2301
4394 1798
4395 2014
4396 617
4397 2592
4400 1979
4402 1080
4403 902
4403 1963
4409 435
4415 1178
4416 2090
4424 1741
4424 2540
4426 1728
4429 2550
4432 1007
4432 2316
4433 1558
4434 845
4443 805
4446 1006
4450 1572
4475 1738
4477 392
4477 2637
4481 2117
4483 2781
4485 893
4487 1966
4487 2002
4488 2068
4490 212
4490 439
4501 2012
4505 1077
4505 2722
4507 49
4519 222
4519 1830
4519 1935
4527 1985
4534 643
4535 1206
4538 2090
4540 1323
4541 1691
4544 523
4545 1412
4556 223
4557 843
4557 1930
4575 1062
4577 2575
4579 903
4587 1729
4588 1872
4595 700
4597 1280
4610 1426
4617 141
4619 813
4625 979
4627 462
4628 2249
4638 1315
4639 1104
4640 1177
4644 1113
4645 533
4653 1211
4656 929
4661 2089
4663 228
4663 1813
4670 2534
4671 1300
4676 1508
4678 1050
4692 379
4692 1765
4698 1994
4700 403
4700 2399
4703 1249
4707 6
4710 1244
4715 1256
4719 1346
4728 168
4729 1142
4729 1477
4730 586
4730 1460
4741 356
4745 494
4750 2723
4755 1413
4756 1464
4760 1990
4766 197
4766 1867
4766 2324
4768 2588
4773 153
4773 2104
4774 1349
4780 962
4782 2171
4783 807
4791 463
4791 1088
4796 2555
4800 175
4807 918
4815 34
4818 889
4822 780
4828 756
4831 2184
4835 2653
4836 2123
4838 1439
4838 1892
4839 83
4842 4
4843 1694
4844 2657
4845 812
4845 2161
4846 1897
4846 1943
4847 282
4854 479
4858 2083
4864 1342
4868 2279
4873 1999
4873 2159
4876 1057
4878 1017
4878 1499
4879 675
4880 1932
4884 738
4884 1725
4885 1132
4893 1610
4896 2702
4899 1180
4900 2580
4903 120
4918 1960
4925 635
4927 263
4935 2359
4940 1030
4943 2195
4950 2588
4951 2118
4961 1139
4964 1375
4970 506
4970 789
4973 2105
4976 1416
4977 1683
4979 451
4982 750
4984 937
4985 1005
4985 2687
4988 1284
4992 1262
4993 2067
4994 2451
4999 1740
5000 2632
5003 1060
5004 2567
5011 930
5014 165
5020 2819
5023 904
5025 150
5030 819
5033 1231
5036 114
5039 1750
5041 2435
5048 1205
5049 1626
5049 1717
5051 1579
5054 1015
5059 404
5061 1635
5063 232
5067 1705
5068 2301
5069 1340
5075 1445
5076 920
5076 2598
5077 642
5079 1767
5087 916
5088 2327
5093 52
5096 1038
5097 181
5101 2649
5105 460
5105 1467
5106 1838
5107 497
5110 1106
5115 977
5117 1304
5122 1131
5128 2782
5129 992
5129 2572
5135 602
5135 1033
5139 1369
5143 2090
5157 2494
5159 1046
5162 2304
5173 500
5176 803
5185 1057
5190 1226
5191 2096
5192 1872
5197 533
5198 120
5198 1053
5200 582
5202 2264
5211 351
5211 2005
5217 2812
5228 1893
5229 1134
5231 1872
5238 2151
5240 1145
5243 905
5244 2503
5252 1833
5257 1738
5267 2623
5270 2641
5273 2712
5276 1069
5277 2768
5278 1690
5282 1627
5296 570
5296 680
5301 672
5301 954
5304 650
5304 1353
5307 1850
5317 178
5318 355
5321 1474
5323 336
5323 569
5323 1782
5327 1932
5335 1652
5341 2666
5346 1426
5348 1876
5350 1829
5350 1884
5352 1492
5352 1527
5353 2662
5355 109
5359 1013
5363 2361
5365 191
5369 1655
5373 1328
5386 1488
5389 1335
5389 2194
5392 2810
5403 947
5404 1463
5406 2408
5417 102
5429 1796
5429 1871
5434 1908
5436 2796
5438 836
5440 995
5441 200
5444 1975
5444 2225
5445 1292
5446 522
5446 714
5449 2265
5450 67
5457 2136
5459 650
5473 1225
5479 1364
5482 1776
5488 2599
5492 1314
5494 1545
5496 2318
5501 444
5506 1229
5512 2417
5524 2095
5529 1062
5530 1113
5531 2325
5538 660
5543 887
5548 1467
5548 2323
5553 355
5564 2679
5567 38
5569 361
5569 997
5570 457
5571 377
5575 1237
5582 622
5584 2557
5586 2012
5588 886
5590 974
5591 534
5592 1212
5593 1522
5604 589
5607 2344
5609 2318
5610 2142
5613 855
5613 1499
5618 808
5624 2221
5625 665
5625 2381
5630 1408
5636 105
5637 2196
5638 375
5639 2646
5640 887
5641 1485
5642 834
5645 399
5645 2018
5648 1573
5650 704
5653 45
5656 1805
5667 2579
5672 297
5673 1958
5674 2223
5681 249
5681 1476
5684 1264
5685 2056
5686 150
5689 1806
5690 851
5692 1027
5696 2067
5697 436
5697 1556
5703 697
5703 1673
5703 2749
5705 2666
5707 494
5709 444
5716 634
5720 123
5729 1521
5733 1923
5736 973
5737 2206
5738 2550
5741 233
5748 365
5759 2791
5764 1886
5769 2370
5772 2459
5776 46
5785 422
5785 1881
5788 2138
5792 932
5796 246
5796 1532
5803 987
5805 2054
5806 2332
5809 846
5824 1387
5833 1903
5835 2297
5840 2479
5841 1718
5841 2786
5851 745
5852 2765
5853 1859
5856 980
5860 500
5861 781
5865 864
5867 1083
5867 1363
5868 1457
5869 1814
5870 1409
5873 2429
5878 488
5878 762
5879 2243
5882 387
5889 2299
5891 2822
5894 2331
5898 2527
5905 2800
5907 932
5913 438
5915 180
5919 608
5920 290
5923 2157
5925 1128
5925 1224
5935 2646
5942 59
5943 757
5955 1889
5957 1703
5958 111
5958 816
5965 1637
5967 893
5968 2340
5976 2425
5979 1509
5985 2615
5990 1641
5991 1095
5991 1680
5997 861
6003 66
6007 2197
6010 1486
6011 2596
6016 2405
6020 1790
6021 1942
6022 1799
6028 2776
6029 2685
6033 753
6042 238
6042 1099
6045 1452
6048 2601
6049 986
6053 1514
6056 446
6057 1676
6065 963
6072 260
6073 1034
6076 556
6086 1963
6088 2376
6094 1576
6099 2295
6103 376
6105 1322
6114 509
6115 684
6116 388
6120 1618
6125 1709
6128 1327
6132 1097
6133 1631
6133 2459
6135 1463
6137 601
6139 1996
6141 572
6145 237
6151 117
6153 2208
6156 2045
6162 1091
6168 1965
6169 2380
6175 355
6176 1937
6185 2198
6190 2342
6193 2247
6196 482
6198 1624
6203 2114
6204 39
6209 2344
6212 1618
6213 1639
6217 572
6221 1083
6223 698
6224 1061
6226 2355
6226 2604
6235 1903
6237 2065
6242 495
6256 2012
6257 592
6262 1347
6264 2172
6266 2192
6273 1353
6277 2508
6279 178
6279 2710
6284 2011
6285 1743
6287 2442
6287 2757
6289 254
6290 170
6290 1088
6291 571
6295 1009
6296 1307
6302 806
6308 573
6308 2502
6313 2462
6314 1696
6314 2537
6316 1323
6317 2652
6321 2277
6330 248
6334 2694
6337 1908
6338 1416
6344 1076
6357 1135
6363 1539
6365 1180
6368 2022
6370 152
6371 96
6372 2738
6376 1430
6377 91
6377 1331
6381 777
6382 1330
6385 1398
6390 2734
6402 1027
6403 1468
6404 1330
6407 458
6412 862
6413 237
6415 826
6426 1303
6429 762
6433 863
6434 454
6438 1729
6439 2427
6441 1622
6444 2508
6449 1054
6451 765
6452 331
6452 1668
6454 732
6454 1529
6466 182
6467 1816
6475 10
6481 2408
6485 1852
6485 2381
6490 2324
6498 1674
6501 2305
6505 746
6511 1152
6516 1894
6525 2482
6530 218
6532 462
6534 2627
6541 2092
6543 2141
6551 2086
6553 694
6560 232
6565 541
6569 1047
6569 1145
6570 101
6583 605
6584 560
6586 246
6586 269
6592 1926
6608 1098
6612 607
6612 1745
6615 2000
6618 2188
6619 1027
6621 2760
6623 413
6626 1686
6632 676
6637 1825
6639 2476
6642 1942
6643 2697
6648 2224
6658 1900
6663 1115
6663 1337
6663 2416
6667 2273
6674 2039
6675 410
6676 2619
6676 2714
6680 1730
6681 839
6686 1716
6692 156
6693 2805
6694 549
6696 363
6697 613
6702 961
6703 631
6703 1180
6705 1164
6708 2552
6711 1668
6712 2143
6716 1081
6724 2555
6725 778
6727 711
6732 1716
6738 8
6739 371
6743 139
6745 465
6745 1889
6749 228
6752 881
6753 2211
6754 1332
6760 1837
6761 612
6762 2724
6763 123
6766 418
6776 1199
6786 2434
6790 1775
6791 2049
6801 1878
6808 1926
6811 1255
6819 1646
6827 2393
6828 211
6829 1458
6836 154
6837 2149
6842 1482
6845 1084
6858 539
6862 2156
6868 2730
6871 1715
6874 1416
6876 1963
6879 115
6880 1051
6881 2263
6882 1619
6885 2278
6889 477
6896 758
6896 776
6897 409
6900 2371
6901 751
6906 1616
6909 2625
6912 165
6923 1914
6925 1848
6933 778
6935 518
6937 1631
6939 1671
6940 1538
6945 1147
6948 2277
6949 2409
6951 119
6956 1738
6961 2379
6962 2392
6962 2660
6964 417
6964 2291
6976 1397
6988 1479
6993 240
6993 879
6995 1876
6996 1893
7000 1953
7006 385
7006 1587
7007 2236
7009 2438
7011 1302
7012 488
7014 588
7014 2241
7015 257
7016 1183
7019 633
7019 1770
7019 2093
7028 684
7039 1239
7040 2388
7044 2702
7050 1383
7061 2534
7064 2785
7065 1582
7067 2300
7069 611
7070 2090
7073 2777
7087 196
7087 1152
7090 1398
7093 17
7094 2511
7095 669
7098 627
7101 1968
7105 896
7106 1519
7108 1916
7108 2696
7109 1654
7110 1009
7119 175
7122 527
7123 2697
7131 1484
7132 2126
7133 2583
7134 669
7136 911
7137 1119
7138 420
7142 2520
7145 2822
7149 2505
7151 964
7157 468
7157 1030
7160 340
7160 2218
7165 1698
7166 2820
7170 1298
7176 729
7178 2623
7182 1161
7192 120
7197 571
7197 1962
7198 2707
7200 1831
7208 1140
7212 279
7213 2511
7223 1128
7223 2508
7224 2787
7232 1569
7236 1620
7237 2791
7239 741
7241 2744
7249 973
7253 1806
7257 961
7258 739
7267 69
7270 2688
7276 578
7277 296
7278 2187
7286 239
7288 1272
7291 2218
7292 1807
7293 375

