5538 5439 834
1 1
4 4437
14 3071
26 741
55 1683
70 4665
71 2494
73 790
83 4322
87 2058
94 1595
101 2417
111 1536
118 766
124 3023
126 1506
131 982
139 4812
150 4516
156 5360
166 3470
176 85
181 5159
190 1553
190 4712
193 5421
201 491
210 4727
214 2398
217 550
219 4720
222 1694
224 4154
227 5240
228 890
239 4979
255 3207
255 3405
272 1829
282 648
286 1757
287 2032
290 388
303 4681
306 2797
339 1959
339 3936
350 5190
373 4514
376 1192
377 5123
385 4319
393 2391
395 56
398 2487
401 1092
413 3063
425 2648
426 3377
431 1997
445 203
445 3142
446 4699
447 2065
449 3581
456 2070
461 2573
465 4210
466 2438
476 4057
478 2637
485 751
489 2957
499 4728
507 911
513 4441
517 3135
522 354
522 5431
526 934
536 1044
537 627
538 4786
541 1501
544 2230
548 820
549 4398
552 3605
556 635
563 1792
568 1248
572 3252
581 1636
586 4498
593 2011
601 417
602 1990
614 1900
628 2070
631 2950
634 4293
638 3335
639 3928
654 432
671 720
673 687
681 4701
693 905
701 631
701 1534
704 2373
708 698
718 865
720 4264
735 2750
748 3007
765 2129
769 2252
775 1229
775 4393
776 630
784 1603
784 4428
794 4741
795 3550
797 129
799 4675
802 51
809 4556
815 564
817 1323
823 2279
823 4146
828 3057
836 5126
845 4018
846 4594
848 871
853 275
871 4711
872 2836
875 784
876 1587
886 4949
889 2117
898 2934
899 2867
912 1716
916 4357
927 4710
935 4756
937 2594
940 2990
942 2055
947 2344
956 1241
963 4333
981 461
989 2416
991 1252
991 2859
998 1727
999 4235
1022 2552
1030 5040
1040 5269
1044 4174
1047 2786
1051 1578
1064 3052
1066 5053
1068 4684
1069 433
1070 4
1079 1737
1092 3812
1094 2743
1106 4843
1113 1406
1115 5393
1122 4660
1127 4708
1129 2993
1133 184
1155 1224
1166 4526
1179 881
1182 2585
1198 3875
1199 4247
1202 1037
1208 3855
1215 5288
1217 3479
1228 829
1252 825
1261 2970
1278 2140
1280 4789
1289 648
1289 4595
1296 1857
1310 5284
1314 604
1316 1396
1324 1208
1325 910
1331 3986
1340 5228
1346 462
1347 3480
1373 5289
1384 3344
1386 4808
1396 2852
1400 4436
1405 3184
1406 1204
1407 3653
1410 3363
1413 5227
1436 2425
1446 504
1449 2571
1459 1392
1462 226
1465 4746
1478 4305
1484 1160
1492 927
1495 4864
1501 3499
1535 3793
1551 4401
1555 4239
1557 4901
1568 2310
1577 676
1580 263
1580 2867
1587 658
1595 4979
1609 462
1612 4162
1624 380
1626 1027
1627 1074
1629 4675
1630 3802
1634 3075
1645 4850
1663 4017
1665 47
1665 4512
1672 2628
1680 2634
1680 4134
1682 2009
1686 1676
1686 3082
1694 5071
1713 2603
1732 1528
1732 5026
1736 876
1739 3519
1747 1307
1749 3485
1752 2203
1766 340
1766 5267
1768 3871
1771 3639
1772 2613
1787 2994
1787 3118
1790 395
1801 149
1803 3779
1805 249
1806 530
1807 1008
1808 442
1815 2453
1820 3705
1822 1295
1823 1208
1839 1782
1851 1086
1859 4793
1865 1065
1883 2489
1891 828
1895 3811
1914 2239
1917 3755
1925 3708
1935 4466
1936 4884
1938 4810
1946 700
1946 4198
1964 3189
1967 4915
1993 5157
2005 803
2025 1408
2025 4894
2029 3072
2038 4447
2039 2827
2039 3613
2039 4184
2046 2555
2051 11
2052 3533
2059 569
2062 4716
2071 2789
2071 4929
2073 2325
2077 3468
2079 3227
2086 3437
2090 4312
2094 2475
2097 1324
2099 4000
2121 4928
2122 2845
2124 3641
2135 79
2143 3535
2151 4993
2153 3146
2156 497
2159 3984
2166 2809
2201 3343
2209 4081
2210 3568
2211 1622
2227 309
2230 4626
2231 2477
2233 1541
2260 2512
2261 2775
2261 4830
2270 2282
2278 3313
2282 788
2290 3768
2295 2670
2298 1539
2301 3124
2310 4325
2312 4999
2315 16
2321 1358
2330 1331
2332 4582
2351 564
2354 3734
2360 3955
2364 4380
2391 942
2401 892
2401 5116
2414 1755
2422 2907
2426 4730
2427 5095
2434 4371
2436 1939
2437 5054
2438 5126
2442 2665
2456 1071
2474 4383
2511 181
2516 4336
2521 2490
2524 4174
2529 3498
2530 3002
2552 448
2556 2142
2558 1766
2560 3876
2563 3908
2573 4873
2579 1130
2598 2396
2606 3330
2606 3972
2609 3502
2609 4218
2610 2035
2615 1878
2616 44
2629 4098
2632 2624
2641 1307
2641 5148
2646 3910
2667 1264
2669 374
2673 1589
2691 3795
2692 3712
2706 4390
2711 720
2717 3259
2718 4775
2721 5105
2727 1994
2734 4193
2737 632
2738 550
2738 2596
2754 4920
2765 1474
2767 1079
2774 967
2777 636
2786 3741
2787 2715
2787 2831
2797 668
2798 1639
2800 742
2804 845
2805 2925
2808 2801
2846 3315
2849 1491
2868 3743
2870 419
2881 3134
2883 2712
2891 3
2891 128
2895 3547
2897 3254
2899 2300
2932 1636
2933 32
2934 2775
2941 1147
2972 3298
2993 2955
2993 3227
2994 4769
3011 2885
3028 102
3032 826
3035 4479
3037 4240
3046 3752
3051 1487
3086 103
3090 1775
3098 3716
3102 2079
3103 1890
3103 2200
3109 314
3111 1705
3135 1603
3136 1661
3138 3120
3142 2752
3143 1010
3143 1185
3147 2829
3151 210
3176 614
3176 1275
3180 3083
3182 3489
3188 215
3199 3555
3208 85
3211 1263
3216 4134
3238 4126
3243 5193
3244 5077
3250 480
3254 1704
3257 1451
3260 1330
3272 4029
3272 5064
3280 4167
3284 1770
3286 2849
3305 589
3306 3451
3323 1255
3324 559
3327 4111
3330 3503
3336 1465
3340 4388
3351 1028
3376 2753
3386 5325
3405 2981
3410 4513
3415 1296
3415 3606
3416 3328
3419 4194
3427 598
3428 3366
3435 1104
3440 3761
3445 3767
3458 1402
3464 269
3474 5060
3475 1440
3479 776
3479 4228
3488 985
3499 1766
3505 253
3509 4651
3510 1855
3510 3221
3515 1317
3517 3799
3519 629
3524 1510
3536 2742
3537 1071
3540 539
3549 3589
3551 4698
3610 3863
3619 3035
3624 5381
3628 467
3631 4458
3635 3061
3643 337
3654 5095
3657 1633
3657 4135
3660 346
3662 1892
3662 2447
3690 2522
3711 1117
3712 4535
3715 1542
3731 109
3739 5114
3767 3260
3771 5366
3772 3400
3791 3045
3807 5218
3809 3975
3813 3735
3822 587
3824 3631
3826 1572
3858 1751
3859 2758
3867 620
3870 3934
3875 3899
3875 5075
3876 1421
3878 2070
3878 4992
3880 996
3887 529
3887 4114
3897 5325
3898 3874
3902 1406
3911 3612
3919 2993
3921 1432
3927 2960
3931 1269
3934 817
3934 1470
3934 2042
3935 2588
3948 76
3948 2639
3950 2380
3951 3763
3951 4486
3952 334
3963 3317
3964 1400
3965 4213
3966 3409
3978 3064
3987 3762
3988 2402
3988 5260
3993 826
4010 228
4016 726
4018 4363
4023 5172
4028 3611
4032 1559
4035 2469
4035 4774
4038 891
4051 3756
4061 4454
4080 3786
4081 1892
4082 4447
4087 32
4095 680
4097 3
4103 2071
4121 3874
4134 4307
4145 4018
4149 3440
4158 4513
4181 2135
4206 546
4206 932
4213 4620
4215 325
4218 729
4225 388
4225 3602
4229 1938
4230 5264
4231 4423
4244 3609
4252 2519
4257 3416
4261 4357
4273 443
4278 2013
4286 460
4289 4836
4292 1572
4292 2009
4293 875
4300 931
4300 2754
4301 343
4302 97
4305 2802
4311 656
4312 47
4321 2155
4322 1713
4334 4301
4337 1111
4345 1732
4365 4742
4371 2856
4379 2520
4388 1092
4392 4800
4394 602
4407 4130
4414 3461
4415 2589
4418 5080
4432 2847
4443 3446
4445 1217
4457 884
4460 566
4465 3127
4475 921
4475 1583
4486 5088
4498 2715
4520 2634
4537 3055
4542 3916
4551 1856
4551 2429
4551 2733
4556 2576
4575 3644
4590 2172
4594 4698
4609 4235
4632 1295
4651 3510
4667 932
4676 45
4694 5037
4698 3379
4701 5326
4713 368
4713 5384
4714 959
4720 4260
4729 1209
4729 4011
4739 406
4746 124
4747 5090
4751 410
4753 3888
4763 5340
4764 2908
4765 2457
4768 5046
4775 5392
4806 909
4810 3467
4816 2682
4818 1674
4824 4338
4839 3413
4848 1124
4855 3451
4864 3795
4868 3549
4882 1087
4883 1162
4893 2329
4908 2299
4913 3062
4918 768
4922 4725
4927 1697
4948 887
4950 596
4957 2014
4962 2314
4981 2781
4985 3132
4988 3976
4993 3345
4995 233
5002 155
5006 4984
5008 700
5023 4258
5029 2958
5031 3148
5032 2326
5038 2648
5040 1171
5042 2126
5042 3139
5042 3402
5042 5275
5043 1009
5046 1094
5058 1528
5059 5113
5065 3545
5066 1117
5066 3481
5068 785
5068 2123
5071 5403
5080 3041
5085 1903
5085 2083
5109 4966
5116 4313
5122 4227
5158 3380
5182 3489
5184 620
5186 1634
5189 4762
5196 4050
5202 4557
5210 1852
5211 3723
5217 2071
5233 4581
5247 4771
5252 3508
5254 2143
5254 4717
5258 1627
5261 376
5277 1929
5301 766
5309 825
5310 4500
5316 3985
5319 3337
5320 2275
5320 3345
5333 209
5335 5133
5337 3557
5355 3902
5360 3862
5376 529
5376 1458
5393 695
5393 1836
5395 4738
5402 368
5413 2473
5422 2135
5431 975
5437 873
5440 972
5450 2998
5453 4082
5463 2206
5463 5136
5468 3810
5475 4213
5481 3334
5486 4551
5492 3403
5514 4271
5521 2195
5521 2510
5527 3131
5529 4516
5530 3060
5533 80
5534 3989

