2373 7968 4268
1 1
1 5219
2 1982
2 3862
2 7038
2 7705
3 2402
3 7364
4 5630
4 6478
6 2290
6 4076
7 5248
8 4705
9 602
9 2870
11 4606
11 7502
11 7956
12 722
12 2636
13 4140
13 5555
14 3545
14 4494
14 6134
15 771
15 2291
15 4161
15 4491
17 1164
17 3519
18 2436
18 5188
19 4484
19 5748
19 6697
20 3226
20 5186
20 5309
21 5797
22 628
22 3527
23 1562
23 2483
23 3261
23 4228
23 6127
23 6145
27 5780
28 6172
29 1642
30 3689
31 622
32 4019
32 6091
32 6124
32 7479
33 4239
34 4868
35 7242
38 5077
39 3556
39 6012
39 6175
40 365
40 3438
40 6608
41 2500
41 6316
42 3964
42 4130
42 6023
43 2347
44 2068
44 3485
44 5371
45 2469
45 7601
46 205
47 329
47 3135
48 3891
48 4624
49 2898
49 3199
49 4903
49 5321
50 2210
50 6203
50 7061
52 877
52 2202
53 6586
54 2944
54 5511
55 804
55 5365
55 5867
55 7413
56 1700
56 3263
56 4419
56 4938
57 4514
58 2335
58 2717
58 2869
58 3295
58 3617
58 4734
59 3729
59 4245
59 7316
60 1179
63 2738
63 2749
64 4850
64 5537
64 7553
65 1333
66 6990
66 7203
67 89
67 1381
68 3015
68 5453
69 84
69 1311
69 4811
71 6133
71 6737
72 3307
72 4780
73 747
73 6026
74 1397
74 6555
74 6899
76 423
76 2259
76 7409
76 7783
77 2768
77 4672
77 5161
78 5055
80 4296
81 856
81 4079
81 4782
82 256
82 2022
83 1241
83 6534
83 7025
84 669
84 2827
84 3099
85 1073
85 1610
86 457
87 1368
87 5146
88 3033
88 3091
89 5946
91 1202
91 2021
91 2231
92 259
92 5043
95 502
95 2444
95 2903
96 2395
97 3759
97 5537
98 2233
98 4779
99 4476
99 7567
100 6689
101 10
102 5188
104 3798
104 4705
105 7684
107 6436
108 4872
108 7029
109 1046
109 7198
110 1680
110 7582
111 1583
111 5548
111 5839
111 6703
113 160
113 7220
114 1431
114 2939
115 3360
115 7824
116 260
116 2828
116 3259
116 5718
116 6420
116 7658
117 6476
117 7575
118 4938
118 6061
119 1832
119 5647
120 311
120 2928
120 3303
121 2286
121 5541
122 301
123 2598
123 2808
123 4773
123 6526
124 2551
125 6521
126 1163
126 6999
126 7952
127 3483
127 6952
128 473
128 3605
128 3888
129 3577
130 5267
130 5680
131 7208
132 1227
132 3976
134 1771
134 6097
135 7344
135 7953
136 7553
137 3068
137 7049
138 2255
139 5287
139 5405
140 1913
140 5757
141 331
141 5326
142 3372
142 5642
142 7202
144 5545
144 7596
145 1990
145 7072
145 7762
146 2041
146 4641
147 6930
148 1475
149 6794
150 2091
150 6148
150 7428
151 1207
151 2043
151 3899
151 3975
152 1803
152 4069
152 6427
153 95
153 3176
153 7423
154 179
154 1143
154 1347
154 3238
155 573
155 5242
155 5569
155 6622
155 6825
155 7659
156 2396
157 1583
157 3073
157 5061
157 6179
158 7449
159 6894
159 7193
160 1210
160 5175
161 838
162 3624
162 3894
162 4251
165 5222
166 4437
166 6246
167 1545
167 5418
167 7396
168 1523
168 1946
168 7194
168 7322
169 7715
170 4201
170 5625
171 2020
171 4846
172 3153
172 6935
173 905
173 1354
173 5133
173 6142
173 6955
174 1811
174 3465
175 4824
176 14
177 3568
177 6760
178 4416
179 1787
179 3307
179 6167
180 1350
181 4324
181 6676
182 2174
182 2300
184 4967
184 6035
184 7140
185 1567
185 2504
186 2325
186 4120
187 2403
187 3386
187 3531
187 5842
188 3219
188 4180
189 2309
189 3752
189 4768
189 7315
189 7892
190 6649
190 7303
190 7839
190 7900
191 1290
191 6237
192 257
193 2840
193 7924
194 1608
194 2341
196 1541
196 2653
196 3309
196 4206
196 5103
196 5506
196 5908
196 7451
197 5260
197 6018
198 369
198 2067
198 6202
199 2021
199 6677
199 6801
200 3349
200 6856
200 7416
201 4468
201 6888
202 3129
203 1166
203 3916
204 2849
204 3797
204 7556
205 273
205 328
205 1256
205 5722
206 5793
207 4445
207 7637
209 3222
210 4726
211 1386
211 4107
211 6429
212 233
212 2036
212 2772
212 3461
212 7958
213 1940
214 1059
214 1495
214 2077
214 3571
215 1513
215 1888
215 3521
215 4255
218 3836
218 6029
219 6096
219 6135
219 6368
220 4644
220 5347
222 4836
223 651
224 478
224 554
225 4129
225 6871
226 3924
226 5986
227 2559
227 5616
227 6496
229 2683
230 458
230 1000
230 1952
232 256
232 2984
232 3963
232 7623
233 2126
234 952
236 2679
236 5787
237 5772
238 29
238 7406
239 131
239 1777
239 6070
242 1489
242 5746
242 7209
243 2848
243 3497
243 4265
245 1522
245 2291
245 4562
245 5827
246 1887
246 2936
246 3429
247 2472
247 3470
247 3946
247 5928
247 5942
247 6234
248 709
248 4245
249 3756
249 7807
250 6177
252 3038
252 4055
252 4956
252 4975
252 5897
252 6359
255 568
256 1812
257 3518
257 3835
257 5677
260 4371
261 2515
262 1894
262 2482
262 3189
262 4012
262 5815
263 4679
263 5330
263 5883
263 6195
263 6838
266 6666
266 7789
267 91
267 1312
267 6436
267 6535
267 6977
268 3897
269 708
269 4959
270 896
270 4092
270 4569
270 6775
271 4980
272 743
272 1362
274 6491
274 6942
274 7482
275 11
275 5297
276 1289
276 1671
276 2072
277 45
277 800
277 3892
279 1248
279 3737
280 4844
281 6547
281 7101
283 266
283 7717
284 43
284 1070
284 6309
285 4909
285 6097
286 2184
286 3098
288 937
288 1421
288 3530
288 4662
288 4855
290 3981
291 2203
291 4239
291 5767
291 6709
292 2800
292 3711
294 1749
294 1778
294 4348
294 6413
294 7679
295 6486
296 1745
296 3822
296 6155
298 429
298 464
298 5645
299 1254
299 1630
300 2306
300 3104
300 3733
301 4317
301 6071
302 826
302 4331
302 4352
302 6465
302 7252
303 1900
304 983
304 1364
304 7183
305 2080
305 3567
305 7223
306 3910
306 6334
306 6560
308 3287
309 3643
309 7497
310 6153
312 7911
313 229
313 1019
313 4462
314 5576
314 6952
315 3480
318 860
318 918
318 1055
318 3016
318 3180
318 6043
319 6583
320 228
320 2857
320 3673
321 1284
321 7367
322 838
322 1794
322 2947
323 2157
324 2015
324 2807
324 3494
324 7571
325 5463
326 3989
326 7923
327 5423
330 5219
331 6020
332 2867
332 6524
333 1564
333 4586
334 1792
335 1981
335 2127
336 4309
336 7765
337 1911
338 51
338 5984
338 6349
339 5057
340 1532
340 6082
342 184
342 5734
343 524
343 1256
343 2891
343 5871
343 7652
344 3993
344 5137
344 6584
346 3847
346 6898
347 573
347 1351
347 7942
349 3139
349 4276
350 254
350 3676
350 3989
351 154
351 615
351 1246
351 4295
351 4381
352 4324
352 7193
353 2269
353 3481
353 5522
354 2491
355 1834
355 4974
355 6365
356 1794
356 3551
358 3615
358 7165
360 3310
360 4195
361 2559
361 6124
361 6424
363 1939
363 2388
363 3447
363 4884
363 6269
363 6367
363 7108
364 2101
364 3781
364 4484
364 6589
366 157
366 3081
367 1036
367 2272
368 3867
368 5211
369 2449
369 4052
371 23
371 3068
372 1646
372 3414
373 4529
373 7086
375 2020
375 6905
376 1782
377 6687
381 3861
381 6677
383 227
383 1674
383 3018
383 6230
383 6983
384 5703
384 6599
386 6256
388 7514
389 363
389 2752
389 7256
390 2230
390 3587
390 6923
391 3471
391 7078
392 2063
392 4474
392 5094
393 7266
397 1963
397 2138
398 2175
398 2951
398 4840
398 5003
398 5901
399 5596
399 7144
399 7264
401 106
403 4843
404 4567
404 4642
406 2139
407 779
407 2287
408 4578
408 4940
408 6872
409 6198
410 3356
410 4669
411 231
411 2707
411 3789
412 774
412 4839
412 7076
413 260
413 4051
414 1060
414 3599
415 1261
416 773
416 879
416 4109
416 4951
416 5932
417 1848
418 1140
418 6711
419 590
419 754
421 1183
421 3322
421 7394
422 549
423 303
423 2622
423 3579
424 4682
426 2629
426 5716
426 5818
427 640
427 6836
428 336
428 7055
429 6700
429 6886
430 633
430 6280
431 3459
431 7489
432 890
432 3621
432 5951
433 858
433 2624
433 5004
433 7735
434 3569
435 637
435 6065
436 3408
437 3377
437 6515
438 11
438 5837
438 7721
439 5213
439 6773
439 7153
440 5185
440 5686
440 7799
441 1556
442 6728
443 6332
444 377
444 774
444 1484
445 1114
445 5354
446 615
446 5016
446 7596
447 5762
447 6706
447 7509
448 6304
449 2581
449 6990
450 1834
450 5745
451 5679
453 6449
454 2051
454 3178
454 5372
455 1366
455 6358
456 6798
457 2133
458 948
458 4109
459 3656
460 615
460 828
460 6684
461 2277
462 7103
463 4809
464 1225
464 1685
464 2624
465 1926
465 3948
466 146
466 2539
466 5577
467 4074
469 2609
470 1787
470 6862
471 1087
471 3622
471 4101
471 4694
471 5275
473 5717
474 5548
475 87
476 2313
476 6598
477 7184
478 7194
479 5413
481 1312
481 1941
481 7718
482 6212
483 1375
483 1926
483 2228
483 6164
484 1721
485 5852
485 7309
486 1356
486 6529
487 5517
488 5530
489 2788
490 5071
491 6106
492 1569
492 5325
493 6291
494 122
494 1331
494 4739
494 7938
495 801
495 1662
495 4209
497 7667
499 7321
500 1358
500 5771
501 6960
502 3991
502 6421
503 1102
503 5599
503 6396
504 1529
504 4820
505 4495
506 975
506 7160
506 7173
507 2028
509 47
509 5929
510 5024
512 3681
512 6140
514 5975
514 6813
515 432
515 6623
517 4871
517 6013
517 6055
518 5851
520 3476
520 4635
520 4886
521 5386
521 5486
521 6455
522 3149
522 3411
524 3320
524 6432
527 6450
529 3706
530 2411
530 7570
531 7891
533 2661
533 3966
535 5694
536 7914
537 3172
537 3418
537 7889
538 875
538 4691
538 7745
539 779
539 3529
540 2700
540 5944
541 4499
541 7500
542 2908
543 2202
544 1180
544 6657
545 3736
545 5962
546 2110
546 3442
546 6081
546 6303
546 6980
547 262
548 2915
548 4796
548 6010
551 3824
553 37
553 2011
553 2276
553 3643
553 4033
554 472
554 2400
554 3681
555 595
555 5587
556 797
556 6701
557 665
557 3364
559 1873
559 2905
559 5824
560 4653
561 3613
561 5371
561 7581
562 2975
562 4287
562 4451
562 7019
563 5650
563 7157
564 2639
565 37
565 459
566 1009
566 2725
566 4356
567 3887
568 5862
569 5497
571 227
571 7192
572 205
572 3413
572 4003
572 5268
573 2208
573 4712
573 6905
574 4665
575 975
575 4873
576 5901
577 208
577 222
577 1653
577 2419
577 4014
578 7567
579 365
579 1762
579 1780
579 3866
579 4354
580 381
580 3208
581 3298
581 3556
582 4864
582 6199
582 7003
583 3565
583 4691
583 4731
583 7908
584 1485
584 2120
584 2703
584 4502
584 5376
584 6940
586 259
586 849
586 5919
587 348
587 6567
588 6718
589 2703
589 3719
589 6101
589 6471
590 1877
590 3389
590 3552
592 5578
593 6892
594 5787
596 1035
596 2278
596 4009
596 4541
596 6150
596 6545
597 6885
598 1376
599 5828
599 7224
600 1353
600 1359
600 2543
601 1338
601 2312
602 4939
602 4986
603 5997
603 7385
603 7440
604 1616
605 718
605 1201
605 4438
606 20
606 3030
606 7923
607 5476
608 774
608 5840
609 5617
609 6334
611 3481
611 7091
612 3443
612 5663
612 5770
614 5507
614 7765
615 187
615 3969
615 7602
616 5266
618 859
619 3617
619 6314
620 5548
620 5825
620 7396
621 7531
622 4174
622 7903
623 2921
623 4202
623 5307
624 1373
625 3057
625 4755
626 1582
626 6886
626 7761
627 440
627 4589
627 7192
628 703
630 2681
630 5158
631 881
631 3751
633 3170
635 7161
636 2457
636 5320
636 6951
636 7101
637 1117
638 225
639 600
639 5790
640 863
640 3984
641 2687
641 4270
642 2965
642 5009
642 6644
643 5637
643 5724
645 5952
645 7597
648 6101
648 6884
649 170
649 3358
649 5131
649 5313
649 7647
650 1
650 6219
651 3247
651 7893
652 818
652 2729
652 3588
653 4663
654 801
654 2302
654 5861
654 6526
655 1721
655 3284
655 5485
656 2457
656 2990
658 2576
658 5522
659 6964
661 3952
661 5914
661 7432
662 3780
662 4924
662 6379
663 3873
665 3724
665 4415
665 7220
666 60
666 137
666 366
666 3166
666 4524
666 5047
666 5573
666 5778
667 2849
667 3611
668 4192
668 7050
668 7379
668 7796
669 2006
669 5679
670 1825
670 1975
670 4019
671 1528
671 5223
672 37
672 6455
673 2257
673 2633
673 5900
674 1579
674 6482
676 270
676 959
676 5022
676 5182
676 6291
676 6678
679 1109
679 6745
680 6954
681 4670
681 5024
684 1432
684 4864
684 7095
685 430
685 1424
685 5188
686 2512
686 2685
687 1979
687 3904
689 3985
689 7158
689 7780
690 90
690 707
690 6640
691 1320
691 3122
691 3560
692 51
692 267
693 376
693 2302
693 4899
694 3436
694 4722
695 1446
696 376
696 6860
696 7951
697 703
697 4600
697 6821
698 3852
698 6201
698 7141
699 5110
700 1831
700 4763
700 5908
701 2500
701 4506
701 5377
702 468
702 6403
704 855
704 2823
705 7784
706 1291
706 4762
706 6667
708 3826
708 7348
709 4537
709 5415
709 5469
709 5626
710 3212
710 4297
711 531
711 941
711 6482
712 179
712 3510
712 6343
712 7717
713 67
713 886
713 4287
713 6873
714 2941
714 5544
714 6613
715 7356
716 2330
716 5664
716 7895
717 2748
717 3356
717 5512
717 6498
719 4934
719 6241
719 7408
720 2942
720 5916
722 1236
722 1373
722 1943
722 4073
722 4308
723 531
723 1968
723 2058
724 2180
725 832
725 2886
725 5082
726 1039
727 2973
727 7072
728 4849
728 5109
728 5178
728 7027
729 5379
731 806
731 987
731 1719
731 2149
734 2830
734 2913
735 1252
735 3096
735 4281
735 5261
735 6724
736 1488
736 2402
736 7638
737 1585
737 3291
738 1689
738 1822
738 1861
738 2416
738 4136
738 4401
738 5796
739 2566
739 3622
740 7131
741 4595
741 6744
742 1289
743 4243
743 7017
744 1967
745 4661
745 7172
746 1341
746 3318
746 3433
747 1288
747 2984
747 3301
747 5108
747 7888
748 3689
749 3646
749 7153
750 998
750 3077
751 2247
752 270
752 6823
754 1239
754 2676
754 6951
754 7546
755 481
755 3810
758 51
759 4729
759 6599
760 1974
760 5532
760 7858
761 4192
762 7620
763 216
764 7230
765 6586
765 6862
767 7891
767 7963
768 798
768 7175
769 3390
769 6017
769 7594
773 1522
773 1568
774 570
777 6055
778 5995
779 1488
779 1665
779 2314
779 3403
780 457
780 1714
780 6319
781 2847
781 2955
781 4467
782 5484
783 1940
783 3439
784 7172
785 3578
785 6223
785 7434
786 3058
788 5301
790 2354
790 4399
791 2447
791 5944
792 1130
792 1158
792 2253
793 432
794 5567
794 5977
795 1483
795 1824
795 7855
796 456
796 7315
797 7473
800 1587
800 3876
800 4088
800 4964
801 4536
802 891
803 2304
804 1329
805 114
806 929
806 4453
807 2229
807 6884
808 3467
808 6108
808 7122
809 2631
809 3094
809 4932
810 851
810 3569
810 7306
811 1022
812 4223
812 6948
814 7286
815 221
815 2185
815 4003
816 3052
817 3497
817 3916
817 4921
818 5135
818 7294
819 1025
819 1857
819 2171
820 289
820 1337
820 6903
820 6953
820 7380
821 3606
821 6531
822 2254
822 2819
822 2825
822 7633
823 1965
823 2607
825 924
825 2877
825 3544
826 4030
827 5183
827 6874
828 1100
828 4291
828 7863
829 1990
829 7522
830 7511
832 7954
833 1188
833 2399
833 6449
833 6955
834 509
834 3179
834 5080
835 4870
835 4882
836 738
836 6924
838 2572
838 4773
838 6064
838 6079
839 2407
839 5383
840 546
840 6716
843 3042
843 6240
843 7893
844 1697
845 2478
845 2853
846 4152
846 6251
846 6589
847 3852
848 4334
848 5532
849 5601
849 6363
849 7862
851 2043
851 2895
852 898
852 1133
853 2190
853 7042
853 7364
853 7946
854 488
854 2227
854 2906
854 5345
854 5758
854 6903
855 321
855 1480
855 6391
855 7449
856 5552
857 2276
857 5185
857 6776
858 3258
858 4112
858 4944
859 2804
859 7332
860 4794
861 653
863 1317
864 875
865 2089
867 4050
867 4081
869 929
870 1736
870 1991
871 414
871 3438
871 5446
871 7910
872 2604
872 3263
873 792
873 914
873 2348
873 5041
873 7700
874 1291
874 1712
874 2317
875 752
875 7028
877 1927
878 2435
878 3113
878 3431
878 5207
878 5494
879 1640
880 385
880 691
880 4084
880 6975
880 7467
881 198
881 658
881 871
881 1982
881 4771
881 6684
882 2779
882 7871
883 680
883 7558
884 1088
884 1957
884 3074
884 3624
885 20
885 6003
886 374
886 1260
887 1063
887 1792
887 3041
887 7703
888 1045
888 5960
889 2583
889 7497
890 2306
890 4986
891 73
891 2636
892 978
892 7597
893 3110
894 485
894 2564
894 5347
896 2234
896 3846
896 5671
896 7798
897 4600
897 6246
898 4439
900 6424
900 7060
901 1615
901 2166
901 6531
901 6685
902 4670
903 218
903 340
903 1419
903 3031
903 3980
904 373
904 1064
906 6555
906 6752
908 3384
909 2997
909 5270
910 125
911 7880
912 5040
913 2307
914 882
914 1585
915 684
915 832
915 3207
915 3431
916 5678
916 7437
917 4599
918 1820
918 6694
918 7106
919 7010
920 6536
920 6581
922 4286
922 6933
923 1902
923 4778
923 5270
923 5407
923 7454
926 1734
926 4431
926 4958
926 6488
927 3102
927 6988
928 1408
928 2861
928 3719
928 5185
930 2113
930 4001
930 6897
931 189
931 530
931 7587
932 2026
933 5954
933 6379
933 6804
934 1055
934 6568
935 4789
936 3267
936 5203
936 7715
937 4319
938 4211
939 6344
940 1572
940 6489
941 5764
941 6182
941 7026
942 1365
942 5557
943 232
943 601
943 7284
944 6074
945 123
945 7182
946 966
947 4120
948 5158
948 7511
948 7879
949 498
949 5334
950 6989
951 2449
951 5748
951 7102
952 2709
952 3823
952 6586
952 7582
953 2438
953 4565
954 6033
954 7082
954 7262
955 5536
955 7012
956 96
956 2303
956 2349
956 3743
957 448
957 4959
958 4211
958 6314
959 1367
960 3107
961 5368
962 3935
962 4117
962 4740
962 5376
962 6297
963 2710
964 155
964 5349
965 4054
966 4382
966 7091
967 1143
967 1181
967 6267
967 6605
967 7925
968 1846
968 3862
969 3779
969 5507
969 6944
969 7803
970 6927
971 2189
971 5565
971 6263
972 1266
973 4746
974 3048
976 2702
977 6160
977 6833
978 1025
978 2563
980 230
981 80
981 2754
981 5404
982 2106
982 3678
982 4058
982 7485
982 7488
983 4609
983 5021
984 1604
984 3364
985 2761
986 5364
986 5688
987 3637
987 6274
987 7612
988 2933
988 3177
988 7201
989 162
989 2841
989 5996
990 3133
990 3458
990 7860
991 1205
991 1679
991 6450
991 7505
992 2619
992 6803
994 2962
994 6218
994 7406
995 314
995 5336
996 632
996 4347
996 6743
997 4270
997 5998
997 7796
998 6497
999 6355
999 6681
999 7673
1000 5918
1001 4344
1001 4531
1001 7494
1002 1690
1003 85
1003 4696
1003 5941
1004 244
1005 1345
1005 6445
1006 5093
1008 337
1008 1839
1008 5856
1009 2319
1010 3592
1011 7907
1012 2664
1013 3421
1014 7892
1015 4394
1016 1488
1016 5173
1016 5811
1017 7895
1019 1461
1019 1693
1019 4955
1019 5486
1020 1661
1020 2086
1020 3271
1020 6683
1023 580
1023 3845
1023 7917
1024 1216
1024 3851
1025 700
1026 1409
1026 4609
1026 4688
1026 6247
1027 2728
1027 3523
1031 49
1031 4908
1031 5195
1031 5888
1032 2715
1032 7197
1034 197
1034 2441
1035 3977
1035 5042
1035 7225
1036 4007
1036 7505
1037 1811
1037 2637
1037 5396
1039 6064
1039 6904
1040 981
1040 2732
1040 4752
1040 6427
1040 6953
1041 1620
1041 6336
1041 7885
1042 4080
1043 1566
1043 2265
1043 5115
1043 6957
1044 1061
1044 3619
1044 6566
1044 6785
1045 1065
1045 2161
1046 2619
1046 4085
1046 4916
1047 1502
1047 5082
1048 3377
1048 6030
1050 195
1050 5775
1050 6362
1051 5400
1051 5882
1052 2281
1052 3983
1052 5286
1053 1232
1053 7630
1054 7233
1057 659
1057 5515
1058 1231
1059 459
1059 5903
1060 3691
1060 4001
1061 5886
1062 347
1062 761
1062 6786
1063 5250
1063 7497
1064 3014
1064 7074
1064 7839
1065 7510
1066 4253
1066 5167
1066 5832
1067 2038
1068 4661
1069 113
1069 4441
1069 4700
1070 1524
1070 5138
1071 395
1072 1758
1072 6528
1072 7161
1073 1482
1073 6067
1074 2692
1074 3803
1074 5051
1075 340
1076 2930
1076 4431
1077 4159
1079 860
1080 3383
1080 4472
1080 7292
1080 7580
1082 4515
1084 6149
1085 2641
1086 4821
1087 965
1087 1211
1088 1725
1088 1887
1088 6049
1090 6986
1091 2407
1091 6382
1091 6761
1092 2550
1092 3351
1093 1382
1093 1665
1093 4624
1093 7576
1094 75
1094 3248
1097 1980
1097 2218
1097 3664
1097 6805
1097 7880
1099 6100
1100 1233
1100 4406
1100 4785
1101 7545
1102 1147
1102 7769
1103 664
1103 4464
1104 3104
1104 3219
1104 3451
1105 6720
1106 4162
1107 1896
1107 2696
1108 307
1108 1197
1109 3251
1109 7922
1110 2107
1110 4467
1110 7452
1111 90
1111 1060
1111 4182
1112 4021
1114 3845
1115 670
1116 524
1117 172
1117 374
1117 2993
1117 6570
1118 3181
1118 4980
1119 3939
1119 5185
1121 148
1121 5684
1121 6046
1121 7851
1122 3177
1123 1738
1123 1939
1123 2825
1124 273
1124 5723
1125 2064
1125 4898
1125 4920
1125 5423
1125 7181
1130 5153
1131 1159
1132 4076
1133 4947
1134 2905
1135 5434
1136 2542
1136 2908
1136 5492
1136 6786
1137 3262
1137 5892
1137 6791
1138 6794
1138 6958
1138 7593
1139 2236
1139 2249
1140 182
1140 4521
1140 6081
1140 7652
1141 1862
1143 6406
1144 568
1144 6571
1146 2343
1146 3214
1146 4516
1147 2304
1147 4876
1147 7917
1149 587
1149 6239
1149 6830
1150 141
1150 4060
1150 5255
1151 3133
1151 6556
1152 7467
1154 4569
1154 6313
1154 6485
1154 7387
1155 2997
1155 4017
1155 6990
1156 3065
1156 3872
1156 5781
1157 2093
1157 7615
1158 1739
1158 2776
1160 5025
1161 6173
1161 6717
1161 7712
1164 2284
1164 4366
1164 7234
1165 1615
1165 2395
1165 3108
1165 3436
1165 7347
1166 691
1166 3295
1166 5382
1166 5450
1166 6796
1166 7587
1167 2624
1167 3974
1168 942
1168 1001
1168 4316
1169 7542
1170 704
1170 4294
1171 4592
1171 4729
1172 2905
1174 3564
1174 6803
1175 193
1175 3113
1175 6730
1176 300
1176 7751
1177 677
1177 6878
1178 906
1178 2085
1179 4824
1179 5733
1179 6908
1179 7833
1180 767
1180 1906
1181 2235
1182 350
1184 5925
1185 1521
1185 4313
1185 5191
1186 202
1186 240
1186 627
1186 1176
1186 1204
1186 5013
1187 4613
1188 2187
1188 5343
1188 6293
1189 2404
1189 3862
1189 5609
1189 7934
1190 3286
1191 159
1191 1228
1191 2178
1191 2308
1192 1422
1192 7826
1193 1793
1193 3175
1193 5658
1193 5691
1195 796
1196 7665
1198 2956
1198 3011
1199 2637
1200 3391
1200 6100
1201 4386
1201 4558
1201 5933
1203 2847
1204 1153
1205 719
1205 1573
1205 6845
1206 1295
1206 4237
1206 5448
1207 2304
1207 4900
1208 5707
1208 6148
1209 3384
1210 5120
1211 132
1211 5268
1212 1379
1212 4294
1212 6275
1213 4744
1214 393
1214 3097
1214 6177
1215 7345
1216 1469
1216 3713
1217 70
1217 426
1218 1925
1219 7947
1220 990
1221 3446
1221 6449
1221 7429
1222 369
1222 4197
1222 7317
1223 7822
1223 7866
1224 714
1224 1579
1224 2224
1225 86
1225 1013
1226 20
1226 509
1226 531
1226 2019
1227 528
1227 7829
1228 5475
1229 4930
1229 6827
1229 7377
1230 1012
1230 2428
1230 3628
1232 509
1233 4978
1234 299
1234 799
1235 1592
1235 7631
1238 3497
1238 6526
1239 4342
1240 6698
1240 7696
1242 3693
1242 3746
1242 6156
1243 1577
1243 2061
1245 1901
1245 3008
1246 1027
1247 4511
1248 2343
1249 2835
1250 3028
1250 4373
1250 7849
1253 4117
1254 7496
1255 5906
1256 122
1256 2719
1256 3070
1257 1544
1257 6893
1258 3449
1258 7397
1259 596
1259 6942
1259 7166
1260 3994
1261 2444
1262 2001
1262 3007
1262 7445
1262 7727
1263 6406
1263 6624
1263 7521
1264 7168
1265 1269
1265 1303
1265 2526
1265 2637
1265 7309
1267 463
1267 2336
1267 2892
1268 1551
1268 2274
1268 5239
1268 5608
1270 3414
1270 4659
1270 6967
1271 5633
1271 6333
1271 6521
1271 6714
1272 1408
1272 3651
1272 4022
1272 4384
1272 4539
1272 6085
1274 3236
1274 4366
1274 6348
1275 232
1275 3752
1275 3994
1275 4509
1275 5293
1275 7593
1276 415
1276 3970
1276 4839
1277 4254
1277 7455
1277 7631
1279 3401
1279 4231
1280 4529
1280 4664
1280 7591
1280 7866
1281 7779
1282 2001
1282 6219
1282 6929
1283 1155
1283 1844
1284 4170
1284 7790
1285 418
1285 4459
1286 1045
1286 2724
1287 5823
1289 131
1289 3546
1289 6720
1290 7889
1291 5511
1292 1327
1292 4315
1292 4935
1292 6244
1293 1930
1297 4399
1298 2404
1299 1996
1299 7218
1302 2131
1303 468
1303 5500
1304 3633
1305 3559
1305 5328
1307 2019
1307 2358
1308 4675
1309 3854
1310 4472
1310 5884
1311 2316
1311 6726
1312 5143
1312 6075
1313 4707
1314 1632
1314 3006
1314 3933
1315 1218
1315 2777
1315 7920
1316 1391
1316 1953
1316 7102
1317 222
1319 3161
1319 4394
1319 4584
1319 7820
1321 3406
1321 4840
1322 608
1322 1943
1322 3141
1323 16
1326 832
1326 996
1326 3046
1326 4844
1327 188
1327 4998
1329 226
1329 251
1329 1888
1329 2905
1329 5804
1330 1869
1330 4226
1330 5043
1330 7037
1331 2832
1331 2927
1332 6340
1333 2103
1333 2426
1333 3468
1333 7355
1333 7700
1334 2591
1334 3217
1335 502
1335 7348
1336 7404
1339 1046
1339 2279
1340 403
1340 7114
1342 4794
1343 3166
1343 5688
1343 6862
1344 2971
1344 5693
1346 2615
1348 3837
1348 5364
1349 3834
1350 3823
1351 6909
1351 7196
1352 129
1352 7923
1354 5785
1355 2233
1356 2973
1356 6977
1356 7018
1357 259
1359 6167
1360 2711
1360 4306
1360 4313
1361 3027
1361 4030
1361 4239
1361 7523
1362 1229
1362 4540
1362 7583
1364 6498
1365 3236
1365 6818
1365 7575
1366 3536
1366 5036
1367 3875
1367 4407
1368 1124
1368 3276
1369 154
1369 4311
1370 6246
1370 7673
1371 1537
1371 2244
1371 3714
1371 6912
1371 6995
1372 7382
1373 152
1373 4015
1373 6132
1374 833
1374 2034
1374 3589
1374 5894
1375 2220
1375 6915
1376 5415
1377 4426
1377 4494
1378 451
1378 960
1378 1657
1378 4876
1378 7963
1379 1774
1381 2812
1381 4946
1381 5644
1382 3090
1382 3552
1382 5824
1383 46
1384 871
1384 2101
1384 2460
1384 6096
1386 3387
1386 5844
1386 7822
1387 1087
1387 5470
1387 7693
1388 1412
1388 2203
1388 6901
1389 2681
1389 2758
1390 1990
1390 6470
1391 3741
1391 4276
1391 6309
1392 56
1393 4703
1394 3913
1396 2486
1397 637
1397 3747
1398 1822
1399 6018
1400 2808
1401 1765
1402 2317
1402 3777
1402 7299
1405 738
1405 6819
1406 4557
1408 4147
1409 3048
1410 1271
1410 5342
1412 908
1412 6383
1413 5865
1414 4649
1414 6695
1416 7065
1417 4822
1417 5420
1417 5814
1418 1660
1418 1911
1418 5448
1419 1043
1419 3551
1419 6250
1419 6331
1420 428
1420 1537
1420 5887
1421 5251
1422 4111
1423 7227
1424 77
1424 792
1424 3360
1424 6972
1424 7220
1426 601
1426 2871
1426 6093
1426 7036
1427 5444
1428 4193
1428 6510
1429 798
1429 4905
1430 2244
1430 4316
1430 7395
1431 7490
1432 5253
1432 6713
1432 7550
1433 2508
1433 7878
1434 844
1434 2142
1435 3337
1435 3444
1435 3868
1435 7195
1437 3170
1438 4808
1438 5014
1439 3835
1439 4070
1440 4075
1440 4454
1440 7702
1441 2170
1442 2727
1443 1755
1443 4463
1443 7211
1443 7422
1445 2920
1446 4774
1446 7131
1447 4999
1447 5140
1448 621
1448 6001
1449 3381
1450 7388
1451 4833
1451 5163
1451 7521
1452 3428
1453 686
1453 3063
1454 860
1454 2731
1455 3488
1456 5233
1456 5758
1457 1641
1457 2077
1457 3883
1457 4836
1457 5150
1457 6531
1457 7132
1459 1112
1460 4801
1460 5399
1461 5032
1461 6317
1461 7787
1462 3922
1462 6153
1462 6592
1463 5080
1464 2005
1464 4454
1464 5946
1465 1142
1466 626
1466 2400
1466 4140
1467 1639
1467 3329
1467 6483
1468 4384
1468 6167
1472 1416
1472 3759
1472 7794
1473 423
1473 4194
1474 7498
1475 770
1475 1624
1476 1128
1476 5027
1477 5646
1478 2392
1478 3371
1478 3806
1478 4379
1478 6642
1478 6729
1480 6402
1481 2674
1481 7955
1482 3126
1484 4676
1486 5590
1486 5842
1487 2166
1487 7701
1488 434
1489 2184
1489 2554
1489 2982
1489 4842
1489 5741
1493 3258
1493 4604
1494 2788
1494 4879
1495 1266
1495 1337
1496 1092
1496 1372
1497 23
1497 2981
1497 3543
1498 1932
1499 3792
1499 3802
1503 2005
1503 2078
1503 5008
1503 5055
1505 732
1505 5698
1505 6347
1506 3497
1506 6000
1507 796
1507 1863
1507 5730
1507 6384
1508 5413
1510 2078
1510 2516
1510 7096
1511 2819
1511 2931
1512 7659
1513 6039
1514 2936
1514 7642
1515 5697
1515 5706
1517 7481
1518 917
1518 5185
1519 3949
1520 728
1520 7190
1521 3380
1522 6298
1524 1954
1524 2938
1524 7711
1525 694
1526 6134
1526 6985
1526 7713
1526 7944
1528 371
1528 2009
1530 347
1530 2352
1532 503
1532 7227
1534 986
1534 1745
1534 7061
1535 1433
1536 3951
1537 2498
1537 3737
1537 6388
1538 779
1538 6954
1540 6553
1541 4685
1544 3026
1546 7284
1547 1019
1548 1754
1548 4802
1548 5047
1549 1605
1549 2266
1549 2666
1549 4574
1550 568
1550 2946
1550 7606
1551 2455
1551 2802
1551 3179
1551 6271
1552 5309
1552 7410
1553 1011
1553 4719
1554 169
1554 2727
1554 3379
1555 5133
1556 174
1556 3576
1557 296
1559 7883
1560 4549
1561 2698
1563 333
1563 1941
1563 2254
1563 6103
1564 70
1564 1534
1564 1764
1566 7889
1567 712
1569 1390
1569 4007
1572 161
1572 5291
1572 6798
1573 2565
1573 6315
1574 279
1574 3323
1575 2964
1575 3292
1576 4583
1578 3596
1578 7387
1579 306
1579 4963
1579 5495
1580 134
1580 252
1580 2514
1581 7788
1582 3965
1584 834
1585 2920
1585 6381
1585 6648
1586 2863
1586 4080
1586 5100
1586 6655
1587 4010
1587 4899
1587 5186
1588 1233
1588 1893
1588 4080
1589 2127
1590 5614
1593 237
1593 1645
1593 5995
1594 447
1596 3455
1596 3870
1596 4858
1596 5908
1598 778
1598 6747
1599 4715
1599 6014
1600 2302
1600 7058
1601 627
1601 1346
1601 7942
1602 146
1602 4358
1602 5505
1602 7043
1603 559
1603 2975
1604 1522
1604 5103
1605 1744
1606 744
1606 2533
1607 6900
1608 2139
1608 3567
1609 3215
1609 5033
1610 31
1610 1085
1610 2573
1610 7643
1611 4849
1611 6648
1612 846
1612 4666
1612 6250
1613 5393
1613 7358
1614 4976
1614 5211
1614 7965
1615 659
1615 3615
1615 5282
1616 6133
1616 7363
1616 7616
1617 1641
1617 7549
1618 5679
1618 6390
1618 6547
1619 2363
1619 3288
1619 5951
1619 6320
1620 2
1621 3525
1621 5008
1623 4808
1625 1036
1625 1970
1625 4540
1626 4444
1626 5252
1627 4555
1627 6513
1628 3553
1628 5711
1628 7502
1628 7804
1629 2273
1629 3002
1629 5341
1630 5070
1630 6243
1631 2435
1631 6677
1632 2021
1634 4460
1636 4058
1637 3594
1637 5439
1638 6389
1638 7535
1639 3073
1639 3558
1642 4989
1644 138
1645 5049
1645 5610
1646 5496
1647 1590
1647 1691
1647 2400
1647 7729
1648 1245
1650 325
1650 1614
1650 3610
1651 5705
1654 265
1654 6963
1655 1828
1655 2284
1655 2341
1655 4093
1655 6097
1656 1561
1656 4545
1657 4842
1657 5144
1658 2561
1658 7413
1659 2085
1659 3700
1660 2423
1662 6499
1664 1012
1664 2736
1664 3072
1665 7770
1666 2059
1667 3112
1667 7838
1669 437
1669 3949
1669 5893
1669 7043
1670 2852
1671 7827
1672 1335
1672 2171
1672 4329
1673 2754
1673 6453
1677 807
1677 3927
1677 4490
1677 5154
1677 5730
1678 3069
1679 3396
1680 3867
1680 6554
1681 3982
1682 1589
1682 6961
1683 5355
1684 1371
1684 6388
1685 656
1685 2137
1685 2276
1685 7674
1686 1997
1686 3555
1688 3653
1689 2592
1689 5556
1689 7033
1690 414
1690 3671
1690 6277
1691 1945
1691 7836
1692 2071
1692 3125
1692 4771
1692 6960
1694 1342
1694 1838
1694 4873
1695 2457
1697 3026
1697 6765
1697 7468
1698 1203
1698 4358
1698 7219
1698 7881
1701 2694
1701 4338
1701 4422
1702 1791
1703 88
1703 342
1704 539
1704 3833
1704 4290
1704 4994
1704 7520
1705 409
1705 5137
1705 6198
1706 7572
1707 1413
1708 1436
1709 6247
1710 3077
1710 7500
1711 4048
1711 4305
1711 6867
1712 2354
1712 3483
1713 1311
1714 2463
1715 4251
1715 4415
1716 2235
1716 5721
1718 3765
1718 7283
1719 4363
1720 7480
1721 947
1721 3324
1721 4548
1721 6336
1723 2202
1724 2377
1724 5725
1725 812
1725 3016
1725 4343
1726 1707
1726 2189
1727 125
1727 3092
1728 460
1728 971
1728 1407
1730 2203
1731 3990
1731 4808
1732 7699
1733 1145
1733 4280
1733 6952
1733 7286
1734 984
1734 7264
1735 917
1736 3433
1736 3516
1736 4064
1736 6712
1737 1864
1737 5562
1737 7178
1738 419
1739 3503
1740 1132
1741 2501
1741 6717
1742 169
1742 3543
1745 6382
1746 7390
1747 2596
1748 1552
1749 4297
1749 7694
1750 1797
1751 290
1752 2731
1753 4675
1753 4899
1753 5282
1755 4712
1756 3324
1756 3382
1756 7230
1758 1408
1759 87
1759 5705
1759 6049
1760 2344
1761 6175
1762 1219
1762 2608
1762 3403
1763 6519
1763 7572
1764 1742
1764 6864
1766 4414
1767 2199
1767 2701
1767 5755
1767 5994
1768 2895
1768 5613
1769 4540
1770 7516
1771 7482
1772 3294
1772 5134
1773 7489
1774 7164
1774 7712
1775 3511
1775 5380
1775 5784
1775 5842
1775 6817
1776 7926
1778 473
1778 2590
1778 4657
1778 5140
1778 6375
1780 2296
1780 6152
1781 2144
1781 5171
1781 7826
1783 4953
1783 7147
1785 1536
1785 4674
1785 5489
1786 7562
1788 1641
1789 7882
1790 6478
1791 1817
1791 7059
1792 4635
1793 6390
1793 7608
1794 117
1794 3947
1795 5139
1795 7684
1796 298
1797 1031
1797 1484
1798 4795
1798 4870
1798 5678
1798 6315
1799 1693
1800 3550
1800 3567
1801 3208
1801 4261
1801 6844
1802 340
1802 7379
1803 847
1803 6116
1803 7087
1803 7148
1804 652
1804 3271
1804 4303
1805 181
1805 3270
1805 5369
1806 7835
1807 1763
1807 2721
1807 5066
1807 5768
1808 7647
1809 98
1809 2798
1809 6629
1811 7933
1812 4247
1812 4861
1812 6183
1813 4078
1815 3969
1815 4178
1816 436
1816 3411
1816 3729
1816 5962
1816 7832
1817 3289
1817 5438
1817 6166
1819 3270
1819 5330
1820 845
1820 2930
1821 2942
1821 3215
1821 7265
1822 5008
1823 2012
1823 2680
1823 7213
1824 4601
1825 657
1826 2225
1827 1703
1828 1284
1829 159
1829 1006
1829 6565
1829 7776
1830 3388
1831 5591
1832 3137
1833 364
1833 7267
1833 7754
1834 6443
1834 7559
1835 24
1835 2791
1835 7562
1836 2202
1836 2352
1836 3435
1838 7630
1839 1485
1839 1857
1839 2559
1839 2718
1839 5796
1841 6836
1842 3960
1842 4179
1842 5843
1844 1331
1844 5416
1845 2207
1846 1574
1847 230
1847 6266
1848 7814
1849 2733
1850 44
1850 1847
1851 6763
1851 7260
1851 7820
1852 1251
1853 1418
1853 6233
1853 6859
1854 3552
1855 4683
1856 5116
1856 7486
1857 7534
1858 3875
1861 979
1861 2910
1861 4692
1861 7640
1863 488
1863 1661
1865 1926
1866 4563
1867 317
1867 872
1867 1245
1867 2471
1867 7495
1868 92
1870 1801
1870 2428
1870 7558
1871 1771
1871 2244
1871 5812
1872 298
1872 1747
1872 1895
1872 4134
1873 1229
1874 1730
1874 3183
1874 6556
1875 390
1875 3443
1875 6530
1876 4196
1876 5553
1877 1368
1877 5602
1877 7073
1878 589
1878 6755
1879 567
1879 6097
1880 2515
1880 2668
1880 6953
1881 7181
1881 7821
1882 649
1882 2531
1882 5578
1883 2067
1883 5964
1884 1925
1885 1269
1885 6591
1885 7038
1886 929
1886 1090
1886 5113
1886 5483
1886 7533
1889 1133
1889 1411
1889 4078
1889 7332
1891 1244
1891 4744
1891 4968
1892 210
1892 2861
1892 7686
1893 3498
1894 5451
1895 123
1896 845
1896 4096
1898 7093
1900 6429
1903 661
1903 2401
1903 2458
1903 4663
1905 5503
1906 508
1906 3654
1906 5116
1907 752
1907 7802
1908 2112
1908 2780
1908 3068
1908 7446
1909 2123
1909 3018
1909 5858
1911 2521
1911 3889
1912 3412
1912 5227
1913 3374
1913 6750
1915 339
1917 1238
1917 1358
1917 1851
1917 4024
1917 5742
1917 6482
1918 1144
1918 4703
1918 4867
1918 6424
1920 4712
1920 6695
1920 7652
1921 5293
1922 3430
1922 5945
1922 6237
1922 7354
1923 1416
1924 2259
1924 5199
1924 6019
1924 6670
1925 1993
1925 4375
1925 4813
1925 6877
1925 7380
1925 7763
1926 3314
1927 809
1928 2612
1929 15
1930 4314
1931 6912
1931 7384
1933 2108
1933 4478
1934 446
1934 6188
1934 6690
1935 542
1935 3893
1936 1344
1936 1772
1936 4421
1937 309
1937 1253
1937 1591
1937 5611
1938 3893
1938 7632
1940 1915
1940 2270
1940 3239
1940 5663
1941 5935
1942 4713
1942 5256
1942 5967
1943 3893
1944 2626
1946 2953
1946 4031
1946 7487
1948 2029
1948 4186
1948 4695
1948 4715
1950 1360
1951 6889
1952 475
1952 725
1952 2853
1952 7827
1953 3578
1953 4533
1953 6041
1955 4139
1955 4634
1956 1913
1957 1515
1957 2619
1957 3763
1957 5551
1957 7644
1958 3765
1958 6646
1959 4369
1960 1825
1961 1361
1961 5562
1961 7880
1962 2229
1962 6507
1963 3776
1965 3729
1965 6456
1967 1004
1968 374
1968 437
1968 1894
1968 5478
1969 1414
1970 7577
1970 7658
1971 1204
1971 7345
1972 402
1972 2174
1972 4848
1973 3936
1973 5750
1973 6154
1973 6533
1975 5038
1975 5609
1975 6234
1975 6516
1976 1694
1976 3740
1976 6715
1977 837
1977 4262
1977 4735
1977 6933
1978 5083
1978 7648
1979 5268
1980 140
1980 433
1980 3957
1981 407
1981 5259
1981 6448
1981 7431
1982 1081
1982 7399
1983 3527
1984 6644
1985 943
1985 2519
1986 6082
1987 350
1987 3804
1988 3991
1988 7552
1990 1145
1990 4414
1990 5733
1991 258
1991 1133
1991 4977
1992 1635
1992 5912
1993 2188
1993 3175
1993 6504
1993 7660
1994 4843
1996 1332
1996 1921
1996 4396
1996 4649
1997 4152
1998 7789
2000 239
2000 428
2000 2912
2000 6637
2001 2931
2001 5924
2001 7576
2002 5042
2002 7853
2003 644
2004 332
2004 6212
2005 7556
2006 269
2006 270
2006 2763
2008 3039
2008 7287
2009 391
2009 1972
2010 7101
2011 4012
2012 1113
2012 1791
2013 2015
2013 2436
2013 5315
2014 1204
2014 4701
2014 7019
2015 2773
2015 6639
2016 265
2016 1916
2016 6455
2018 739
2019 760
2019 5278
2021 2306
2021 2799
2021 3088
2021 3916
2021 5820
2022 3516
2022 7140
2022 7804
2023 4143
2023 4633
2024 2205
2025 1621
2025 1639
2026 1497
2026 6526
2027 180
2027 3598
2028 937
2028 1086
2029 4734
2030 4978
2032 2603
2033 1989
2033 2222
2033 4171
2034 4590
2035 2377
2035 4159
2036 822
2037 573
2037 3037
2039 1097
2040 3836
2040 6172
2041 2387
2041 7593
2042 3385
2043 1908
2043 3873
2044 380
2044 1309
2044 3293
2044 4035
2044 4707
2044 5616
2044 5876
2045 623
2045 2681
2045 6011
2045 7516
2046 1556
2046 2749
2047 4228
2047 6854
2048 7295
2050 99
2050 445
2050 1364
2050 1875
2050 2120
2051 7363
2053 2211
2053 4247
2053 4348
2054 3755
2055 2250
2056 3543
2056 3761
2056 4440
2056 5942
2057 2966
2057 4209
2058 946
2059 2859
2059 3549
2059 6675
2059 7416
2060 2257
2060 7052
2061 33
2062 3986
2063 3464
2064 6900
2066 5094
2066 6859
2067 2271
2067 5034
2067 6869
2068 531
2068 7298
2070 3745
2071 4951
2072 4807
2074 221
2075 225
2075 955
2075 1010
2075 5214
2076 1043
2076 1424
2076 3280
2076 4350
2077 7937
2078 4347
2078 4899
2078 6059
2079 1936
2081 6315
2081 7643
2082 5880
2082 6510
2083 153
2083 292
2083 624
2083 5131
2083 6598
2083 7897
2084 419
2084 514
2084 1757
2084 3171
2084 7456
2084 7753
2086 604
2086 2603
2086 4558
2086 6505
2088 1075
2088 5640
2088 6864
2088 6935
2090 279
2090 2259
2091 828
2091 1571
2091 1743
2091 2788
2091 3795
2093 53
2093 2166
2093 4746
2093 7916
2094 7065
2095 132
2096 1394
2096 1614
2096 5799
2096 5881
2097 6548
2097 7017
2098 5248
2098 5628
2099 6825
2100 1703
2100 5284
2100 6604
2101 6998
2102 350
2102 1264
2102 2863
2102 4011
2102 5941
2104 3859
2105 1114
2105 2669
2106 1277
2106 2733
2107 956
2108 119
2108 648
2108 5404
2108 5643
2109 309
2109 2482
2111 7241
2113 2605
2114 3151
2114 4019
2114 6202
2115 2364
2116 1357
2118 4556
2118 4862
2118 7658
2119 3514
2119 6819
2120 4837
2120 6252
2124 2901
2124 6421
2125 2056
2125 6133
2125 6204
2126 693
2126 699
2126 1943
2130 4016
2130 5650
2131 2125
2133 491
2133 1680
2134 7934
2135 4168
2136 494
2136 5510
2136 5765
2138 4621
2138 6039
2139 6931
2139 7290
2139 7548
2140 2017
2140 4158
2140 4884
2141 344
2141 1790
2141 3452
2141 4328
2141 4846
2141 6493
2142 7185
2142 7450
2142 7647
2143 475
2143 2246
2144 1539
2144 2253
2144 6567
2144 6813
2145 1353
2145 2383
2145 3910
2145 6383
2146 1884
2146 4407
2147 453
2147 3566
2148 1763
2149 95
2149 4915
2149 7578
2150 701
2150 4111
2150 4698
2153 1085
2153 5503
2154 3766
2154 5758
2155 3491
2156 1023
2157 640
2157 3200
2158 1314
2158 5361
2158 5913
2160 7218
2161 4172
2161 6372
2162 1919
2163 1495
2163 1682
2163 2124
2163 3569
2164 595
2164 4957
2165 905
2166 3418
2166 3711
2166 3747
2166 3965
2167 3062
2167 7789
2168 7521
2168 7632
2169 17
2169 960
2169 3972
2169 7861
2170 7
2170 3872
2171 791
2171 1618
2171 3241
2173 1721
2173 3118
2173 3979
2173 5107
2174 102
2175 3225
2176 5220
2177 1401
2177 1526
2178 5419
2178 6417
2179 2666
2179 5850
2180 986
2180 3234
2181 7537
2182 6433
2184 3585
2184 4113
2185 5720
2186 6712
2186 7862
2187 4579
2187 7124
2189 7438
2191 2137
2191 4625
2191 5507
2191 7812
2192 685
2193 614
2194 6284
2195 1029
2196 2387
2196 2840
2196 5217
2197 2935
2198 1412
2198 2386
2199 1474
2199 7456
2201 108
2201 1505
2201 2308
2201 5255
2201 5719
2202 7075
2203 1660
2203 4207
2203 5880
2204 7816
2205 6138
2206 573
2208 7841
2210 2074
2210 6832
2211 4478
2211 7799
2213 2221
2215 1508
2215 7911
2216 7054
2218 195
2218 1094
2218 3862
2219 1283
2219 1898
2219 5805
2219 6175
2221 1368
2221 3776
2222 3162
2222 4789
2222 6231
2223 3302
2224 5881
2225 2624
2225 6703
2226 1894
2226 5419
2227 7837
2228 5720
2230 825
2230 5063
2230 5233
2230 6330
2230 7197
2230 7316
2231 2723
2231 7674
2231 7694
2232 7944
2233 942
2234 1557
2234 1776
2234 2793
2235 4250
2235 7874
2236 1342
2236 2433
2237 2498
2238 46
2239 5448
2240 2995
2240 4504
2240 5446
2240 5850
2241 432
2241 6765
2242 1698
2242 6370
2243 4620
2243 7267
2245 6365
2245 7250
2247 1158
2248 1011
2248 4184
2248 5269
2249 2099
2251 1374
2251 6967
2252 298
2252 4699
2253 176
2253 4706
2253 5835
2254 1405
2254 1783
2254 2534
2254 4875
2255 873
2255 2366
2255 3811
2255 6011
2256 225
2256 1317
2257 3898
2257 6092
2258 5789
2258 6631
2260 149
2264 2163
2264 3758
2264 4020
2265 3089
2265 7533
2266 569
2266 7123
2267 4121
2267 7038
2267 7108
2268 885
2269 3004
2270 23
2270 3949
2270 4748
2272 746
2272 6920
2275 1471
2276 1504
2276 2681
2277 4245
2278 2159
2278 2620
2278 7261
2280 1269
2280 3535
2280 7914
2282 522
2282 5669
2282 7710
2283 6892
2284 1920
2284 3909
2286 516
2287 1547
2287 2029
2287 5842
2288 7241
2289 807
2290 5798
2292 2071
2292 3122
2292 7587
2293 3101
2294 336
2294 1765
2294 5226
2296 5049
2296 7204
2297 3239
2299 6377
2301 7351
2302 4023
2302 5892
2303 2116
2303 3448
2303 6535
2305 2155
2305 2318
2305 3317
2307 1144
2307 1987
2307 3317
2309 33
2309 2412
2309 6238
2310 2399
2312 1764
2312 3161
2312 4265
2312 5202
2312 7668
2314 919
2314 5080
2315 1301
2317 4976
2317 5138
2317 6798
2317 7697
2318 4795
2319 5956
2320 189
2320 731
2320 3773
2321 2529
2322 820
2322 1209
2323 2071
2323 2143
2323 3059
2323 6540
2325 4776
2325 6242
2326 4524
2326 7653
2327 2864
2327 6368
2328 7058
2328 7227
2329 108
2330 2463
2330 2573
2331 2877
2331 3071
2331 3760
2331 4986
2331 7153
2332 100
2332 3538
2332 7586
2334 3981
2334 5646
2335 3535
2337 5318
2338 1841
2339 2420
2339 4574
2339 7577
2340 3992
2342 47
2342 530
2342 2448
2342 4118
2344 3376
2344 4901
2345 6125
2347 1364
2347 6619
2347 6643
2348 4646
2349 540
2349 860
2349 7054
2351 6536
2352 2881
2352 3699
2352 7851
2353 2412
2355 7441
2356 380
2356 4507
2357 2114
2359 636
2359 1325
2359 7637
2360 3173
2361 7926
2363 3052
2364 2902
2364 7072
2365 435
2365 7826
2366 6468
2366 7077
2367 6071
2367 7711
2368 5300
2369 324
2369 539
2369 6406
2370 3818
2371 2610
2372 1325
2372 5551
2372 6777

