4564 4761 640
1 1
4 979
19 2793
27 429
32 2628
39 296
39 2967
45 3921
46 1783
62 3439
71 3489
73 4181
78 299
79 1782
105 2954
110 122
111 2349
113 2259
125 2563
127 78
129 2972
129 2976
135 378
135 403
136 394
139 4248
142 1246
144 2376
148 2169
161 4495
164 4457
186 4421
188 637
194 4253
198 2598
216 3965
219 381
221 385
226 2601
244 925
250 2623
250 3885
250 4605
271 420
272 1470
284 3545
285 3300
287 2428
288 219
291 1101
293 819
301 4673
302 534
313 3121
320 4377
322 1550
325 4742
348 3625
353 255
374 1877
374 2242
381 423
382 813
383 990
389 2459
390 4733
392 4596
395 1425
401 3329
403 1007
416 3001
420 1064
438 4452
446 2150
455 2840
459 4737
460 4582
464 1675
473 685
485 3643
488 1774
498 1207
499 4629
508 1423
517 3697
520 100
521 2776
533 3461
542 1916
551 1618
556 1724
570 2494
592 4152
598 1990
602 2292
607 1280
616 292
623 1624
627 4652
637 4341
638 4631
647 101
651 2357
662 3986
666 1747
669 3856
672 2362
672 2747
685 4152
688 2168
692 3072
699 2334
705 3846
709 106
725 3253
756 615
768 727
773 1494
773 2315
777 3044
803 3929
869 1508
874 985
876 2657
878 3643
900 1590
901 2118
901 2738
903 2644
907 3350
910 4284
912 3688
913 788
917 2820
921 3224
927 3634
942 1898
953 3494
958 2825
959 1262
960 4444
966 466
969 1045
969 2289
973 3242
981 2968
987 1045
993 352
1000 4388
1003 3463
1014 4094
1019 3
1023 3073
1026 1093
1032 4623
1038 385
1038 1125
1048 2388
1067 2438
1071 4713
1073 2961
1091 3230
1096 1461
1114 1725
1121 1644
1121 3847
1122 2773
1126 1770
1130 903
1150 2930
1158 3187
1176 3094
1176 3927
1184 3658
1187 1343
1201 4528
1212 1076
1217 757
1218 2383
1224 2922
1227 3190
1233 2558
1233 4673
1239 2582
1239 3641
1244 2924
1245 762
1254 3097
1270 3352
1277 3265
1282 4442
1303 108
1310 4711
1314 652
1320 991
1320 1183
1324 3412
1347 309
1348 746
1353 2648
1361 1960
1363 1519
1373 148
1382 4179
1391 76
1391 2846
1391 3926
1396 2832
1399 539
1404 3383
1405 1518
1417 4153
1421 110
1421 1734
1426 2104
1430 4585
1432 936
1434 740
1436 2777
1439 3714
1443 2000
1447 3319
1448 4235
1479 1299
1479 2542
1490 1923
1493 4663
1497 3696
1536 2667
1542 2694
1551 277
1552 3402
1556 4603
1559 1481
1560 3483
1568 3230
1574 453
1574 3137
1575 457
1576 584
1581 2696
1583 4387
1590 697
1596 3559
1606 1888
1611 3490
1613 1602
1614 4113
1643 3501
1644 3406
1644 3730
1645 2959
1649 1095
1654 3862
1665 568
1681 4065
1697 2107
1703 649
1704 2351
1724 2776
1728 1943
1741 72
1745 2567
1751 3915
1759 785
1770 1478
1774 3008
1778 772
1779 3000
1780 3893
1783 843
1784 1302
1790 3241
1796 330
1804 728
1811 2370
1811 4461
1818 4132
1821 2565
1841 3246
1870 4424
1871 2803
1878 4304
1887 506
1919 1477
1919 3354
1921 260
1926 3582
1933 899
1934 173
1936 3088
1944 2010
1945 4087
1947 343
1947 3521
1954 3367
1958 824
1958 4443
1962 4076
1963 423
1968 472
1968 4636
1969 4405
1978 2748
1981 3196
1993 1599
1994 4276
1995 2048
2000 2098
2006 3961
2016 2283
2022 1618
2023 1418
2025 4419
2027 4264
2034 368
2035 2290
2042 2294
2044 1470
2046 1225
2049 4337
2055 3882
2059 746
2064 3852
2084 4731
2085 3995
2090 2665
2106 1280
2106 3279
2107 4207
2108 3474
2111 2038
2116 2456
2128 1852
2134 1370
2139 1395
2158 106
2184 4739
2185 335
2190 2366
2192 4398
2193 1042
2198 2560
2204 1287
2209 1911
2210 3255
2213 4380
2223 1614
2227 2106
2235 4302
2259 592
2262 4289
2278 1210
2280 4032
2284 163
2289 3947
2291 513
2300 432
2309 126
2324 2052
2349 2130
2370 1595
2375 2679
2379 1011
2396 4054
2398 2218
2399 1400
2428 1246
2451 1668
2457 2078
2482 1036
2496 1194
2512 841
2541 13
2549 1776
2554 511
2565 2765
2567 2786
2569 3238
2569 3956
2572 268
2578 496
2582 389
2598 2921
2617 564
2617 4218
2622 1375
2654 1643
2664 4185
2671 3091
2672 3789
2678 802
2680 3767
2686 1717
2691 4405
2694 3267
2697 2886
2699 3993
2705 113
2710 1605
2715 4219
2721 2522
2744 3402
2754 1214
2761 1957
2764 2337
2768 2988
2772 2576
2772 4251
2782 1168
2783 1655
2784 2733
2784 4425
2789 780
2791 3249
2803 1873
2833 3352
2834 1035
2836 2718
2837 4750
2841 1271
2870 3778
2873 69
2887 2643
2891 4158
2906 382
2906 2368
2914 2806
2923 997
2923 3183
2950 2737
2976 1390
2994 4213
3000 250
3000 3611
3023 2929
3028 1856
3029 2815
3036 4244
3042 2473
3058 1897
3101 1944
3103 4298
3115 4340
3133 1937
3133 2947
3133 4399
3142 1079
3147 773
3172 1769
3178 3455
3184 2484
3187 2324
3191 4684
3195 284
3201 95
3203 85
3215 2004
3216 1815
3220 1992
3245 792
3245 3114
3270 844
3292 2569
3297 3591
3304 1622
3330 790
3344 40
3366 1754
3376 1539
3376 4507
3384 3183
3409 3127
3415 3772
3417 3603
3421 2644
3432 4151
3446 4110
3451 4404
3463 863
3469 2923
3473 2907
3476 1849
3488 3011
3489 1277
3503 19
3514 1493
3517 2879
3519 1826
3519 1929
3522 2354
3531 1833
3537 851
3549 3716
3551 4637
3555 926
3574 3921
3577 2233
3588 2156
3588 2455
3588 4036
3592 4258
3595 1910
3607 364
3608 1940
3615 368
3626 2301
3646 4494
3654 555
3659 2952
3661 3643
3665 3483
3673 3696
3681 3133
3682 821
3683 1107
3689 4139
3696 1413
3697 1292
3708 1810
3712 4713
3720 3928
3722 2336
3727 3366
3738 3553
3747 2760
3748 3382
3758 1528
3763 2220
3763 2967
3765 4692
3774 736
3777 2226
3791 4729
3829 1627
3842 2622
3850 4200
3861 3004
3877 4168
3883 2046
3885 2002
3885 2785
3886 124
3891 28
3894 4109
3901 4599
3919 1073
3928 950
3946 4357
3963 292
3974 1339
3975 2865
3984 1783
4006 343
4030 3832
4035 1710
4035 2368
4042 3423
4043 2646
4044 3979
4045 2349
4045 2663
4053 3836
4058 575
4065 3217
4071 1
4072 4013
4074 1152
4074 3982
4096 1087
4117 2869
4120 1560
4128 1840
4133 1401
4135 1119
4135 4692
4136 3405
4145 4191
4174 2373
4175 1939
4189 1869
4194 1045
4195 3175
4195 3951
4198 993
4220 4346
4241 202
4241 2449
4243 2785
4250 1877
4254 767
4265 4040
4270 1231
4274 3792
4276 597
4276 2704
4282 3362
4285 392
4294 26
4295 1764
4299 3701
4300 4356
4309 3498
4312 2730
4317 3273
4322 2781
4328 1917
4332 3630
4335 2470
4363 581
4386 946
4402 324
4402 3014
4403 4685
4404 1908
4414 1239
4416 1227
4421 709
4422 4599
4448 211
4450 4714
4465 3261
4475 1050
4475 2329
4478 4239
4483 1016
4496 2196
4501 4078
4506 2190
4512 2120
4524 3576
4526 327
4529 2514
4534 3729
4535 311
4542 3937
4545 4508
4551 4489
4558 2591
4562 3095

