9079 9537 688
1 1
20 3873
26 8540
38 4079
41 6436
43 6961
48 4383
53 3793
92 2978
93 7103
101 8456
113 2974
148 4331
154 3439
176 5956
186 3977
187 4618
240 4646
249 8374
251 728
263 438
295 83
296 6866
307 6940
330 953
337 6814
372 8455
388 7565
414 604
414 8937
444 938
450 8457
458 3721
462 1184
477 3640
480 6592
509 1562
528 6286
530 5228
552 7087
559 8264
565 124
565 6953
590 6303
591 5913
601 1421
602 904
611 576
622 7097
630 7181
647 3024
650 4634
655 1631
673 4847
682 7583
701 6736
715 1605
720 1691
729 7829
744 2674
757 8882
758 459
781 6117
808 7570
830 3962
842 1115
846 8421
866 5333
879 7682
896 835
914 1541
920 532
921 8770
926 1777
938 5244
966 565
968 7885
970 8596
970 8743
987 7089
998 6456
1018 2998
1023 5218
1030 368
1040 9399
1050 8367
1066 7172
1073 7911
1075 8727
1083 337
1088 4566
1105 7220
1109 9005
1146 4778
1179 3931
1179 7261
1210 5381
1212 107
1229 6609
1263 1394
1274 314
1283 925
1296 2007
1305 3210
1307 7439
1311 6509
1317 7607
1335 6412
1348 8954
1366 1865
1375 8845
1422 8717
1431 7808
1432 2789
1436 6141
1455 1295
1461 3860
1464 8334
1466 842
1472 4432
1485 5364
1533 2364
1559 2527
1566 82
1572 5377
1578 8035
1590 1652
1610 2356
1638 8227
1641 8998
1647 6999
1650 111
1671 2891
1680 9452
1689 2720
1717 640
1734 2424
1761 8034
1772 9435
1784 1474
1795 8358
1799 9383
1837 5218
1842 4169
1866 1414
1872 326
1880 1841
1885 7015
1885 8330
1929 6247
1931 9096
1950 1267
1964 4195
1964 7893
1969 8601
1971 9506
1978 5282
1986 7160
1989 6598
1996 8223
1997 6472
2003 6537
2031 205
2036 5660
2045 5946
2079 3656
2107 3026
2113 1802
2157 1490
2160 681
2165 3069
2171 3957
2177 4098
2184 7301
2198 93
2207 1348
2209 3237
2245 5291
2249 6287
2256 5337
2281 8990
2335 6836
2336 632
2344 8481
2360 9312
2361 1919
2378 5953
2389 9403
2390 9065
2404 631
2404 7982
2440 2299
2470 1740
2473 5687
2474 4031
2474 8828
2490 269
2510 4928
2515 250
2517 1495
2527 3576
2528 7426
2530 2785
2587 4009
2596 8060
2625 1673
2631 429
2666 1005
2736 4936
2737 2641
2739 267
2742 627
2747 7716
2775 8910
2779 5584
2782 7375
2788 8
2789 2661
2800 4278
2807 6755
2811 707
2818 4420
2838 34
2860 2757
2874 192
2881 5104
2892 7183
2895 9293
2900 1804
2916 8611
2917 6941
2974 1721
2985 9001
3001 2237
3004 7538
3037 851
3043 3461
3063 9472
3080 8028
3083 8687
3095 6082
3133 6246
3143 7316
3152 4848
3156 5004
3157 3843
3172 8367
3181 1812
3184 3181
3186 8842
3188 2548
3188 3362
3192 4612
3199 8546
3209 1369
3226 6848
3230 5525
3234 8170
3237 9214
3238 6551
3296 3767
3318 8413
3319 2071
3327 4576
3346 6615
3351 7907
3353 7352
3383 3066
3395 2706
3424 1049
3446 2752
3447 3039
3509 6839
3552 7683
3559 2188
3572 1157
3577 5858
3594 8120
3595 6027
3690 2610
3693 9448
3728 4741
3740 4599
3752 7218
3756 857
3764 7552
3784 3449
3794 3165
3804 2998
3813 3056
3848 7525
3857 7051
3864 1251
3876 4595
3878 8062
3892 4567
3903 8814
3925 1967
3934 3979
3935 1564
3959 3072
3968 8138
3973 514
3985 3955
3986 4754
4063 6672
4073 6839
4089 2681
4100 9348
4108 80
4108 295
4141 5742
4161 7084
4169 5220
4173 1860
4179 9070
4195 5327
4213 2722
4214 818
4218 6813
4224 5378
4225 1573
4249 1724
4252 2739
4269 5023
4277 4611
4307 1842
4309 2146
4310 8905
4322 5246
4331 3692
4339 5930
4356 4053
4362 3238
4371 239
4381 3985
4384 4060
4389 1383
4389 2343
4428 7456
4437 3158
4446 4459
4458 2222
4463 3982
4484 5516
4491 727
4500 3313
4509 5236
4512 3852
4539 4315
4548 5063
4559 7758
4606 2119
4635 4305
4646 5509
4660 6272
4703 1998
4724 4407
4743 3303
4745 6703
4746 5302
4770 4133
4783 7086
4784 467
4799 3610
4816 2878
4817 5321
4825 7662
4830 3339
4852 5194
4860 5421
4882 2399
4898 9272
4899 3360
4899 7407
4908 3893
4909 6965
4914 614
4921 2284
4929 1897
4936 3790
4972 7037
4980 4835
4990 6151
5006 3812
5007 2234
5054 8821
5060 8139
5066 3377
5069 1508
5109 4508
5131 1479
5132 628
5142 5437
5145 8297
5149 3688
5151 961
5153 2658
5174 7851
5179 3106
5193 9335
5199 9449
5203 9137
5227 5432
5243 1719
5248 7584
5254 1852
5342 8459
5360 1735
5360 7330
5368 813
5369 1851
5379 1937
5388 3084
5410 1437
5412 5260
5413 8559
5424 1763
5425 7691
5431 6259
5453 7789
5459 6367
5499 2014
5525 985
5525 3529
5539 7984
5546 7200
5578 8385
5587 3354
5601 2989
5606 694
5613 8608
5643 2170
5655 1442
5663 355
5740 4023
5749 3979
5774 7094
5778 6808
5784 1440
5804 5140
5807 6795
5808 7967
5818 4102
5827 2025
5878 7370
5889 2829
5894 9270
5895 6290
5903 8402
5906 6450
5914 8299
5938 4273
5938 8627
5941 8278
5957 4962
5960 8406
5963 4140
5966 3405
5968 6062
5971 5005
5982 5837
6019 5250
6024 5557
6035 8049
6076 854
6097 9017
6103 7101
6106 3972
6146 5395
6146 6543
6187 2936
6190 3564
6198 8811
6207 5735
6209 2639
6224 627
6233 1709
6264 74
6266 8606
6286 1690
6289 8408
6308 8205
6314 2137
6327 5515
6328 9140
6330 3975
6334 8575
6341 416
6342 4463
6347 4050
6381 1566
6391 6220
6397 6940
6397 7761
6401 5588
6410 5241
6446 688
6463 3270
6477 1394
6497 6821
6528 6791
6533 5275
6545 1736
6570 4114
6582 169
6583 6574
6596 1539
6630 5969
6632 1040
6658 1023
6662 9052
6666 6097
6682 7352
6700 207
6711 2091
6720 9534
6742 3909
6749 5677
6755 1262
6798 8832
6800 9171
6840 6515
6843 7241
6848 440
6871 2550
6876 3175
6896 6791
6904 5081
6906 4197
6909 1522
6932 1561
6933 2059
6934 6064
6934 9199
6939 4423
6946 5459
6969 5159
6976 3203
6978 6172
6988 1591
7058 1692
7062 6816
7078 5987
7086 4213
7106 6035
7117 3723
7134 3196
7145 7969
7152 3323
7154 968
7173 645
7180 3870
7190 9501
7199 8955
7208 2781
7216 5828
7226 5592
7234 8888
7246 5045
7270 5035
7293 2916
7302 1161
7309 4108
7312 3161
7325 3663
7331 8708
7334 1331
7339 9443
7391 1619
7392 2910
7400 6429
7406 886
7427 3948
7447 3132
7461 2631
7463 1783
7481 4696
7484 8046
7497 5282
7515 6188
7525 9056
7547 3382
7580 2594
7613 6928
7651 7791
7660 6004
7664 4666
7765 7336
7771 3882
7773 5637
7776 5444
7781 571
7786 297
7787 1380
7808 5330
7828 4599
7832 3808
7858 3615
7862 2994
7862 7638
7898 1278
7916 3768
7922 5720
7928 7579
7966 6615
7987 5944
7995 6282
8009 5083
8030 734
8054 3099
8070 3305
8071 9219
8076 6298
8087 2730
8115 142
8126 6152
8128 9503
8178 3060
8185 6196
8191 1452
8199 3636
8200 3331
8212 5177
8216 5146
8219 4855
8220 3975
8223 2587
8252 9525
8305 3643
8317 1534
8323 2402
8331 5465
8338 6575
8343 6087
8343 6456
8362 5183
8366 1367
8378 2983
8387 8306
8393 1857
8415 7706
8422 3486
8448 5066
8464 7349
8491 351
8497 7133
8504 920
8511 1407
8524 1119
8524 8776
8541 4494
8554 6146
8571 2635
8588 3537
8588 8385
8589 220
8611 5042
8641 4797
8658 1654
8664 1282
8678 3957
8686 6648
8697 5387
8714 1618
8760 8537
8800 5715
8811 3219
8815 8251
8822 7430
8834 5075
8855 9416
8881 8902
8887 32
8911 7118
8947 263
8947 8018
8963 5322
8966 1889
8981 8696
8983 6528
8988 6810
9023 3912
9025 6975
9028 5921
9035 7785
9061 365
9075 79

