6856 6338 2778
1 1
2 609
5 3997
9 1841
9 3546
9 3628
12 2566
13 5293
18 5823
19 4311
24 242
31 788
47 200
48 5242
50 3859
54 2798
58 3463
59 3803
62 6059
64 1647
70 3183
73 3532
74 2970
74 3887
77 2147
77 2448
80 2380
81 767
82 4350
84 5994
87 4914
89 548
89 1259
92 891
92 4837
93 3758
111 5309
112 3618
118 23
124 2217
126 5770
132 1912
136 1588
141 448
143 1212
145 3127
150 3633
154 376
154 5115
156 146
156 761
160 2345
162 1173
164 2259
168 570
168 3104
169 839
174 1304
177 5901
178 223
181 5462
182 845
183 141
183 4025
184 5333
189 801
189 2193
191 5744
194 2819
199 5082
201 322
202 1660
203 42
205 3697
206 1841
206 5324
211 1016
221 5983
223 3997
225 5580
226 721
227 3008
236 1589
240 2010
241 6021
250 5082
251 3511
253 4408
257 5523
258 3465
260 5271
264 2128
265 3632
267 841
268 5135
269 1719
269 4299
272 3342
273 2889
277 4858
279 2007
286 2219
286 4821
288 827
290 36
293 4562
294 4832
294 5200
296 786
297 4111
298 745
304 5806
308 2698
312 830
312 2795
312 4283
313 2953
313 5381
315 3012
316 487
320 4208
323 3591
324 1721
325 4970
330 3756
339 4478
342 2266
347 5207
350 4517
353 2736
353 4871
357 2382
358 2109
359 2108
363 5403
364 1954
365 5956
370 4118
371 2643
373 1186
373 3462
382 1964
382 5609
384 5794
389 477
395 2924
398 2972
404 5068
407 4313
420 3219
420 5330
421 3890
424 2311
424 5579
425 5700
429 3736
430 3743
430 4143
431 3614
431 4078
433 3898
433 5082
436 744
436 4402
437 3826
440 3072
442 1397
449 3567
451 5616
453 373
453 1617
455 5975
455 6325
457 3913
458 4698
460 2696
465 1083
468 5230
469 1498
471 6245
473 1110
474 947
477 1577
477 6062
484 4824
484 5696
485 1546
492 1712
500 6274
503 2235
505 4088
507 5240
509 6145
512 4171
514 1757
514 6047
518 2211
522 4605
527 2004
528 5182
533 2619
534 5543
535 4607
535 5663
543 6097
544 916
545 880
547 1216
547 2966
552 1803
554 2391
557 2763
558 2851
560 2279
568 1286
569 4071
569 6022
573 5541
574 58
574 5636
576 2426
579 2695
583 1942
585 6057
586 221
588 545
589 3171
593 864
594 39
597 3624
598 3219
599 502
602 3856
605 1266
605 3274
607 3942
608 5116
613 4971
614 4479
615 6210
616 5847
618 4097
619 5687
620 4847
624 3125
626 3864
626 4906
628 2639
628 5578
630 4665
635 2263
635 5707
637 3107
639 1642
643 2169
647 2182
649 2523
654 2317
656 5517
657 2173
658 4144
660 2830
661 3044
662 2254
663 3651
664 5442
665 4705
669 1300
674 1591
680 2592
681 3096
686 2977
687 4110
693 3238
696 3868
696 6322
697 5720
701 4033
712 4762
715 73
718 1284
718 2788
723 2465
726 2761
726 3521
731 3787
731 4991
733 3346
734 804
734 1468
736 4781
741 1016
741 4673
744 439
746 1717
750 6128
751 3109
758 286
760 4229
760 6109
767 1784
767 3655
767 5023
769 3937
769 5697
770 526
770 5020
771 1571
771 5495
772 3186
772 4898
774 2552
776 2838
778 2925
779 4325
780 566
782 5157
783 1335
788 3086
790 2821
792 205
792 779
796 6
800 4180
802 6091
803 747
807 1379
807 3282
809 5359
811 1162
815 4244
817 4303
821 71
822 980
823 1979
827 4493
828 1814
828 4164
828 5918
833 4383
834 3892
834 5428
836 5955
837 2055
841 5692
849 133
849 548
859 1710
860 164
862 3425
863 5324
865 2351
867 4039
868 5581
869 2014
869 4454
872 4102
876 1704
877 5170
881 3245
881 3718
882 1978
883 2034
884 4295
887 3544
899 3463
902 6301
909 2967
909 3145
910 305
913 5555
915 621
916 5702
916 5810
917 3647
917 4414
918 4748
920 460
925 1833
926 3613
940 1095
942 887
949 3509
950 1933
957 1461
958 5454
960 1090
965 2663
969 5519
979 1126
979 4790
981 3738
982 3060
982 4047
983 5891
987 4346
988 935
988 4316
991 1181
993 435
999 5686
1000 3112
1001 3471
1003 1399
1005 6285
1006 2331
1011 2279
1012 2929
1015 889
1016 3281
1022 1036
1024 1256
1024 4175
1028 4282
1029 3299
1031 3446
1032 4539
1036 1614
1036 5692
1038 547
1039 125
1040 2624
1041 2007
1044 1275
1053 172
1054 3577
1057 976
1060 3538
1061 4345
1062 4538
1063 966
1063 4300
1069 1072
1072 14
1074 1076
1075 2647
1076 5582
1082 2919
1084 350
1084 2765
1085 1683
1087 783
1094 3749
1098 726
1098 3267
1101 4414
1103 544
1107 1042
1109 692
1110 1429
1112 6158
1117 4971
1119 1524
1124 1480
1125 1372
1128 1753
1129 992
1129 3578
1135 4883
1139 273
1139 2000
1143 2532
1151 1010
1153 4673
1163 2327
1166 3679
1170 4446
1171 3250
1175 1198
1180 5664
1184 929
1187 396
1188 3328
1192 559
1192 4730
1201 2186
1201 4108
1204 3405
1213 4120
1214 3948
1215 5980
1228 3107
1228 3461
1228 3882
1231 3052
1231 3138
1234 201
1239 4868
1240 4360
1243 4060
1245 4593
1249 3384
1249 3907
1249 4199
1253 5704
1256 3175
1257 3511
1259 402
1259 2579
1259 3903
1262 875
1263 570
1264 2768
1264 5828
1267 4375
1269 3943
1270 1885
1273 2777
1275 1458
1275 6286
1278 146
1279 1699
1280 3974
1281 4040
1288 2481
1301 3216
1302 4489
1307 3547
1309 1632
1309 2515
1309 3796
1311 3350
1316 4690
1319 4264
1321 2154
1323 5425
1326 5852
1328 2091
1333 6098
1335 2229
1336 4189
1340 2380
1341 3570
1344 2251
1345 1882
1346 2710
1347 5438
1349 4449
1350 1470
1352 4054
1353 1427
1356 2883
1357 3011
1359 2081
1361 3746
1361 5617
1363 4547
1366 4010
1366 5721
1368 1032
1370 94
1371 4945
1377 1676
1377 6061
1381 1413
1382 6
1383 2851
1383 4076
1385 482
1395 5457
1396 5074
1398 4018
1405 5587
1406 3516
1406 5800
1413 3752
1416 5925
1425 750
1446 1824
1449 3289
1455 2394
1457 1945
1460 470
1461 752
1461 5688
1463 1419
1466 525
1474 4141
1475 1201
1475 1413
1476 700
1476 1036
1477 2676
1480 4046
1482 3569
1484 529
1484 2077
1485 4583
1488 153
1494 5288
1495 5927
1496 5445
1503 4511
1506 4261
1510 888
1513 6023
1520 4736
1521 4986
1523 4119
1526 3804
1533 489
1536 4053
1544 5109
1546 4954
1547 1424
1547 1666
1548 3108
1550 2292
1554 3096
1554 3328
1556 3319
1556 6060
1561 1067
1566 1930
1567 3670
1567 4410
1573 1229
1573 1985
1576 3416
1577 191
1579 158
1583 582
1584 2117
1588 3096
1597 660
1598 2165
1600 3996
1608 2810
1609 3340
1609 6082
1610 263
1610 3498
1615 2998
1615 4184
1616 3418
1617 2454
1622 5078
1625 5539
1626 5023
1632 1531
1632 4337
1637 3139
1638 2647
1643 3357
1651 2916
1654 831
1655 2530
1656 2135
1656 2613
1657 2750
1657 4928
1658 3703
1664 2447
1665 3356
1667 5713
1669 2440
1673 3132
1679 1305
1679 3878
1683 6246
1689 3767
1690 885
1692 1317
1694 935
1694 4425
1696 6200
1697 162
1697 6128
1699 1398
1702 6321
1703 6019
1705 5130
1708 1930
1709 4532
1711 2171
1715 1861
1719 873
1722 1201
1724 3366
1728 3530
1731 2953
1736 2378
1738 5443
1739 2829
1740 4881
1741 3082
1743 5644
1744 5474
1745 1267
1745 4665
1747 341
1753 2658
1756 2321
1759 2039
1761 2907
1762 1581
1764 1455
1764 5120
1765 3512
1766 4279
1769 6060
1770 1114
1779 2181
1780 4955
1788 3559
1791 4574
1792 1955
1798 5932
1804 3958
1806 67
1810 5979
1810 6247
1814 1554
1819 2732
1823 163
1824 5897
1825 1695
1825 2279
1826 782
1829 1454
1832 829
1836 5323
1837 1715
1842 5416
1845 1556
1847 5969
1848 727
1849 2561
1856 4165
1861 2136
1862 5
1868 229
1872 4027
1873 2938
1878 5765
1883 451
1887 4719
1887 5234
1891 1175
1895 2287
1901 784
1901 3373
1902 2328
1906 480
1908 5216
1914 6009
1920 11
1922 497
1924 2987
1924 3451
1929 3566
1930 3398
1930 5140
1932 5415
1934 3368
1938 4397
1939 5391
1945 5494
1946 4772
1953 3023
1953 5708
1955 1984
1957 1160
1959 5576
1962 3279
1963 4500
1967 102
1968 4242
1969 2470
1970 2506
1980 1194
1981 385
1983 3478
1985 4411
1988 2792
1989 731
1994 2739
1995 1093
1995 4922
1995 5523
1999 2993
2004 3290
2005 2507
2005 3645
2009 5416
2009 6225
2012 5999
2017 4578
2019 3535
2025 2865
2025 5128
2025 5579
2026 609
2031 3549
2032 1041
2036 4945
2037 812
2038 1450
2039 1058
2043 5752
2044 4291
2048 4954
2054 5725
2055 4747
2064 1084
2069 1970
2073 2020
2073 4221
2074 3856
2077 869
2078 383
2080 5951
2082 868
2082 4872
2087 1837
2089 6129
2093 3422
2094 4897
2095 104
2095 5571
2096 5024
2097 4658
2098 3409
2102 350
2103 2476
2108 2705
2109 603
2110 516
2113 2198
2115 3746
2118 1280
2118 5955
2124 4611
2125 3577
2126 5525
2128 6067
2128 6327
2131 3527
2134 1513
2134 1559
2135 6262
2141 606
2142 1463
2142 5715
2144 2896
2146 45
2154 368
2164 3303
2166 5597
2170 1037
2175 4558
2188 1687
2193 5836
2194 2854
2201 3322
2208 4101
2211 3303
2214 1578
2214 1732
2219 469
2219 5171
2223 2768
2225 395
2229 4136
2230 1720
2237 4406
2238 5889
2241 2153
2241 4061
2242 6052
2244 1192
2249 2589
2249 5645
2251 5432
2255 946
2256 1483
2269 1596
2271 3480
2273 1463
2273 2724
2273 4434
2274 200
2274 3941
2274 4215
2277 2105
2279 4620
2279 5259
2285 3019
2285 6272
2288 187
2290 1085
2290 6259
2291 5687
2292 2027
2294 2495
2296 335
2296 1103
2302 992
2302 6175
2306 2383
2306 6313
2308 2995
2311 2396
2312 949
2312 4314
2318 5462
2320 4404
2320 6227
2322 5037
2323 5708
2324 960
2325 5298
2326 5518
2331 2377
2333 2145
2334 92
2340 1328
2342 5425
2347 5388
2349 1573
2349 6283
2350 3559
2351 1182
2353 4876
2354 4569
2355 4782
2358 2545
2359 252
2359 5703
2360 2122
2361 5100
2363 5917
2372 4292
2373 2974
2373 3870
2376 1303
2376 1732
2378 1104
2380 4654
2384 1678
2384 2028
2384 4834
2385 5556
2387 1548
2388 5077
2389 5523
2390 8
2392 1289
2393 2029
2397 916
2401 3248
2403 3004
2405 1704
2405 1819
2407 837
2408 798
2410 5498
2412 314
2413 95
2414 2463
2416 1626
2419 482
2419 2519
2420 5277
2422 1261
2422 3594
2424 6121
2426 1130
2427 3458
2429 4441
2431 666
2431 4866
2437 3068
2441 494
2442 5090
2443 6058
2446 5896
2448 154
2448 4345
2449 2335
2449 5285
2459 486
2459 3228
2460 567
2463 2141
2467 278
2470 3231
2470 3695
2472 2091
2474 5901
2480 1501
2486 4984
2487 894
2489 6006
2490 1555
2492 2565
2495 4973
2496 526
2509 4765
2510 4160
2512 164
2513 1503
2516 525
2516 1159
2516 5842
2517 1667
2519 3119
2520 3093
2527 4372
2529 6181
2530 5467
2531 3815
2536 1447
2548 2768
2551 2750
2552 5685
2553 4496
2553 5992
2554 2379
2557 2259
2562 5906
2565 1910
2565 3250
2567 1964
2572 2041
2579 59
2580 3496
2580 5576
2581 2758
2581 5777
2581 5981
2582 2788
2585 2581
2585 4857
2588 5601
2589 891
2596 6193
2599 1694
2605 4826
2608 4502
2612 3931
2616 271
2616 3086
2619 5036
2619 6143
2625 4664
2629 574
2629 3600
2629 3993
2630 3095
2645 5864
2652 4926
2653 5238
2655 2700
2657 5066
2661 4960
2663 112
2664 3374
2665 4437
2668 992
2668 2167
2674 6090
2676 5331
2681 5467
2685 400
2686 340
2686 835
2687 660
2688 4128
2689 3140
2689 3205
2690 3170
2693 4839
2694 3670
2695 5079
2699 3945
2703 337
2703 3197
2704 4905
2706 5595
2707 2816
2711 5854
2714 181
2715 16
2719 24
2725 163
2729 3940
2734 1792
2738 1822
2747 3036
2751 5369
2754 1734
2754 2706
2754 4142
2755 6193
2756 3473
2757 4619
2759 790
2762 5792
2769 369
2771 5297
2772 4917
2774 3075
2774 4784
2776 4843
2779 5973
2781 175
2782 1725
2782 3668
2784 5206
2786 579
2786 2007
2787 2218
2791 995
2794 402
2798 2491
2798 3729
2798 5641
2802 4896
2804 1567
2806 2392
2806 5247
2808 1461
2809 861
2812 165
2813 2590
2815 1382
2821 642
2824 4176
2824 5603
2829 446
2832 2434
2832 3235
2837 3513
2845 542
2847 3354
2847 4585
2848 5731
2850 5453
2852 3830
2859 6256
2860 4082
2862 1770
2862 2848
2862 5310
2863 5513
2866 329
2872 1637
2880 5568
2887 627
2888 4754
2890 505
2893 2378
2893 6110
2897 3692
2908 4543
2914 935
2921 5308
2923 5271
2929 5212
2931 3164
2936 1575
2937 1431
2941 1418
2941 4005
2947 2411
2948 2975
2949 4980
2950 2109
2954 3732
2957 1285
2960 3010
2965 4707
2967 629
2972 1682
2975 3323
2977 1787
2980 367
2980 4976
2985 4095
2986 1270
2986 4856
2986 5673
2987 3581
2987 3675
2992 528
2992 1435
2992 4753
2995 990
2997 863
3005 4291
3006 4609
3008 1120
3008 4247
3009 1573
3014 3364
3019 5797
3021 1436
3025 1345
3026 1378
3026 4352
3028 3554
3030 3143
3034 950
3034 1826
3034 4404
3037 5516
3040 5652
3043 6286
3045 4546
3046 4822
3047 5816
3049 747
3053 2936
3055 1053
3055 5269
3056 1585
3059 4260
3061 2046
3064 2331
3065 2102
3070 146
3073 1129
3075 2034
3080 4507
3085 6281
3088 2069
3088 4656
3090 606
3093 2971
3097 985
3098 40
3098 2380
3100 203
3102 367
3103 3454
3116 1017
3116 4747
3118 934
3123 4591
3124 3993
3125 707
3127 87
3127 2373
3129 741
3130 5711
3131 2571
3134 1278
3136 675
3136 2559
3136 2630
3142 4633
3144 3969
3145 3843
3148 3896
3154 2698
3155 3319
3156 1056
3157 4379
3161 432
3161 1656
3162 4922
3165 329
3165 2223
3173 3408
3175 5531
3177 3774
3178 5462
3187 2335
3188 3627
3189 1329
3193 2213
3194 4989
3194 6174
3196 71
3196 1667
3202 2750
3204 3216
3205 5496
3207 591
3208 5344
3210 4652
3210 4763
3213 572
3213 2843
3213 5284
3214 5348
3215 4212
3216 3022
3217 1856
3220 5971
3221 5009
3222 4061
3224 3571
3228 676
3230 2272
3230 3594
3231 760
3231 2534
3243 870
3248 2182
3249 3901
3250 3869
3256 5164
3257 613
3257 2828
3257 4393
3257 6273
3260 6068
3261 5951
3263 2584
3263 3266
3265 1788
3267 1064
3267 5552
3268 3052
3270 5915
3274 1884
3277 4453
3283 5112
3286 2080
3287 2189
3289 2455
3290 62
3293 4948
3294 4320
3300 1832
3300 5070
3302 4573
3303 1050
3303 2626
3310 3578
3315 2370
3318 1991
3322 1892
3323 557
3324 1316
3329 2156
3329 4515
3348 5095
3350 1479
3352 2816
3356 1558
3357 2800
3362 2023
3366 4635
3370 4048
3375 4195
3379 3323
3388 351
3390 3830
3391 1058
3394 490
3394 1594
3395 1547
3396 5183
3401 1810
3402 576
3402 1309
3403 330
3403 1141
3406 3724
3415 3276
3420 1941
3423 1886
3426 3530
3433 5911
3435 1842
3438 3545
3442 2408
3444 4614
3445 3716
3446 2540
3448 1467
3451 2860
3452 849
3461 5061
3466 241
3466 2373
3466 5642
3467 476
3470 3710
3473 1637
3474 2090
3474 5168
3477 2822
3482 2771
3482 5175
3484 5935
3486 3122
3487 1337
3487 4752
3489 371
3489 1914
3492 3089
3495 5051
3497 5999
3498 5007
3500 4024
3502 452
3505 2219
3506 5720
3508 5640
3509 4582
3509 5548
3510 6060
3516 5674
3518 1970
3525 6169
3526 637
3528 5413
3530 1265
3530 5012
3535 3160
3537 4339
3540 5058
3542 107
3546 3136
3548 3546
3554 841
3557 1288
3557 5739
3559 4030
3561 545
3562 3900
3563 2072
3565 4399
3567 2364
3567 2635
3571 2930
3574 2415
3579 1878
3579 3806
3580 392
3587 3021
3592 1586
3593 3652
3599 2655
3604 1753
3605 736
3605 2512
3611 160
3612 3379
3620 729
3625 427
3626 500
3630 2882
3634 4736
3636 2938
3638 2777
3644 5014
3645 1015
3645 4279
3650 1989
3652 2014
3654 5273
3663 3856
3667 2520
3672 1600
3673 171
3678 1457
3683 2573
3684 5483
3687 857
3689 1950
3689 2069
3689 3535
3694 6145
3697 4942
3702 1012
3703 2091
3704 4718
3704 5350
3706 1182
3707 1452
3708 6203
3711 5709
3718 2084
3719 6024
3725 182
3725 1290
3729 3256
3735 668
3738 576
3739 3183
3745 3371
3751 6273
3753 59
3754 2946
3756 1108
3765 2880
3765 3322
3768 3231
3776 1323
3777 3104
3778 214
3779 3242
3786 2302
3788 866
3789 4278
3792 4563
3793 5744
3794 3683
3799 3039
3800 5140
3805 4726
3806 2430
3808 6167
3809 2059
3809 4658
3812 3173
3814 1230
3817 2487
3817 5414
3819 254
3824 5117
3825 2938
3827 3110
3828 2894
3828 4183
3830 1585
3830 2503
3830 3016
3831 2529
3833 2258
3835 6182
3842 3797
3843 5962
3845 1420
3845 1588
3846 3391
3846 5157
3856 4090
3860 5806
3861 1167
3864 1934
3864 3770
3865 639
3866 3827
3868 4707
3869 6232
3870 5605
3871 5238
3873 2550
3874 4047
3877 3966
3878 2604
3885 1549
3885 3022
3888 1046
3888 3095
3889 1464
3890 5522
3892 3077
3892 3970
3892 4440
3893 4325
3895 5645
3897 5701
3900 898
3905 6076
3907 2159
3907 5944
3910 38
3910 5376
3912 2614
3913 2879
3913 5415
3916 5780
3917 3153
3920 3788
3921 5988
3923 2789
3930 5371
3939 3747
3940 2590
3940 2807
3940 3512
3942 4043
3945 3974
3947 4497
3952 5370
3963 3315
3966 5146
3969 688
3973 2192
3976 4277
3978 667
3981 1516
3981 4890
3982 417
3984 6321
3985 1489
3989 1962
4004 3877
4004 4923
4006 2125
4008 3453
4009 4350
4009 5582
4012 41
4014 912
4015 1938
4019 1299
4024 3582
4028 1880
4029 2736
4030 6120
4032 6258
4033 7
4034 3530
4041 103
4042 5943
4044 790
4046 1155
4048 2828
4049 1038
4053 5852
4054 65
4067 4046
4072 1190
4074 2472
4075 2075
4082 2686
4083 5236
4085 1508
4090 4718
4094 4578
4098 2895
4100 5420
4101 1962
4103 5198
4109 5201
4114 1227
4119 3277
4128 5590
4132 2319
4133 657
4133 5874
4137 230
4138 4540
4141 1940
4141 2878
4141 5064
4141 5509
4142 3083
4146 4285
4147 5634
4148 6074
4154 971
4156 1445
4156 2989
4157 4710
4166 1564
4166 5927
4169 1669
4170 581
4170 5444
4170 5865
4172 6011
4173 5579
4175 3712
4175 6008
4176 226
4177 4794
4178 3127
4179 39
4180 1286
4181 498
4182 3033
4183 2531
4190 6070
4200 5325
4207 4681
4213 5235
4217 1942
4223 5683
4225 1044
4229 1014
4231 1203
4231 2104
4232 3304
4236 4923
4237 113
4238 2621
4244 3826
4245 2287
4253 4999
4254 4738
4255 3030
4257 5397
4261 5318
4266 1597
4269 2219
4275 5885
4280 2945
4280 3930
4284 4045
4287 914
4290 1030
4291 3437
4292 3945
4301 1469
4302 471
4302 3586
4305 4583
4311 5953
4317 1250
4323 3652
4324 4619
4325 2877
4326 6268
4327 5294
4331 1738
4331 3392
4332 2582
4336 4875
4337 2225
4338 3131
4339 6070
4343 5368
4344 1555
4346 3024
4346 5773
4347 2665
4347 4820
4348 3307
4350 3285
4350 5859
4358 257
4359 2394
4359 4317
4361 373
4364 5161
4373 2259
4376 222
4378 1951
4378 2360
4378 3906
4380 6233
4381 5262
4384 2456
4393 6268
4394 256
4398 4901
4399 1301
4399 1642
4402 3318
4402 5334
4404 1007
4410 2648
4411 4492
4414 1849
4418 5771
4418 6185
4422 632
4425 633
4431 1568
4433 4265
4434 3349
4438 4643
4443 2450
4443 5082
4450 937
4456 5995
4460 3057
4460 5259
4464 3535
4465 5521
4466 3515
4469 1192
4470 1968
4471 2257
4477 6061
4479 4647
4485 1107
4485 4524
4486 420
4487 3499
4489 5278
4490 1253
4491 1764
4493 4715
4493 4973
4498 1852
4498 5249
4501 6177
4506 5355
4507 1124
4508 5026
4512 4586
4520 5745
4521 4577
4525 2871
4527 5227
4530 2910
4533 3424
4534 5341
4535 4035
4536 1462
4536 1699
4536 3892
4541 566
4542 5918
4543 801
4545 1082
4545 4432
4545 5558
4549 2376
4549 3605
4551 2199
4552 2084
4554 1693
4554 2520
4555 3164
4557 3396
4566 3314
4570 1889
4571 5445
4575 1971
4576 707
4580 212
4589 3734
4589 5552
4589 5926
4590 460
4592 525
4595 798
4596 5520
4600 1216
4600 1569
4602 3437
4604 1376
4607 3661
4608 5048
4610 29
4611 1956
4619 3165
4623 1424
4627 4915
4628 216
4629 1412
4629 2294
4639 3819
4639 4243
4642 4325
4643 4555
4646 3262
4648 3133
4652 2546
4656 471
4659 1295
4663 3787
4665 1792
4666 571
4668 1425
4670 3358
4670 3903
4672 2911
4673 638
4676 6186
4678 4903
4680 4142
4681 661
4682 2769
4685 586
4685 4066
4686 1050
4686 3147
4687 2804
4691 6153
4692 6080
4697 4518
4697 4809
4700 127
4710 6060
4711 4503
4717 3315
4718 407
4720 3237
4723 3152
4723 5429
4726 3200
4729 5549
4731 1822
4732 2331
4735 2439
4735 4896
4737 5415
4739 1256
4741 4166
4741 6254
4746 369
4746 1344
4757 157
4759 2606
4764 3320
4766 3887
4768 1774
4768 2180
4768 4856
4768 4870
4768 5761
4769 667
4771 5403
4771 5767
4774 151
4774 4940
4775 4547
4776 4778
4777 6150
4780 4304
4782 2067
4784 5973
4785 1405
4785 2952
4787 3778
4788 3550
4789 6003
4791 3005
4793 3554
4798 3322
4800 4414
4802 2542
4803 3267
4804 5600
4804 6210
4805 1988
4806 551
4808 4781
4812 2344
4815 5147
4825 3410
4826 348
4827 5417
4833 1428
4833 2827
4837 5260
4839 1506
4841 2490
4852 742
4853 2891
4856 532
4858 2846
4859 1392
4861 5776
4862 4436
4866 4594
4868 3618
4873 953
4875 1039
4875 2062
4876 4957
4879 6324
4882 5271
4885 5442
4887 882
4890 3249
4890 5934
4891 2280
4891 3767
4893 4932
4899 3597
4900 3229
4904 3010
4906 532
4906 1633
4907 5495
4908 3099
4913 1040
4914 2091
4915 2174
4916 121
4916 1351
4917 3603
4924 472
4924 4772
4928 5775
4937 6298
4938 4272
4938 5263
4941 2486
4949 257
4959 388
4959 1155
4959 3332
4960 80
4961 6131
4965 1774
4967 154
4971 3027
4972 2371
4978 2864
4980 729
4982 1643
4987 3177
4988 284
4991 2763
4999 68
5000 4687
5002 3059
5002 3239
5010 1073
5016 859
5016 3791
5017 1043
5020 2701
5023 5424
5025 5975
5028 4491
5030 2773
5031 1838
5033 4919
5036 4101
5040 4777
5041 4978
5041 5550
5043 1433
5045 6326
5058 3988
5060 277
5061 4470
5064 143
5064 5814
5065 5558
5067 6282
5070 4612
5073 1577
5073 1685
5073 2618
5073 3572
5073 4246
5074 668
5083 1911
5085 98
5090 2193
5091 2963
5102 2579
5107 5166
5109 3817
5115 5140
5118 3253
5124 2556
5126 3131
5126 5511
5132 3672
5139 287
5140 3259
5142 2879
5147 4489
5148 239
5151 2160
5151 4432
5152 2514
5154 4005
5162 2367
5166 4769
5167 939
5170 5952
5178 200
5189 521
5189 3527
5193 5841
5194 2849
5195 5974
5196 2476
5197 5010
5200 1689
5200 3721
5200 5988
5202 6140
5205 780
5208 5962
5211 979
5213 5615
5217 1788
5218 198
5220 4735
5223 403
5225 1323
5225 5967
5227 1178
5227 3203
5228 2625
5228 3811
5230 3248
5230 5362
5231 4117
5232 4249
5233 3476
5233 4993
5234 6299
5236 1121
5240 1724
5243 997
5246 52
5246 854
5247 2891
5249 4300
5258 3343
5259 872
5261 3533
5263 2599
5264 867
5264 4322
5268 4240
5272 461
5275 3357
5278 2987
5280 5162
5283 3673
5284 4496
5285 4325
5295 5931
5299 2660
5301 1841
5304 377
5305 207
5306 3443
5309 6136
5310 4634
5313 6123
5315 4218
5317 358
5317 386
5317 1172
5321 644
5321 1445
5321 1997
5325 4723
5329 1784
5332 3807
5336 3001
5336 4101
5339 2475
5342 3267
5342 5705
5343 4486
5345 5870
5346 1614
5346 3344
5347 6145
5349 2454
5349 5642
5360 3300
5360 5497
5362 3174
5365 874
5368 350
5373 5326
5374 707
5375 5754
5376 4019
5377 5512
5382 1262
5382 1472
5382 3227
5384 6334
5387 5756
5390 1359
5392 2383
5400 4542
5401 3743
5403 5648
5409 248
5409 827
5413 1545
5417 3728
5420 3787
5421 3322
5423 3611
5424 2936
5427 309
5438 471
5438 2640
5445 925
5450 804
5451 4816
5452 4327
5452 4600
5454 3614
5455 2390
5457 50
5460 1838
5461 5386
5462 5224
5466 160
5467 594
5468 5960
5470 5952
5473 336
5473 1594
5473 1726
5476 2898
5480 2101
5481 2623
5488 824
5493 3740
5493 4662
5495 1444
5495 3527
5495 4543
5500 2127
5502 427
5505 3462
5507 2233
5507 3983
5510 2073
5513 1358
5514 3404
5514 4528
5517 1430
5520 3021
5522 5095
5522 5120
5523 6037
5525 5819
5533 300
5533 4400
5538 6108
5539 1526
5539 2601
5541 3794
5542 5065
5549 4383
5551 5300
5555 323
5555 3503
5559 5960
5563 1344
5567 1288
5568 5540
5569 4206
5572 4434
5576 4914
5583 3989
5587 1404
5588 2902
5594 4215
5595 5361
5600 2806
5602 4493
5606 6157
5607 5082
5608 428
5613 3369
5615 1802
5617 6058
5620 480
5625 1783
5632 3427
5633 3733
5636 2542
5637 2881
5643 522
5643 3833
5644 5295
5644 6003
5645 2583
5646 3090
5650 2108
5650 5622
5652 3771
5654 2553
5655 3531
5656 4476
5658 707
5658 4826
5664 782
5666 3889
5670 987
5672 2804
5672 3960
5673 1628
5675 6132
5677 4447
5678 2493
5681 727
5681 1276
5682 1504
5684 5735
5688 1527
5691 5736
5692 5567
5695 109
5698 4982
5699 5125
5703 5892
5706 584
5707 2954
5711 5455
5712 1001
5713 4343
5713 4876
5714 2811
5715 1221
5717 3380
5717 3667
5717 4995
5718 4212
5719 281
5719 2489
5722 2370
5724 782
5733 3980
5739 4538
5739 4652
5743 614
5743 2453
5748 352
5749 2086
5749 2483
5750 3470
5750 3506
5750 4928
5751 4152
5752 4821
5758 3073
5758 3186
5760 507
5769 6205
5771 3213
5775 3340
5778 1645
5778 5280
5782 2973
5782 4650
5783 3562
5784 1097
5786 5008
5791 5671
5793 3633
5795 1322
5795 3219
5799 1395
5800 4578
5804 4018
5806 1466
5806 6094
5807 2070
5807 5222
5811 3432
5814 58
5814 5506
5817 292
5818 2504
5821 1661
5822 1130
5822 3448
5825 1451
5825 2567
5826 5025
5827 1612
5827 2958
5828 1029
5834 771
5835 1591
5837 5189
5838 4453
5844 573
5845 1440
5846 394
5847 500
5847 4272
5851 4778
5852 3012
5853 2847
5853 5753
5857 4891
5858 2495
5862 2657
5877 5869
5880 3886
5881 3100
5885 2694
5885 4930
5892 4884
5894 3927
5895 5864
5897 4479
5900 1313
5906 5037
5906 5913
5910 5686
5912 3892
5912 4196
5913 580
5914 3688
5921 3135
5938 1556
5938 4388
5943 4452
5946 1810
5946 5327
5947 2590
5950 4931
5954 8
5955 4032
5958 362
5964 705
5966 3242
5972 4824
5974 471
5976 1554
5976 3727
5977 294
5977 3623
5979 2252
5981 5730
5982 4325
5985 2492
5986 1635
5987 1537
5988 3452
5990 5098
5994 5764
5998 5856
5999 3146
5999 3260
6007 5148
6010 1581
6019 3302
6021 1459
6025 5700
6027 1480
6027 3281
6028 3639
6029 6289
6031 5112
6032 1897
6032 3433
6032 4313
6040 240
6040 5086
6041 5879
6043 2116
6050 466
6050 806
6050 3260
6050 4933
6051 4853
6051 5266
6058 4377
6060 2823
6060 3523
6062 1400
6062 4526
6066 2101
6066 3041
6066 4863
6071 1371
6071 3711
6072 1594
6074 527
6075 3358
6076 4037
6084 5517
6086 1286
6086 3411
6089 5341
6093 2059
6094 347
6095 2519
6098 4687
6098 4881
6100 5144
6100 5392
6102 5435
6105 1185
6107 986
6111 4594
6114 3717
6115 33
6117 3069
6117 4758
6119 1461
6119 3133
6120 4687
6125 2139
6126 6096
6129 3336
6131 3794
6140 44
6140 3973
6140 5665
6141 5084
6143 3831
6148 537
6153 49
6153 5922
6154 1153
6156 4875
6158 6183
6162 2726
6163 2829
6166 3678
6167 2888
6168 2786
6168 5132
6170 3535
6172 4112
6173 5708
6175 3021
6187 638
6192 2519
6197 3921
6199 1454
6202 3747
6206 4759
6210 187
6210 3628
6211 975
6212 134
6212 716
6212 2547
6213 2277
6213 3044
6213 5955
6215 2288
6215 2818
6218 2848
6228 650
6237 2960
6238 149
6243 2799
6243 5152
6246 1882
6247 3434
6247 3597
6248 1012
6248 5864
6249 1965
6251 4007
6252 5137
6253 3363
6254 3669
6264 3923
6265 6192
6270 3141
6270 3451
6273 3623
6274 129
6275 4570
6280 1712
6280 5198
6284 4367
6285 3956
6287 1878
6289 5837
6291 382
6293 1596
6294 4058
6296 4869
6298 2925
6301 6196
6302 4522
6310 3949
6311 6002
6312 1787
6313 5481
6315 1299
6317 1130
6322 2929
6325 4111
6335 5014
6338 3203
6344 5495
6345 1898
6345 4244
6345 5409
6346 3387
6347 4518
6347 5428
6348 4936
6350 2092
6352 5637
6359 2145
6364 3121
6364 4433
6365 373
6365 5989
6366 980
6367 615
6368 2039
6369 4281
6370 3283
6375 3917
6375 5995
6377 4499
6378 3197
6380 1734
6381 3400
6381 3515
6382 3090
6384 4831
6386 3183
6388 5995
6390 2170
6390 4381
6394 171
6394 5300
6395 227
6399 2535
6402 663
6403 4755
6403 5553
6410 4985
6412 5286
6415 6240
6416 4305
6421 3419
6422 4998
6424 6331
6425 332
6426 2138
6429 3182
6430 215
6434 86
6437 2032
6437 5072
6445 2927
6447 3311
6447 3417
6449 1294
6450 3638
6454 5329
6454 5533
6455 3832
6458 6047
6460 5372
6465 4870
6469 4986
6471 1004
6471 5286
6471 6181
6473 5100
6474 1165
6475 3198
6475 5467
6480 234
6481 3892
6482 1181
6485 4029
6492 6042
6494 288
6497 2927
6499 4987
6503 4328
6506 741
6506 5715
6512 3895
6516 4575
6517 1426
6517 3843
6522 374
6522 3385
6523 1310
6523 5876
6524 5923
6525 4998
6525 5831
6528 1327
6530 4661
6533 1356
6534 4837
6538 647
6538 3221
6541 4313
6541 4672
6544 4654
6545 2496
6547 5274
6548 2260
6553 4368
6560 3305
6564 2421
6567 1759
6569 6290
6577 4629
6578 2508
6582 737
6585 2806
6587 1300
6593 3185
6595 1898
6600 3934
6602 4172
6602 4818
6605 6301
6608 1069
6608 4134
6611 3118
6611 3823
6611 6102
6613 4166
6614 668
6616 2877
6619 5118
6626 2431
6627 3391
6630 422
6635 828
6637 5500
6639 374
6639 4463
6643 1455
6646 3418
6646 6246
6647 1430
6655 2183
6656 3729
6657 2405
6665 1109
6671 2096
6671 5176
6673 97
6674 4331
6677 4820
6686 304
6690 5310
6691 5021
6694 1523
6697 2434
6700 131
6701 4286
6708 4196
6710 1862
6711 1490
6715 1118
6717 251
6717 3926
6718 5491
6719 3555
6724 3493
6726 3769
6728 1069
6735 4889
6735 4961
6737 3310
6740 5195
6742 53
6744 1075
6746 4491
6748 5736
6749 5968
6756 2817
6757 3196
6760 3850
6763 5025
6764 4454
6765 5424
6767 4532
6767 5627
6767 6013
6770 669
6771 4779
6776 5611
6777 5065
6781 1861
6783 1241
6784 317
6787 4036
6802 1436
6805 4298
6809 5320
6810 1377
6820 5591
6824 4885
6825 2013
6836 5725
6837 5784
6838 2267
6838 2894
6840 335
6841 2292
6841 3983
6848 3490
6848 4235

