3956 8517 4867
1 1
2 1394
4 3114
4 8507
9 3837
9 7733
12 4876
15 7134
17 2448
17 2829
17 5929
18 1814
20 7187
23 3143
23 3411
25 1280
26 5539
27 3919
27 7005
28 2360
28 2928
29 3157
31 7901
33 1880
33 7670
34 8427
35 2405
35 2555
35 2812
35 4327
35 6344
36 4463
36 5311
37 5474
37 6086
38 2848
38 4321
38 6281
39 1311
40 6074
40 8033
41 4261
41 5450
42 2959
43 879
43 5833
44 4631
47 3075
50 2614
51 3755
51 8063
52 6545
53 3382
53 3726
54 2210
54 2312
54 3542
54 4562
54 5930
54 5989
54 7009
54 7802
56 4728
57 3661
58 4290
59 3326
60 875
61 7245
62 2862
63 547
63 1325
63 6200
64 1458
65 4019
66 2703
68 786
68 1064
68 1228
68 2174
69 316
69 5650
70 5912
71 1876
72 7278
74 8063
76 5871
77 906
77 7284
77 7331
78 3666
80 684
80 2531
82 2504
82 3076
85 2485
85 5344
86 5732
88 6345
89 712
90 4533
90 5127
91 4031
92 7149
92 7735
93 6800
94 1801
94 5616
95 1070
95 7954
96 2093
96 4975
96 5803
97 578
97 1275
97 4732
97 6659
98 377
98 2803
99 536
99 762
99 2366
99 6274
99 7744
101 3379
101 7104
102 3617
102 5617
102 6956
103 1051
103 1423
105 584
105 5533
105 7301
105 7558
106 2764
106 6617
108 9
108 4408
108 4579
110 2517
111 991
111 4700
114 6832
118 7151
118 7732
118 7922
118 8069
119 6022
121 7366
122 821
123 7095
125 4226
127 6387
128 340
128 4782
128 6214
128 6312
128 7025
129 6248
130 1975
130 6900
131 330
131 2341
131 5124
132 1499
132 3591
132 3896
134 1448
136 1242
136 4564
137 1117
137 2338
137 7844
138 6309
139 1074
139 4330
140 1757
140 5646
140 6399
142 5415
142 8387
144 1083
144 6656
144 7412
145 7598
147 2904
147 8176
151 7480
152 1449
152 5863
153 2350
154 780
154 6701
154 6968
155 670
156 2576
156 3704
157 5998
158 4686
158 5681
158 6236
159 1502
159 4012
160 631
160 5272
161 1662
162 1353
162 1457
162 2611
162 3601
164 6690
164 7300
165 1327
166 2139
166 2729
166 3850
166 5989
167 4181
168 3429
169 3139
169 6772
170 8505
172 1638
173 2126
173 2907
175 4092
175 7998
176 192
178 4370
178 5405
179 225
180 15
180 4129
180 6204
181 1011
182 3998
183 2426
183 3257
183 7373
184 2303
185 2274
185 5322
186 297
187 3031
188 1365
189 3631
192 47
192 5130
192 6597
192 8329
195 3029
195 7601
195 7787
196 5969
198 6977
199 5684
199 7819
200 2646
200 4143
202 2247
204 2094
205 7192
208 4476
208 7258
208 7274
209 2498
209 2986
209 3202
209 8160
211 6765
215 2432
216 2440
216 5047
216 7724
217 5303
220 1156
220 3263
220 4941
221 4249
223 600
223 892
223 3282
225 2868
225 6543
228 5976
231 3041
231 6313
232 5204
232 6442
235 421
235 5781
235 7669
237 4538
237 4734
237 6586
237 6587
238 3678
238 4597
239 3891
241 3471
242 6081
243 4438
243 4829
244 1873
245 376
246 3859
247 2049
247 3475
249 4395
249 7769
250 2554
250 5813
251 8416
252 6362
253 3790
254 5048
255 4377
255 6675
256 3583
257 2909
257 5492
258 4941
260 1080
260 6321
261 1181
261 4052
262 2080
263 1411
263 6338
264 281
265 4507
266 5968
267 2384
268 3897
273 2933
274 1454
274 7762
277 3412
280 6477
281 5391
283 1818
283 7954
284 860
285 2195
285 3834
285 6840
286 3995
287 6345
287 7553
289 5978
292 2993
293 1286
295 171
296 1544
297 1051
298 4621
298 7508
300 1935
300 6529
302 6631
302 6763
303 3293
303 7334
305 7331
309 2591
309 7146
309 8351
310 1710
312 4810
312 5940
312 8433
313 1124
314 8346
315 3464
316 995
316 1114
317 8144
318 2332
318 8296
319 3869
320 2287
320 2894
320 4082
320 8411
321 1515
322 1705
322 2724
322 6946
324 1553
324 5752
327 3319
327 4377
328 1193
329 5589
330 112
331 1929
332 6829
333 6186
335 5453
335 5649
335 5664
336 2925
339 6027
340 311
340 5675
341 4182
341 4856
341 4862
344 6788
348 3612
348 4166
348 7396
352 1252
353 5543
353 8027
354 5935
355 928
355 2808
355 6677
356 2022
360 1534
360 2023
362 6030
363 4964
366 168
366 2830
368 4813
369 8031
370 614
370 6762
371 1799
371 5502
372 1603
372 5076
373 3723
373 5281
373 7323
374 2162
375 279
375 3126
375 5603
375 5969
377 1154
377 2344
377 6344
379 2519
379 7917
379 8443
380 4500
380 8475
384 4679
384 5337
385 6334
387 6734
391 4127
391 6010
391 6384
393 2290
393 7246
393 7783
396 1453
396 1539
396 2635
397 2007
400 6202
400 8134
401 2187
402 926
402 3258
402 6139
402 6426
403 6927
404 4808
404 8262
405 6512
405 7265
405 7978
405 8429
406 547
406 4739
406 6824
407 1216
407 5684
408 7301
409 6976
410 6014
411 3576
412 1585
413 4982
413 6197
413 8332
414 7913
415 958
415 5649
416 379
417 2506
418 1160
418 5982
419 322
420 282
420 6500
422 7647
423 736
423 4781
424 5343
425 2305
425 6641
426 4608
428 341
429 173
429 1809
429 2020
431 7023
431 7875
435 4379
438 5842
439 1766
439 3511
441 1609
442 7559
443 1528
443 7527
445 803
445 2304
446 6004
446 7458
447 6288
449 5708
450 1967
450 3827
451 2724
452 4372
452 5842
453 2261
453 6650
454 218
454 629
455 3493
455 7011
456 4807
456 6977
458 5460
458 8282
459 3629
460 7781
463 2979
463 3584
465 396
465 1332
465 7522
465 7966
465 8151
466 494
470 382
470 770
470 2824
470 4549
470 5980
472 1931
475 427
476 5145
476 7116
478 3196
478 3953
479 670
479 3362
480 1040
481 329
483 2978
485 5822
486 7709
487 3596
488 6506
490 4437
490 5235
492 4895
493 7773
494 1689
496 1798
496 2044
497 467
497 2255
497 5134
499 4689
500 6598
500 6725
501 1668
501 4232
501 4781
501 6168
502 2964
502 3139
502 3203
503 5012
503 7708
504 1821
505 6376
506 4860
506 5244
507 1667
508 1121
510 1846
510 3752
511 6439
512 1786
512 4773
512 5896
512 6196
512 6212
513 6062
515 377
515 5225
515 7974
517 8132
518 4766
518 6858
519 1370
522 4603
523 874
523 3421
524 1263
525 2530
525 7479
526 4306
526 4848
527 626
527 989
527 3000
527 4819
528 6546
529 1210
529 6427
529 8404
531 1098
532 1191
533 505
533 1011
533 7926
535 4374
536 3078
536 7439
539 268
539 915
540 1188
540 6880
540 7181
543 1707
543 3428
544 759
544 1274
546 1944
546 3905
546 6382
548 6404
549 356
549 6511
550 4071
551 1539
553 5062
556 3893
556 8074
558 2368
558 7174
559 6003
560 3245
561 171
563 149
563 6283
563 7159
564 2155
564 2347
564 6293
564 7486
565 2120
567 888
569 367
569 639
569 2520
570 1563
571 2647
571 8267
572 531
572 2394
573 4401
578 2088
579 3215
581 2405
582 4946
583 5591
584 1978
584 2242
585 4557
588 3080
588 7955
589 5894
590 6126
590 6357
590 8075
591 8416
592 2943
592 8127
593 734
593 3528
593 6095
593 7859
593 7915
594 720
595 2054
595 8015
596 4919
597 1000
600 6000
601 8374
603 8008
603 8300
604 929
604 2456
605 217
605 462
605 5494
605 5683
608 3208
608 4702
609 1056
609 6793
609 7660
610 1633
610 3095
612 1610
612 3735
612 5329
612 7825
613 5189
613 5696
614 5567
615 1122
615 4328
615 6779
619 2338
620 3637
622 3046
623 6611
623 6856
623 7327
623 7749
623 7895
624 8395
625 7708
626 5004
627 3022
628 3878
628 4839
628 7366
629 5107
631 5627
632 3485
632 7392
633 1441
633 3003
635 1608
636 7808
637 2709
637 5037
637 6590
637 7598
638 1738
638 7017
639 291
640 3410
641 7833
643 5716
643 7092
644 3081
644 3614
646 124
646 5341
650 8240
652 5197
654 2026
655 6870
656 5710
658 3501
658 5574
659 1088
660 5236
665 2475
665 2972
665 6380
666 673
668 3955
668 7271
669 1441
670 1004
670 1505
670 3175
670 3321
670 3769
671 3680
673 1114
673 3832
673 7141
674 631
674 6214
675 2674
675 4556
675 4885
677 3452
679 1470
681 7009
682 303
682 5835
683 536
683 4290
684 3175
686 5571
687 4143
689 7320
689 7724
690 2432
690 3959
691 3107
691 5635
691 6853
692 324
693 6437
694 6114
694 6421
694 6997
695 2440
695 4001
697 4089
698 2475
698 3515
699 6491
699 8348
700 2682
700 5133
701 331
703 1659
703 2081
703 3973
704 123
704 430
704 559
704 7961
707 411
708 4693
709 2667
709 6162
710 2739
710 6707
711 6222
712 6222
713 384
713 3238
714 3948
715 8020
717 3037
718 6276
721 32
722 1587
722 2330
722 4365
723 4678
727 7857
728 3230
729 7710
730 703
732 7027
733 4058
733 5455
733 8237
734 7408
736 666
739 5615
740 1457
740 6095
741 12
742 2514
743 439
744 941
744 1908
744 2395
745 5824
746 1308
748 1080
749 5649
750 1935
750 5465
752 3815
752 5140
755 6238
756 1308
757 186
757 2507
759 627
759 5181
761 3988
763 3161
763 3756
763 5102
763 5716
764 1916
764 5381
765 7258
766 2588
766 3522
766 4874
767 6469
767 8235
768 7519
768 8429
769 1557
770 1144
771 1478
773 5740
775 3141
775 3208
776 2209
776 5167
778 2943
779 128
779 4297
779 6672
781 1036
781 5311
783 1507
783 4096
784 5134
784 6639
785 340
787 666
787 4276
787 7067
788 6899
789 826
790 5449
790 6273
791 3938
792 3229
793 209
794 606
795 2019
795 2905
797 581
797 8362
798 334
798 3337
798 8206
800 7485
802 1058
802 7562
803 1750
803 7045
804 1479
807 5828
810 7252
810 7307
811 739
812 517
813 333
813 1410
814 639
815 575
815 7354
816 2974
816 6996
816 7580
821 907
821 8362
822 3932
823 2682
823 4139
823 8395
824 3578
824 7128
824 7267
824 7729
825 8120
827 2387
827 5442
829 1282
829 1342
831 6520
833 6826
834 5646
835 2794
836 7082
837 3208
840 195
840 1375
841 4766
841 5624
843 5965
844 934
844 2600
845 5569
845 6538
846 7932
847 2337
847 7861
847 8322
848 4582
849 3807
850 1796
850 3745
850 5165
852 987
852 2660
852 6167
852 7376
853 5646
854 7977
855 2
855 2233
855 2903
855 6331
856 739
856 1639
856 5659
857 3012
858 5112
859 2641
860 887
861 484
861 1225
863 2367
863 3758
863 8272
864 7435
865 4428
867 4944
868 2713
868 3500
869 2867
869 4459
869 7602
870 1091
870 2055
871 6184
872 6530
873 326
873 1874
873 2110
873 6880
874 7110
875 2015
876 2395
876 2831
877 6555
878 5840
878 6800
881 5902
883 4391
884 1009
884 2896
884 6117
885 3589
887 3703
887 4962
887 7216
887 8494
889 803
889 2531
890 8015
891 7217
893 7601
895 327
896 5131
897 5771
900 1442
904 5997
905 8284
906 1940
906 3731
906 5506
907 1531
908 1656
909 3102
910 4242
912 2614
913 7699
915 339
916 94
916 4698
916 7936
918 5166
921 6590
921 7078
922 6490
923 2189
923 5241
924 398
924 7964
925 4255
925 4704
925 5904
926 808
926 1242
927 4756
928 5974
929 382
929 1330
930 355
931 1355
931 5693
931 7872
932 4886
933 8156
934 7555
936 652
936 2036
936 3074
937 2829
940 6981
944 2472
944 3377
946 20
946 3790
947 5752
947 6899
948 2410
950 8396
951 535
951 2707
952 937
952 4341
953 6616
954 760
954 2801
956 737
956 7697
956 8460
957 1482
957 5979
958 3538
958 6955
959 5257
959 7153
959 8449
960 7548
962 3321
964 2340
965 1952
965 1987
965 3557
967 69
968 5350
969 520
969 2157
970 5596
970 7614
970 7776
972 5242
972 7253
973 50
974 2654
974 4988
975 437
976 2600
977 2132
978 2572
981 994
981 1308
981 5058
981 5613
983 3673
983 3796
983 5671
984 2943
984 4466
985 2118
985 2728
985 2907
986 921
989 6714
990 7944
992 3259
993 7381
995 8285
996 7426
997 898
999 815
1001 6272
1002 6703
1004 1002
1007 4625
1007 6045
1007 8370
1008 896
1008 1266
1008 5317
1008 5908
1010 3761
1011 2345
1011 7229
1012 1436
1012 1470
1012 1584
1012 1714
1012 7681
1012 7736
1013 277
1013 7100
1015 2777
1015 6828
1016 741
1016 1213
1016 2701
1016 5809
1016 6976
1016 8348
1017 6800
1019 7192
1021 4470
1024 2781
1025 625
1026 2890
1028 815
1028 3859
1030 5547
1031 703
1032 253
1036 390
1036 4780
1037 1372
1037 2680
1037 7435
1037 7720
1038 6247
1039 5496
1040 149
1040 1632
1040 1868
1042 4696
1043 614
1043 6432
1044 5025
1044 6378
1045 1496
1047 5277
1047 6225
1049 5155
1049 5385
1050 5104
1051 5314
1052 8210
1053 4021
1054 2692
1054 6912
1055 6095
1056 6410
1057 3469
1057 3720
1057 5266
1060 8110
1061 2222
1062 3061
1062 5375
1062 7041
1063 8036
1066 6304
1068 4295
1068 4309
1068 7210
1068 7460
1069 6532
1069 7145
1072 1512
1072 6891
1073 72
1075 937
1075 4570
1075 5193
1076 4316
1077 556
1078 5299
1081 3502
1082 7445
1084 7794
1086 3200
1086 4971
1086 7880
1088 3387
1089 1607
1089 5454
1089 8220
1090 4348
1091 782
1092 3597
1092 6918
1093 5750
1093 6054
1093 6137
1097 1831
1098 3866
1101 1190
1101 5930
1102 4803
1103 2552
1103 2586
1103 2960
1104 8027
1105 2549
1106 440
1107 5467
1110 8078
1113 2940
1113 4016
1114 252
1114 2828
1114 7489
1115 2816
1115 6732
1115 8213
1118 226
1119 1869
1120 483
1120 2961
1121 143
1122 1658
1122 2062
1123 220
1123 5797
1123 8013
1124 8144
1126 5418
1126 5668
1127 285
1127 5277
1128 3316
1130 2782
1130 3111
1130 7186
1131 759
1131 2042
1132 4190
1133 2841
1136 4206
1137 1899
1139 1950
1140 1288
1142 2069
1142 5260
1142 5470
1143 5108
1144 1905
1144 3731
1144 8393
1145 264
1146 3568
1146 4958
1147 540
1147 6420
1148 4959
1148 6417
1149 2846
1149 4443
1149 8387
1150 243
1151 3022
1151 4938
1152 2361
1153 3225
1154 6022
1154 6542
1154 7946
1154 8165
1157 3082
1161 1121
1163 425
1164 7059
1164 7758
1165 1137
1165 1812
1165 3756
1165 5403
1165 5496
1165 5783
1165 6873
1167 4707
1168 1157
1168 3445
1168 7980
1170 1882
1171 2595
1171 4633
1171 6243
1173 4440
1173 5414
1174 4039
1177 4832
1177 8020
1178 2712
1178 2713
1179 1702
1180 2241
1180 4159
1182 1383
1182 4145
1185 1075
1185 1956
1185 3144
1185 4208
1185 7648
1187 714
1187 1308
1187 5111
1188 7841
1191 1882
1193 507
1193 1051
1193 2018
1193 7118
1194 2655
1194 3693
1194 5016
1195 366
1196 5532
1197 5905
1198 4235
1198 4826
1202 6220
1202 6471
1203 3618
1203 3635
1203 3839
1207 186
1207 1516
1207 6544
1207 7218
1209 7150
1209 8241
1210 630
1210 6972
1211 5825
1212 2025
1212 8126
1213 1581
1213 1833
1213 2312
1213 7970
1214 200
1214 8164
1215 2130
1215 5658
1216 877
1216 2061
1217 4647
1218 477
1218 4727
1219 1447
1221 4717
1221 5549
1224 7017
1225 5002
1227 4978
1228 2488
1230 4366
1230 6866
1231 8508
1232 5635
1233 3835
1234 1177
1234 3185
1236 4276
1237 6617
1237 6835
1241 2720
1243 3447
1243 5659
1244 4265
1244 6885
1245 2737
1245 7747
1245 8013
1246 6075
1246 8098
1247 3942
1247 4510
1247 7767
1249 461
1249 2383
1250 1695
1250 6948
1251 132
1251 3183
1251 4429
1251 4969
1252 808
1255 52
1256 938
1259 1386
1261 3254
1261 8387
1264 6158
1264 6357
1265 4183
1266 704
1266 5378
1266 5443
1267 2850
1267 2962
1268 770
1269 3518
1270 1336
1270 5263
1271 3850
1272 5688
1272 8477
1273 5952
1274 273
1274 2981
1274 3480
1274 5201
1276 1157
1277 747
1277 8198
1279 2109
1279 4255
1280 481
1281 3453
1281 7413
1282 5797
1283 2495
1283 5739
1284 308
1285 4144
1285 7846
1286 4796
1286 5716
1286 7029
1289 2784
1289 4859
1290 877
1290 2180
1291 1858
1291 2175
1293 3279
1294 8458
1296 6258
1298 7983
1299 5981
1300 2637
1302 6873
1302 6949
1303 723
1303 4908
1304 1020
1305 4321
1305 5243
1306 1911
1306 7954
1307 1180
1308 4536
1310 2996
1311 1627
1311 7949
1314 6430
1316 384
1318 4040
1318 5283
1319 2816
1320 7660
1320 8294
1321 5138
1322 1146
1324 1
1324 2516
1324 3230
1324 4710
1324 6975
1325 1256
1325 3206
1327 5625
1327 7371
1329 2661
1330 5204
1331 2503
1335 1817
1335 5970
1336 7626
1337 2843
1337 7307
1339 1870
1339 4432
1339 4603
1339 7147
1342 9
1343 5170
1343 5554
1343 7751
1343 7774
1344 803
1344 6758
1344 7515
1345 8384
1346 1457
1347 4346
1347 7558
1348 1761
1349 5053
1351 852
1353 3230
1353 6661
1355 2448
1356 6375
1356 8310
1357 3783
1357 6225
1357 7423
1358 5171
1359 5621
1360 1489
1360 6804
1361 4228
1361 5713
1362 489
1362 1468
1362 6750
1362 7669
1363 6330
1364 915
1364 1525
1364 4616
1364 4777
1366 4170
1366 7934
1367 8064
1368 5013
1368 8027
1369 100
1371 191
1371 2454
1371 6382
1372 4524
1373 1915
1373 6795
1376 1126
1377 2916
1377 6726
1381 406
1381 1348
1381 4248
1383 7150
1384 1971
1384 2318
1384 5917
1384 8141
1386 5710
1387 1074
1387 2860
1388 2264
1388 3724
1389 4282
1392 5095
1393 3067
1394 881
1394 983
1394 6947
1395 1551
1397 6667
1398 1375
1398 2023
1400 2562
1400 7855
1401 6331
1402 440
1402 7573
1403 1046
1405 7034
1407 3123
1407 6787
1408 5143
1409 8052
1410 908
1410 6415
1411 6680
1412 500
1412 2053
1413 1337
1413 4026
1414 806
1414 3352
1416 6620
1417 5114
1418 5639
1419 38
1419 7344
1420 958
1420 1423
1420 2433
1424 1218
1425 4031
1426 8475
1428 3818
1431 3430
1431 4697
1431 4809
1432 1314
1432 6893
1433 4572
1433 6553
1434 140
1434 2770
1435 4229
1435 8076
1437 2569
1437 3120
1437 4592
1439 462
1440 2200
1440 6223
1441 2162
1443 1215
1443 3632
1444 3789
1445 351
1445 1113
1445 3260
1445 3763
1447 864
1447 3552
1448 1348
1448 2842
1449 7609
1451 4674
1452 71
1452 7660
1453 2343
1453 8110
1454 2118
1454 7493
1456 6911
1456 7554
1457 1167
1458 5243
1459 975
1460 2844
1460 4538
1460 7529
1461 6275
1463 8511
1464 661
1465 1883
1465 5452
1465 7465
1466 3110
1466 4313
1466 7710
1467 6824
1468 1271
1468 5691
1468 8027
1469 938
1470 534
1470 1060
1472 2319
1473 4445
1473 6835
1473 7008
1474 6578
1476 468
1477 2862
1477 6936
1479 7560
1480 1799
1480 5832
1481 8404
1486 1654
1486 4311
1487 2305
1488 102
1488 6079
1488 6367
1489 2629
1489 6145
1489 6603
1490 5528
1490 6375
1490 6988
1491 5214
1492 2687
1494 8067
1496 448
1496 4291
1496 5796
1497 3454
1497 6867
1499 3467
1500 2892
1502 988
1503 4731
1504 6785
1505 1087
1506 3953
1507 6536
1509 497
1510 1397
1510 1482
1510 8417
1512 7316
1513 4800
1516 1937
1516 4771
1517 888
1517 4386
1519 79
1519 7949
1520 3300
1520 4028
1521 3411
1522 5437
1522 7900
1523 1900
1523 5209
1523 5357
1524 6312
1526 8079
1528 1254
1528 3377
1528 6279
1528 6862
1529 3686
1529 5679
1530 2693
1530 2903
1530 6143
1530 8087
1531 5322
1531 8111
1532 6651
1533 2680
1533 5202
1535 2792
1535 4258
1536 625
1538 4414
1539 5602
1540 2697
1540 3214
1541 1118
1541 6603
1542 8516
1544 8498
1546 733
1546 4290
1547 6454
1548 241
1548 1204
1548 6258
1549 2907
1550 3373
1551 1450
1552 4283
1552 4787
1553 6301
1554 23
1554 3945
1557 784
1557 5451
1560 6959
1561 6468
1564 1785
1564 1932
1565 4335
1566 828
1567 1361
1568 3362
1569 4619
1569 4932
1571 3259
1572 7078
1574 1003
1574 1808
1575 5943
1579 1004
1579 1716
1579 1808
1579 5684
1579 6024
1580 4028
1582 6139
1583 4119
1583 6227
1586 4160
1588 4183
1588 7241
1588 8396
1589 3958
1589 4519
1589 7317
1590 36
1591 8495
1593 247
1594 863
1594 4072
1594 4932
1594 6761
1595 1260
1595 6704
1596 5402
1598 6776
1599 5303
1599 5599
1601 351
1602 5435
1605 6221
1606 2952
1607 2955
1607 5563
1610 3594
1610 7760
1610 7912
1611 1965
1611 2641
1612 1372
1612 4957
1612 7758
1613 6627
1617 3675
1617 5430
1618 6483
1618 6783
1620 2347
1620 5549
1620 5989
1621 5841
1622 4731
1623 204
1623 1345
1623 3287
1623 5836
1623 8377
1626 6904
1626 7982
1626 8255
1627 413
1628 2844
1629 390
1629 6920
1632 7824
1634 1910
1635 3442
1635 6520
1637 728
1637 8146
1638 1870
1638 5946
1638 8504
1639 1356
1639 2095
1639 6536
1641 3640
1642 1600
1642 6923
1642 7853
1643 7490
1644 4409
1646 2638
1646 6235
1647 1201
1647 5302
1649 284
1649 4491
1649 6010
1650 212
1650 1482
1650 3867
1651 3682
1651 3796
1656 2935
1657 1235
1657 6835
1657 7703
1658 1624
1659 2145
1659 5672
1660 879
1661 4157
1663 4425
1663 5962
1664 4
1665 1369
1666 8267
1668 6039
1668 7535
1669 1183
1671 3255
1674 305
1674 3650
1675 4839
1675 7088
1676 1351
1676 2691
1676 8097
1677 1431
1677 4006
1677 8184
1678 5115
1679 1517
1679 3601
1680 4643
1684 1502
1685 5625
1685 6684
1686 5356
1688 6161
1689 3638
1689 8082
1690 1810
1691 565
1692 114
1693 1297
1695 867
1695 4817
1696 3126
1697 1511
1697 3626
1697 5742
1698 832
1698 2601
1698 6166
1700 3119
1700 3298
1701 5430
1702 161
1702 3554
1702 4441
1702 5251
1702 7173
1703 4941
1703 5228
1705 4717
1705 7333
1706 3432
1706 4642
1706 8438
1707 4213
1708 2141
1708 7305
1709 884
1711 2067
1711 7544
1713 8451
1714 628
1714 4337
1715 8222
1716 921
1716 2667
1716 2818
1716 3672
1718 3775
1718 5092
1719 7667
1721 6536
1722 214
1723 6598
1726 704
1726 6981
1727 1150
1727 3098
1727 5634
1729 799
1729 2420
1729 6439
1730 1742
1731 5029
1735 6978
1737 2181
1738 6002
1739 1610
1740 4065
1742 6548
1743 1285
1743 3666
1743 4643
1744 1395
1744 4324
1745 8074
1748 4683
1749 49
1750 2380
1750 4647
1750 6424
1752 2239
1753 541
1754 2150
1754 7720
1755 1330
1756 1761
1756 7080
1757 1973
1757 6694
1757 7075
1759 2765
1759 6741
1759 8362
1760 4789
1762 4959
1763 4163
1763 7721
1765 1264
1767 6171
1771 6336
1772 4233
1773 462
1776 4544
1776 7153
1777 7573
1778 1490
1778 1939
1778 7676
1779 1583
1779 8112
1780 521
1781 818
1783 6460
1784 6513
1785 5896
1785 6200
1786 5886
1787 2616
1787 5776
1788 7918
1791 2476
1792 7042
1793 6484
1794 1085
1794 4575
1794 5784
1795 6379
1798 1825
1799 4308
1800 4946
1800 7579
1801 761
1801 1319
1801 1618
1803 1978
1803 5897
1803 7793
1804 3733
1805 2962
1805 5103
1806 7708
1808 4615
1810 7852
1811 6610
1813 1965
1813 2707
1813 4647
1814 3540
1814 4206
1814 8128
1814 8235
1815 7878
1816 7242
1817 410
1817 3753
1817 8310
1818 878
1819 6247
1820 3095
1821 262
1821 604
1822 3734
1822 4271
1822 6604
1824 1140
1824 6658
1825 8472
1826 4618
1826 4920
1827 1194
1827 2363
1828 2629
1828 5591
1829 2760
1830 66
1830 2113
1831 3032
1832 7094
1832 8411
1835 191
1835 668
1835 3496
1836 6370
1836 7143
1837 7908
1840 4699
1840 4938
1844 1583
1844 7156
1844 8063
1844 8276
1845 201
1845 323
1847 1396
1847 4478
1847 8247
1848 6225
1852 5001
1852 6943
1853 5340
1853 6353
1854 6650
1856 4260
1856 6665
1857 1849
1857 3292
1857 3515
1857 4131
1858 1509
1858 4566
1859 8459
1861 4229
1862 6674
1862 7316
1863 1588
1864 2106
1864 8227
1865 386
1865 6187
1868 5424
1870 6705
1871 3935
1872 3391
1873 1371
1873 1783
1873 3644
1873 3709
1874 543
1875 4654
1875 5901
1879 1121
1880 2268
1880 3239
1880 6117
1881 2342
1882 3851
1883 2332
1883 4545
1883 8145
1884 2210
1884 3073
1884 4258
1885 2413
1886 4586
1887 7336
1887 8186
1888 4075
1889 2145
1889 6107
1890 1534
1890 5197
1891 2878
1891 7545
1897 6214
1898 2394
1898 4314
1900 4955
1901 972
1902 4378
1902 4909
1903 1315
1903 2801
1904 7312
1906 445
1906 7183
1907 7645
1908 1028
1908 7802
1909 1249
1911 2871
1911 5764
1913 2048
1913 3141
1913 4006
1914 420
1914 1785
1915 6891
1916 2807
1916 4630
1918 1307
1918 3621
1918 7655
1919 6321
1923 6774
1924 2466
1925 4675
1927 314
1927 1867
1927 3339
1928 4263
1928 5857
1929 1055
1929 3473
1929 4606
1930 2804
1930 5541
1931 4460
1931 7011
1932 6847
1932 7955
1933 2300
1933 5298
1933 5530
1933 7762
1934 1664
1935 442
1935 2876
1936 791
1937 6631
1938 5406
1938 6203
1939 1192
1940 3984
1941 4363
1943 6465
1944 6553
1946 2255
1947 271
1947 1156
1947 2160
1948 6404
1949 1399
1949 8102
1950 3198
1951 2992
1952 1993
1953 6666
1954 1838
1954 6734
1959 900
1959 2596
1959 6701
1961 1722
1962 2692
1963 4918
1963 6245
1964 2924
1964 4985
1965 3152
1965 5664
1966 6529
1968 4383
1968 7829
1969 1135
1970 5593
1971 1667
1971 8206
1972 91
1972 3895
1972 4177
1973 5606
1973 6365
1975 434
1975 7486
1976 3394
1977 1649
1978 3968
1978 7504
1979 133
1979 2993
1980 2963
1980 5893
1981 366
1981 658
1981 4243
1981 6554
1982 5249
1983 149
1983 2807
1983 7197
1984 7736
1985 4521
1986 100
1986 287
1986 809
1986 3673
1986 6999
1987 4071
1987 6296
1989 4392
1989 7127
1989 7421
1990 6987
1991 4302
1991 5782
1992 6174
1993 8171
1995 970
1996 3650
1997 49
1998 286
1999 5713
2002 4777
2003 2150
2003 4646
2003 6356
2004 2672
2006 4435
2007 256
2007 6892
2008 4383
2008 7247
2009 744
2009 7184
2009 7480
2009 7933
2010 1709
2010 2386
2011 2208
2012 5460
2012 7436
2013 5575
2016 7462
2019 4064
2019 8512
2020 2147
2020 3449
2021 4347
2022 1134
2023 7009
2024 4481
2024 6004
2025 2911
2025 5181
2025 7202
2025 7792
2026 2585
2027 4238
2028 1044
2028 8445
2029 704
2029 6085
2030 805
2034 6186
2035 1454
2035 1603
2035 6023
2035 6957
2037 4059
2038 6046
2039 2251
2039 5047
2040 544
2040 2501
2040 4027
2040 4261
2040 4423
2040 6403
2041 9
2041 4492
2043 3289
2044 6090
2044 6282
2046 8
2046 1552
2048 5677
2049 393
2049 1173
2050 640
2050 3458
2050 5161
2051 5378
2051 7609
2056 216
2057 6493
2058 5090
2058 5461
2058 5712
2058 7775
2059 6698
2059 7305
2059 8284
2060 1575
2062 599
2062 7660
2063 3879
2063 8021
2064 2195
2065 4997
2067 5441
2070 8105
2071 5705
2071 7003
2072 5810
2073 5212
2075 6937
2076 1109
2076 2631
2080 291
2080 826
2080 3677
2080 5791
2081 2987
2081 4528
2082 1135
2082 3820
2083 6737
2085 2650
2085 5793
2086 7365
2089 4041
2090 3300
2090 6242
2090 8137
2091 4818
2092 864
2092 3027
2092 7933
2093 5708
2094 1860
2094 4313
2094 7079
2095 862
2095 3678
2096 866
2096 2764
2096 5227
2097 470
2097 7703
2100 1989
2100 3941
2101 860
2103 414
2103 7056
2104 2632
2105 922
2105 6570
2108 6741
2109 8212
2112 1621
2113 1260
2113 5170
2113 7219
2114 2349
2116 5230
2116 6347
2118 6827
2120 838
2120 6059
2122 3183
2122 3680
2124 2181
2126 3289
2126 6380
2127 82
2128 3366
2128 4018
2130 2922
2130 8007
2131 301
2131 6530
2133 1953
2133 5515
2133 7460
2133 8378
2133 8512
2134 3141
2135 1530
2136 1893
2138 1350
2139 1107
2140 6315
2141 4330
2141 5046
2145 150
2145 3144
2146 4893
2147 3673
2148 3607
2149 41
2150 6256
2150 6774
2151 2959
2151 5556
2151 5584
2152 4299
2152 7780
2156 222
2156 5447
2157 7500
2158 2096
2158 4070
2158 5605
2158 6118
2160 2911
2160 5633
2161 1183
2161 8083
2162 6915
2163 1493
2163 1820
2163 3030
2164 3938
2165 314
2165 7938
2166 764
2166 2692
2166 4483
2167 46
2167 4308
2167 5036
2169 2055
2170 2346
2170 7277
2174 159
2174 705
2174 6569
2175 1280
2175 6255
2175 7761
2176 63
2176 5639
2177 2947
2182 1997
2182 5169
2183 2651
2184 690
2184 2294
2184 3803
2184 4108
2184 4404
2184 5609
2186 5020
2187 2052
2188 6003
2188 8038
2190 2013
2191 507
2191 7849
2192 2821
2194 4671
2195 4867
2196 3702
2196 4711
2196 8104
2198 8078
2199 1423
2199 2222
2200 460
2202 2225
2202 4452
2205 2742
2205 8032
2206 1090
2206 6552
2206 7999
2207 3294
2207 4389
2207 5946
2209 950
2209 5992
2210 51
2211 1084
2212 5396
2212 7746
2213 7512
2215 4287
2216 5110
2216 6784
2217 4137
2219 108
2219 8388
2220 932
2221 2535
2221 4601
2224 4797
2226 4247
2226 4757
2226 6226
2227 4369
2228 2657
2228 4708
2229 2926
2230 2054
2231 90
2233 393
2233 3470
2233 4219
2234 809
2234 5815
2235 1535
2235 3549
2236 5901
2239 1052
2239 6658
2240 493
2240 1345
2240 7329
2241 7759
2242 2743
2243 208
2243 3128
2245 2155
2246 547
2246 1677
2246 5282
2247 1251
2247 7781
2248 2209
2248 3624
2249 5724
2249 6948
2249 7120
2249 7623
2250 7963
2251 43
2251 2310
2252 5747
2253 1492
2254 4698
2255 5205
2255 5668
2255 7709
2256 7441
2258 3787
2258 4204
2263 4396
2264 3111
2264 3128
2265 3791
2265 7316
2266 2694
2266 5369
2267 4136
2268 539
2268 4805
2268 5559
2269 5890
2269 6352
2270 4210
2272 2518
2272 3606
2273 6092
2274 7587
2276 2514
2278 3634
2278 6818
2279 7980
2280 668
2280 3815
2281 5436
2282 862
2282 3182
2283 7030
2284 2947
2285 582
2285 8287
2286 3524
2287 6513
2288 8082
2289 5611
2290 1415
2291 1252
2291 2672
2291 3316
2291 7784
2292 1489
2292 2062
2292 6349
2294 1537
2294 4350
2294 4975
2294 5221
2295 5750
2295 6919
2299 3222
2299 4960
2300 2843
2302 7158
2302 7463
2303 7293
2304 6701
2305 763
2305 3611
2306 4685
2307 1246
2307 5635
2308 171
2308 4917
2309 5063
2310 854
2313 4124
2315 2144
2315 8036
2316 969
2316 1733
2317 4791
2318 7298
2319 2191
2320 611
2320 4586
2320 6321
2321 893
2321 3565
2322 5485
2324 5414
2325 5157
2327 4069
2327 7443
2328 505
2328 3949
2330 6368
2330 8279
2333 830
2333 2118
2334 253
2334 2682
2334 7380
2335 592
2336 3507
2340 2987
2341 2300
2342 6665
2344 3716
2346 6644
2349 1413
2349 7432
2350 5413
2350 6995
2350 7947
2351 6545
2353 2107
2353 5251
2356 1516
2357 6206
2359 478
2359 4770
2359 7517
2360 4122
2360 8466
2361 3820
2362 7985
2363 6510
2364 1341
2364 5220
2365 336
2365 888
2365 3408
2366 2372
2366 4445
2366 5974
2366 7498
2367 967
2368 4065
2368 5424
2368 7490
2370 3584
2371 3748
2372 966
2372 1294
2373 291
2373 5035
2374 1303
2374 3695
2374 5736
2374 6109
2376 3146
2376 8324
2377 7101
2377 7721
2378 1290
2378 5152
2380 4428
2380 7983
2381 4072
2381 4296
2381 5534
2383 289
2383 1377
2386 1868
2386 4236
2386 4964
2387 2049
2387 4888
2388 7324
2389 2806
2390 5995
2391 3616
2391 5858
2391 6572
2392 4244
2392 8371
2393 159
2393 6257
2394 1011
2394 6865
2394 7050
2394 7603
2394 7885
2395 1866
2395 3730
2396 1128
2396 6533
2398 1564
2400 8505
2401 4282
2401 6618
2402 4209
2404 3740
2405 1384
2405 1599
2406 6457
2406 8178
2408 1194
2409 1796
2411 7524
2412 864
2412 3282
2413 2808
2416 2779
2416 5668
2417 326
2417 468
2417 7500
2418 7613
2419 2665
2420 4448
2420 6230
2422 589
2423 2082
2425 3565
2426 5046
2426 6188
2426 7721
2427 5965
2428 7967
2429 3039
2432 1238
2432 2668
2433 3929
2433 5859
2433 7838
2435 6605
2435 8497
2436 54
2437 7451
2437 7460
2439 5603
2439 7537
2440 1733
2440 2877
2441 1330
2441 1406
2442 3355
2442 5686
2444 6830
2445 7592
2446 3917
2447 4606
2447 5847
2448 2167
2448 3121
2449 5732
2450 1080
2451 7081
2452 3692
2452 4505
2452 5729
2452 5744
2452 7811
2453 1359
2454 8045
2456 7657
2456 8341
2458 1394
2459 235
2459 8439
2460 5114
2461 228
2462 3988
2462 7258
2463 5216
2463 5766
2464 154
2465 2163
2466 3536
2467 527
2467 1130
2467 1149
2467 2806
2468 1772
2468 7198
2469 3401
2469 3673
2469 7332
2471 775
2471 3957
2471 7309
2472 2479
2473 6576
2476 569
2477 693
2477 7177
2479 445
2481 3820
2482 1464
2482 2103
2483 3460
2484 4116
2487 5622
2488 1014
2488 2325
2488 8357
2490 6455
2492 53
2492 1961
2492 6426
2492 8140
2494 1548
2495 3043
2496 7521
2497 6829
2498 4440
2499 3584
2499 5391
2499 7047
2501 1599
2501 2876
2501 3696
2502 6985
2503 1410
2509 7945
2510 2035
2510 5844
2512 1270
2512 2647
2512 4183
2513 4969
2514 4337
2515 4916
2519 8228
2520 4698
2520 6200
2521 2026
2521 5076
2521 7124
2524 1217
2524 2280
2524 2997
2525 392
2525 8345
2526 4529
2526 5834
2526 6158
2527 4593
2527 5583
2527 7410
2528 5243
2529 2363
2530 40
2530 6736
2531 2642
2531 5374
2533 469
2534 4110
2535 4911
2536 1513
2536 5068
2537 2099
2538 2827
2538 3585
2538 5425
2539 5313
2541 6440
2541 8486
2542 2272
2542 3742
2543 768
2543 3916
2545 3706
2547 5296
2547 7138
2548 155
2548 3615
2548 6260
2548 6909
2549 1222
2549 2647
2549 5876
2549 6926
2551 1382
2551 7319
2552 6600
2554 1271
2556 4363
2556 4977
2556 6228
2557 2707
2557 6507
2557 7072
2558 227
2559 2716
2560 5364
2561 1619
2562 7009
2563 5185
2564 4249
2568 6524
2571 5103
2571 5984
2572 4199
2572 4626
2573 3693
2573 4474
2573 7124
2573 8350
2574 7271
2575 1888
2576 2832
2576 4656
2577 1613
2577 1929
2577 2742
2577 4271
2577 5331
2578 1455
2578 5221
2580 8125
2583 4521
2584 7903
2585 559
2586 3217
2586 6824
2587 7468
2589 590
2592 8011
2594 5248
2595 7448
2597 1514
2597 6541
2598 2365
2600 760
2600 4434
2600 6779
2601 2007
2601 5551
2601 7459
2602 3306
2602 3568
2604 4056
2605 6274
2607 6019
2608 3784
2609 6034
2611 153
2614 3314
2614 4884
2615 7811
2616 5954
2617 952
2618 2303
2618 7072
2619 5381
2620 6560
2621 2373
2622 3653
2623 3923
2623 4551
2624 6550
2625 7760
2626 304
2626 6179
2627 2198
2627 7930
2628 4734
2628 5935
2630 1132
2631 1282
2631 5242
2632 945
2632 1069
2633 2841
2635 2960
2635 4003
2636 6256
2638 3548
2639 6427
2640 408
2642 3562
2642 7797
2643 4989
2644 6321
2645 1556
2645 6602
2646 3322
2646 7875
2647 1923
2647 3920
2647 4952
2647 5009
2647 6333
2648 5973
2649 2591
2650 701
2650 919
2650 3966
2652 1599
2653 589
2654 2629
2655 5611
2657 6043
2660 3903
2661 2751
2662 2155
2663 4196
2664 1103
2664 2864
2666 2697
2668 872
2668 6304
2668 6519
2670 695
2670 1372
2670 4197
2672 4232
2676 2219
2676 3642
2677 1466
2677 3386
2677 8058
2679 5103
2681 2654
2681 4779
2681 8051
2682 3430
2682 7232
2683 8478
2687 2384
2687 4636
2687 7316
2687 8501
2688 6549
2688 7336
2689 1998
2690 2396
2691 1343
2691 4224
2691 7059
2691 8097
2692 601
2694 4993
2694 6338
2694 7035
2695 725
2697 36
2697 4331
2700 1518
2701 1220
2701 1901
2701 2770
2701 5843
2701 7161
2702 1630
2702 2542
2704 6425
2706 2447
2707 4104
2708 81
2708 400
2708 6526
2709 4230
2709 4471
2709 6462
2709 8080
2710 2148
2710 5080
2711 835
2713 6836
2715 3299
2715 4733
2716 2757
2716 6341
2717 2537
2718 1193
2720 4000
2722 6173
2723 262
2725 5947
2725 8372
2726 4806
2726 7291
2728 1985
2728 7639
2729 1207
2729 6321
2731 969
2731 1840
2734 1641
2734 7627
2735 5057
2736 8029
2737 1167
2737 2968
2737 6476
2738 1259
2739 1819
2739 4319
2739 6535
2739 7079
2741 5249
2741 7666
2742 6617
2746 568
2747 5176
2748 4674
2748 7858
2750 1065
2750 5334
2751 2980
2751 4899
2751 4942
2751 8069
2756 3037
2756 3849
2756 6959
2757 6700
2759 1230
2759 1478
2759 1825
2760 2869
2760 6449
2760 7577
2761 4941
2763 5300
2763 6344
2764 5386
2765 6612
2767 689
2767 3491
2767 8261
2768 6160
2769 4944
2770 2169
2771 3148
2772 646
2773 1598
2773 3975
2774 6490
2774 8190
2775 1330
2775 5939
2775 8059
2777 8321
2782 1872
2784 3891
2784 6972
2785 7021
2787 310
2787 1370
2787 2141
2787 5816
2787 7895
2789 1107
2789 3428
2790 165
2790 6295
2793 3880
2795 8341
2797 2993
2797 5469
2798 4145
2798 4354
2799 2941
2799 7531
2800 6388
2803 8020
2804 295
2805 115
2805 1940
2805 5883
2807 5580
2807 5647
2807 6690
2808 586
2811 1085
2811 1408
2812 4609
2812 6706
2813 8248
2814 1236
2816 1030
2816 2820
2816 6691
2816 8089
2817 3695
2818 6561
2819 228
2819 963
2819 7159
2820 788
2820 981
2821 4202
2821 5181
2823 183
2823 845
2823 850
2824 5952
2825 4028
2826 3185
2827 925
2829 4859
2830 3177
2830 3719
2830 5729
2831 3002
2832 7328
2833 2238
2833 2614
2835 2018
2837 866
2838 2846
2838 6147
2840 7500
2841 3296
2841 4061
2842 5252
2842 5680
2842 6919
2843 274
2843 7865
2844 5334
2845 4968
2847 642
2848 1653
2848 6065
2848 6126
2848 7760
2849 3119
2850 7636
2851 140
2851 4106
2851 5221
2851 7351
2852 6394
2855 3472
2855 4262
2855 5420
2855 7407
2856 544
2856 1203
2856 3703
2857 174
2858 3345
2858 6479
2859 1716
2859 3154
2859 4686
2861 280
2861 4270
2861 5803
2863 1141
2863 7192
2864 478
2867 5762
2868 2234
2868 2498
2869 1235
2869 2332
2869 3691
2869 8204
2870 6641
2872 154
2872 1063
2872 1664
2873 5785
2874 182
2874 1836
2874 4013
2874 5133
2876 4254
2876 4884
2877 5645
2880 1365
2884 2324
2884 2973
2886 2387
2886 5238
2886 8419
2888 873
2888 2470
2889 4083
2890 3854
2892 7751
2893 951
2893 2972
2894 714
2894 4938
2894 6219
2895 6730
2896 5781
2898 3459
2898 5372
2898 7570
2899 3240
2899 6603
2900 375
2901 3774
2902 2831
2905 4752
2906 1349
2907 4296
2908 1258
2908 2197
2909 1861
2909 7919
2910 6316
2910 7164
2911 7140
2912 1027
2912 3572
2913 434
2914 562
2914 8008
2916 1445
2916 3351
2917 2830
2917 4534
2918 563
2919 8430
2920 2572
2920 7818
2923 4037
2923 6075
2926 3186
2926 4658
2927 7317
2927 7714
2928 3137
2928 7973
2931 5852
2932 1205
2933 236
2933 3664
2933 3808
2934 1272
2935 233
2935 429
2935 4114
2935 8452
2936 5260
2936 7219
2937 2903
2937 3685
2937 3725
2938 2666
2938 7763
2938 8298
2939 7586
2940 799
2940 7747
2941 175
2941 991
2941 5026
2941 7588
2942 1988
2943 6617
2945 7302
2946 1523
2947 4705
2947 8496
2949 8494
2950 727
2950 6993
2952 457
2953 2193
2954 1545
2954 6971
2957 6551
2959 5200
2959 5866
2960 5062
2961 4242
2961 4490
2962 4982
2962 5307
2964 4524
2964 4641
2966 55
2966 2836
2967 1164
2967 8058
2968 4301
2968 4449
2969 8133
2970 1256
2972 49
2972 6712
2973 7566
2974 1378
2974 2528
2974 8082
2976 5439
2977 369
2977 2322
2978 6946
2979 8431
2980 3816
2980 5030
2980 5869
2980 5984
2982 7544
2983 5185
2983 6999
2983 8463
2985 6531
2987 4693
2989 2738
2989 6081
2990 3153
2990 3726
2992 153
2993 5088
2994 5798
2995 4859
2995 6185
2996 6098
2996 7549
2997 1472
2997 1699
2997 7279
2998 2003
2998 5693
2998 5967
2999 184
3000 6852
3001 3007
3004 680
3004 1679
3006 7001
3006 7750
3007 828
3007 5769
3007 7630
3008 5646
3010 7804
3012 2620
3014 7415
3017 208
3017 2566
3018 677
3018 6902
3019 4484
3020 6936
3021 7557
3023 4502
3024 2470
3024 4692
3025 2115
3025 5869
3027 7513
3028 5777
3028 6939
3030 2817
3031 6180
3032 2451
3032 3348
3032 4769
3032 8258
3033 680
3033 3726
3034 3986
3034 4724
3034 7118
3036 631
3039 3752
3039 5257
3041 2341
3041 5024
3044 4678
3044 4860
3045 4607
3045 5640
3045 7631
3046 3077
3046 3246
3047 900
3047 3874
3047 4726
3048 3884
3049 8003
3051 369
3051 8445
3052 1771
3052 3817
3052 5589
3052 6368
3052 7388
3053 1149
3055 3605
3056 2696
3056 8205
3058 142
3058 5685
3060 8022
3060 8195
3061 2061
3061 6130
3062 3599
3063 5701
3063 6433
3066 4574
3067 4864
3069 6102
3070 2808
3074 5426
3075 1806
3075 3876
3075 4990
3075 5364
3076 4441
3077 1776
3077 3887
3077 4527
3077 7078
3077 7798
3078 8309
3079 4540
3080 912
3080 6823
3083 137
3083 3197
3084 1721
3084 3315
3085 160
3085 3846
3085 5009
3085 6491
3086 3488
3087 3220
3087 3696
3088 7607
3089 1142
3089 2048
3089 5692
3089 7021
3090 116
3091 226
3091 7182
3092 1863
3092 7019
3093 1912
3093 6391
3096 3201
3097 1281
3098 2019
3098 4505
3099 1681
3099 6095
3100 2790
3101 3123
3101 8499
3102 3414
3103 823
3105 462
3106 5433
3107 3026
3107 3516
3107 4193
3108 8496
3109 2258
3109 6917
3111 328
3111 8014
3112 3950
3114 1910
3114 5511
3115 5388
3116 2393
3116 5182
3117 802
3117 7798
3118 1356
3119 1579
3119 5914
3119 6177
3119 6263
3120 3560
3121 939
3121 1603
3122 333
3122 1618
3123 4744
3125 1496
3126 2586
3126 3746
3126 6563
3127 4421
3128 1231
3128 1495
3131 7805
3132 103
3132 3338
3132 3557
3132 8301
3133 1330
3133 7510
3135 4120
3135 6811
3136 7909
3136 8209
3137 6710
3138 4894
3139 758
3139 3422
3139 3991
3141 510
3141 642
3141 2184
3141 8272
3142 4230
3144 1662
3144 2551
3144 3805
3144 4585
3144 4610
3145 5088
3146 4613
3147 7049
3148 2279
3150 1970
3150 3795
3150 4120
3152 6680
3154 6434
3154 6576
3155 8194
3157 3375
3157 7008
3158 4726
3160 2965
3160 3262
3160 8195
3161 6939
3162 3300
3163 2374
3163 4720
3163 7699
3165 2845
3167 4893
3167 8271
3168 2846
3168 5334
3169 2514
3170 1158
3170 8176
3171 5584
3172 3528
3172 4326
3172 7181
3173 1391
3174 702
3174 1408
3176 5804
3177 1864
3177 4527
3178 4296
3181 3261
3182 8405
3183 516
3184 8397
3187 5594
3187 7774
3188 8397
3189 1891
3189 2931
3190 8421
3192 184
3193 1939
3193 8195
3194 316
3194 5399
3195 3400
3195 6152
3196 2028
3197 7330
3198 658
3201 933
3201 7366
3202 6145
3203 2072
3203 5563
3205 1624
3205 7778
3207 758
3207 1365
3208 3208
3208 7080
3209 5539
3210 1224
3210 5319
3210 8369
3211 5258
3212 7416
3213 4397
3214 947
3214 2162
3215 584
3217 3006
3218 1079
3218 5980
3218 6396
3221 1909
3221 7517
3222 6562
3223 380
3223 7084
3224 7680
3226 5377
3227 687
3227 1289
3227 3828
3227 7313
3227 7429
3227 7725
3228 3987
3229 1105
3230 4788
3232 4289
3233 4641
3234 2790
3234 6346
3236 1961
3239 1939
3239 2816
3240 4305
3242 5133
3242 5748
3243 3187
3244 1535
3244 3025
3245 520
3248 1265
3248 8432
3249 7206
3249 7426
3250 3536
3251 2026
3251 4260
3251 4654
3251 7672
3254 4048
3254 7122
3255 8420
3256 3741
3258 3885
3258 6986
3259 3536
3260 1634
3261 7728
3263 765
3263 1291
3263 8427
3264 1070
3264 1319
3264 2931
3264 6238
3264 7373
3264 7594
3265 1654
3267 34
3267 725
3268 3674
3268 5209
3269 4374
3271 756
3271 2273
3271 5829
3271 6190
3273 3473
3273 5167
3273 5761
3273 7866
3274 4173
3274 6629
3275 3668
3275 4442
3276 1050
3278 7092
3279 4445
3280 6469
3281 6232
3283 2631
3284 7313
3285 7546
3286 4672
3290 1166
3291 3730
3291 6086
3291 8025
3292 269
3292 3550
3292 5769
3295 3082
3295 5018
3296 949
3296 4974
3297 7663
3298 6317
3298 6596
3299 691
3300 482
3300 3715
3301 4758
3301 6311
3302 81
3302 650
3303 1121
3303 3902
3303 7058
3304 6792
3305 7404
3306 3228
3306 8164
3306 8334
3307 1517
3309 3214
3310 211
3310 5232
3311 2032
3311 2547
3311 2605
3311 5756
3313 6026
3313 7978
3314 4044
3315 1659
3315 7247
3315 7670
3317 5868
3320 7364
3321 2834
3321 3075
3322 5511
3324 2339
3324 6203
3325 435
3327 3337
3327 7454
3328 4657
3328 5227
3329 5776
3329 6979
3330 227
3330 5819
3331 1974
3331 2412
3332 4840
3336 3151
3337 2280
3337 6180
3338 1952
3338 8099
3341 5289
3343 144
3346 1277
3347 4779
3347 6028
3347 8362
3349 1910
3349 7591
3349 8135
3350 4739
3350 6254
3350 6460
3350 7808
3352 6349
3354 4929
3354 5924
3355 2039
3355 6296
3357 886
3357 5905
3357 6720
3359 7236
3362 1733
3362 1828
3362 6084
3362 6918
3363 1340
3365 5911
3366 2775
3367 8481
3370 526
3370 3231
3370 6124
3371 3768
3371 7690
3372 2965
3372 6159
3372 7901
3375 1422
3375 5076
3377 7399
3378 1145
3378 6287
3378 8463
3379 2149
3379 2998
3379 3176
3379 8233
3380 1359
3381 8011
3383 2858
3384 1650
3384 1949
3384 6882
3385 860
3385 4825
3386 6709
3386 8287
3387 8279
3388 1773
3388 8113
3389 5987
3391 1888
3391 3335
3391 6176
3393 639
3394 1472
3395 374
3395 4459
3396 1109
3397 6087
3397 8227
3398 2276
3398 6066
3399 1359
3399 2319
3399 6390
3401 1801
3402 8219
3403 1910
3403 3890
3403 4472
3403 5834
3404 260
3404 1640
3405 4379
3405 7844
3406 585
3406 7820
3410 4819
3411 88
3411 7444
3413 196
3414 7678
3416 7819
3417 4012
3418 1946
3418 4574
3420 4240
3421 8107
3422 3173
3422 4076
3423 8147
3425 1031
3426 697
3427 41
3427 1852
3427 2681
3427 4734
3428 1279
3429 915
3429 6029
3430 1877
3432 1529
3432 8370
3433 13
3433 3064
3433 7599
3434 5706
3435 1958
3435 4763
3436 452
3436 472
3436 586
3436 1773
3436 5443
3437 6627
3437 7065
3439 93
3439 1443
3439 1937
3440 6771
3442 3767
3442 8033
3444 3247
3445 3091
3446 1842
3448 1827
3448 6589
3449 5550
3449 5648
3450 803
3450 1225
3451 5399
3451 7106
3452 3782
3453 1886
3453 6907
3454 3434
3454 3475
3455 7141
3459 1528
3459 5382
3459 8085
3460 7487
3461 7950
3462 4695
3464 1327
3464 2712
3465 2086
3466 3344
3467 7344
3468 3695
3468 5059
3468 5597
3468 7282
3468 7698
3469 2186
3469 4733
3470 2059
3470 2923
3470 3200
3470 4707
3471 3896
3471 4388
3472 7198
3473 2481
3474 2814
3474 5558
3477 214
3477 6511
3477 7260
3478 45
3478 911
3478 4790
3478 6560
3478 6973
3480 1397
3480 5985
3480 6801
3482 5868
3483 4816
3483 7893
3484 3158
3484 6552
3485 5878
3486 5848
3489 954
3489 3209
3490 5229
3491 3824
3491 8175
3492 2259
3494 382
3494 3967
3494 4856
3495 4344
3495 6833
3496 2166
3496 3913
3497 2244
3498 7500
3499 114
3499 2314
3499 5395
3501 3794
3502 3188
3503 4881
3504 423
3504 7032
3506 5771
3506 7431
3507 1480
3507 3073
3509 3382
3510 2880
3510 4713
3510 8478
3511 7833
3512 4702
3512 5185
3513 233
3513 2680
3513 2916
3513 4043
3513 8025
3515 7828
3516 5516
3516 6478
3518 8033
3519 1535
3519 2946
3519 7971
3522 5212
3523 5993
3523 8388
3524 102
3524 3557
3524 4705
3525 190
3525 1391
3528 5576
3528 6412
3529 3364
3529 5302
3530 1969
3530 8090
3531 3497
3532 3802
3532 8241
3533 3934
3533 4353
3534 742
3535 5
3535 2264
3537 3081
3539 8091
3540 2429
3540 6891
3542 834
3542 1867
3544 114
3544 2033
3544 4130
3544 6522
3544 7523
3545 2985
3545 6626
3546 3837
3546 6941
3547 6360
3548 7836
3550 7850
3551 164
3551 1681
3551 1985
3554 4530
3554 4643
3555 2526
3555 5725
3557 6254
3558 2097
3558 7428
3560 4018
3560 5381
3562 5224
3562 6355
3562 7896
3563 5771
3563 7365
3564 322
3564 4572
3565 6714
3566 6092
3567 7702
3567 8309
3568 2275
3568 8161
3569 6039
3569 6149
3570 4619
3570 7852
3572 2099
3574 682
3574 6070
3575 1320
3575 7667
3577 3875
3577 8269
3578 4909
3578 4920
3578 7520
3579 6997
3582 4305
3582 6058
3583 5518
3584 1816
3585 478
3586 1657
3586 2843
3587 5208
3587 7070
3587 7327
3588 2431
3588 3093
3588 4905
3588 5030
3588 5647
3589 6723
3590 3475
3590 6523
3590 6723
3592 1695
3592 7010
3593 7207
3594 920
3595 5460
3596 2006
3596 6639
3597 1810
3597 4831
3598 1370
3599 254
3599 909
3599 1858
3600 5648
3601 4847
3602 892
3602 3781
3602 7229
3603 743
3603 1542
3603 1629
3603 4652
3605 6039
3605 6770
3606 394
3607 8485
3608 2871
3610 312
3610 5259
3610 6746
3611 2279
3613 2896
3613 4095
3613 8001
3614 3042
3616 7326
3616 8063
3618 3737
3619 3867
3619 4933
3620 1961
3621 969
3622 4259
3622 6648
3623 2578
3623 5358
3623 7141
3624 7275
3626 5524
3627 1328
3627 5185
3629 1094
3629 2209
3630 1140
3630 7633
3631 2283
3632 5318
3632 7371
3632 7749
3633 3522
3633 5499
3633 5813
3633 6567
3634 98
3634 178
3635 92
3635 7936
3636 2910
3636 6660
3637 1715
3637 3842
3637 5197
3638 3147
3639 1079
3640 2351
3640 3025
3641 337
3641 2649
3641 4335
3642 3481
3643 910
3644 511
3644 5774
3647 8086
3648 5283
3648 8445
3649 2521
3649 5141
3650 311
3650 1131
3650 2103
3650 3548
3650 6958
3653 484
3655 7058
3656 1882
3659 6295
3660 2877
3662 2601
3662 3720
3663 6504
3665 2501
3665 6978
3666 3174
3666 8421
3668 1016
3668 3741
3668 5088
3670 2324
3670 2347
3672 2999
3673 3
3673 6002
3673 8109
3674 3263
3674 7310
3676 4472
3678 401
3678 6471
3678 7052
3679 467
3679 2874
3680 1363
3680 6177
3681 1827
3681 2602
3681 4383
3683 469
3683 5583
3683 6201
3684 961
3684 4417
3686 111
3686 4079
3686 4200
3686 6416
3686 8102
3687 5561
3688 591
3688 1356
3688 6606
3689 5342
3689 6447
3690 2984
3691 538
3691 4115
3691 6987
3691 8391
3692 3324
3693 421
3694 6224
3695 89
3696 608
3696 2853
3697 7955
3698 3684
3698 7627
3700 3137
3701 1833
3701 7524
3703 3855
3703 4586
3703 5109
3703 6069
3704 4565
3705 2483
3705 8207
3707 2446
3708 1176
3708 6314
3709 151
3714 2598
3714 7106
3715 22
3715 4588
3716 3224
3719 1414
3720 3052
3721 6577
3723 130
3724 5015
3725 7468
3726 2317
3726 5895
3729 3220
3730 2736
3734 7187
3735 3943
3735 6949
3737 89
3737 470
3739 7022
3740 7641
3742 6639
3742 8169
3743 828
3743 1813
3744 8287
3746 7869
3747 1507
3748 664
3748 4407
3748 5546
3748 7504
3750 4352
3750 6297
3750 7409
3751 6549
3753 1940
3753 5047
3755 2046
3755 7137
3756 7400
3757 5304
3758 580
3758 2246
3758 8153
3759 1582
3759 6676
3760 4416
3760 8460
3761 1252
3762 549
3762 4779
3766 1875
3766 7669
3767 540
3767 7417
3768 2139
3768 7010
3769 4038
3770 3547
3770 5636
3771 6514
3773 552
3773 3982
3773 4829
3774 2912
3774 4991
3775 5706
3776 8309
3777 2623
3778 4337
3778 6009
3778 6877
3779 1517
3779 5642
3779 6333
3780 4094
3782 1231
3782 1598
3782 3541
3782 3745
3783 650
3783 4654
3784 20
3785 241
3787 626
3787 5783
3787 8455
3788 7689
3788 8080
3789 3303
3789 5608
3792 1604
3792 7308
3793 6809
3794 1402
3794 4711
3794 5767
3797 5950
3799 3630
3800 2181
3801 2930
3801 3079
3801 5726
3802 1582
3802 6354
3803 6522
3806 3099
3809 2055
3812 898
3812 1172
3813 2089
3813 5026
3814 3246
3815 908
3816 4619
3817 1780
3817 5834
3819 1257
3819 2454
3821 929
3821 3722
3822 8351
3824 5712
3825 6575
3825 6788
3826 4832
3826 6470
3827 2721
3827 6204
3827 8401
3828 1497
3829 5852
3829 7504
3830 6369
3832 4497
3833 2192
3833 3727
3834 12
3834 631
3834 5075
3836 7774
3838 3366
3838 5214
3839 1848
3839 7941
3840 1954
3840 6087
3842 3307
3842 4451
3843 106
3843 902
3843 1041
3844 2027
3844 5642
3845 5849
3846 4564
3846 5457
3848 2285
3849 6505
3850 1113
3850 7026
3850 8321
3851 5684
3852 7961
3854 753
3854 1348
3854 1946
3854 3008
3854 3220
3856 1562
3857 4316
3858 6324
3858 6664
3859 4908
3859 7659
3860 1085
3860 5339
3860 6170
3861 7583
3863 2066
3863 2242
3863 4010
3865 1034
3865 4545
3865 7652
3867 1180
3868 8050
3869 4459
3869 7326
3869 7341
3871 5837
3872 1522
3872 4396
3873 7892
3874 2734
3874 2917
3875 3606
3875 4980
3875 7699
3877 1072
3877 4516
3879 2113
3879 2177
3880 4580
3881 1213
3882 4051
3882 5013
3883 2094
3884 5492
3885 882
3885 7558
3888 7006
3890 1813
3891 1044
3892 1878
3892 6770
3894 48
3894 6638
3896 450
3897 1767
3898 7131
3899 4412
3899 4439
3900 3909
3901 7511
3902 2902
3902 4535
3903 556
3903 1357
3904 8058
3905 4020
3905 5106
3905 5351
3906 4666
3906 7122
3907 5468
3913 526
3913 5085
3913 8508
3915 1369
3916 1263
3918 3145
3920 3547
3920 7754
3921 744
3921 1472
3921 1889
3921 7033
3921 7522
3923 1035
3924 1015
3924 4424
3924 8221
3925 2887
3926 2302
3926 4567
3926 6643
3926 6891
3927 337
3930 933
3930 972
3932 2314
3932 5674
3932 8114
3933 4129
3933 5048
3934 2214
3935 5133
3935 6385
3935 6698
3936 4472
3936 8326
3938 702
3938 7653
3939 5343
3940 605
3940 6652
3940 7234
3942 8133
3943 6872
3943 7273
3944 2725
3944 7958
3947 5227
3947 6804
3949 1018
3949 2662
3950 5334
3951 345
3952 2236
3952 2326
3953 3258
3954 3737
3955 7008
3956 5180

