8512 3084 3180
1 1
2 1005
2 1273
5 650
7 817
8 1980
13 2406
15 2747
19 1082
20 1569
22 524
22 1340
23 1239
26 2330
30 1412
30 2728
34 2586
35 1761
37 1388
39 2723
40 1624
40 2838
41 144
43 1607
44 354
45 1422
46 1115
47 349
55 2154
57 1988
58 754
66 2598
70 3017
72 1722
86 823
89 1479
92 850
93 361
96 2398
99 1712
101 1148
103 121
106 1697
112 44
112 740
114 2163
115 1927
130 1559
136 2774
138 2080
139 2084
140 2541
143 460
147 932
148 575
150 320
150 763
152 208
155 2236
158 1450
160 2192
163 61
163 2053
167 2929
168 1534
169 1592
171 625
174 256
178 245
183 300
183 2486
183 2825
186 71
186 2328
187 1928
189 877
196 1642
200 1030
204 1253
210 1350
214 2883
216 355
217 609
218 1954
221 2601
225 46
226 1930
227 1958
234 471
234 1620
235 480
235 1877
236 441
239 1021
243 2323
249 1941
252 204
258 1724
260 1883
260 2018
262 837
264 1363
265 556
267 2697
268 1717
275 2836
276 1550
280 2259
282 292
282 1454
290 2374
292 151
293 2809
294 3082
298 2660
302 2402
307 678
307 2272
308 987
321 1189
325 1135
327 272
329 960
331 397
331 1028
334 924
334 2009
334 2790
345 557
345 1043
351 1506
352 2516
353 828
358 1373
361 2454
363 2206
368 1901
371 77
374 1613
378 606
383 70
384 689
396 809
398 160
402 1479
405 2203
408 2564
409 2933
421 497
425 2989
433 1093
436 1468
436 2050
438 887
439 1266
443 1945
444 2442
445 379
448 619
450 2545
452 433
454 2283
457 574
459 196
460 501
461 1127
464 1301
471 471
473 1233
473 3068
478 1895
479 2176
482 1949
492 1723
496 1273
499 977
507 79
514 1839
518 204
519 2890
522 1019
523 1761
526 1683
527 673
527 947
530 589
531 385
532 331
536 553
538 465
538 1316
539 2841
539 2948
540 2288
542 2452
545 1918
548 859
549 176
553 2669
558 2183
562 50
567 52
567 1584
569 1411
572 1364
578 1730
579 364
583 1939
585 2924
586 1853
596 1835
603 262
606 1162
610 2149
614 2653
617 2140
617 2902
618 1806
618 2950
619 1793
623 175
624 472
625 1051
637 1731
641 2604
648 1382
652 1720
652 2116
655 1605
657 1688
657 2244
661 2144
664 710
664 2068
669 908
669 2923
673 77
673 1167
676 2910
683 565
689 1273
693 1811
694 1331
696 1892
700 907
702 37
706 279
716 1975
719 2648
724 1234
724 2411
727 2215
729 1057
733 1191
734 2130
736 698
737 1740
741 2798
742 419
742 489
742 1369
748 649
748 1726
751 2459
754 1629
760 372
776 2264
783 1607
783 2864
784 3075
785 1452
785 1796
793 1880
794 79
795 1328
795 2553
796 2305
796 2890
803 573
804 1176
808 908
810 2382
810 2539
814 1071
814 2621
815 537
817 411
817 2330
822 650
822 2114
823 1970
826 953
826 2588
829 114
832 1358
832 2018
836 2185
837 1755
838 1721
838 2158
838 2214
839 506
839 1807
844 2386
844 2854
847 932
849 1696
853 1569
860 1553
861 631
864 579
871 1237
877 505
880 445
880 1234
880 2024
885 1927
886 577
890 288
894 1859
899 1141
899 2436
900 1941
904 1147
905 2956
910 2725
911 1267
913 2797
914 2592
917 2164
919 2576
921 1563
922 2473
924 331
927 911
933 1740
939 1104
940 2928
954 2226
957 2973
962 2953
966 948
967 1384
973 379
974 74
975 819
977 495
978 1003
979 2084
979 2183
982 297
986 2227
989 2096
991 1534
992 367
997 2609
1001 1653
1003 2136
1007 2091
1010 2855
1012 1972
1018 391
1021 2720
1022 1393
1022 1643
1023 112
1024 1308
1025 325
1026 1883
1026 2835
1031 2041
1038 3038
1044 323
1047 2046
1050 723
1051 350
1051 1177
1053 1344
1060 550
1062 1480
1063 2158
1065 1629
1067 1467
1071 1314
1074 1026
1078 1015
1082 2711
1083 2010
1084 2066
1086 1353
1090 151
1091 126
1092 800
1095 1943
1097 1536
1097 2315
1100 1380
1101 395
1102 1949
1103 896
1104 958
1104 1647
1107 964
1107 2992
1110 1289
1111 1540
1112 2063
1116 80
1124 2407
1125 179
1126 2156
1127 1599
1128 1278
1133 2354
1135 1184
1137 1470
1139 686
1139 1282
1140 1694
1144 1259
1150 35
1150 36
1151 1612
1157 467
1160 875
1162 309
1162 1845
1172 2410
1177 790
1179 488
1180 2657
1181 2392
1187 2370
1188 2034
1189 1273
1189 2475
1193 239
1193 1332
1198 1839
1199 2429
1207 1334
1210 1001
1212 2264
1215 1417
1215 2375
1215 2821
1219 1410
1220 2319
1222 1719
1224 2948
1227 138
1228 1424
1229 1215
1232 1834
1237 494
1241 646
1242 1377
1242 1625
1245 971
1245 2130
1246 2047
1247 705
1251 530
1254 2153
1254 2806
1255 3045
1258 181
1258 2473
1259 1969
1260 773
1261 748
1261 2765
1266 515
1269 1530
1269 2020
1270 2291
1270 2983
1272 566
1274 2172
1276 1090
1279 560
1289 589
1289 701
1293 2675
1296 1293
1310 1147
1310 2461
1310 2896
1312 675
1314 2622
1317 168
1318 1704
1323 850
1330 1626
1330 2305
1334 1421
1334 1715
1335 828
1336 1652
1337 722
1338 218
1338 1201
1339 2115
1340 1881
1340 2397
1343 670
1344 1200
1358 1772
1364 107
1365 90
1369 2494
1372 1390
1375 2823
1378 2748
1379 2524
1380 844
1381 267
1382 1533
1387 137
1387 1615
1388 1950
1390 468
1391 1271
1392 1278
1394 2678
1396 616
1402 547
1405 1686
1406 1775
1406 2776
1410 2292
1415 1747
1415 2089
1419 1164
1420 154
1421 2133
1427 2333
1428 693
1429 1280
1429 1744
1430 363
1431 237
1433 2707
1435 258
1436 396
1438 2472
1446 2499
1447 74
1447 152
1453 1418
1457 2543
1462 1857
1463 2874
1465 161
1465 521
1465 1439
1466 2657
1468 962
1468 1161
1468 3062
1476 896
1481 320
1482 44
1490 780
1490 2415
1491 392
1493 1948
1498 1626
1506 2170
1509 1115
1512 594
1513 2146
1516 190
1516 2453
1520 2848
1521 654
1521 1315
1524 274
1524 1390
1526 1901
1528 2774
1529 27
1529 1171
1530 15
1530 1111
1532 1889
1533 2689
1534 1460
1538 1694
1544 318
1547 931
1547 1863
1553 956
1556 585
1556 1236
1560 3049
1563 886
1566 1746
1576 1442
1578 2827
1580 539
1585 1799
1586 2381
1593 719
1602 2892
1605 94
1616 696
1616 845
1618 1956
1624 2562
1626 1915
1627 878
1629 1482
1629 2349
1633 1508
1633 1960
1634 956
1636 1605
1637 1742
1643 1224
1646 1938
1648 2954
1655 566
1660 2896
1661 1713
1662 1398
1664 1836
1665 1780
1668 556
1669 1746
1670 1790
1673 2846
1676 1423
1679 572
1679 2290
1684 752
1692 2235
1693 1125
1693 1721
1696 1351
1696 1879
1705 3057
1708 1086
1710 2657
1713 88
1720 2401
1727 775
1729 2300
1729 2893
1731 1362
1731 1725
1732 257
1732 2526
1736 205
1736 2141
1737 2152
1737 2729
1739 862
1739 2004
1742 658
1742 2332
1743 41
1743 2122
1744 146
1744 841
1745 1006
1746 2924
1747 150
1747 1420
1755 947
1769 1859
1771 741
1771 2910
1771 3035
1773 1657
1773 2039
1777 1898
1778 3044
1779 2399
1780 338
1780 2254
1789 3059
1794 2604
1797 297
1800 3014
1804 1488
1804 1836
1805 1696
1806 1383
1806 2253
1807 2329
1808 1514
1811 1538
1812 2942
1816 1503
1817 1785
1822 2950
1827 1035
1830 1878
1831 1843
1831 3034
1835 172
1836 3058
1837 1644
1837 2448
1837 2852
1841 946
1843 1936
1850 2780
1855 775
1859 1919
1861 445
1863 1896
1865 432
1866 708
1868 44
1868 1142
1868 2837
1869 1050
1871 458
1871 2738
1877 3050
1882 1076
1884 1270
1886 1640
1890 2136
1892 243
1895 1724
1896 2607
1902 2356
1904 2620
1917 1994
1919 1311
1920 1075
1922 69
1923 94
1923 680
1923 736
1924 2491
1925 1941
1935 2589
1938 676
1940 500
1943 2180
1944 867
1946 1824
1946 2667
1947 120
1947 1020
1950 1428
1953 1221
1953 2296
1955 2053
1956 1417
1959 1113
1960 358
1960 3013
1962 2432
1966 2500
1967 1243
1970 1170
1971 111
1971 2409
1972 3013
1974 696
1975 2338
1976 744
1977 1043
1978 2964
1984 1798
1985 2037
1990 2467
2000 109
2004 2688
2006 371
2011 477
2017 168
2018 2842
2019 522
2019 1725
2026 1991
2027 468
2032 773
2038 328
2057 777
2057 1178
2058 1303
2059 228
2065 1504
2068 1434
2075 1194
2078 392
2082 679
2083 133
2085 931
2085 1891
2087 170
2091 2467
2092 1121
2093 1024
2094 2572
2095 105
2095 133
2095 889
2096 2703
2097 50
2105 2138
2111 2960
2113 383
2117 256
2117 758
2122 13
2123 1950
2127 1101
2134 2705
2136 2871
2137 134
2137 1926
2144 842
2146 1534
2147 1814
2149 445
2153 90
2155 2323
2155 2766
2156 819
2156 989
2157 1580
2160 373
2161 2312
2164 940
2167 1323
2168 2910
2169 274
2169 398
2172 953
2174 1191
2176 1134
2183 1452
2189 174
2195 263
2198 1772
2201 2308
2205 31
2205 1088
2211 2677
2214 2698
2216 730
2216 966
2220 353
2222 1912
2226 1772
2231 2092
2236 492
2237 1242
2244 2613
2245 913
2249 1825
2250 928
2250 1779
2252 612
2253 2535
2257 297
2262 968
2263 3055
2266 9
2266 328
2269 310
2270 1823
2271 2820
2272 2888
2274 705
2275 2766
2277 102
2286 2239
2287 434
2287 1129
2287 2529
2293 2705
2301 2588
2302 134
2304 1035
2305 1262
2305 2025
2314 264
2315 726
2316 3056
2317 1329
2324 1581
2326 1678
2326 2374
2337 2429
2339 1191
2341 724
2342 1047
2345 651
2347 1789
2348 788
2350 1475
2352 210
2353 157
2354 2091
2357 2845
2362 7
2364 424
2366 1582
2368 1792
2371 1743
2372 2727
2375 2969
2377 890
2377 3064
2382 2532
2385 246
2385 1442
2390 2339
2392 936
2394 506
2397 2015
2402 1223
2405 2209
2406 275
2407 1604
2410 477
2412 803
2412 1733
2418 2335
2419 668
2421 1414
2428 1106
2428 2261
2429 772
2432 2905
2436 404
2437 317
2441 2596
2446 834
2448 2840
2450 769
2451 577
2451 1809
2452 309
2452 950
2452 2370
2453 1815
2454 2844
2460 2936
2461 2153
2463 1770
2464 1324
2465 2747
2468 1074
2469 970
2470 714
2474 1342
2477 2062
2480 334
2483 823
2489 1854
2493 653
2497 2513
2498 1832
2498 3029
2501 716
2503 3045
2510 1621
2510 1682
2512 2798
2516 1059
2519 1069
2521 783
2525 2309
2526 875
2527 1006
2528 2401
2534 1526
2537 92
2538 1039
2539 379
2543 1028
2546 345
2552 1139
2554 2393
2556 1599
2559 1233
2562 2726
2565 509
2567 886
2572 1684
2572 2367
2572 2830
2574 602
2590 2495
2591 1993
2591 2442
2596 1689
2600 452
2601 454
2601 2015
2602 1502
2606 1807
2608 1904
2609 1636
2611 580
2612 1421
2612 1666
2613 2778
2619 411
2622 3061
2624 2707
2629 1648
2629 3015
2633 784
2639 826
2643 469
2648 751
2648 2978
2653 2536
2656 33
2657 2611
2659 1602
2659 1936
2666 2785
2667 2075
2668 1676
2668 2432
2672 800
2673 2164
2674 885
2676 2604
2680 1639
2683 2652
2684 102
2687 1664
2704 1088
2706 2598
2709 2657
2718 1515
2719 1780
2721 20
2724 2762
2726 1512
2726 1969
2726 1999
2726 2234
2728 406
2731 2392
2734 2158
2736 2099
2744 2858
2745 1253
2745 2576
2746 1778
2747 65
2748 1772
2750 686
2751 2646
2752 3064
2754 669
2754 1180
2755 1022
2755 1605
2755 2239
2756 249
2757 332
2758 2456
2765 1082
2765 1462
2765 1744
2767 1051
2767 1274
2768 5
2770 1195
2773 2684
2774 1108
2775 1892
2775 2241
2778 490
2779 1879
2780 268
2780 2313
2781 843
2786 1334
2787 1631
2791 2445
2792 1232
2793 224
2797 1988
2797 2313
2805 452
2809 1298
2811 617
2813 1002
2814 1285
2816 1039
2819 1542
2823 2381
2826 309
2827 2284
2829 229
2833 2475
2834 1557
2839 2758
2840 2790
2841 961
2842 186
2842 1327
2843 2656
2846 927
2849 1852
2855 957
2855 1515
2862 2453
2870 3084
2884 348
2898 1352
2901 1773
2901 2311
2904 2780
2906 28
2908 1123
2912 1367
2914 2207
2916 808
2918 2653
2920 2211
2931 2696
2935 834
2938 1146
2939 530
2940 1820
2945 2901
2948 3022
2958 2550
2960 1677
2961 1191
2963 1476
2964 780
2972 1310
2973 1768
2978 1944
2980 1363
2987 2821
2988 2530
2989 921
2989 1849
2994 1264
2996 1374
2997 2031
2998 1325
3002 1767
3002 2121
3002 2274
3004 2311
3006 1292
3007 2843
3009 612
3009 943
3011 920
3012 227
3020 702
3027 1802
3031 1737
3032 1055
3037 2561
3038 2404
3039 843
3041 2573
3048 1166
3051 2271
3055 1339
3055 2972
3057 2681
3058 1574
3059 666
3059 1541
3061 1351
3062 858
3062 887
3062 2579
3064 2042
3065 1198
3066 1660
3069 1646
3070 3041
3071 2701
3078 852
3080 2489
3086 2269
3088 2286
3096 2061
3104 387
3104 2599
3107 1432
3109 850
3109 904
3118 2733
3119 712
3119 2942
3120 1551
3121 2972
3126 310
3126 541
3126 1525
3127 2360
3132 2136
3136 2017
3137 1758
3138 1374
3139 559
3141 431
3146 1719
3155 2243
3156 7
3159 2453
3161 2705
3167 2472
3168 1136
3168 1274
3174 605
3175 2048
3182 117
3187 1436
3188 730
3200 41
3200 771
3205 2492
3209 2242
3210 1495
3211 2575
3213 1808
3217 2763
3218 3046
3220 674
3220 1726
3221 2299
3221 2670
3223 2374
3223 2673
3224 172
3224 1228
3226 52
3226 77
3236 1134
3236 2275
3238 436
3242 1853
3243 1254
3247 696
3247 929
3250 1602
3252 661
3252 1759
3254 1040
3255 1110
3256 1294
3256 2101
3261 336
3261 1421
3261 1986
3266 671
3270 2447
3272 2980
3275 157
3279 1438
3285 1062
3286 1819
3287 576
3289 1550
3290 407
3290 2303
3290 2341
3292 308
3292 1756
3293 93
3293 980
3293 3007
3297 341
3297 2244
3299 2405
3303 1227
3311 1008
3316 516
3322 2123
3324 1620
3326 927
3327 231
3327 678
3327 825
3328 1882
3329 1489
3330 228
3330 361
3332 1993
3334 2034
3342 1915
3343 2696
3349 2757
3351 487
3352 2619
3357 2320
3358 815
3367 1162
3367 1664
3368 350
3368 1601
3369 2518
3373 945
3376 2505
3378 2246
3385 3068
3387 2906
3393 1895
3395 2329
3396 888
3398 341
3398 580
3400 881
3400 1843
3401 294
3405 512
3409 1079
3409 1990
3413 1851
3415 419
3415 1346
3417 2537
3419 1189
3419 2419
3421 1483
3423 1560
3425 1728
3429 100
3432 5
3432 990
3435 743
3436 2230
3441 900
3442 1366
3447 2225
3451 1003
3452 363
3457 2753
3457 2758
3458 902
3458 1337
3460 2539
3464 1857
3470 1493
3470 2801
3473 1895
3477 120
3487 117
3490 2729
3491 2385
3492 280
3495 1559
3499 1313
3499 1528
3506 2615
3514 576
3516 2669
3518 67
3524 296
3527 2186
3527 2469
3528 791
3536 1368
3537 2070
3537 2966
3538 846
3543 565
3546 911
3550 1602
3552 1322
3555 2006
3561 2688
3562 1257
3568 594
3568 3042
3569 739
3571 2192
3571 2929
3577 1514
3592 1310
3594 2057
3594 2654
3595 1237
3595 1982
3603 482
3604 183
3606 2870
3608 2680
3609 2680
3613 2082
3615 18
3619 957
3619 2450
3620 193
3621 2696
3622 2733
3623 707
3625 2673
3626 2741
3634 1096
3638 1615
3638 1873
3642 2144
3646 1241
3650 658
3651 1707
3654 2583
3659 928
3661 2238
3666 2785
3670 1962
3675 1778
3684 169
3687 1002
3687 2551
3691 2212
3693 254
3694 1657
3694 2972
3698 1365
3699 2763
3700 508
3705 2970
3706 1139
3707 1534
3708 127
3717 1213
3718 2408
3723 1234
3727 1750
3735 1609
3737 1178
3742 1356
3744 330
3746 424
3747 506
3749 1879
3750 2522
3754 60
3755 1174
3755 1559
3756 1448
3761 159
3762 297
3768 2345
3772 448
3774 2170
3776 965
3778 351
3780 1200
3786 3078
3789 2242
3801 1477
3802 957
3804 2088
3810 733
3811 1295
3818 552
3821 2841
3822 1343
3824 1071
3826 1006
3831 2846
3832 2270
3834 405
3835 571
3843 1614
3843 2673
3849 1304
3850 2281
3854 1118
3855 1256
3859 2931
3868 981
3874 2240
3876 2956
3880 1490
3883 1711
3887 2748
3889 149
3889 1028
3889 1706
3893 382
3895 1419
3896 1928
3898 463
3898 1521
3899 254
3903 1388
3904 225
3904 1434
3907 2395
3913 492
3914 1411
3916 949
3917 1847
3922 1076
3923 514
3923 1406
3923 2238
3931 374
3931 543
3932 412
3935 1992
3935 2036
3939 54
3946 3025
3950 190
3951 2454
3953 543
3953 992
3954 2506
3955 1465
3956 792
3959 1331
3960 601
3962 2071
3966 2224
3968 2885
3971 1005
3972 182
3972 1904
3973 1982
3979 1114
3988 123
3989 2833
3990 1337
3993 1926
3995 1689
3997 503
3999 17
4003 1467
4003 2902
4004 1703
4004 2310
4005 265
4007 2424
4008 2042
4027 2920
4035 158
4035 1058
4043 786
4046 1128
4050 217
4064 3003
4065 625
4065 3032
4071 2926
4073 2256
4073 2909
4075 1947
4080 911
4081 2751
4082 2827
4083 2917
4087 271
4089 2870
4096 859
4096 1238
4097 783
4099 614
4100 353
4101 518
4102 2443
4103 1606
4104 1392
4109 2776
4111 1499
4115 2076
4115 2910
4118 2897
4122 702
4123 2984
4126 2224
4130 2526
4133 1403
4135 457
4137 2213
4139 1572
4142 1277
4144 1375
4147 17
4147 227
4147 2961
4154 145
4157 1999
4159 2815
4165 638
4165 2756
4173 1605
4174 1725
4177 3037
4179 1810
4179 2090
4179 2579
4190 1730
4190 2474
4195 2450
4200 2813
4202 1944
4209 934
4210 2478
4216 3007
4223 2706
4226 1861
4230 1100
4230 2267
4230 2798
4233 1822
4235 241
4235 279
4240 2766
4241 888
4241 1437
4251 1564
4252 193
4262 300
4262 502
4263 1684
4266 2634
4266 2820
4267 312
4268 2869
4270 1280
4271 640
4273 1548
4274 2673
4276 254
4276 2423
4278 571
4282 137
4286 2136
4289 1045
4295 1551
4296 2377
4299 24
4308 418
4308 537
4308 2286
4312 584
4315 43
4315 87
4315 620
4320 1219
4324 371
4325 68
4330 1366
4330 2763
4336 952
4336 973
4337 259
4341 1897
4342 431
4349 2226
4352 432
4353 773
4354 1853
4355 514
4355 2560
4358 1802
4358 2949
4365 850
4366 2222
4367 1775
4370 71
4377 737
4378 211
4381 1069
4383 845
4384 455
4385 1744
4388 2167
4395 1230
4396 1319
4398 2642
4400 1237
4400 2904
4402 550
4410 2119
4411 41
4414 423
4414 2649
4424 1086
4424 2984
4425 231
4435 2410
4436 2780
4439 130
4439 433
4439 2342
4439 2722
4440 3014
4441 495
4441 1107
4441 1438
4442 1661
4448 2494
4449 2137
4452 1979
4455 388
4456 2062
4459 2043
4461 1747
4461 1753
4472 456
4475 670
4475 681
4475 1752
4477 822
4478 5
4478 961
4479 2516
4480 1922
4481 224
4484 173
4487 1543
4488 232
4493 2172
4494 552
4496 2990
4498 289
4499 250
4500 2622
4504 1554
4505 504
4511 2446
4511 2534
4514 2089
4515 1926
4517 1621
4527 493
4528 2780
4531 31
4531 2845
4532 1503
4535 1257
4545 2148
4546 2657
4547 594
4548 1030
4548 1195
4549 89
4554 628
4554 1912
4558 174
4563 1580
4572 1815
4572 2837
4572 2957
4573 794
4578 915
4578 2747
4584 2718
4584 3071
4592 139
4601 2991
4607 2114
4608 319
4612 1124
4612 1306
4613 3050
4627 1092
4628 1884
4628 2053
4633 2869
4635 1060
4638 1036
4641 1603
4642 2420
4645 619
4645 2451
4648 750
4648 939
4648 963
4653 164
4653 318
4653 2372
4654 2408
4658 672
4658 2768
4659 928
4659 2156
4660 2805
4662 2025
4664 1351
4666 337
4671 2371
4675 473
4678 1259
4685 2267
4688 806
4691 1354
4692 2410
4695 1742
4697 4
4701 616
4703 2513
4704 262
4709 531
4709 2596
4711 454
4712 2273
4716 388
4716 636
4718 2957
4723 2269
4728 942
4728 1172
4729 81
4729 1293
4729 1532
4729 1886
4734 1916
4736 591
4736 1890
4737 306
4741 1013
4743 814
4746 2977
4748 1150
4754 472
4754 2751
4759 496
4760 1164
4761 2558
4765 236
4767 2387
4768 2406
4768 2515
4777 1481
4777 2196
4777 2787
4783 2539
4783 2667
4790 154
4793 26
4794 211
4798 2900
4800 2216
4802 2855
4807 244
4808 703
4810 211
4811 2535
4813 2563
4817 1578
4821 120
4827 460
4829 1547
4831 2922
4834 340
4834 2623
4835 1133
4841 2355
4842 505
4844 1475
4850 2407
4851 1012
4852 453
4859 1818
4860 2930
4861 2619
4870 2841
4874 249
4876 517
4880 1179
4885 2269
4886 119
4891 298
4893 564
4893 2446
4906 355
4906 405
4907 30
4909 1502
4913 1412
4913 1474
4915 1711
4916 727
4917 2056
4918 2243
4920 1495
4921 1138
4930 1138
4934 2623
4935 713
4936 878
4939 2084
4942 1929
4944 2357
4946 1127
4950 1445
4954 54
4959 1259
4962 3035
4964 968
4966 1622
4967 2006
4967 2990
4970 5
4970 861
4972 3060
4977 513
4978 1917
4983 829
4983 2871
4989 1650
4991 480
4991 1217
5001 281
5001 1854
5005 268
5008 993
5008 2422
5009 350
5011 668
5015 437
5017 339
5018 2130
5020 481
5027 1820
5028 418
5028 990
5028 2824
5029 438
5030 645
5032 1125
5032 2837
5036 94
5036 2975
5037 71
5039 45
5039 1986
5047 3071
5050 2180
5050 2919
5053 279
5055 431
5055 1446
5067 1131
5069 2542
5075 1660
5076 317
5078 2258
5082 19
5089 6
5089 665
5106 1718
5107 1069
5108 95
5108 2548
5111 45
5115 1687
5119 720
5119 1897
5119 1953
5126 442
5131 1912
5132 2041
5134 2783
5134 2998
5135 1993
5136 205
5137 2723
5139 609
5144 2337
5144 2884
5145 112
5152 1105
5152 2899
5157 1441
5160 1325
5161 976
5171 771
5173 1449
5188 1903
5200 989
5205 1571
5206 1767
5208 2071
5212 1547
5213 369
5215 448
5219 2158
5220 656
5232 1258
5235 1218
5236 2208
5237 1659
5244 953
5249 87
5250 3017
5252 1225
5254 2619
5257 1634
5259 2840
5260 441
5262 2642
5263 1267
5265 2079
5266 194
5268 727
5276 2916
5282 2803
5285 485
5292 301
5292 1345
5292 2712
5294 2433
5298 2507
5300 2024
5303 2931
5305 630
5305 738
5306 1860
5309 1702
5311 2613
5312 767
5316 666
5318 1208
5323 113
5323 2558
5326 2219
5331 2480
5333 1214
5334 2012
5334 2264
5338 191
5338 1488
5338 2577
5338 2888
5346 528
5346 840
5350 2497
5351 851
5351 1268
5354 540
5355 40
5355 2253
5356 1780
5356 1909
5357 948
5358 1532
5358 2098
5359 83
5361 2439
5367 894
5367 2286
5369 553
5380 2150
5383 1545
5392 2734
5394 1556
5396 2847
5399 2617
5403 2717
5404 189
5408 454
5409 1529
5409 1592
5411 2852
5412 25
5417 2814
5418 2001
5418 2383
5419 480
5420 579
5423 791
5424 1922
5426 2311
5426 2783
5428 1907
5432 1971
5433 886
5434 1793
5438 3059
5439 2975
5443 2924
5444 2379
5448 2753
5449 1812
5453 173
5456 2019
5465 951
5465 1675
5468 366
5471 2729
5473 1349
5473 2843
5476 1267
5481 2414
5484 2818
5485 390
5486 813
5489 1041
5493 2713
5503 854
5506 2408
5508 233
5509 2905
5520 2365
5521 494
5525 2093
5529 1122
5544 406
5544 865
5548 1534
5548 2120
5551 1986
5554 812
5554 2036
5555 2128
5556 837
5556 2645
5557 187
5559 1806
5561 2429
5562 1751
5562 2570
5565 606
5568 1019
5572 2762
5576 1449
5577 239
5580 697
5580 1959
5585 1225
5585 2827
5588 846
5588 1204
5588 2856
5589 1422
5591 668
5593 2290
5594 52
5597 2201
5597 2501
5599 1333
5601 1346
5601 3055
5607 2082
5609 2242
5610 32
5611 698
5615 1936
5625 508
5629 1450
5630 2921
5633 2309
5636 1449
5645 787
5647 103
5648 2903
5650 2202
5654 1510
5654 1789
5656 1414
5658 1501
5659 691
5661 91
5662 131
5666 1587
5666 1677
5666 1929
5667 442
5670 1410
5670 1594
5675 2404
5678 2310
5679 866
5679 2797
5682 1256
5683 1689
5686 1936
5690 3032
5692 2905
5693 2724
5694 143
5695 460
5703 1343
5707 1325
5708 1240
5711 1887
5711 2756
5715 1251
5721 2867
5725 1821
5725 2727
5726 1566
5729 2640
5732 1349
5733 708
5733 2337
5737 2464
5739 231
5739 2090
5749 2564
5750 1636
5753 2685
5755 2599
5759 18
5760 1985
5766 2858
5771 1368
5772 394
5772 2128
5772 2836
5782 2963
5787 522
5792 2058
5793 1752
5795 2829
5798 1095
5798 2415
5800 2294
5802 2286
5804 482
5805 2534
5812 2257
5813 1611
5815 2952
5818 280
5819 2036
5828 1049
5833 1305
5834 2587
5840 817
5846 184
5848 258
5848 2039
5859 1635
5861 1186
5863 1121
5863 1384
5866 1266
5867 57
5867 860
5868 1368
5872 2809
5875 706
5877 1226
5881 589
5881 2403
5886 2476
5887 1154
5887 1517
5891 2454
5895 636
5896 2047
5897 1738
5898 2104
5903 468
5903 2933
5915 2961
5917 776
5918 578
5922 2753
5925 1987
5925 3041
5932 1020
5933 2513
5947 51
5947 1787
5949 1195
5952 1769
5958 394
5973 885
5974 394
5980 3082
5982 2450
5985 628
5986 998
5994 2353
5995 2493
5996 1455
5997 1212
6002 2513
6007 1231
6009 949
6014 139
6014 3027
6015 1163
6016 1837
6019 1134
6020 876
6025 519
6026 1385
6028 590
6034 1474
6036 2987
6037 1438
6041 2427
6042 2449
6045 2515
6047 1910
6047 2511
6066 3063
6067 1763
6075 892
6083 3077
6087 1484
6087 3014
6089 1868
6089 2441
6089 2726
6090 2862
6094 2446
6096 1398
6096 2791
6097 1675
6098 140
6099 1957
6103 2877
6105 1475
6105 1772
6109 1966
6112 199
6113 2079
6115 1649
6116 45
6122 2635
6125 2590
6127 1219
6127 1495
6130 2239
6134 1225
6140 2937
6144 900
6146 1107
6155 1597
6157 2771
6158 1379
6161 1930
6170 836
6173 1156
6175 1310
6175 3035
6177 2898
6178 1903
6179 485
6179 526
6182 2138
6183 1828
6190 2330
6190 2980
6192 2064
6194 1892
6200 153
6200 2348
6201 3044
6202 1006
6202 1540
6202 2551
6207 1643
6208 2095
6211 285
6215 2900
6217 753
6220 2037
6225 1348
6226 1489
6229 296
6230 1590
6236 1214
6237 970
6238 3078
6249 3045
6250 1233
6255 2615
6257 2783
6262 1500
6263 358
6264 2420
6265 2479
6268 952
6272 1079
6273 1525
6273 2820
6275 2196
6276 1247
6277 343
6279 3078
6284 528
6284 1648
6285 378
6304 1943
6306 1200
6308 455
6308 1002
6314 1999
6317 2627
6318 693
6318 2576
6321 1521
6327 1790
6328 474
6328 1238
6330 779
6336 1780
6337 301
6343 1860
6344 2101
6349 3021
6357 2701
6358 525
6365 1881
6386 1575
6388 2494
6391 1293
6391 1955
6394 1985
6395 820
6396 2257
6402 366
6403 2233
6406 2192
6406 2511
6407 862
6408 2738
6409 1866
6419 3001
6425 1757
6434 2500
6438 2975
6442 1047
6442 2684
6444 1629
6445 1627
6447 401
6451 1436
6458 1042
6463 966
6465 1255
6468 2842
6472 2880
6476 1610
6479 1188
6480 1441
6481 1844
6483 135
6483 2501
6486 6
6486 978
6501 158
6508 967
6509 2060
6511 976
6511 2922
6516 88
6522 1314
6525 1340
6526 959
6526 2987
6527 1225
6528 2941
6529 835
6531 257
6534 2698
6538 1486
6542 1900
6547 769
6549 44
6550 969
6554 667
6558 668
6564 19
6564 813
6570 1962
6576 354
6578 766
6579 1929
6581 2980
6584 560
6597 936
6597 2153
6600 70
6602 1741
6616 94
6617 986
6618 269
6620 1580
6621 3050
6622 2993
6624 3056
6627 282
6631 1942
6631 2080
6633 2749
6635 1119
6639 603
6643 1113
6644 209
6646 557
6646 955
6651 1411
6651 2916
6662 2282
6663 1139
6665 1625
6665 2969
6666 1813
6672 630
6672 2722
6680 421
6680 2710
6681 2373
6684 185
6688 590
6692 1672
6693 659
6693 2412
6694 1499
6696 2829
6698 2385
6700 1292
6701 575
6701 2061
6702 2884
6707 1309
6709 1111
6715 1710
6715 2681
6717 1633
6719 1853
6722 95
6724 168
6727 2068
6732 2392
6735 2821
6742 2515
6743 498
6743 2586
6747 1244
6749 767
6750 792
6754 1414
6755 677
6757 1643
6758 2700
6760 1730
6763 2901
6764 1011
6764 2018
6765 1431
6767 341
6767 1873
6778 2888
6780 1909
6785 1983
6793 1011
6795 1554
6796 1543
6797 1484
6797 2261
6801 570
6808 481
6808 2313
6810 2206
6813 901
6815 1149
6818 897
6820 2285
6824 289
6825 1509
6827 1292
6828 1581
6832 303
6832 608
6836 349
6836 1738
6837 2667
6862 28
6863 1515
6864 578
6867 1457
6871 2318
6873 2175
6874 868
6880 736
6881 1132
6882 1169
6883 1029
6883 1303
6894 1008
6899 595
6900 792
6900 2325
6901 2647
6902 2940
6904 1211
6906 1346
6909 186
6910 57
6910 2084
6912 595
6912 1865
6922 2625
6924 1863
6925 2055
6930 363
6932 2645
6942 837
6944 595
6948 363
6956 2969
6957 594
6957 2129
6958 722
6967 1440
6971 2343
6972 782
6979 1815
6981 3
6981 2402
6981 2609
6982 658
6984 300
6986 925
6987 2779
6993 1270
6996 2913
6999 1830
7000 305
7002 1600
7002 2871
7003 2602
7004 1046
7006 2068
7018 1607
7019 235
7020 1286
7021 830
7025 2626
7029 2283
7035 1209
7037 1680
7038 1772
7041 2327
7041 2446
7044 1418
7044 2444
7046 3004
7054 1720
7058 715
7066 2010
7068 2549
7069 559
7070 1647
7071 1969
7073 1990
7077 1549
7077 2318
7087 2306
7090 996
7091 1280
7093 1357
7096 1258
7097 996
7099 2085
7099 2974
7102 2060
7105 1968
7112 2575
7113 1852
7116 2597
7117 1211
7121 1915
7122 1035
7126 394
7130 2519
7134 856
7137 1706
7138 2546
7140 1418
7141 1902
7142 2461
7146 1219
7149 2917
7157 561
7159 44
7163 50
7163 2764
7165 2705
7167 1402
7170 54
7171 263
7173 2577
7180 422
7184 2790
7186 2619
7195 764
7199 567
7199 1844
7200 1873
7204 1871
7207 234
7211 1473
7212 566
7214 2688
7220 413
7225 2788
7232 1199
7232 2335
7239 2809
7240 982
7247 2104
7251 2880
7260 1817
7264 715
7265 726
7266 2625
7267 2483
7268 1272
7275 2691
7283 2634
7288 115
7288 2902
7290 207
7291 2224
7291 2945
7292 943
7293 712
7297 575
7303 2498
7312 608
7313 635
7317 682
7318 1964
7318 2453
7319 2682
7320 2051
7321 2836
7323 2276
7333 581
7335 2573
7336 77
7337 1352
7342 2276
7344 138
7345 1199
7347 2585
7349 1619
7353 1292
7353 2977
7355 1915
7359 2226
7362 1914
7365 1310
7366 2865
7366 3017
7368 486
7374 298
7377 2158
7380 354
7390 114
7394 506
7396 1646
7398 2294
7401 391
7404 1217
7407 69
7410 1090
7411 1525
7416 1704
7420 1035
7423 2821
7428 1082
7430 2102
7435 450
7437 2404
7437 2564
7439 149
7441 1127
7443 846
7445 1710
7445 2487
7452 1916
7453 2914
7458 202
7460 194
7464 611
7466 2583
7467 594
7467 1527
7469 2865
7472 3081
7476 2066
7477 1463
7477 1778
7479 319
7479 354
7483 703
7485 2461
7485 2497
7485 2560
7485 2899
7487 1073
7494 623
7497 2134
7500 2424
7512 1787
7516 2035
7521 538
7521 1770
7521 2144
7524 682
7527 498
7531 116
7531 609
7534 358
7545 2866
7546 1103
7546 1313
7551 297
7551 702
7551 1638
7554 2631
7556 1983
7557 792
7558 1600
7558 2201
7566 2523
7567 1635
7568 297
7570 468
7570 1668
7573 1130
7575 1332
7575 2945
7579 756
7588 2665
7589 1557
7595 2010
7597 1039
7598 1693
7606 2625
7609 1080
7619 2519
7625 1591
7625 1901
7629 2755
7630 481
7630 633
7631 1873
7632 968
7634 2748
7635 2041
7635 2062
7637 171
7644 615
7645 807
7647 2760
7651 2114
7657 1993
7658 795
7658 1926
7664 1778
7664 3055
7666 2537
7667 1792
7672 1348
7675 189
7683 100
7692 864
7692 2064
7692 2670
7692 2699
7699 1646
7700 2554
7703 2071
7708 2842
7709 745
7713 1420
7715 1792
7716 415
7723 2447
7727 736
7728 1764
7729 2162
7731 1132
7732 1921
7734 964
7736 1796
7737 1547
7740 193
7741 1972
7743 1441
7744 2493
7748 2577
7749 2201
7750 2689
7753 949
7760 2884
7760 3064
7765 977
7770 990
7770 2976
7772 270
7775 1997
7784 86
7784 767
7790 836
7793 882
7793 1958
7804 1161
7805 2942
7812 1906
7814 154
7816 1128
7818 34
7820 2318
7828 354
7830 676
7836 1830
7836 3040
7837 969
7838 1436
7839 1757
7841 1531
7845 214
7848 2914
7849 1183
7850 1247
7851 2194
7852 2785
7853 2923
7855 1523
7858 505
7861 2872
7867 2298
7868 1726
7872 1668
7875 1786
7878 1208
7878 2180
7879 41
7883 160
7885 1213
7885 1347
7888 1898
7890 2345
7894 670
7896 235
7898 1631
7899 1139
7902 2051
7912 769
7917 1736
7917 2862
7918 1902
7921 2366
7924 1703
7934 652
7939 424
7941 1454
7944 2032
7945 1607
7946 1885
7948 1921
7952 2685
7953 1005
7957 2354
7968 719
7971 1730
7972 2385
7978 1777
7979 1983
7981 543
7983 239
7984 2728
7988 904
7988 1126
7989 2287
7997 593
8002 630
8005 2932
8007 1602
8008 1767
8009 287
8010 36
8013 2416
8014 288
8019 666
8020 1789
8021 1951
8024 2623
8025 804
8026 502
8028 1109
8030 2827
8032 925
8033 3018
8034 2423
8040 2194
8041 1514
8041 1942
8041 2134
8044 795
8047 2490
8054 1689
8055 300
8056 664
8056 709
8058 2872
8069 2536
8074 1863
8076 1795
8077 2687
8084 353
8088 80
8089 3079
8092 844
8093 3004
8101 885
8102 1365
8104 1766
8105 1551
8106 3030
8111 714
8115 2260
8116 218
8117 507
8118 2384
8121 1141
8130 2767
8136 2303
8137 1883
8143 168
8145 327
8145 2845
8147 497
8147 1155
8147 2830
8148 2661
8155 1390
8159 2822
8162 2612
8163 2375
8164 2277
8167 2804
8170 2696
8171 870
8174 1833
8175 930
8175 1236
8176 1553
8179 2102
8184 2894
8186 1368
8186 1745
8195 498
8197 2021
8200 1696
8202 2559
8210 1604
8210 2914
8215 1068
8216 2603
8217 1583
8218 2146
8225 1050
8226 3069
8229 511
8229 2679
8231 1390
8232 1549
8234 108
8234 704
8235 771
8240 690
8241 589
8244 623
8245 429
8246 972
8250 868
8251 2333
8257 80
8261 159
8261 248
8261 1580
8264 78
8276 2770
8280 2228
8280 2963
8282 1202
8283 381
8289 473
8289 1366
8290 216
8291 1552
8293 1310
8294 3013
8297 1842
8297 2685
8298 1459
8302 208
8307 2092
8309 2629
8311 1974
8312 956
8314 962
8315 1827
8317 2414
8319 1017
8319 1294
8321 66
8324 3066
8326 2430
8329 451
8329 2077
8334 966
8335 2336
8336 1848
8339 824
8343 199
8345 716
8346 147
8346 1469
8349 579
8349 2044
8352 1527
8354 2794
8364 250
8368 2532
8370 2767
8373 636
8374 3079
8375 1140
8376 442
8377 1816
8377 2055
8379 229
8379 772
8385 574
8385 1893
8386 10
8386 3043
8390 398
8390 1418
8394 1697
8397 970
8402 1999
8405 2300
8405 2705
8407 1707
8412 903
8416 2827
8417 2605
8420 211
8422 14
8428 2208
8433 1427
8436 506
8436 2511
8438 2048
8442 2343
8444 2019
8448 2341
8457 839
8463 2278
8464 351
8468 1774
8469 175
8470 960
8472 888
8472 2703
8473 1790
8477 298
8488 1027
8491 1212
8491 1614
8492 805
8498 833
8501 2869
8504 3061

