9800 989 1350
1 1
1 537
13 450
13 539
15 115
17 124
21 943
23 400
30 834
43 657
59 770
88 989
95 505
95 566
96 489
100 558
108 377
155 984
177 285
193 429
208 111
212 634
219 298
221 98
232 100
240 152
246 499
248 425
249 45
258 275
262 387
276 17
277 237
287 626
290 529
295 235
296 687
303 601
316 840
323 3
325 525
336 834
337 929
343 534
345 870
357 787
361 553
372 688
374 207
388 500
392 271
406 763
410 628
410 824
433 294
433 552
444 64
448 298
455 675
460 864
463 947
467 866
482 323
484 84
489 771
496 113
496 260
499 558
499 865
505 760
514 187
527 780
528 401
530 418
531 247
534 551
538 96
538 891
551 327
592 208
592 645
596 605
602 145
606 257
612 482
629 731
645 592
647 519
649 426
651 240
653 5
655 838
663 895
687 315
690 952
691 74
691 601
692 605
703 113
717 688
724 844
726 288
727 273
735 567
737 704
740 521
745 402
752 222
759 567
760 71
762 526
765 437
778 376
778 641
796 616
807 541
811 571
814 742
815 648
817 574
822 141
824 704
833 329
837 848
839 800
865 168
866 427
867 129
868 286
880 377
894 508
917 125
921 634
932 624
934 402
939 166
944 849
958 368
960 922
969 350
974 4
986 134
1000 764
1006 272
1007 793
1012 470
1017 633
1021 382
1064 501
1083 279
1083 752
1094 920
1096 432
1096 492
1102 612
1107 400
1123 455
1128 815
1136 645
1139 511
1147 956
1150 372
1162 23
1163 401
1169 160
1175 947
1183 911
1204 711
1210 572
1218 641
1221 16
1226 571
1228 597
1256 24
1297 444
1311 475
1317 11
1317 264
1317 498
1339 757
1343 987
1349 36
1352 144
1354 583
1359 532
1365 899
1392 677
1403 949
1405 208
1406 818
1411 321
1431 365
1435 564
1436 196
1451 172
1463 734
1470 829
1489 175
1492 669
1506 130
1508 628
1509 428
1527 678
1536 523
1540 878
1541 606
1546 958
1559 477
1565 704
1567 104
1580 622
1581 175
1610 794
1611 319
1612 886
1617 463
1625 98
1626 527
1626 638
1629 44
1634 933
1640 3
1641 548
1645 884
1651 146
1671 350
1673 641
1677 710
1688 257
1690 473
1697 968
1698 228
1698 639
1701 835
1705 135
1719 546
1732 128
1736 560
1741 855
1748 598
1755 58
1755 427
1755 970
1760 231
1765 395
1768 247
1775 273
1777 608
1793 903
1797 671
1801 243
1804 958
1812 950
1819 174
1833 521
1836 478
1839 491
1860 784
1870 724
1872 682
1878 303
1887 78
1889 923
1911 29
1912 876
1917 404
1921 162
1924 163
1926 332
1939 539
1953 815
1957 719
1957 832
1968 153
1970 179
1971 132
1972 833
1976 447
1987 76
2001 404
2008 408
2013 326
2022 262
2043 395
2047 558
2052 175
2062 270
2064 706
2065 428
2068 876
2074 762
2078 632
2081 216
2086 926
2088 777
2089 663
2097 956
2100 21
2100 316
2106 842
2107 361
2112 821
2114 468
2115 842
2136 412
2141 778
2144 327
2145 564
2148 291
2158 642
2159 52
2164 637
2171 619
2173 117
2179 650
2186 441
2188 757
2191 250
2195 138
2198 661
2206 126
2207 784
2208 647
2209 728
2211 668
2215 736
2217 201
2218 547
2224 625
2245 485
2249 577
2258 461
2297 372
2304 381
2328 189
2331 198
2349 273
2360 861
2374 635
2379 268
2380 387
2383 437
2405 814
2412 880
2415 31
2432 868
2438 789
2449 20
2452 62
2457 794
2457 935
2478 240
2489 179
2489 233
2489 891
2498 633
2508 656
2509 932
2528 665
2534 606
2544 943
2555 697
2558 450
2570 852
2579 196
2582 216
2582 867
2587 22
2587 807
2587 855
2590 109
2598 409
2611 247
2626 680
2627 165
2628 454
2628 753
2664 822
2674 805
2691 879
2711 565
2717 944
2722 348
2725 954
2735 951
2753 468
2754 43
2757 56
2766 147
2771 38
2781 397
2783 515
2792 701
2800 299
2823 31
2830 65
2831 193
2833 425
2839 192
2867 37
2882 414
2882 875
2883 318
2887 543
2903 302
2906 380
2910 579
2917 238
2927 613
2930 848
2935 753
2947 940
2962 354
2978 789
3003 696
3008 851
3014 869
3018 528
3019 735
3026 989
3031 713
3036 7
3036 692
3045 384
3050 656
3073 92
3076 899
3083 59
3087 803
3093 740
3103 408
3104 771
3110 114
3110 420
3120 737
3126 898
3128 456
3149 201
3151 423
3157 946
3162 137
3177 239
3180 700
3195 587
3201 844
3206 801
3209 721
3225 293
3230 94
3257 713
3263 385
3278 66
3279 362
3284 329
3296 903
3298 875
3308 123
3317 681
3320 277
3327 566
3327 877
3356 314
3369 468
3372 239
3378 735
3382 987
3393 378
3397 613
3417 274
3419 157
3419 892
3422 843
3435 438
3454 887
3458 847
3462 553
3466 967
3473 312
3486 156
3493 593
3495 539
3505 50
3506 790
3509 707
3510 542
3511 347
3512 223
3514 243
3539 970
3541 268
3545 234
3550 59
3555 127
3574 624
3578 708
3590 430
3591 162
3610 63
3612 792
3614 34
3636 53
3650 831
3669 32
3671 676
3671 761
3679 350
3679 443
3681 835
3685 388
3692 140
3700 6
3703 483
3703 801
3708 857
3712 63
3715 375
3732 923
3733 528
3740 399
3746 623
3750 175
3771 950
3786 935
3788 538
3789 197
3799 188
3801 22
3803 99
3804 40
3805 610
3806 155
3820 459
3822 957
3836 100
3845 700
3849 853
3850 830
3865 838
3872 919
3882 578
3883 42
3883 550
3893 861
3919 125
3920 289
3923 344
3935 247
3942 291
3948 112
3972 154
3991 169
3992 989
4004 908
4005 614
4020 235
4021 55
4026 354
4032 722
4049 183
4065 79
4073 72
4083 562
4088 146
4089 919
4109 620
4114 221
4125 559
4136 255
4145 457
4164 384
4175 18
4175 673
4175 805
4178 642
4179 38
4179 796
4183 953
4186 493
4188 45
4194 216
4201 688
4216 315
4217 275
4220 963
4229 488
4233 609
4235 555
4236 846
4239 739
4245 447
4246 92
4278 660
4281 304
4281 331
4297 153
4302 982
4305 149
4314 747
4318 441
4324 147
4324 673
4325 599
4328 908
4340 783
4345 87
4389 275
4391 866
4398 416
4407 961
4410 405
4434 344
4436 546
4452 854
4509 848
4513 239
4525 279
4525 953
4541 749
4548 621
4549 176
4549 935
4557 924
4565 58
4568 378
4568 459
4570 616
4576 57
4579 268
4591 925
4593 90
4597 516
4601 309
4616 63
4620 676
4633 567
4634 543
4667 83
4670 80
4676 470
4687 108
4693 659
4701 812
4707 183
4716 530
4726 395
4731 267
4753 791
4771 466
4774 611
4781 472
4784 925
4791 933
4805 98
4811 141
4819 531
4824 311
4831 624
4833 48
4837 724
4839 359
4847 239
4859 403
4882 897
4895 200
4902 445
4911 961
4926 971
4927 70
4927 911
4942 705
4966 529
4991 914
5000 429
5006 274
5011 10
5024 297
5045 419
5048 783
5059 464
5061 301
5066 833
5068 435
5085 308
5085 619
5086 592
5097 549
5105 13
5107 478
5109 453
5110 544
5111 501
5128 694
5139 624
5164 49
5178 800
5181 245
5185 918
5188 160
5190 712
5209 460
5218 653
5224 33
5225 292
5256 23
5266 607
5266 737
5269 702
5277 213
5284 369
5285 177
5290 761
5316 94
5323 535
5331 712
5331 777
5332 203
5337 299
5341 2
5345 682
5348 903
5351 509
5353 42
5356 350
5357 42
5358 158
5362 454
5364 508
5366 199
5374 128
5392 543
5395 219
5398 865
5422 69
5422 264
5425 236
5427 680
5432 126
5432 633
5447 322
5447 849
5449 616
5456 459
5460 20
5461 932
5464 343
5488 167
5492 529
5496 216
5504 930
5513 318
5520 305
5521 385
5521 450
5526 115
5533 101
5552 11
5557 933
5560 331
5562 137
5569 474
5570 397
5573 71
5575 105
5581 864
5592 834
5622 704
5623 217
5636 940
5657 398
5658 807
5659 108
5665 24
5666 410
5681 118
5686 529
5690 697
5690 717
5691 675
5695 897
5699 878
5701 849
5713 988
5715 229
5723 598
5725 839
5726 689
5734 476
5736 894
5740 202
5745 864
5753 15
5763 562
5768 408
5780 649
5807 824
5833 46
5838 259
5840 393
5849 758
5864 340
5866 617
5873 803
5880 176
5885 499
5885 902
5888 486
5910 923
5912 382
5917 393
5920 836
5935 77
5939 326
5939 485
5948 759
5961 251
5962 442
5963 170
5968 880
5984 674
5986 58
5990 600
5990 739
5993 337
5998 129
5999 510
6002 126
6008 842
6022 155
6044 617
6053 758
6059 233
6074 180
6080 177
6082 560
6087 429
6101 989
6107 214
6119 140
6121 466
6131 105
6162 513
6192 660
6209 816
6217 210
6219 320
6223 913
6225 646
6230 748
6237 362
6240 538
6254 8
6259 681
6262 814
6269 533
6274 792
6279 446
6285 356
6288 532
6299 921
6309 597
6311 569
6314 143
6317 209
6317 987
6319 407
6321 119
6327 930
6332 272
6335 157
6337 74
6359 783
6367 675
6370 645
6375 546
6378 419
6382 355
6383 335
6402 872
6409 603
6438 906
6454 774
6458 987
6475 788
6476 596
6505 775
6505 977
6511 296
6518 766
6519 814
6521 30
6523 688
6527 325
6528 534
6546 325
6554 693
6555 569
6587 217
6590 659
6591 134
6608 405
6613 304
6613 534
6624 795
6640 281
6646 716
6661 489
6668 714
6706 19
6718 652
6718 867
6722 241
6725 374
6725 746
6743 77
6744 601
6756 100
6758 510
6759 432
6810 368
6813 305
6814 847
6815 798
6822 103
6828 183
6835 341
6842 215
6848 178
6853 16
6862 101
6865 671
6867 719
6872 781
6888 595
6890 255
6892 139
6893 660
6899 591
6902 802
6903 475
6904 427
6908 386
6926 534
6933 340
6944 341
6945 529
6949 831
6959 695
6974 739
6976 795
6979 851
6980 557
6986 191
6987 169
6990 308
6996 964
7000 160
7016 711
7021 409
7033 398
7033 812
7036 300
7038 381
7039 977
7046 926
7053 893
7057 823
7069 595
7073 341
7085 935
7087 38
7088 678
7094 186
7094 509
7096 71
7103 28
7111 122
7128 501
7131 231
7140 239
7143 328
7153 699
7191 957
7193 519
7198 44
7199 207
7210 822
7211 679
7215 75
7223 102
7223 512
7238 944
7241 460
7245 512
7246 488
7252 257
7262 957
7264 967
7276 355
7289 313
7303 811
7308 81
7312 176
7314 54
7316 749
7317 746
7318 718
7329 769
7332 712
7339 477
7344 342
7349 564
7350 692
7365 932
7369 517
7378 685
7386 161
7391 609
7394 869
7400 464
7414 308
7417 104
7428 765
7445 369
7447 310
7450 497
7451 129
7455 940
7461 410
7469 924
7475 663
7501 218
7509 439
7531 4
7535 639
7543 361
7545 619
7562 524
7569 210
7573 224
7577 268
7579 51
7579 449
7582 98
7583 947
7593 378
7605 586
7617 721
7618 521
7624 51
7625 466
7636 21
7639 760
7639 905
7641 253
7654 714
7655 200
7662 646
7664 920
7680 475
7694 695
7703 60
7705 549
7706 894
7707 637
7710 413
7710 756
7710 766
7727 956
7734 200
7745 160
7758 393
7787 591
7788 777
7792 837
7797 154
7824 467
7829 29
7830 837
7843 889
7848 462
7854 145
7855 776
7857 892
7868 660
7880 96
7885 641
7886 921
7889 904
7895 738
7896 793
7904 112
7910 22
7912 519
7917 443
7929 746
7937 875
7949 79
7956 513
7968 812
7969 445
7983 105
7990 51
7994 628
7997 511
7999 240
8003 476
8009 698
8017 238
8045 397
8061 126
8064 599
8070 885
8073 795
8075 133
8082 901
8093 125
8113 754
8123 694
8131 957
8144 289
8151 519
8153 319
8154 823
8162 837
8176 629
8177 78
8185 170
8196 540
8197 120
8197 933
8204 503
8208 347
8223 98
8227 66
8231 829
8256 287
8276 615
8287 222
8299 521
8323 501
8334 769
8339 689
8354 439
8362 680
8369 362
8379 638
8383 412
8385 767
8386 216
8387 492
8402 532
8405 381
8413 827
8414 80
8417 410
8417 954
8421 606
8440 978
8441 551
8467 8
8475 669
8484 690
8488 19
8493 749
8502 41
8502 260
8512 578
8519 581
8529 431
8533 187
8535 445
8537 635
8538 331
8556 352
8565 813
8566 494
8570 694
8590 381
8601 182
8611 407
8625 179
8633 402
8642 809
8648 615
8651 759
8651 848
8659 142
8662 344
8679 167
8691 240
8694 521
8697 948
8698 714
8703 428
8704 84
8709 527
8715 454
8716 172
8716 533
8720 512
8721 727
8726 708
8731 384
8737 66
8773 115
8781 412
8795 704
8800 383
8801 977
8814 156
8832 765
8835 16
8838 512
8841 275
8853 148
8857 258
8863 969
8881 139
8881 776
8885 665
8898 867
8904 886
8912 432
8923 616
8927 346
8930 225
8933 449
8939 908
8940 475
8943 781
8946 9
8957 470
8961 741
8975 183
8979 125
8980 837
8987 739
8995 650
8998 897
9006 457
9010 729
9014 921
9026 367
9027 808
9037 94
9045 55
9049 343
9059 577
9076 377
9076 745
9093 708
9114 861
9118 765
9130 99
9133 969
9137 239
9146 425
9147 961
9152 97
9180 461
9185 290
9198 943
9209 548
9225 592
9249 20
9260 355
9262 925
9290 953
9293 410
9295 222
9306 401
9309 688
9316 3
9338 184
9350 518
9353 204
9367 670
9368 848
9387 675
9390 881
9397 921
9398 403
9401 187
9401 873
9403 549
9415 131
9416 140
9417 128
9420 725
9421 879
9440 386
9448 569
9457 778
9471 794
9481 931
9495 256
9498 203
9501 198
9521 942
9532 536
9535 607
9544 115
9545 379
9548 84
9550 888
9552 78
9554 359
9574 1
9578 295
9578 695
9579 262
9579 855
9580 64
9588 471
9594 8
9609 559
9617 693
9620 49
9624 482
9650 614
9655 544
9662 809
9663 111
9664 655
9670 692
9673 72
9681 517
9688 988
9695 574
9697 121
9700 982
9701 106
9704 594
9705 382
9707 950
9709 843
9711 769
9749 528
9750 532
9759 209
9766 590
9770 12
9771 293
9775 566
9777 576
9785 206
9786 359
9793 655
9793 961
9796 649

