4295 6107 2086
1 1
1 1472
5 3851
5 4051
7 202
9 3330
10 4016
13 334
13 4277
15 4381
19 3349
20 3481
20 6006
23 4585
31 2021
34 5384
35 6048
36 1508
40 3020
43 4025
45 3107
48 5538
49 3621
55 5453
59 800
59 5350
60 112
60 2167
64 3409
64 5108
65 1477
65 4246
67 3578
71 914
73 4432
74 1237
76 1404
76 1961
78 5608
80 1438
81 3695
83 3395
85 5587
87 1397
88 5424
91 5688
92 2371
97 1622
98 2009
99 3336
104 429
106 2500
109 811
110 1353
111 1644
112 934
112 5298
113 733
117 544
117 4335
121 4706
123 2979
124 2031
124 3898
124 5285
125 1822
125 4612
127 2076
127 5813
128 383
130 5068
131 2896
132 2994
133 1420
134 5304
141 600
145 915
145 3643
148 2618
150 3446
155 1753
156 1261
163 3920
165 1356
167 5837
171 1557
174 3743
175 5205
176 4577
182 427
182 4547
183 3984
183 4368
186 5365
188 4339
191 548
194 1096
197 3869
200 1740
200 3154
202 2568
205 836
206 22
206 1171
212 263
213 2734
213 4658
216 975
218 5468
219 560
220 2685
221 5854
230 5961
234 4096
236 6092
238 2947
242 4449
243 4643
246 2832
249 4643
252 5296
255 1605
256 3538
257 2376
257 2948
259 1340
259 5636
263 539
267 3875
268 2874
269 2270
269 4200
272 4766
276 2615
277 4853
278 2126
281 3620
282 956
282 2803
282 5064
288 5570
289 2479
289 3043
295 50
296 2374
297 5052
303 3137
304 5991
305 1996
305 3019
305 3843
307 2763
311 4714
311 6020
313 546
317 1582
320 1467
320 3494
321 3789
322 817
324 838
324 1008
324 1324
324 4477
324 4944
325 2750
326 1892
326 2708
326 3523
332 3682
333 5778
334 1190
338 5888
341 5151
343 5115
345 5443
347 2231
349 3503
349 4313
356 2668
358 5762
366 3560
374 1718
375 530
376 4338
378 4036
379 5959
380 5832
383 1296
390 5988
392 666
393 3011
395 1130
396 901
398 4148
400 1895
403 4835
405 1261
405 2599
406 2477
407 3158
408 4868
410 5634
411 4337
412 2130
415 2184
419 4932
420 3485
421 3246
424 292
424 2583
425 118
425 1133
430 2044
431 3859
434 1031
434 3207
434 3971
437 1828
437 3402
438 4314
442 1792
442 2738
443 1028
447 3013
452 4412
458 3242
458 5797
464 1245
469 1085
472 5330
474 4820
482 1691
482 2319
483 4321
485 5700
488 5922
491 4027
492 1986
492 2845
495 569
501 2345
501 3226
505 1440
507 5767
508 1014
512 924
514 3108
516 3640
521 1885
522 5614
523 5876
524 85
526 3220
526 3255
527 1525
532 1135
534 5994
536 657
542 5866
545 245
547 1175
548 2284
549 5894
551 4969
553 5426
553 5992
555 2937
556 2699
557 990
559 5169
560 2365
561 5297
564 1374
565 4769
568 1834
570 1218
571 1079
571 4257
572 3092
574 1798
578 2316
578 4317
579 5676
582 1171
587 5926
588 2571
591 475
592 652
592 5335
600 460
601 91
602 2923
604 3958
604 5566
605 1029
610 5890
612 801
614 335
616 3310
617 5479
620 3440
621 1008
623 3719
624 997
624 2317
628 252
628 3141
628 5102
629 4869
630 958
630 5628
631 714
631 3161
632 540
632 990
636 2393
639 4900
640 159
642 4016
645 2846
646 380
651 2362
652 6034
653 1762
657 6009
658 1031
662 2893
664 1528
668 5597
669 5678
671 2256
673 4148
677 2781
679 1968
680 3449
683 4700
685 5193
690 4741
691 1018
694 2396
698 3925
706 293
706 4454
714 1469
714 4779
715 4378
721 4323
721 5069
724 3432
725 5236
726 4049
740 2184
740 2409
740 5620
743 915
743 1238
744 1558
748 1863
749 1955
757 1110
757 3558
757 4023
759 3666
760 485
761 2278
761 3127
762 1441
765 3932
766 766
767 3487
772 3596
774 3495
774 4309
775 4984
779 2374
779 3340
783 129
784 3160
785 3026
787 4685
790 4353
790 5441
793 1183
793 4528
796 524
800 2943
805 4783
808 367
813 3206
817 3244
820 4798
822 1958
824 1053
824 4656
833 5815
834 327
836 659
838 958
838 2569
842 1443
844 5880
844 6074
849 5948
849 5994
851 4545
853 1841
856 2042
860 1753
860 5084
862 3031
863 5050
866 3410
868 1388
870 832
870 1896
878 4515
885 427
887 3579
888 2813
889 277
889 529
890 2340
894 215
895 1851
895 1947
897 5023
900 3853
901 5095
909 5469
910 363
910 956
912 3119
913 1136
913 4074
913 5400
914 1803
917 901
919 2549
920 5975
921 443
924 1734
924 5705
925 5160
926 2875
927 1396
927 3165
930 2082
937 1166
942 4288
950 3737
951 1526
953 6002
955 5341
956 4847
958 3584
959 5690
961 388
964 233
964 2740
966 1789
968 361
980 339
983 2759
983 4897
985 2117
988 1273
990 515
990 4213
991 388
999 935
1001 4883
1007 2848
1014 4116
1019 4384
1029 1216
1031 5620
1032 1765
1033 2044
1034 1636
1035 5887
1036 3294
1039 1144
1040 5733
1041 1678
1042 432
1042 2441
1042 2497
1042 6020
1043 2481
1044 2333
1045 374
1046 1235
1047 2746
1049 5499
1050 2142
1052 4416
1053 5791
1055 3831
1058 5176
1060 5903
1064 4842
1065 3359
1067 5182
1069 650
1070 3754
1071 4202
1073 2393
1077 4765
1078 117
1079 4559
1080 3886
1080 5307
1081 3739
1082 3411
1086 2733
1087 351
1092 1208
1092 3820
1093 4802
1096 1351
1100 2371
1108 3938
1111 421
1113 598
1117 4385
1118 2948
1120 3187
1121 2511
1121 5896
1122 775
1123 642
1123 4440
1125 4470
1125 5448
1126 583
1131 966
1132 3796
1133 1099
1136 3434
1137 478
1138 1121
1146 4613
1148 1576
1148 3564
1149 1949
1153 49
1153 1125
1153 3400
1154 2793
1155 5329
1159 1809
1160 981
1161 2192
1161 4417
1161 4772
1161 5454
1165 3702
1167 2950
1167 4209
1167 5797
1171 2868
1171 5924
1173 3882
1174 413
1180 3975
1182 5777
1184 3517
1184 5498
1186 1943
1193 780
1193 3018
1198 2164
1198 5506
1200 887
1201 3018
1202 4225
1203 489
1206 1861
1209 2025
1213 1413
1214 5598
1215 5372
1219 4217
1221 2489
1222 4625
1226 756
1226 2982
1227 4538
1227 4718
1228 5743
1229 4702
1231 1720
1231 3288
1234 1425
1235 354
1235 933
1235 2052
1238 5455
1246 5346
1251 224
1253 2164
1258 1819
1263 1009
1266 3159
1267 3602
1269 3242
1272 5858
1276 1630
1278 2600
1281 1686
1283 4640
1284 2780
1285 4183
1286 2524
1294 1857
1295 487
1299 2638
1300 5385
1301 396
1308 1806
1310 2942
1311 4679
1313 1085
1317 790
1317 5081
1318 3539
1324 996
1325 1652
1325 4052
1327 3262
1327 4806
1331 2234
1341 5128
1344 694
1345 1105
1346 728
1349 60
1351 5494
1351 5969
1352 4538
1352 5477
1352 5596
1354 5448
1360 747
1362 5359
1363 1513
1365 3245
1369 3055
1371 2530
1372 3345
1373 2343
1373 5662
1375 2456
1376 3378
1377 123
1377 1387
1378 4093
1379 2718
1379 5126
1380 3630
1381 2070
1383 1257
1384 2636
1384 3045
1394 5340
1395 2486
1403 2281
1403 5125
1404 213
1407 935
1408 3403
1408 5358
1409 3174
1413 2042
1415 712
1416 4931
1417 4997
1419 1113
1420 3846
1420 4973
1421 4617
1422 3462
1423 4618
1424 882
1424 4652
1426 6032
1429 2811
1430 1700
1433 2451
1433 2578
1435 5977
1436 4944
1436 5009
1437 3333
1443 1757
1445 2660
1451 5289
1452 4798
1460 539
1460 5456
1462 4225
1464 1282
1467 2072
1468 901
1469 796
1470 2051
1473 5808
1474 2468
1476 5686
1477 5933
1478 5246
1479 4557
1479 5724
1481 90
1481 2904
1483 4591
1486 5870
1487 5606
1487 5737
1492 2526
1501 1421
1501 3991
1505 4585
1507 2643
1508 3495
1513 47
1513 759
1514 482
1514 5162
1516 4281
1519 5470
1523 6007
1524 6057
1528 339
1528 5445
1531 534
1531 4397
1534 1206
1537 4777
1538 1118
1539 3734
1542 4059
1544 1106
1545 2739
1546 3706
1552 3722
1552 3920
1552 4569
1552 5662
1558 626
1564 4307
1565 4798
1568 3759
1569 5418
1571 3765
1574 1376
1575 4903
1580 6028
1584 2050
1586 54
1600 2379
1602 3904
1606 929
1608 2192
1609 4399
1611 1059
1611 1227
1628 797
1628 5564
1630 1943
1631 2130
1632 3612
1632 4041
1634 3825
1635 1696
1640 706
1641 5025
1642 5387
1644 4875
1644 5383
1644 5836
1650 3037
1651 2347
1652 1534
1663 5663
1664 945
1666 156
1666 570
1667 2983
1669 3121
1669 4209
1677 3451
1678 2560
1683 2254
1683 4912
1684 495
1684 1276
1690 452
1690 2692
1691 1131
1693 2394
1700 3565
1701 2175
1701 5420
1702 704
1702 2876
1705 1923
1714 2068
1718 355
1722 3282
1726 3257
1726 3911
1726 4060
1727 4979
1728 5114
1737 242
1737 4413
1739 3787
1740 3549
1750 2530
1751 1205
1753 2424
1758 305
1758 5052
1758 6070
1765 1936
1765 2398
1769 1886
1769 2974
1770 5916
1776 2782
1778 3168
1779 1491
1780 2013
1782 2135
1783 3609
1785 4462
1789 5155
1795 4456
1797 4365
1801 2406
1801 3475
1805 5904
1816 4435
1826 4395
1830 1032
1834 972
1836 494
1839 4123
1840 1366
1841 872
1842 123
1845 4708
1846 564
1846 1712
1848 368
1848 1153
1851 4381
1851 4469
1851 5682
1854 3562
1864 922
1865 4118
1865 5199
1867 793
1867 4883
1873 476
1874 5349
1877 5894
1880 508
1881 4877
1884 3523
1888 4020
1888 4692
1889 258
1889 1022
1892 613
1892 3371
1892 3461
1893 2149
1906 19
1907 4545
1911 2165
1915 3325
1916 3628
1916 3720
1918 2431
1919 3751
1920 4784
1921 4597
1924 1818
1924 2218
1924 4361
1926 3405
1929 1185
1932 4614
1935 5231
1936 2622
1936 2731
1937 4470
1941 175
1941 2988
1941 5256
1942 1567
1943 886
1947 2928
1951 326
1951 2023
1956 4192
1957 2504
1958 1168
1958 6069
1963 3933
1965 592
1965 4092
1966 3808
1969 37
1969 2285
1971 6010
1978 1299
1979 2776
1985 1443
1986 2098
1987 1736
1991 3934
1994 5126
1996 1648
1997 164
1997 2883
2000 2768
2000 3467
2002 410
2003 5759
2006 946
2006 4294
2011 2799
2011 4243
2012 3999
2013 4020
2013 4445
2019 4420
2019 5884
2020 1246
2020 4555
2020 5970
2021 3829
2021 4257
2022 2981
2024 82
2026 2857
2027 1585
2027 2382
2033 4081
2033 5386
2034 15
2039 750
2040 4760
2041 6074
2042 3108
2043 2279
2043 5620
2044 1668
2045 691
2048 3573
2049 1843
2054 413
2064 4658
2064 5767
2065 1832
2068 1832
2070 4026
2072 1242
2074 2139
2075 3997
2078 2705
2079 483
2079 2963
2080 1934
2085 3452
2087 4356
2087 5251
2090 3673
2094 3847
2095 2257
2096 400
2097 3784
2097 5876
2101 4730
2103 2693
2105 837
2112 3967
2113 1456
2115 4234
2119 3529
2124 2607
2127 2010
2128 5515
2129 2844
2130 915
2130 3787
2131 1741
2133 803
2135 981
2135 2474
2135 6094
2136 4599
2140 3848
2142 990
2144 252
2144 4936
2145 598
2145 1563
2145 2513
2145 2665
2146 683
2150 2387
2150 5748
2155 988
2158 105
2158 1773
2159 2681
2160 1457
2162 2528
2163 2769
2163 4346
2164 1276
2167 43
2168 4622
2169 2747
2174 533
2174 2726
2179 3227
2183 3575
2184 1891
2186 3550
2188 2668
2189 2203
2190 4075
2191 2608
2191 3300
2191 5963
2196 3214
2196 5977
2197 4914
2199 4675
2199 4940
2200 733
2201 2850
2203 3333
2205 1527
2208 5975
2212 3475
2213 1549
2213 3422
2214 307
2220 854
2226 2866
2226 3826
2232 1129
2235 4296
2236 4801
2238 4580
2239 3207
2241 2883
2243 1162
2250 1189
2250 2999
2251 2121
2252 5926
2255 3369
2259 5836
2260 4254
2262 5728
2265 5653
2272 2538
2276 591
2279 1436
2282 1807
2282 5393
2286 3802
2287 4724
2289 4264
2294 403
2295 1896
2298 5572
2300 3474
2300 5578
2302 4431
2303 3135
2304 1611
2305 713
2306 3151
2307 4314
2315 3963
2318 1857
2318 2804
2321 94
2323 253
2323 2822
2324 121
2326 2855
2328 750
2330 901
2331 1216
2333 3327
2337 4039
2338 3015
2339 962
2339 3709
2340 1050
2340 1598
2340 2935
2342 1457
2346 5265
2349 2134
2350 2190
2351 5623
2354 828
2357 493
2358 1245
2366 1352
2366 5381
2368 310
2368 2783
2370 733
2374 4961
2375 2267
2376 2954
2377 5739
2380 3748
2381 1500
2381 2330
2381 5222
2382 2805
2383 5093
2385 1400
2387 3521
2388 2286
2389 3121
2389 4084
2391 3120
2391 3791
2391 5417
2394 905
2394 1634
2395 4316
2397 4805
2398 89
2401 4398
2406 194
2408 71
2409 3267
2409 5416
2410 245
2410 2807
2410 3070
2413 2824
2415 1166
2415 2204
2415 3569
2415 4689
2416 777
2421 1270
2425 5788
2428 1876
2429 3363
2430 1457
2435 1560
2442 3348
2443 1649
2443 2192
2444 2148
2446 3524
2446 4109
2447 2060
2448 5999
2452 2272
2456 1529
2462 2445
2463 147
2468 2534
2468 2901
2469 4303
2470 5591
2471 2041
2471 2105
2471 5836
2477 5753
2479 4597
2480 1816
2487 4186
2490 2015
2491 681
2491 2545
2494 1663
2502 1814
2504 5267
2510 1558
2518 4224
2523 462
2527 3180
2528 1941
2531 3256
2533 4383
2539 627
2539 2384
2539 2547
2539 5996
2540 1887
2542 2815
2544 2620
2544 4244
2545 4674
2546 4476
2547 2059
2547 3078
2547 3685
2552 1540
2559 1636
2560 1007
2561 3629
2562 5810
2563 117
2565 3029
2565 5472
2567 5133
2568 5235
2569 2004
2570 5478
2571 23
2572 349
2572 803
2572 4433
2573 2498
2574 3939
2579 4687
2580 1999
2582 4068
2585 5572
2597 897
2599 5091
2602 3277
2602 5099
2603 1383
2603 2793
2604 4032
2609 3335
2614 1118
2614 3539
2618 4974
2622 3392
2622 5558
2625 891
2626 2174
2629 65
2631 1146
2633 3621
2635 3692
2636 4599
2639 5741
2640 1301
2642 102
2642 2071
2643 3008
2644 2612
2648 5184
2649 3258
2650 4121
2651 1083
2652 5022
2653 2920
2654 1368
2655 5893
2657 3816
2660 5706
2662 4828
2668 979
2669 1804
2671 4526
2676 1249
2677 5093
2679 3055
2680 108
2680 5407
2684 2068
2686 2343
2688 2706
2692 4012
2693 1487
2694 146
2694 5616
2696 5443
2703 3528
2703 5743
2704 5521
2708 5683
2709 2782
2718 3699
2718 4859
2719 219
2719 4033
2721 1335
2726 4411
2727 768
2736 1296
2741 375
2743 303
2743 2873
2744 985
2745 2099
2747 2495
2750 2159
2751 2500
2753 3056
2757 5211
2757 5626
2758 975
2758 2843
2760 5051
2761 2271
2761 4938
2765 2065
2766 1392
2766 2534
2769 596
2771 93
2772 2491
2776 6092
2777 2315
2778 4681
2780 5874
2783 4941
2784 722
2785 987
2792 1094
2793 559
2793 6080
2798 4975
2801 1628
2803 3647
2809 3565
2812 1192
2815 4280
2816 4420
2817 2306
2820 2287
2821 5321
2825 2208
2826 2465
2826 2666
2826 5083
2836 1336
2838 2912
2838 5903
2841 1629
2842 575
2842 3983
2845 4342
2847 3134
2847 4419
2848 3603
2849 3760
2853 2053
2854 3572
2855 5159
2856 1715
2863 976
2865 4546
2870 6006
2871 926
2871 5664
2873 1477
2874 5246
2875 5863
2878 759
2878 1519
2880 4279
2880 5773
2881 802
2885 535
2888 3242
2888 3397
2889 2097
2892 3891
2892 5916
2894 3290
2895 119
2900 6086
2903 952
2906 4315
2906 5708
2908 1814
2908 4779
2909 5479
2910 5827
2915 2825
2915 5254
2917 5215
2918 16
2921 1196
2921 3347
2923 866
2923 1743
2928 2916
2932 2386
2934 2273
2935 4847
2936 4120
2940 626
2942 2143
2942 3257
2944 2570
2944 3810
2944 4082
2949 49
2951 5700
2954 5944
2957 90
2961 3358
2967 304
2970 2254
2972 5425
2975 562
2975 1594
2976 5467
2978 3736
2983 4877
2991 1635
2991 5277
2998 4593
3000 666
3000 3061
3001 5642
3003 3433
3003 3591
3007 12
3008 910
3008 2758
3012 3021
3016 2
3021 653
3021 4471
3022 1049
3023 4845
3027 2884
3027 6100
3028 1389
3030 2596
3032 1707
3034 206
3034 2196
3037 768
3039 5153
3041 4542
3041 5584
3042 780
3044 3586
3045 737
3045 2724
3047 4140
3048 3982
3052 1555
3052 4710
3053 76
3054 3171
3058 909
3061 3860
3062 606
3063 50
3064 5893
3065 1432
3066 4846
3068 907
3069 2138
3071 892
3073 584
3075 3792
3081 1811
3082 3179
3085 542
3085 4221
3085 5661
3086 1169
3087 4640
3089 3880
3094 370
3098 4774
3100 4381
3103 2859
3104 2969
3105 3314
3107 5643
3108 1525
3112 5985
3113 99
3114 4737
3114 4858
3115 44
3117 2678
3118 5157
3119 1840
3122 5132
3123 3956
3125 2139
3126 1270
3127 3937
3134 2127
3134 2923
3134 3008
3134 5574
3135 5407
3136 1287
3138 4270
3139 881
3144 2696
3145 3973
3145 5181
3146 4161
3146 5290
3148 4619
3151 2889
3151 3475
3151 3810
3152 3528
3154 3852
3156 5800
3158 1055
3158 3476
3165 3095
3171 2683
3171 2801
3175 5217
3176 740
3176 1800
3178 1214
3183 5399
3187 1907
3187 5564
3189 630
3189 3714
3191 5714
3195 868
3196 2081
3197 2720
3197 5158
3200 5911
3204 4338
3207 4572
3208 5941
3210 4001
3211 5697
3213 1457
3216 4640
3218 3817
3220 2019
3224 4413
3224 4934
3225 187
3225 4874
3226 6007
3229 1915
3232 1945
3232 4273
3235 3811
3238 3320
3238 5833
3239 5829
3240 1865
3244 6085
3246 2623
3246 3585
3248 107
3249 920
3250 1476
3259 135
3259 1122
3259 3611
3262 2963
3272 5170
3276 475
3276 5625
3278 86
3278 2705
3279 4648
3283 3011
3285 1751
3289 652
3289 1555
3299 2042
3299 4876
3303 4796
3307 4996
3308 1830
3308 4354
3308 4673
3310 3164
3315 1844
3316 3536
3318 621
3322 5258
3323 2682
3325 4879
3328 4838
3332 4944
3333 4891
3334 488
3336 73
3338 5816
3341 5430
3342 5927
3344 5780
3347 240
3347 738
3348 2545
3348 4320
3350 1896
3359 5861
3363 2778
3363 5044
3367 1582
3367 3371
3367 3939
3369 574
3371 3793
3373 3599
3374 2108
3376 257
3377 5556
3382 4210
3384 382
3385 2744
3385 5170
3391 2026
3396 306
3397 701
3400 4858
3401 5448
3403 2866
3404 4974
3414 1918
3415 3237
3415 5004
3420 2694
3426 3347
3426 5026
3427 4318
3432 4527
3432 5024
3441 2030
3441 3706
3443 2116
3444 5763
3445 5083
3447 3032
3447 3940
3448 1341
3451 6041
3453 1620
3455 2353
3456 3238
3467 5490
3475 2834
3476 1698
3482 5738
3483 4235
3487 563
3492 2302
3494 916
3495 1462
3495 2923
3496 4424
3497 3066
3498 646
3498 2695
3506 347
3507 3677
3508 3278
3511 199
3512 3402
3512 4572
3514 2010
3517 3294
3519 148
3519 4486
3521 229
3521 5705
3526 2305
3532 4777
3535 2497
3538 1880
3538 3401
3540 5681
3542 4038
3545 3093
3546 5304
3549 4108
3553 782
3555 5010
3558 2452
3559 3160
3561 3716
3564 1534
3565 856
3567 1598
3570 5485
3573 604
3574 1839
3577 1936
3579 2536
3583 1189
3586 3187
3588 3572
3590 3795
3590 5430
3593 5614
3594 3502
3594 3676
3595 1488
3595 2518
3597 2390
3597 4174
3599 2929
3599 3985
3602 5599
3603 6080
3605 662
3606 2922
3608 41
3608 1002
3609 2790
3611 3185
3617 2689
3619 4892
3620 4954
3621 3268
3623 3694
3625 738
3625 5816
3629 445
3629 5778
3631 1223
3633 1881
3633 3718
3634 3390
3635 5339
3636 5298
3637 2162
3638 4935
3638 5658
3639 1681
3642 2683
3643 3821
3648 4247
3649 1918
3650 2993
3650 3935
3655 2537
3659 4281
3660 4640
3661 938
3661 5783
3663 2275
3663 4989
3665 664
3669 5957
3684 4353
3692 5690
3693 4279
3694 465
3695 3338
3695 5716
3696 408
3702 4646
3703 2550
3704 1749
3705 876
3705 1127
3707 3760
3710 4670
3715 926
3716 3130
3716 3543
3718 569
3719 20
3721 5374
3722 842
3723 6037
3723 6061
3726 735
3726 4758
3729 292
3732 1451
3737 5268
3738 4810
3739 5745
3742 1184
3742 2497
3745 1795
3746 2146
3746 3734
3750 3440
3750 5251
3751 904
3751 1907
3753 5738
3754 1659
3754 2781
3755 3530
3755 4433
3756 435
3757 1751
3761 4436
3763 2208
3766 1645
3769 4526
3774 4812
3777 6000
3779 1283
3779 4101
3780 3549
3780 3662
3783 25
3784 1314
3790 2972
3790 5563
3790 5874
3794 1215
3794 5078
3795 2666
3796 2161
3796 4150
3800 2252
3800 2962
3801 3475
3804 2110
3808 245
3811 1626
3811 5472
3821 424
3821 2962
3827 5560
3830 1319
3834 4603
3841 835
3841 845
3841 5215
3844 5663
3846 3955
3846 4768
3849 230
3849 5440
3851 4282
3854 4622
3857 3145
3858 7
3858 4187
3858 4243
3861 5262
3864 286
3868 2442
3870 1866
3872 1208
3873 1348
3874 2326
3875 4498
3875 5239
3876 4758
3878 224
3882 5053
3883 274
3885 3971
3887 1644
3888 1038
3889 2985
3889 3191
3893 5038
3899 2777
3900 327
3902 3748
3907 2980
3908 4097
3914 3674
3916 1356
3917 3524
3918 450
3918 2114
3920 2744
3920 4818
3923 985
3924 1883
3927 258
3937 4059
3938 3516
3939 315
3940 4936
3940 5692
3942 1001
3942 4473
3943 3201
3944 3488
3947 2651
3948 2054
3949 1764
3949 3160
3950 1336
3952 373
3953 3020
3958 888
3958 3154
3960 1791
3963 2037
3963 5985
3965 1266
3966 397
3966 2117
3968 4191
3969 2540
3969 5110
3970 1992
3970 2398
3971 378
3971 2503
3972 5381
3975 4423
3976 2885
3977 642
3977 5208
3979 3048
3980 1977
3986 4417
3986 5013
3987 1907
3987 3998
3988 1581
3988 2017
3989 1243
3989 4099
3991 4083
3993 3690
3993 4954
3996 599
3997 5844
4000 4642
4005 5924
4006 5271
4006 5336
4007 664
4010 6044
4012 2479
4013 1951
4014 60
4016 4128
4017 2622
4018 3396
4018 3973
4019 2294
4022 4906
4022 5871
4025 1429
4025 1504
4035 3281
4036 32
4036 5891
4038 612
4040 1891
4042 1414
4042 5279
4043 672
4043 1455
4043 4855
4044 420
4044 5896
4045 72
4047 1407
4048 1901
4048 5457
4051 6017
4054 5620
4058 3084
4060 3125
4061 1527
4062 1681
4065 1377
4068 3565
4073 1893
4075 1598
4076 4331
4077 2865
4078 3234
4082 3594
4085 4349
4089 1594
4090 3480
4091 479
4091 1172
4092 3819
4093 2746
4094 5475
4095 2020
4096 3843
4097 987
4097 3121
4097 3147
4097 3938
4097 5269
4099 2956
4105 1049
4107 1223
4111 1382
4113 143
4116 1534
4122 3851
4127 3032
4129 2041
4132 5288
4135 2077
4140 555
4141 1838
4144 5347
4148 3909
4150 4764
4154 322
4154 2147
4154 5363
4158 5607
4160 5594
4162 3615
4164 1486
4164 3972
4167 4538
4168 2624
4169 773
4175 4125
4177 3289
4182 1906
4183 4775
4188 2674
4189 3468
4191 2316
4194 2604
4194 3151
4195 162
4195 330
4195 627
4195 4955
4201 1209
4207 1860
4217 1302
4217 4999
4218 4482
4218 5884
4218 5949
4222 5518
4223 4099
4225 4175
4225 4933
4226 3795
4229 2103
4232 1117
4233 5389
4234 102
4235 210
4235 617
4235 2799
4238 4620
4241 1303
4241 4574
4241 5203
4246 205
4252 2828
4253 2609
4253 3757
4255 3051
4255 4658
4255 5447
4257 3906
4265 439
4269 4535
4269 5760
4272 1989
4275 5986
4278 2984
4285 2955
4286 2457
4291 1197

