7069 2967 3255
1 1
1 433
6 1036
9 1547
16 1623
16 2875
18 663
19 1903
21 1768
24 2458
27 207
27 921
27 1259
30 1396
31 558
31 1745
32 2358
37 693
38 2925
41 142
41 1508
43 810
43 2342
46 2330
53 1264
55 232
56 163
56 1946
58 1451
58 2128
60 1906
62 852
63 2661
64 1342
71 1448
73 2794
74 2754
78 313
82 1818
95 1826
98 1671
99 1874
99 2270
101 1470
102 431
102 1162
104 984
108 2363
110 1344
113 65
113 1904
118 122
118 545
119 881
122 1199
125 1311
131 1548
133 2857
143 353
143 2727
147 935
152 1228
155 116
157 253
162 728
163 849
164 345
168 1368
168 2224
169 1792
171 1668
173 1821
174 2395
174 2780
175 382
176 534
178 2417
179 1887
181 839
183 1212
183 1879
184 96
188 2224
189 673
191 1301
195 1283
195 2418
196 1844
197 818
198 1166
198 1631
202 2252
203 116
203 760
203 1819
204 268
212 2806
213 1077
217 1609
220 1542
222 2926
224 2395
225 774
225 2355
226 1367
233 2051
235 433
236 1989
240 417
244 2188
246 1640
247 1890
250 150
251 994
251 1315
255 2340
256 2521
259 2089
261 2762
262 70
266 578
266 1486
272 110
272 2714
275 492
279 1666
280 1869
281 1038
281 2161
282 2423
284 1689
286 945
286 2236
287 1705
287 1751
288 713
290 198
291 945
291 2730
293 2555
293 2916
294 458
295 1684
296 1018
300 928
300 2471
301 933
301 2630
303 780
303 1743
304 545
305 1116
305 2531
305 2630
306 138
306 291
309 2
311 86
312 659
312 680
312 1506
315 2330
316 2475
316 2953
322 1008
323 806
327 1560
331 159
332 311
332 1792
333 1314
334 1129
335 860
337 107
338 889
341 2965
342 575
344 1217
348 1494
349 7
349 1754
352 64
353 528
354 1647
354 2381
356 612
358 1366
358 1418
360 820
360 2019
361 2750
364 1999
365 1629
370 1231
375 547
378 2574
383 2851
384 1450
385 2229
390 928
393 1438
394 1402
395 552
395 1829
401 2688
404 409
405 1516
411 2138
413 5
413 1021
416 1651
419 718
421 1717
422 681
423 660
424 2221
427 858
430 775
432 2832
435 1479
437 2927
442 2185
442 2696
444 996
445 1187
446 1832
449 953
450 828
452 1207
460 2536
463 716
466 309
466 2796
468 1151
470 2710
472 2918
475 556
476 1278
481 525
485 2127
490 2274
493 1744
494 2535
503 32
505 109
507 1067
509 2572
510 1719
510 2143
510 2726
511 418
512 1779
516 1774
517 144
519 2338
520 1677
523 2799
525 2889
526 588
526 1278
527 969
529 1037
534 1144
538 143
544 556
544 696
544 1343
544 2655
552 1817
555 2026
556 251
556 1461
556 2450
562 1725
567 749
567 2140
569 378
571 720
574 449
578 913
581 475
581 2389
581 2511
584 1283
586 2220
588 858
591 1571
591 1575
593 1782
598 2387
607 975
614 5
614 2943
616 2460
618 73
618 1440
618 2876
620 2397
622 1425
622 1476
623 617
625 127
625 1042
625 1252
626 1023
627 473
630 2813
633 775
634 424
636 2466
642 1970
644 2517
654 71
654 2043
656 2576
659 2145
666 335
666 2161
667 1456
669 2684
671 623
671 2183
672 2110
674 2962
675 2842
676 2314
678 234
678 731
678 2650
679 44
680 2122
681 1929
683 1670
683 2731
684 212
688 1446
688 2864
695 1614
697 1966
699 777
702 1114
706 2073
711 2157
712 1571
715 1875
716 2748
718 582
718 683
718 769
719 2707
720 1892
722 2172
723 78
723 2528
730 351
730 1232
733 1161
735 43
742 577
745 595
745 1831
750 1652
753 1973
753 2572
758 752
763 974
769 1060
771 534
779 1093
779 2798
782 962
784 36
786 790
787 790
789 792
794 241
799 482
800 957
802 2918
803 1737
810 1575
811 1560
812 546
813 703
814 2793
820 146
820 2746
820 2814
822 1101
822 2536
826 278
827 1421
829 352
833 2809
834 1884
835 314
839 539
839 1043
844 595
844 1369
845 2383
846 1038
846 2832
855 2072
859 1301
861 859
861 2353
862 2776
865 66
867 720
867 868
870 1267
870 1323
872 1353
875 1966
876 108
879 1513
881 2719
884 2375
886 455
886 2332
888 2485
892 1706
893 2516
895 1088
897 1179
897 2509
902 70
902 1393
903 144
909 1497
911 1252
917 720
919 2598
919 2615
921 1448
922 803
924 1249
930 1115
934 2959
935 746
937 488
940 84
940 2014
940 2485
941 2118
942 1676
944 2686
945 530
945 1069
947 1585
950 205
952 2824
953 8
954 410
959 1078
960 319
965 320
965 1146
968 803
970 1657
972 2265
974 748
977 2057
981 2522
983 2412
984 2463
986 220
988 321
992 1253
995 2040
998 901
998 974
1001 1530
1008 76
1012 188
1016 2035
1019 2345
1025 1513
1025 1933
1026 2322
1028 2613
1037 285
1040 1702
1043 1011
1045 202
1045 210
1047 2602
1048 1776
1055 2311
1059 768
1060 751
1060 1511
1063 1728
1064 1561
1065 723
1065 2505
1067 596
1072 2849
1074 806
1078 262
1078 393
1081 1075
1082 2117
1084 222
1093 1646
1093 2427
1097 1277
1100 1605
1101 200
1102 479
1102 2289
1105 1058
1109 1102
1109 2374
1111 500
1113 1721
1117 983
1120 1458
1123 391
1126 615
1128 234
1128 1068
1128 2922
1129 1573
1130 1208
1131 1464
1131 2431
1136 2009
1136 2332
1140 382
1141 857
1142 1285
1149 1111
1150 1872
1150 2483
1153 1688
1153 2870
1158 82
1158 2928
1161 1482
1161 2336
1161 2668
1165 2494
1166 360
1167 104
1168 828
1169 880
1170 2066
1172 2579
1174 1096
1175 1756
1179 1054
1183 1199
1188 1838
1189 1647
1191 1678
1192 1249
1193 2337
1194 2617
1195 56
1199 362
1199 949
1203 2479
1206 174
1208 807
1214 1263
1214 2647
1217 2071
1224 1809
1227 1510
1227 1991
1230 1336
1236 2
1236 8
1236 732
1236 2963
1237 542
1238 11
1241 2742
1245 1345
1249 1724
1257 359
1260 659
1262 153
1264 178
1264 793
1264 2858
1265 1265
1271 2880
1274 1864
1276 219
1280 664
1285 1113
1286 1767
1288 462
1296 351
1297 3
1300 1194
1302 2956
1303 2719
1306 1955
1309 2357
1309 2817
1310 1266
1311 1550
1318 2395
1323 1571
1324 1119
1328 1277
1332 47
1332 562
1332 1416
1332 1736
1333 1160
1335 1542
1338 2562
1346 1323
1347 2816
1348 2129
1349 2765
1350 997
1351 704
1353 2590
1360 2112
1363 2643
1369 1029
1370 134
1371 1224
1371 1705
1371 1903
1372 2439
1373 1113
1378 1292
1382 1058
1386 2524
1387 1686
1387 2248
1388 225
1390 1727
1390 1802
1390 2028
1394 729
1399 2513
1404 1929
1406 796
1406 2516
1408 399
1408 2263
1409 1326
1410 1308
1412 2477
1413 351
1418 1418
1420 1622
1421 2829
1422 331
1423 2497
1425 1820
1428 1323
1429 349
1429 1337
1432 740
1432 2453
1433 1283
1433 1814
1434 2196
1439 2452
1441 2236
1444 1368
1444 1605
1444 2046
1448 1652
1452 122
1454 36
1455 1924
1461 2730
1462 817
1464 194
1464 2686
1465 1339
1466 2603
1469 2653
1472 433
1473 1247
1473 1282
1476 673
1479 2655
1484 1891
1486 51
1486 190
1488 871
1489 170
1491 424
1492 2054
1492 2851
1493 279
1493 664
1499 58
1504 1773
1506 1294
1506 1957
1507 2074
1517 705
1518 1649
1522 1539
1526 166
1526 847
1527 359
1530 2187
1531 2475
1532 2811
1534 174
1534 901
1534 978
1534 1630
1536 1544
1537 777
1538 199
1540 999
1545 2624
1548 2501
1549 699
1551 1401
1552 657
1554 1708
1555 1709
1561 109
1563 2184
1563 2879
1564 2204
1565 2907
1566 122
1569 37
1569 2022
1570 467
1572 2525
1574 1111
1574 1750
1575 584
1575 1435
1580 1400
1580 1402
1581 1296
1584 1996
1588 2018
1589 1965
1590 2094
1591 2477
1592 1867
1594 1934
1594 2447
1596 784
1596 1798
1597 1248
1598 661
1598 1543
1604 1330
1604 1757
1606 1162
1606 2276
1608 2647
1610 214
1610 426
1614 156
1614 1280
1616 2021
1623 342
1623 1258
1624 2832
1627 1079
1628 1844
1629 710
1632 82
1633 843
1637 745
1637 827
1637 2409
1638 504
1641 449
1641 1118
1641 1133
1641 1832
1643 1816
1643 2444
1645 54
1645 605
1646 2468
1649 1216
1650 2276
1650 2785
1652 1904
1653 1758
1655 71
1657 2934
1658 2857
1660 283
1662 520
1662 2810
1663 125
1667 253
1672 382
1672 1577
1673 1903
1677 2662
1678 776
1680 1262
1680 2108
1681 139
1681 187
1684 1985
1685 1228
1686 1430
1689 420
1692 383
1692 1412
1698 2525
1702 542
1715 2793
1723 125
1727 420
1736 2807
1740 1979
1740 2208
1741 2607
1742 953
1743 1115
1745 1475
1752 1777
1753 796
1753 1880
1753 2456
1757 1359
1758 148
1758 917
1759 526
1766 2608
1769 239
1769 2901
1778 1543
1779 2089
1780 2331
1781 1990
1784 2250
1785 2406
1795 186
1798 767
1799 1463
1800 491
1808 2147
1814 602
1816 1727
1820 563
1822 2018
1824 69
1826 2849
1831 2940
1837 2377
1838 1036
1838 1675
1839 2174
1843 1239
1844 116
1846 1717
1851 575
1853 450
1853 1457
1855 2243
1858 2347
1860 1490
1862 2531
1865 427
1866 82
1866 2681
1867 2013
1868 1470
1868 1841
1870 899
1870 2198
1873 2032
1874 2566
1875 832
1875 2398
1876 1594
1879 2027
1880 49
1880 2078
1882 1168
1883 458
1883 571
1884 44
1887 1819
1888 2380
1891 699
1892 899
1892 1258
1892 1955
1893 2618
1894 2693
1895 2768
1899 1787
1900 2907
1909 2739
1911 2119
1920 1629
1926 225
1934 908
1936 1511
1936 1904
1937 1976
1940 2602
1954 2939
1955 481
1955 1492
1957 1034
1966 861
1975 1498
1978 2063
1978 2145
1980 808
1982 61
1987 2719
1995 2263
2000 2715
2001 2164
2002 584
2002 2407
2003 2593
2004 1883
2006 618
2008 700
2008 2869
2010 84
2015 600
2015 1971
2017 687
2018 90
2020 800
2027 926
2028 452
2029 873
2035 2041
2038 2685
2040 2350
2041 807
2041 1253
2043 2336
2044 99
2045 65
2046 151
2047 11
2055 2312
2057 1256
2057 1958
2060 1047
2060 1525
2060 1618
2065 2274
2072 665
2075 157
2080 1890
2081 842
2081 2528
2090 1580
2092 919
2093 2791
2101 744
2101 2215
2103 2741
2104 484
2107 1913
2110 2883
2116 1380
2117 211
2117 2919
2121 1813
2124 2734
2126 1321
2127 1614
2133 1899
2135 992
2137 910
2137 1915
2138 2656
2143 2444
2147 2688
2148 1767
2151 1290
2154 2620
2157 2665
2160 124
2162 254
2162 661
2164 2810
2167 1335
2168 2941
2174 370
2174 2653
2176 1258
2177 2899
2178 2148
2178 2645
2186 34
2187 2244
2189 31
2190 532
2195 38
2197 877
2199 34
2199 1815
2201 260
2202 1827
2203 2653
2203 2670
2205 1091
2207 960
2211 1544
2213 1701
2215 1118
2218 921
2220 948
2220 1585
2222 1115
2225 399
2226 388
2227 2211
2231 2640
2236 1562
2238 1061
2238 2142
2239 588
2239 743
2241 1754
2248 366
2248 1087
2250 2586
2258 1361
2258 2148
2260 1254
2261 2134
2262 1574
2262 1990
2262 2615
2264 1583
2267 630
2268 56
2268 658
2272 325
2275 1038
2276 1144
2276 2156
2278 252
2278 900
2280 2102
2281 1745
2286 1924
2288 449
2288 1686
2291 2782
2292 2243
2293 1560
2295 1020
2295 2029
2297 2535
2307 1685
2309 2685
2315 1770
2315 1776
2316 1851
2317 2158
2318 2920
2323 2101
2324 2537
2330 2090
2333 2562
2335 1259
2342 1626
2343 281
2344 1998
2350 2244
2350 2795
2352 2483
2352 2557
2354 722
2362 1829
2363 1812
2366 1541
2368 2779
2368 2947
2370 2655
2371 2757
2372 2448
2378 1861
2379 1718
2381 1551
2384 1311
2386 2776
2392 2673
2395 2260
2399 1087
2403 2314
2409 740
2412 307
2413 1471
2415 2479
2417 728
2419 271
2419 1027
2419 2016
2420 2208
2425 973
2427 2577
2429 813
2429 1734
2429 2269
2431 1427
2432 1877
2435 1873
2440 2907
2449 2682
2451 1799
2452 464
2453 2854
2455 2000
2456 799
2458 2660
2461 465
2463 288
2464 506
2465 1374
2470 2728
2472 1950
2475 1510
2475 2066
2479 2817
2479 2928
2480 937
2483 2198
2486 2839
2487 1609
2488 324
2489 2553
2492 1381
2495 1055
2497 1713
2498 873
2499 1732
2501 1131
2502 1784
2502 2634
2502 2708
2503 882
2504 367
2508 597
2508 915
2510 1058
2512 1653
2516 2024
2519 1032
2524 1173
2525 851
2529 976
2532 1597
2535 1884
2538 524
2538 1985
2539 1787
2543 381
2546 2496
2547 699
2549 332
2549 2305
2551 1354
2553 145
2561 1858
2564 837
2566 193
2567 1075
2575 453
2575 2909
2577 2189
2582 2094
2587 1337
2593 2148
2595 278
2600 519
2601 11
2606 896
2606 2638
2611 1618
2612 1287
2616 2069
2618 2348
2620 1731
2623 263
2625 1584
2626 1037
2628 1520
2628 2749
2632 2304
2635 2618
2636 2276
2637 2183
2640 1080
2642 423
2644 672
2644 1144
2646 531
2651 2593
2653 602
2654 436
2654 2139
2656 1333
2663 189
2663 888
2665 1464
2669 1863
2672 270
2675 1978
2677 303
2679 1925
2680 344
2680 2538
2683 2442
2684 616
2692 612
2692 1724
2694 1428
2694 2460
2695 1502
2702 1588
2705 2613
2709 423
2710 1744
2713 746
2715 390
2715 1720
2717 2480
2718 882
2724 1110
2742 1892
2745 319
2745 2921
2749 2556
2754 2380
2756 1272
2758 472
2759 2279
2761 481
2763 304
2763 658
2768 594
2768 1259
2768 2030
2769 752
2773 2502
2776 2228
2779 1321
2779 2167
2779 2292
2783 325
2789 311
2792 614
2793 813
2795 2680
2796 1964
2800 1055
2800 2321
2802 2830
2803 2021
2804 2651
2806 660
2807 1775
2813 2795
2814 1520
2815 2464
2819 2414
2820 462
2822 2089
2824 2798
2824 2855
2833 1936
2833 2535
2837 2264
2840 2014
2840 2471
2841 2943
2845 640
2846 447
2846 2616
2847 2811
2848 2306
2849 57
2852 845
2854 1538
2855 1801
2856 2524
2857 1511
2867 2635
2870 529
2874 2218
2876 343
2881 9
2881 451
2888 422
2889 100
2890 202
2890 2739
2892 39
2894 664
2896 700
2898 2592
2904 180
2907 2127
2908 1947
2908 2066
2913 2497
2915 2285
2918 1250
2920 2252
2923 1783
2927 1270
2927 1835
2929 2659
2930 1099
2932 568
2933 701
2934 1417
2935 1395
2935 2802
2936 218
2937 74
2937 1294
2938 355
2940 2193
2944 1095
2945 2890
2946 25
2948 2075
2950 2384
2952 548
2953 2730
2959 593
2960 59
2964 2642
2968 2493
2969 245
2969 2266
2970 2021
2971 1162
2974 1263
2977 1196
2981 1689
2982 2925
2983 2243
2987 644
2988 1961
2989 1840
2989 2291
2989 2852
2991 833
2991 1940
2996 1085
2996 2376
2996 2938
2997 1379
3000 1097
3000 1443
3004 629
3005 1644
3011 846
3017 244
3021 873
3021 2575
3021 2619
3024 1461
3027 2408
3032 1267
3032 1392
3036 1448
3046 1087
3051 1179
3052 1580
3059 2218
3067 1438
3079 738
3082 579
3082 1865
3084 724
3085 586
3088 2488
3088 2602
3091 131
3092 1025
3092 1270
3092 2378
3096 284
3099 2300
3101 277
3106 53
3106 58
3106 328
3107 2639
3114 2662
3120 75
3120 2108
3121 724
3124 823
3126 1120
3128 2571
3133 1398
3136 2192
3138 717
3142 887
3143 2730
3145 2493
3147 2182
3148 2341
3152 8
3153 992
3158 1710
3159 1831
3161 1417
3165 864
3165 1562
3166 757
3169 1212
3169 2951
3170 592
3174 2193
3178 1039
3181 711
3184 848
3185 1592
3187 2827
3187 2879
3189 2263
3189 2753
3190 757
3190 2349
3191 450
3196 153
3200 1052
3200 2568
3202 1023
3206 2747
3208 2911
3210 2527
3212 90
3212 2316
3217 2167
3223 343
3223 1646
3224 932
3227 2779
3228 1156
3232 2509
3232 2767
3234 1341
3234 1861
3245 2889
3248 1662
3252 1119
3258 196
3259 2349
3261 2396
3262 923
3262 1691
3262 2787
3263 2424
3267 162
3267 879
3269 620
3269 1862
3271 792
3271 1560
3272 2552
3277 67
3277 639
3277 1435
3279 38
3279 912
3279 2011
3283 234
3284 381
3284 998
3284 2876
3290 775
3292 442
3293 2857
3294 2054
3295 2184
3295 2831
3297 848
3301 2540
3303 253
3304 2197
3306 730
3307 2427
3311 423
3313 2106
3320 1287
3320 2700
3323 2243
3325 1915
3326 361
3328 1967
3329 1590
3329 2524
3332 1112
3335 660
3336 2738
3338 1386
3341 2762
3342 2047
3347 722
3349 1869
3351 172
3353 1365
3357 1432
3358 2565
3361 1465
3366 2038
3372 1004
3375 939
3375 1932
3375 2927
3376 186
3377 1093
3378 2139
3379 268
3383 485
3383 1925
3384 1514
3385 380
3385 952
3385 2667
3386 1652
3388 707
3388 2536
3389 1519
3393 2339
3398 129
3398 1158
3398 1688
3399 734
3402 989
3403 415
3404 220
3408 173
3409 919
3418 164
3419 2041
3422 1771
3423 1357
3424 1404
3429 1670
3429 2024
3430 689
3433 2133
3434 901
3437 231
3443 853
3443 2577
3446 2943
3449 1674
3451 1282
3451 2070
3452 2045
3455 1139
3456 2316
3457 375
3458 2269
3459 2665
3461 40
3463 966
3463 1110
3466 220
3470 1280
3472 1112
3474 2524
3475 1665
3479 308
3480 1282
3481 2213
3483 2577
3484 1034
3484 1256
3484 2838
3486 2080
3488 63
3489 2788
3490 1706
3494 694
3495 451
3497 2857
3498 2858
3499 757
3500 470
3502 2364
3504 483
3504 2094
3516 304
3517 59
3518 1908
3519 2951
3522 2074
3529 1942
3531 1219
3532 112
3535 2739
3536 949
3539 35
3539 1183
3539 2695
3543 2122
3550 1652
3550 2813
3551 2553
3556 920
3557 564
3560 997
3560 1440
3567 201
3568 539
3570 2550
3573 71
3573 2261
3575 2925
3587 1591
3588 2499
3591 2151
3592 447
3598 900
3600 293
3602 2718
3604 110
3605 1124
3606 1187
3608 390
3614 1254
3616 1756
3618 1575
3619 1401
3620 2746
3631 768
3632 989
3632 999
3633 866
3634 465
3635 762
3635 1804
3639 2702
3647 643
3648 707
3648 1730
3652 1203
3657 165
3658 2437
3659 396
3660 492
3660 2485
3662 916
3665 1814
3673 1827
3674 1830
3676 2017
3676 2720
3676 2845
3678 490
3678 1434
3680 381
3683 136
3683 1891
3684 1877
3686 2487
3686 2681
3689 1948
3689 2681
3689 2693
3691 1183
3692 850
3694 687
3696 1915
3697 2071
3701 1898
3704 2634
3705 2635
3712 794
3713 230
3717 353
3720 65
3720 1328
3723 461
3729 4
3729 661
3729 1451
3729 1661
3733 545
3734 609
3739 862
3742 1458
3742 1571
3742 2769
3743 542
3745 1917
3749 1752
3749 2021
3751 2867
3753 1102
3754 793
3761 2452
3763 1693
3763 2082
3764 1005
3767 191
3767 1080
3767 1532
3768 1785
3770 996
3771 235
3772 695
3780 2839
3782 913
3782 1219
3789 229
3789 1679
3792 2007
3792 2215
3793 2622
3795 172
3795 766
3797 74
3798 708
3799 1181
3799 1324
3799 1866
3803 571
3804 734
3804 2132
3811 2399
3813 1127
3813 1245
3813 1730
3814 1504
3818 1234
3818 2911
3819 1303
3821 463
3822 397
3826 2929
3830 7
3830 1595
3831 280
3834 2368
3835 523
3835 1905
3836 2861
3837 1692
3841 989
3842 58
3845 2512
3853 1874
3857 1487
3861 1476
3870 194
3870 2517
3872 1745
3873 2397
3880 508
3880 2456
3881 1107
3881 1702
3887 1073
3888 2181
3890 1248
3890 1678
3891 2943
3897 245
3897 2223
3898 1421
3908 61
3908 2283
3909 457
3909 2713
3914 2471
3919 1068
3919 1620
3920 95
3923 1577
3925 1043
3928 627
3930 670
3932 815
3934 2048
3938 2581
3940 1109
3940 1111
3940 2531
3942 540
3950 1489
3953 173
3960 2279
3961 683
3963 2823
3964 2679
3966 686
3968 1888
3969 76
3969 991
3972 212
3975 15
3977 1104
3981 1918
3986 948
3986 1364
3987 710
3988 988
3989 1757
3990 2222
3992 850
3997 1691
4005 841
4009 2828
4012 1
4014 1009
4015 2077
4016 2151
4018 949
4020 1726
4020 2059
4021 1425
4022 2309
4026 1747
4026 2961
4033 751
4035 2490
4035 2913
4037 1376
4037 2200
4039 2923
4041 828
4042 184
4042 1308
4045 1672
4046 1006
4046 2739
4049 2334
4049 2680
4050 1074
4053 2922
4054 569
4055 268
4058 1591
4060 2792
4061 820
4063 1188
4064 1374
4064 1875
4067 108
4068 486
4074 2259
4080 1585
4083 302
4083 2534
4090 1573
4093 2199
4094 1025
4095 914
4095 1833
4098 2504
4102 1261
4102 2008
4108 1087
4110 199
4113 1151
4115 2635
4118 2844
4126 1874
4126 2241
4130 923
4131 2055
4134 1328
4135 109
4137 380
4141 284
4143 640
4143 701
4143 1921
4143 2552
4147 2599
4149 1219
4151 941
4153 752
4155 1904
4155 2639
4156 1309
4157 2632
4158 622
4164 1456
4165 1289
4171 603
4171 921
4171 1393
4172 1340
4172 2220
4175 1562
4175 2817
4178 2267
4178 2540
4181 159
4185 1577
4190 1168
4191 415
4191 936
4191 2435
4194 8
4194 1222
4196 1870
4200 1088
4203 393
4204 2917
4209 596
4210 113
4211 2362
4212 1488
4212 1499
4215 329
4215 1564
4216 1153
4219 2245
4222 595
4224 2578
4227 1791
4229 1845
4237 1537
4237 2628
4238 2554
4241 656
4242 915
4243 1681
4245 276
4245 2967
4246 250
4246 1009
4249 1504
4256 1971
4257 2162
4258 951
4259 115
4260 1149
4262 984
4265 2047
4270 2156
4271 1094
4271 1481
4271 1704
4273 128
4273 1387
4275 917
4275 1154
4275 2305
4277 2107
4279 1709
4282 552
4282 911
4282 1625
4288 1478
4290 1010
4290 1447
4290 2312
4291 1710
4294 2347
4296 1134
4300 1828
4301 1912
4311 486
4313 198
4316 2457
4319 664
4320 2352
4320 2817
4322 2278
4331 2834
4332 654
4332 1006
4334 1345
4337 1053
4337 1622
4342 2149
4344 1979
4346 2592
4349 310
4349 1371
4350 1995
4353 1503
4353 1947
4358 280
4359 408
4363 2779
4364 1009
4367 2196
4370 1274
4371 971
4372 959
4373 860
4373 1192
4375 1861
4384 2626
4386 2291
4389 132
4389 1777
4390 1290
4392 1903
4396 2664
4397 2134
4397 2490
4400 466
4406 2541
4407 112
4408 693
4409 218
4411 2120
4413 399
4415 2893
4416 1447
4422 113
4423 835
4423 2623
4424 80
4424 1304
4424 1445
4425 429
4426 2000
4426 2309
4428 1014
4434 1492
4434 2209
4434 2411
4437 2563
4440 2962
4442 281
4443 847
4447 2066
4447 2538
4448 1649
4448 2122
4449 2875
4451 761
4453 1777
4454 1410
4454 2387
4455 2015
4457 1646
4458 2369
4463 534
4464 1097
4465 275
4477 1970
4479 2039
4487 443
4490 335
4501 141
4501 1422
4505 2318
4511 1517
4511 2089
4514 1267
4520 512
4523 1720
4524 1657
4526 2043
4526 2067
4529 435
4530 2299
4531 318
4532 775
4532 1952
4533 2351
4535 1007
4538 628
4541 611
4542 1890
4544 570
4544 1240
4545 2539
4546 643
4546 1976
4547 76
4550 1134
4550 1881
4550 2752
4552 2825
4557 1231
4561 271
4563 1524
4563 2101
4564 2946
4565 56
4565 1773
4566 1973
4568 763
4569 1355
4569 2733
4570 1231
4575 1622
4577 2689
4580 2692
4581 1243
4587 916
4590 955
4592 1232
4592 1744
4595 1800
4598 639
4600 1274
4602 1868
4604 1782
4604 2539
4611 989
4620 2222
4623 707
4623 1230
4624 450
4625 2704
4631 1946
4635 2575
4635 2963
4636 1552
4640 1887
4643 2851
4645 2489
4646 58
4647 2194
4653 481
4659 2538
4662 832
4662 2463
4667 1846
4670 257
4674 701
4675 841
4680 417
4680 1314
4681 1217
4682 1850
4682 2026
4685 2227
4687 1666
4689 543
4689 1918
4689 2192
4689 2289
4694 1661
4699 17
4702 2458
4704 510
4710 1263
4711 125
4712 1266
4713 23
4714 558
4716 1905
4718 442
4720 1871
4722 2202
4728 1380
4728 1904
4729 236
4731 2935
4732 614
4740 1133
4748 629
4749 2645
4754 155
4755 1683
4756 562
4756 1142
4757 328
4759 777
4760 881
4762 1053
4764 1337
4765 2252
4765 2953
4767 2617
4770 931
4778 2654
4779 2447
4782 2462
4784 1002
4788 168
4790 63
4791 1425
4791 1839
4792 2965
4793 1182
4793 1653
4795 409
4795 819
4798 2193
4800 1628
4802 255
4805 1141
4807 238
4807 2508
4809 1153
4810 661
4810 1259
4811 297
4811 2436
4812 957
4812 1985
4812 2045
4813 1781
4813 2569
4821 1758
4822 86
4824 1413
4826 597
4828 2904
4829 1356
4831 307
4835 520
4837 2799
4840 1129
4841 1325
4842 2777
4843 2427
4844 918
4848 2130
4852 1156
4853 2243
4855 1408
4861 1689
4869 430
4872 750
4873 2002
4880 2231
4883 2617
4885 2077
4887 1466
4889 958
4894 1833
4896 1040
4897 2707
4906 528
4907 379
4911 613
4911 1141
4912 2702
4913 1532
4914 2914
4915 2832
4919 1196
4921 1167
4921 2235
4928 695
4929 1496
4932 1438
4933 1050
4942 354
4946 2946
4947 1557
4952 1968
4954 1006
4954 2966
4958 1076
4959 1988
4961 2196
4966 1595
4967 1098
4969 67
4971 476
4971 1501
4975 385
4981 2846
4982 527
4984 2402
4986 1093
4987 488
4994 54
4994 985
4995 2589
4996 671
4997 2171
4998 654
5003 1116
5004 849
5004 1604
5004 2502
5009 331
5010 1874
5011 491
5011 1198
5013 790
5018 123
5020 1880
5024 809
5032 2466
5034 1594
5037 1721
5039 781
5040 875
5041 1895
5051 813
5051 2193
5058 2201
5059 1722
5061 1965
5063 1593
5065 146
5071 2495
5072 2127
5073 1096
5075 559
5077 1491
5078 748
5085 608
5086 1310
5087 1649
5088 965
5090 2715
5091 1615
5095 935
5097 2532
5099 733
5099 1204
5099 1527
5105 1768
5112 2524
5116 171
5116 287
5117 54
5119 1502
5120 252
5120 1527
5122 941
5124 1109
5125 2436
5126 859
5127 1879
5127 2313
5130 2686
5134 1040
5137 194
5140 1500
5142 2488
5143 1882
5146 625
5148 1849
5148 2392
5151 944
5153 1247
5153 1355
5155 2824
5158 1574
5159 1490
5159 2217
5160 101
5163 980
5163 1996
5164 2629
5166 1994
5168 791
5168 2633
5171 392
5171 2569
5173 153
5173 2108
5179 378
5180 386
5182 458
5184 1421
5184 1858
5185 1780
5186 739
5186 2255
5190 2240
5190 2914
5194 1213
5199 2249
5201 803
5201 874
5202 945
5203 635
5211 1160
5220 2224
5228 1344
5229 1012
5231 2496
5233 1997
5234 891
5240 224
5241 2610
5242 2144
5246 2950
5255 908
5256 295
5256 2459
5261 93
5265 2603
5266 2258
5269 691
5281 2764
5282 209
5282 1182
5283 1029
5291 2940
5295 1711
5296 838
5296 2748
5299 102
5302 232
5304 2818
5305 2456
5307 660
5310 863
5310 1761
5314 838
5317 754
5320 30
5324 216
5325 2729
5326 225
5326 2797
5327 1767
5329 1933
5329 2582
5332 235
5335 2147
5337 1347
5338 914
5338 1613
5340 2760
5344 157
5345 1976
5352 2060
5352 2409
5359 1311
5362 1291
5365 2445
5367 2757
5372 77
5373 1681
5373 2752
5376 1664
5379 2232
5394 617
5396 53
5396 2907
5397 1034
5397 1800
5399 2348
5399 2641
5404 2546
5404 2734
5405 958
5407 1860
5410 1501
5413 2673
5414 1415
5415 2121
5415 2494
5418 798
5420 2612
5421 1772
5422 2141
5423 842
5426 293
5426 1986
5427 1111
5432 841
5439 1861
5441 1418
5442 2043
5444 1163
5444 1430
5444 1735
5449 1868
5451 153
5451 620
5456 863
5458 2544
5459 1560
5468 341
5469 527
5469 900
5469 1436
5469 2074
5471 914
5473 441
5473 2846
5476 248
5476 2470
5477 504
5484 2718
5490 1362
5494 663
5494 2012
5495 2657
5499 798
5501 1318
5502 316
5502 2048
5503 660
5510 584
5515 1351
5518 384
5518 792
5518 1305
5518 2766
5519 1995
5520 586
5522 1656
5522 2468
5525 2605
5528 2172
5536 1466
5539 2345
5543 1294
5543 2904
5544 705
5544 2032
5545 1318
5546 408
5548 1177
5551 1795
5551 2420
5552 595
5552 1691
5555 1670
5558 1668
5558 1837
5562 1360
5562 1660
5565 1440
5565 1573
5565 1981
5567 2246
5574 199
5574 718
5575 726
5576 1388
5577 1430
5579 2812
5580 715
5580 1747
5582 1610
5587 109
5587 512
5592 2319
5596 1652
5598 47
5602 1685
5606 1442
5607 2550
5607 2704
5612 192
5616 1845
5618 1268
5619 73
5623 519
5628 1008
5629 1006
5629 1144
5631 95
5633 497
5633 1667
5636 584
5638 2259
5639 1686
5642 217
5642 2062
5643 2529
5643 2643
5644 2661
5645 869
5646 1129
5646 2486
5650 206
5653 2517
5654 1533
5658 2914
5661 1010
5662 186
5663 612
5663 2390
5672 1371
5672 1435
5673 2031
5676 2780
5682 135
5682 1146
5684 2864
5687 1374
5689 796
5696 2533
5704 183
5705 2349
5718 141
5721 571
5722 1051
5724 424
5726 616
5726 1147
5727 2674
5729 713
5729 1125
5731 666
5731 729
5731 1985
5732 1083
5733 2372
5734 1168
5734 2582
5737 740
5738 2153
5739 1413
5741 2839
5746 195
5747 651
5747 2708
5749 1185
5750 630
5751 1479
5752 1689
5755 1929
5758 915
5761 1435
5762 834
5766 1231
5768 2031
5774 228
5774 1009
5777 1749
5781 654
5781 932
5782 2041
5782 2059
5785 780
5791 1778
5792 794
5794 1725
5797 1541
5798 2571
5800 332
5801 696
5802 790
5804 1834
5805 434
5805 812
5807 1670
5809 766
5810 2434
5811 218
5813 1325
5814 2621
5817 731
5824 2062
5825 1912
5825 2217
5825 2625
5826 370
5827 1208
5827 2325
5830 529
5834 1566
5835 2316
5841 2420
5844 2730
5847 506
5857 341
5857 1137
5867 1912
5870 745
5873 1224
5876 738
5886 505
5893 607
5900 1206
5900 2525
5901 1406
5901 1495
5903 680
5903 1252
5903 2246
5907 1959
5909 2192
5911 1848
5913 1434
5915 706
5916 2133
5918 2567
5919 431
5920 21
5921 113
5921 1538
5931 42
5931 2049
5932 2146
5941 950
5944 1485
5947 465
5948 1248
5948 2498
5950 1473
5951 2201
5952 441
5967 528
5977 1418
5977 2382
5981 1591
5981 2353
5982 750
5988 1739
5991 684
5991 1759
5995 1679
5996 493
5997 630
5998 208
6002 419
6002 1502
6004 2360
6007 1673
6011 907
6015 208
6015 781
6015 2259
6018 445
6018 1430
6019 256
6020 40
6023 2436
6023 2520
6026 2752
6027 567
6027 1618
6029 1335
6029 1823
6036 623
6038 2452
6039 1549
6040 503
6050 2197
6052 2957
6055 1767
6056 1964
6057 1767
6058 2917
6065 1794
6067 1449
6067 1650
6073 1030
6075 2581
6078 1391
6080 1246
6080 2808
6081 1960
6083 2047
6086 215
6086 1187
6087 196
6087 1368
6089 595
6090 2085
6091 580
6093 1798
6093 2853
6095 1943
6098 432
6099 2320
6102 2112
6106 45
6107 356
6107 2271
6108 211
6110 820
6110 1343
6110 2265
6116 1292
6117 1290
6118 1231
6122 2240
6125 1645
6127 1563
6127 2756
6129 295
6131 2820
6134 1528
6139 1250
6144 2458
6147 266
6159 542
6160 2206
6165 2636
6166 547
6166 2114
6167 354
6168 2
6170 2906
6171 1586
6171 2778
6177 2960
6178 867
6178 1851
6180 2545
6188 2233
6193 1774
6193 2399
6200 967
6201 2910
6202 2561
6203 2909
6205 1137
6208 977
6211 339
6211 2759
6213 95
6213 631
6213 720
6214 71
6214 1672
6216 568
6221 842
6221 1223
6227 745
6227 1039
6230 2909
6238 2492
6245 396
6247 1610
6248 1792
6249 1157
6250 300
6252 1446
6259 544
6262 2571
6268 93
6268 2655
6276 756
6279 374
6283 1431
6284 1212
6286 54
6286 1826
6287 1931
6288 607
6292 1099
6292 2335
6293 1075
6293 2435
6293 2598
6296 1691
6297 2931
6298 371
6299 2556
6303 1388
6304 536
6311 2694
6312 1597
6316 2251
6321 1602
6322 707
6322 1144
6324 417
6324 1556
6328 406
6335 2170
6336 296
6338 109
6338 318
6340 265
6341 2866
6343 2484
6346 2179
6346 2615
6350 1092
6357 992
6358 2880
6367 1294
6368 718
6368 2563
6371 546
6376 128
6376 2037
6377 213
6377 354
6377 2186
6378 2184
6380 951
6380 2710
6381 303
6383 1149
6384 631
6387 692
6389 1018
6390 1504
6392 2888
6393 1816
6398 1098
6399 1563
6401 2916
6403 572
6404 1655
6405 450
6408 1672
6409 525
6411 1130
6413 1535
6419 85
6423 886
6424 2746
6430 2602
6433 2214
6433 2276
6434 2245
6434 2555
6436 1532
6442 2163
6444 1473
6448 2671
6448 2848
6452 2716
6457 373
6458 1508
6459 610
6463 1209
6463 1912
6464 2499
6470 2096
6473 583
6474 2246
6477 2655
6482 110
6483 542
6484 1705
6484 2321
6490 2881
6493 2000
6499 507
6499 1687
6500 2285
6500 2737
6505 682
6506 2112
6506 2935
6508 1570
6509 632
6509 2490
6510 57
6511 1889
6512 329
6515 609
6517 65
6519 1932
6521 2183
6523 2544
6524 1071
6524 1859
6525 892
6527 237
6529 2087
6530 1471
6530 2836
6535 1852
6535 1858
6537 2429
6539 1246
6539 2399
6542 291
6543 638
6544 1641
6545 2178
6547 1151
6550 2923
6555 306
6555 2425
6556 2926
6558 580
6562 1318
6565 2858
6566 2776
6567 402
6571 1070
6572 1160
6573 2852
6577 1813
6578 783
6578 1984
6579 1388
6581 2877
6583 1356
6585 1924
6588 915
6589 2033
6591 499
6591 797
6592 2814
6596 586
6596 1744
6599 282
6608 444
6609 996
6609 1239
6610 1070
6611 1578
6613 1486
6617 2184
6620 1729
6621 2518
6625 186
6625 491
6626 1071
6633 2222
6634 1453
6634 2069
6635 1517
6635 2340
6638 840
6639 22
6644 2484
6645 1992
6645 2062
6655 1257
6658 668
6660 1357
6660 2258
6660 2898
6661 706
6665 1253
6667 62
6667 2759
6669 1529
6672 2185
6674 1603
6676 391
6677 574
6677 1934
6679 2587
6682 2036
6685 1664
6686 2027
6687 1593
6689 69
6689 316
6702 303
6702 1235
6702 2438
6705 384
6706 1070
6710 349
6711 1124
6711 2003
6712 2813
6713 947
6716 2218
6716 2781
6724 1349
6725 463
6727 2603
6730 1352
6731 266
6732 2186
6733 905
6736 886
6738 225
6738 728
6739 530
6739 1399
6746 782
6746 2054
6747 2611
6750 397
6751 747
6751 1363
6753 1356
6756 771
6761 175
6761 436
6762 954
6767 821
6767 2654
6768 708
6773 1044
6774 2387
6778 1090
6778 2207
6779 1618
6780 559
6782 391
6783 2119
6783 2153
6785 821
6788 2528
6789 221
6793 12
6793 1085
6794 1273
6795 1739
6796 1022
6796 1308
6798 122
6798 1678
6799 1180
6800 1430
6801 340
6801 1148
6801 2104
6803 2123
6804 1067
6804 1987
6805 1168
6808 2748
6813 1495
6819 1713
6827 482
6827 1148
6829 1703
6835 2553
6836 2351
6837 1787
6838 2034
6839 1225
6843 1121
6845 845
6847 1103
6847 2744
6848 1859
6849 324
6854 969
6854 2515
6857 2218
6861 1963
6862 1656
6863 898
6865 2251
6866 2403
6871 403
6872 96
6872 993
6872 2211
6873 498
6873 860
6874 1700
6875 507
6877 2561
6878 1384
6880 179
6880 1957
6882 663
6883 2493
6886 2359
6887 29
6887 2135
6894 2308
6897 2367
6898 592
6900 938
6900 1595
6904 1533
6905 89
6907 690
6912 2222
6913 1908
6914 2643
6915 249
6916 669
6919 1654
6920 908
6922 1087
6926 563
6931 133
6933 1100
6934 2751
6936 669
6937 2310
6938 2429
6942 204
6943 708
6944 2874
6948 897
6948 926
6950 2388
6951 1572
6954 1977
6954 2784
6960 60
6962 1582
6963 1895
6964 2780
6964 2790
6967 876
6967 1822
6968 2870
6969 1268
6970 1260
6973 948
6974 2094
6975 1397
6979 2152
6982 1919
6985 1026
6985 1391
6986 892
6987 89
6989 1840
6991 2233
6993 1883
6994 2394
6994 2753
6995 956
7001 194
7002 438
7002 2261
7003 1718
7007 1564
7007 2485
7011 1213
7012 2674
7014 2270
7015 50
7016 424
7016 1295
7016 2191
7016 2575
7017 1028
7020 2683
7020 2815
7021 1821
7024 2694
7026 1226
7033 1603
7033 2052
7033 2303
7034 1068
7034 2941
7036 2666
7040 751
7040 1550
7040 2001
7041 358
7041 1619
7042 288
7045 2921
7046 2758
7047 1522
7047 2771
7051 2234
7054 2447
7059 744
7059 1906
7063 1390
7065 1628

