3998 9394 4207
1 1
1 1420
2 5331
4 7686
6 2648
6 4135
7 9070
9 1317
9 1812
10 7967
11 1581
11 5851
11 7062
14 435
14 4443
16 386
16 3173
16 4248
17 2569
18 4185
19 2870
19 4375
21 8824
21 8910
21 9225
22 273
22 4706
22 6878
22 7653
23 1671
23 6202
24 565
24 3605
24 4175
24 6518
25 3084
28 24
29 890
29 4766
30 4966
32 1562
32 2444
32 8815
33 7412
37 3644
39 6805
40 3886
40 5826
41 8437
42 2426
42 4414
42 8753
43 1642
43 4793
44 5914
45 2866
46 5451
50 4406
51 6900
52 791
53 4530
53 6484
53 7863
55 3927
56 4553
57 7717
57 7978
58 5538
58 5644
58 6345
59 93
59 4620
59 7870
59 8197
60 7508
64 7649
65 5458
65 8583
66 1289
66 2372
67 2181
67 7617
68 1736
68 8255
69 2607
69 4108
69 4582
69 5953
70 6630
71 4778
71 5582
71 8793
72 5558
73 4408
73 5499
74 634
75 1097
75 8540
77 877
77 1889
77 3379
78 2778
79 5913
80 827
80 4859
80 7561
81 6944
83 6828
84 5652
86 2029
87 4843
88 5278
89 1872
89 3636
89 5301
90 3701
92 4480
92 8852
92 9210
93 833
94 1745
95 1130
95 4778
96 285
96 1938
99 2216
99 4873
100 8916
103 1540
105 4733
108 6786
112 5322
112 9023
113 4
114 3575
115 6770
116 759
117 1669
117 3679
117 8737
118 4970
119 828
120 7145
123 3587
123 3603
123 6488
124 2070
124 7140
126 3230
128 8176
131 8680
132 8023
133 2281
133 4086
135 2305
135 6265
137 1093
137 7971
138 2594
139 629
139 1527
139 1867
139 3747
143 7588
144 6296
145 6788
145 6986
146 987
147 6276
147 7376
148 348
148 2844
149 7914
150 8487
151 5642
151 6596
152 2342
152 5587
153 8210
154 4586
156 682
156 2921
156 5305
156 8180
159 1317
159 1373
159 6116
159 6497
161 2537
161 3340
163 3115
163 8958
164 5521
167 3034
168 92
168 3617
168 5777
169 1128
169 9196
170 5234
171 4130
172 7480
173 5910
174 9328
175 1868
175 7561
176 4460
176 8569
178 5036
180 998
180 9142
181 4054
181 6940
181 7695
181 9336
183 7069
184 1545
185 279
187 8051
188 404
189 4436
189 6960
190 6149
192 8019
194 1085
195 5332
197 9193
198 4358
199 8110
201 5182
205 1832
205 5012
211 4648
211 4938
212 6591
213 2945
213 7945
213 8017
214 7436
216 8018
221 1895
221 6746
222 2424
223 3268
223 8612
224 946
224 2229
224 9243
226 5611
226 8671
230 2209
230 3210
230 8080
232 525
232 8436
233 305
233 2000
233 4551
235 2337
236 6985
238 688
239 1601
239 2240
240 7762
241 4154
242 2851
243 5477
244 294
244 3766
245 352
245 7250
246 3814
252 169
252 3357
252 7111
255 2339
256 6655
257 4031
258 1377
259 500
259 4536
260 2555
260 4921
261 2783
262 188
263 1948
264 3490
265 4045
267 3327
267 7115
268 2799
268 4318
269 2811
269 3943
269 5485
270 3287
270 4933
270 5979
271 1225
271 5218
272 2732
272 4100
274 727
274 2110
276 958
277 2114
277 6445
278 7185
278 8092
278 8653
279 5614
281 1649
282 5981
284 624
284 6507
284 8941
287 2522
288 320
288 7822
290 3044
290 4020
291 9068
292 1054
292 4342
293 5724
294 9158
295 476
295 1669
295 4282
296 2739
296 3127
296 4632
297 6129
298 7183
299 2855
300 8655
301 300
301 924
301 1640
301 1773
301 3484
301 5160
303 3106
303 7522
305 6946
305 8313
307 6294
308 586
308 5274
309 4509
310 3612
314 6452
315 4694
316 552
316 5303
317 6168
317 8763
320 1850
321 994
321 9093
321 9369
323 1533
324 1144
324 4319
326 6067
327 2499
327 4833
327 5551
328 976
330 2539
330 4520
331 4439
332 4124
334 1177
334 8512
335 3460
335 3819
337 2818
337 3707
338 4471
340 456
346 5871
346 6952
347 1516
348 6
349 1909
350 4064
350 5252
351 3641
352 5201
352 7128
354 1842
355 3047
355 4525
355 8108
356 3494
357 3481
357 8796
361 7880
362 3814
362 6234
363 6042
363 9293
364 1662
364 6795
367 2639
368 2967
368 6524
369 2343
369 2821
370 1690
370 1779
370 2242
371 3855
371 5368
372 4279
372 5229
373 1451
373 7999
375 2509
376 6307
377 5276
377 7302
379 5294
381 2355
383 295
383 1904
383 2787
388 3211
388 5053
389 7112
390 5350
391 1470
391 4376
392 4317
392 4989
394 6089
395 707
395 8212
396 160
396 2012
397 72
397 5136
397 6729
399 5968
399 7673
401 1533
401 4092
401 6952
401 8144
402 8789
403 7171
406 1330
406 2038
408 1151
409 2312
409 3403
409 5551
410 4440
410 7051
411 304
414 8948
415 2496
415 6957
420 2448
421 3017
422 106
423 919
424 8996
425 2601
426 2887
426 3391
426 5013
427 2350
428 1790
429 2212
429 4097
430 2374
433 2629
433 4699
433 6397
434 833
434 1626
434 7324
435 8320
436 4855
440 252
440 2938
441 3479
442 8431
443 4955
443 8958
444 4797
447 1486
448 7395
454 6979
455 2046
455 7338
456 5706
457 385
457 1106
457 3273
458 5343
460 4501
460 7173
461 2801
461 6646
461 8511
463 3927
464 4178
464 7772
465 6606
465 8023
466 3588
466 8275
467 2918
467 7439
468 1952
468 8862
469 4770
469 5407
470 2919
470 4083
471 9167
473 472
474 56
474 2170
474 3592
475 1964
476 8254
477 2227
477 7221
477 8162
478 4878
479 350
479 1204
481 6797
482 748
482 6440
482 7417
483 3421
484 3027
486 4086
487 6531
488 2562
488 7037
488 7888
489 587
489 1637
490 355
492 5458
495 190
495 7098
495 9316
496 8575
497 7975
497 8398
498 5286
499 5896
500 5188
502 422
502 2348
504 1644
505 644
505 1504
506 193
507 896
507 1132
507 2605
508 1523
510 1375
510 7448
511 1932
512 7308
512 7617
513 5206
514 7908
515 6842
515 7134
517 5107
518 3389
518 4014
520 4508
521 4617
523 3742
528 2652
529 4310
530 4958
530 6240
531 5334
532 5186
533 6941
533 7062
535 1136
536 7093
537 566
537 3478
540 5134
540 7668
541 2586
542 6499
543 2727
543 9216
544 1744
545 5519
547 9016
549 2868
551 8309
552 1593
552 8317
553 1959
553 5366
554 4803
556 3480
558 4206
559 8742
561 965
561 9019
562 1245
563 3196
564 1115
564 1948
564 7034
566 587
566 5108
569 5310
570 239
571 133
571 2270
571 6266
571 8060
572 485
574 2248
574 5101
575 377
575 6424
577 3220
577 5798
578 827
578 8467
581 4804
582 4351
582 6593
585 807
585 5521
586 3397
587 516
587 2618
592 1704
592 5038
593 3107
594 9385
597 3789
598 4645
598 9220
599 3489
599 6576
600 20
602 6900
603 7832
604 8719
605 1977
605 5638
606 1344
609 5418
609 5997
611 937
611 9276
612 4753
615 3033
616 3575
617 3129
618 5301
619 9277
621 5170
621 7585
621 7731
623 8214
624 8130
625 9090
627 7532
627 9387
631 1911
632 811
632 7259
632 9083
634 1764
634 7978
635 5034
638 2740
638 5360
638 5621
640 695
640 2590
641 341
641 6009
641 6716
645 3283
646 7168
646 9060
647 8151
648 6584
651 2928
654 2358
654 7238
655 5704
657 7969
659 7003
660 7823
661 2026
661 2648
664 2239
664 4046
665 7711
667 678
667 5203
667 7697
668 7438
670 5304
670 5652
672 542
672 5522
672 8609
673 2561
673 2812
673 7908
674 3622
674 5911
679 5393
680 246
680 5335
683 8210
684 1172
685 1316
685 8368
686 2824
686 5724
686 8206
689 115
690 535
690 3255
690 3436
690 5044
694 4115
695 7598
698 6090
699 8004
700 2678
702 3300
702 4573
703 8232
705 6249
705 7499
707 8839
710 3561
712 2776
712 5155
713 7100
714 3883
715 5648
715 6880
715 8609
717 755
718 9087
720 5378
720 8477
721 3323
722 611
723 6077
723 8618
724 9075
725 717
725 950
726 3721
726 6017
727 6844
729 348
729 3450
729 4991
730 8289
730 8681
730 8729
731 3620
731 9106
733 4548
734 588
737 6962
737 8362
738 3708
741 4990
742 8044
743 3424
743 5791
743 5843
744 504
747 1957
747 5971
747 7786
750 9274
751 716
751 4143
751 6279
753 8173
754 5078
755 2824
755 6160
756 3086
756 7937
758 1246
759 3888
761 3013
761 3289
762 2619
762 2974
762 8050
763 167
763 3241
763 3617
763 3813
763 5883
764 8309
765 8260
766 8374
767 591
767 6370
770 7870
770 8438
770 9327
771 2909
772 6465
773 7027
773 8402
773 9322
774 2562
776 2399
776 7503
778 4600
779 7370
780 2430
780 8282
781 7816
782 1548
782 2588
782 5449
784 2774
784 6731
784 7104
785 9017
787 738
787 7919
788 3795
788 6180
789 4855
794 1762
794 6666
795 2399
795 5077
798 428
798 5614
798 8251
800 1439
800 9328
801 9146
802 1415
803 4556
803 6146
806 941
806 9063
808 1897
809 5632
809 6099
809 8745
811 2727
811 5173
812 5756
813 513
813 7178
814 6187
815 1023
815 1679
816 6096
818 869
820 1720
820 5945
824 2295
826 820
826 2865
826 6773
826 9361
827 4538
828 3811
829 8236
830 5381
830 7571
832 8668
832 9133
834 3660
834 5589
834 9388
837 3336
837 7453
838 6992
839 5934
839 7284
843 4169
843 8632
844 6742
846 5122
850 4933
850 6926
851 871
851 2063
851 8453
852 2736
854 673
854 4326
856 6261
858 973
858 4141
859 2583
859 4129
861 8364
861 9347
863 289
863 2212
863 8197
865 8109
867 9109
868 4935
870 5896
870 7368
871 783
871 3866
872 4474
873 793
874 2905
874 4137
875 3754
876 6346
876 9102
877 1844
878 3744
878 6426
880 507
880 3706
880 8284
880 8679
881 2198
881 2842
881 8696
882 4238
882 6666
883 7581
884 8818
885 7142
886 2877
887 1576
887 7289
889 1998
889 3136
890 624
890 1011
890 3332
892 6480
893 2941
893 3923
896 39
896 4362
897 4915
898 312
899 6161
899 7515
900 1082
900 6312
901 4974
902 8510
902 9171
903 5180
905 7536
906 5432
907 6787
908 4761
910 6585
911 3995
911 7217
911 7288
911 8743
913 5707
913 6931
914 2302
915 1797
916 6511
918 8923
921 241
921 2944
921 3054
921 8926
924 4227
924 4373
924 6755
925 1908
926 1050
926 2632
927 8273
928 1682
931 6261
934 2981
934 3401
936 3286
937 635
937 3811
939 452
940 2259
941 9070
943 5174
944 3374
945 3785
948 3980
948 4060
952 504
952 6431
952 7168
952 7980
953 115
953 3140
955 4767
955 7319
955 7494
956 3549
957 3778
959 5502
960 4547
960 7394
961 4200
961 6821
963 1508
963 2227
966 146
968 780
968 8125
968 9365
969 5859
970 6393
974 4551
976 8478
977 9104
978 4221
978 8495
979 1521
979 4660
979 6616
979 6620
981 2019
981 3598
981 6891
982 2518
982 3743
982 4693
982 8625
983 8153
984 4777
984 8675
984 9106
987 87
987 6655
989 2941
989 6384
990 255
990 1702
990 2882
991 5387
992 944
993 727
993 2833
993 5766
995 3044
997 7888
998 8916
999 1854
999 1936
999 4195
999 8222
999 8994
1001 257
1001 669
1002 4566
1003 2672
1003 7885
1003 9021
1004 2180
1006 3586
1007 916
1008 347
1010 4869
1010 7183
1011 7258
1012 4566
1012 8969
1013 6959
1014 1416
1014 1508
1014 5174
1015 3513
1015 3678
1015 6792
1016 8413
1018 4526
1019 8024
1020 4035
1021 404
1021 4431
1021 5896
1022 3737
1024 3151
1026 1469
1026 3793
1026 6847
1026 8479
1028 9263
1029 2864
1029 5831
1032 3659
1032 8704
1033 587
1033 4848
1033 7933
1034 3001
1035 3463
1035 3527
1035 7245
1035 8145
1038 3291
1038 6187
1039 7416
1039 7430
1040 2090
1040 9370
1041 5863
1041 6545
1041 9269
1042 9354
1044 5427
1044 5630
1045 3795
1048 1263
1048 2117
1048 5118
1050 7185
1053 640
1053 8115
1054 2123
1056 286
1057 6204
1057 8937
1059 4407
1059 6510
1059 8002
1059 9050
1060 5717
1061 284
1061 1432
1061 5956
1062 695
1063 7245
1063 8857
1063 9354
1064 1428
1064 6634
1065 2038
1066 8295
1067 50
1067 96
1068 3594
1069 1283
1073 8575
1074 2374
1075 4181
1075 9076
1077 1542
1077 7915
1077 8389
1078 8673
1079 2518
1079 6579
1081 279
1082 8943
1083 3365
1084 3362
1084 8197
1085 1332
1087 6925
1088 1919
1088 7985
1088 9366
1091 4646
1091 7721
1095 1194
1095 1881
1100 4766
1101 6191
1102 7384
1104 4844
1105 3985
1109 4840
1110 6283
1110 9073
1112 3349
1112 5111
1113 3007
1115 1129
1115 4362
1117 6955
1117 7461
1119 1320
1120 5026
1121 9127
1122 895
1123 4240
1124 356
1124 7682
1125 3819
1125 7613
1127 3297
1128 4890
1129 1057
1129 4809
1131 7245
1132 9233
1133 4895
1133 6258
1133 6660
1134 6375
1134 6782
1136 1197
1137 3223
1137 4171
1137 8405
1138 2653
1140 8447
1142 2616
1142 8185
1146 6372
1147 4437
1148 7300
1149 1803
1150 4287
1150 8765
1151 5760
1151 8585
1152 4404
1152 6849
1153 282
1153 3622
1153 6547
1153 8048
1153 9183
1155 6468
1157 5195
1158 1987
1159 1306
1159 8145
1160 6955
1164 4508
1166 5536
1166 8628
1167 833
1168 1216
1169 4129
1169 8185
1169 8362
1170 4235
1170 6960
1170 7337
1171 3826
1171 4560
1172 5928
1172 9320
1176 1650
1177 1338
1177 7798
1178 8763
1180 382
1180 6487
1181 9339
1185 4992
1187 861
1188 6979
1191 7463
1192 4020
1192 6334
1192 6614
1193 314
1195 1615
1195 5812
1197 4452
1200 3241
1201 8341
1203 539
1203 8180
1204 8735
1206 6748
1207 5937
1209 3408
1211 3870
1212 6415
1213 7411
1213 8957
1214 2200
1214 4687
1215 4163
1215 8286
1216 7676
1216 8676
1218 70
1218 1432
1221 5025
1222 3510
1222 6822
1223 351
1223 1608
1223 6391
1223 6480
1223 6735
1224 1843
1224 5662
1224 6133
1225 6116
1227 1729
1227 8748
1228 7364
1230 1344
1231 246
1233 9214
1234 8024
1235 418
1237 4977
1238 8667
1239 223
1239 4870
1239 6851
1239 6881
1240 4513
1243 8287
1244 4920
1246 2832
1247 7341
1247 8900
1248 2858
1249 7002
1250 5550
1251 2999
1251 7054
1251 7274
1252 990
1252 3974
1252 4193
1253 1062
1255 4204
1256 3968
1258 589
1260 3271
1260 8456
1261 3494
1262 4581
1263 1152
1263 1927
1264 1385
1266 3359
1267 1198
1267 5508
1267 7157
1267 8452
1269 2303
1269 7656
1271 5003
1274 3296
1275 334
1276 3199
1276 5827
1277 7766
1277 9039
1278 8432
1279 1295
1281 2448
1283 4476
1283 7007
1284 7120
1285 4020
1286 2300
1287 3368
1287 6310
1290 5918
1292 7056
1294 5182
1294 5846
1296 6428
1297 7332
1298 2470
1298 7226
1298 8096
1299 7677
1300 516
1300 8675
1301 1229
1301 2675
1301 2712
1302 5920
1302 6244
1302 7569
1303 8109
1304 1575
1305 104
1305 7762
1307 33
1308 1774
1308 8226
1311 2615
1312 3834
1313 491
1314 6183
1315 1936
1315 7207
1315 8388
1317 4259
1318 5489
1318 8737
1319 1807
1320 917
1321 2264
1322 8029
1323 884
1323 5161
1324 2258
1326 842
1327 6917
1328 1663
1328 5920
1328 9072
1329 7087
1330 5256
1330 5949
1333 3059
1333 4023
1334 6256
1335 9050
1336 2618
1337 2995
1338 2840
1338 3243
1339 315
1339 6597
1339 7765
1340 1467
1341 3624
1343 3784
1344 3009
1344 5873
1346 4000
1346 8788
1347 5181
1347 6710
1348 6144
1349 5311
1351 7385
1352 4664
1354 7281
1354 8875
1355 7567
1356 2020
1356 3975
1356 5622
1359 347
1359 3057
1359 4858
1359 6286
1362 292
1364 3053
1364 7245
1366 5361
1367 2055
1367 9113
1368 3246
1368 7235
1368 7607
1370 5475
1371 4523
1371 6963
1372 1477
1372 5465
1373 1513
1373 8254
1374 8020
1375 2419
1376 4619
1377 234
1382 5256
1382 6818
1383 7396
1384 7931
1385 1804
1385 4099
1386 7286
1387 8371
1388 5371
1388 7297
1391 7247
1392 1374
1394 2698
1395 4130
1396 4217
1396 8619
1396 8920
1397 4335
1397 9239
1398 1578
1398 3909
1398 6374
1400 3152
1400 3493
1400 3924
1400 5829
1402 4563
1402 7961
1405 292
1405 7986
1406 242
1406 7102
1409 1410
1409 5282
1410 3117
1410 4787
1411 7779
1411 8718
1412 2071
1414 2535
1414 4091
1415 1285
1416 9387
1417 7912
1418 8169
1421 6420
1421 8698
1423 5794
1424 972
1426 175
1426 4388
1427 374
1427 8093
1430 8240
1432 666
1432 3050
1432 5554
1432 5598
1432 7689
1433 2940
1434 2111
1436 524
1437 5144
1437 5159
1437 6938
1438 348
1438 2138
1440 555
1440 7933
1441 332
1441 1855
1441 4702
1442 265
1444 641
1444 5382
1444 5877
1446 7638
1447 2014
1448 7274
1451 278
1451 510
1451 1328
1451 6447
1452 223
1452 2410
1452 6118
1453 2230
1456 5261
1456 7994
1459 9139
1460 4411
1461 5707
1461 8681
1462 7132
1465 6905
1465 8499
1466 1106
1469 1374
1470 1203
1471 3070
1471 5551
1471 8983
1472 1312
1473 3235
1473 4139
1473 5793
1475 3606
1475 5257
1475 5918
1476 1816
1476 6787
1477 5924
1477 5977
1478 407
1479 2286
1480 3847
1483 2133
1485 2366
1486 2590
1487 3227
1488 4637
1490 3012
1492 8259
1493 621
1493 5998
1495 6931
1497 7318
1498 4137
1501 7405
1502 3004
1502 5304
1503 6503
1503 6825
1504 5215
1505 1934
1505 4105
1506 3318
1507 5293
1509 3429
1510 1120
1510 5347
1510 6860
1511 4727
1511 8530
1512 156
1512 2138
1512 2918
1513 3793
1513 5763
1515 3768
1515 3886
1516 2446
1516 2892
1516 5451
1516 7901
1516 8178
1517 7770
1519 6175
1519 7430
1521 7432
1522 2290
1523 3725
1524 599
1525 1175
1525 6275
1527 7498
1530 4451
1533 1795
1533 6598
1533 7792
1535 3067
1535 5034
1536 8447
1538 6016
1541 4464
1541 7480
1543 702
1543 1368
1544 402
1544 2738
1544 4053
1545 1877
1545 3633
1546 7231
1547 449
1547 9063
1548 6202
1548 8216
1550 2230
1551 6453
1551 7128
1552 1542
1552 3871
1552 3893
1553 470
1553 889
1554 898
1554 7183
1556 2972
1556 8758
1558 74
1558 1272
1558 7389
1559 1230
1559 2951
1559 3752
1559 4746
1562 7566
1564 1467
1565 8980
1566 2753
1566 9226
1567 132
1568 293
1568 7525
1569 2487
1569 8671
1569 9319
1570 3125
1570 6413
1573 1055
1573 2365
1573 4166
1573 6933
1575 3992
1578 5640
1579 5165
1579 7617
1580 4749
1580 5605
1582 5709
1582 7632
1583 4353
1583 5936
1584 9232
1585 676
1588 810
1588 1975
1588 2744
1589 7827
1592 7235
1592 7315
1593 485
1593 2131
1597 1207
1597 4933
1599 6235
1599 8713
1601 8683
1602 1836
1603 8180
1606 7904
1606 8912
1606 8917
1607 8648
1608 1304
1608 8003
1610 6133
1611 481
1611 3658
1611 6267
1612 1894
1614 2507
1615 425
1616 772
1617 691
1617 3119
1618 7457
1619 4994
1619 6154
1620 9194
1621 3324
1621 3618
1623 2800
1623 6554
1624 3578
1624 8044
1625 7069
1626 5914
1629 365
1629 1316
1629 3509
1630 4241
1631 493
1632 2299
1632 2639
1632 8845
1634 801
1638 1302
1641 2202
1642 2027
1642 7976
1646 506
1646 6165
1646 7845
1647 2711
1647 6629
1649 8614
1652 1688
1652 4584
1652 4679
1653 6226
1654 7231
1654 7821
1656 3701
1656 6040
1656 6402
1658 8057
1659 792
1661 5670
1661 7431
1661 7514
1663 897
1665 8710
1667 6851
1668 8866
1669 2938
1670 5749
1671 3877
1671 7705
1672 1086
1674 2834
1674 8047
1675 799
1675 3191
1675 8965
1677 2550
1677 7147
1678 2979
1678 3702
1678 8802
1679 7570
1679 9102
1680 7218
1681 107
1681 426
1681 1619
1682 3475
1682 8283
1683 7110
1684 5523
1685 4307
1686 9202
1688 977
1690 7882
1690 9115
1691 2794
1691 6315
1692 323
1693 7557
1693 8747
1696 2524
1698 434
1698 5344
1699 3858
1699 7465
1701 3956
1702 1719
1702 5884
1703 9074
1705 322
1706 8898
1707 8821
1708 1986
1708 4478
1709 6540
1709 9165
1709 9377
1710 3819
1711 8359
1712 6761
1714 2294
1715 4419
1715 7990
1716 5938
1718 1004
1720 1317
1721 3417
1725 1105
1726 7232
1727 4407
1727 5142
1727 5824
1729 3039
1731 112
1731 7137
1732 4642
1732 6688
1732 7318
1732 7444
1733 2057
1734 7561
1736 2149
1737 796
1737 4935
1737 7551
1740 109
1744 4636
1745 3142
1746 3408
1749 1753
1753 1002
1755 4750
1757 4375
1758 5672
1758 9304
1760 3252
1760 4613
1761 81
1763 5759
1763 9005
1765 6514
1767 895
1768 4611
1768 4866
1769 1136
1770 8110
1771 5714
1772 6907
1773 2147
1774 610
1774 5057
1774 7548
1775 6813
1778 6538
1779 3586
1780 667
1780 3409
1780 3540
1780 3926
1781 429
1782 4420
1787 9026
1788 6911
1789 1812
1789 7968
1789 8618
1790 9275
1791 1747
1791 4292
1791 4382
1792 690
1792 2434
1793 525
1793 1612
1793 3822
1794 2035
1795 8756
1796 6502
1797 5117
1800 8175
1801 2369
1802 7193
1802 8613
1809 5790
1811 2941
1813 4183
1813 7289
1816 2359
1820 1969
1820 8608
1822 7742
1822 8846
1822 9291
1823 2227
1824 5259
1824 5938
1824 6770
1825 885
1825 6790
1826 8993
1828 4325
1828 4768
1828 7086
1829 1424
1829 2456
1830 196
1830 5917
1831 9257
1834 1085
1836 5743
1837 295
1837 2135
1839 3696
1839 5917
1842 6870
1842 7166
1843 4028
1846 1288
1846 5691
1847 6371
1848 3118
1849 987
1849 6319
1850 9169
1852 2431
1853 7715
1854 2487
1854 3675
1857 8322
1858 8200
1859 7865
1860 936
1860 5133
1860 5422
1861 3785
1861 3823
1862 5521
1865 969
1866 3447
1866 4577
1866 8234
1868 120
1868 8319
1872 2909
1872 6947
1874 3184
1876 6252
1877 1942
1877 2354
1877 2590
1878 63
1878 6367
1879 3185
1879 4522
1880 338
1880 770
1880 2122
1880 4827
1882 515
1882 681
1882 6015
1883 2850
1884 580
1884 7275
1884 8045
1885 6971
1886 4232
1886 9292
1887 6410
1887 8618
1888 261
1890 6146
1894 3429
1898 2239
1900 6201
1900 6993
1902 7146
1903 9154
1904 194
1904 1255
1904 5316
1905 4119
1905 4299
1905 4327
1907 7002
1907 8012
1908 6887
1909 3609
1910 366
1910 8664
1912 4228
1912 6338
1913 6641
1914 192
1914 5636
1917 4856
1917 5555
1917 7000
1920 6515
1921 478
1921 1254
1922 5697
1923 5767
1924 3488
1926 121
1926 6007
1928 5272
1930 5169
1931 391
1932 4779
1933 4429
1934 2588
1935 3978
1937 6804
1938 7930
1942 540
1942 8503
1943 6258
1944 659
1946 169
1947 8604
1947 8711
1948 1588
1948 5086
1948 7487
1949 1388
1950 3685
1950 3844
1951 614
1952 4435
1954 3386
1956 6112
1956 6246
1956 7345
1960 537
1960 1530
1962 9235
1963 1826
1963 2863
1964 1775
1964 2426
1964 4925
1966 9063
1967 2503
1967 3279
1967 5807
1968 7221
1968 7674
1969 6415
1969 7853
1971 7011
1973 975
1973 4661
1974 1031
1974 8565
1975 4787
1975 8967
1977 4014
1977 7007
1979 472
1979 7556
1981 8433
1982 4713
1982 7418
1983 5794
1983 7375
1985 2195
1985 4429
1986 4022
1987 7215
1989 636
1989 4951
1990 2144
1992 3837
1993 6674
1994 1182
1994 3920
1996 627
1998 7282
1999 878
2000 4307
2000 7364
2001 689
2001 1784
2001 1903
2002 2519
2004 1758
2005 2454
2005 6022
2006 684
2006 2384
2006 5536
2007 4624
2007 5363
2007 5797
2008 2434
2008 8351
2009 3620
2010 758
2010 7350
2011 731
2013 2122
2016 2900
2017 4287
2018 9294
2021 6379
2026 6252
2027 2372
2028 2593
2028 5225
2029 599
2029 1969
2029 6408
2031 4137
2033 6206
2034 1175
2034 8161
2037 32
2038 6411
2038 7877
2039 8421
2040 8167
2041 237
2041 1173
2044 6135
2044 7375
2045 84
2045 9329
2046 7391
2049 7031
2049 7060
2050 500
2050 4718
2051 1919
2054 4994
2056 6487
2058 5395
2058 6113
2059 2697
2059 2913
2060 1517
2060 4725
2061 7855
2063 1772
2063 6436
2064 2443
2065 1362
2065 2540
2068 4265
2068 4487
2068 7851
2069 4301
2071 4457
2072 3851
2073 7459
2073 7827
2073 8179
2074 6626
2076 5862
2077 4629
2077 7960
2078 7525
2078 8767
2079 805
2079 7670
2079 8732
2081 1792
2083 9306
2084 8250
2085 5576
2086 2761
2087 1747
2088 2591
2088 5344
2089 7256
2092 2727
2093 3761
2093 9193
2094 6604
2096 2437
2096 8024
2097 6257
2098 3708
2098 8211
2099 996
2099 7663
2100 499
2100 7625
2101 4486
2101 4925
2103 1259
2103 6269
2104 1316
2104 2337
2104 5753
2106 2640
2107 1246
2107 3437
2107 5989
2109 7768
2109 8418
2110 896
2110 2999
2110 4716
2113 3629
2113 4867
2114 743
2115 8166
2118 3870
2119 3202
2122 6321
2123 5971
2124 2918
2124 4381
2125 7023
2126 5066
2127 3063
2127 7642
2127 8858
2127 8884
2129 5126
2131 718
2132 9088
2133 5384
2136 2899
2136 5274
2138 5895
2138 7078
2139 4048
2139 5735
2140 2361
2140 8443
2141 1915
2141 2598
2141 3344
2141 4619
2142 533
2142 5920
2143 378
2143 3554
2144 8721
2145 2121
2145 5343
2146 8339
2147 2778
2148 8002
2148 9085
2150 7589
2150 8359
2151 7838
2153 5721
2155 9303
2156 6169
2156 7152
2157 6797
2158 4442
2158 5872
2161 2819
2161 6442
2161 7239
2162 2392
2162 2543
2162 3127
2164 3029
2165 8919
2169 5212
2169 6838
2174 479
2174 8674
2175 6277
2179 665
2180 2039
2182 7796
2183 3943
2184 3335
2185 502
2185 2037
2185 4931
2185 8100
2187 489
2187 1342
2188 4349
2188 4612
2188 8755
2190 5098
2191 3786
2193 2883
2193 5109
2194 7933
2195 3607
2196 2682
2196 4867
2197 1965
2198 6430
2198 6829
2199 8121
2199 8402
2200 6075
2200 9220
2201 9215
2206 5708
2206 6582
2207 1932
2207 4169
2207 7029
2209 4871
2209 9167
2210 4448
2211 9196
2212 7973
2213 6418
2214 1978
2214 3553
2214 5536
2214 5924
2215 6130
2218 2217
2218 3881
2218 5656
2219 4282
2220 545
2221 6697
2222 7572
2223 5776
2224 2516
2224 5727
2224 7118
2224 9187
2226 8732
2229 7265
2233 2707
2234 7932
2237 1439
2237 8063
2238 1053
2238 7261
2239 4465
2240 426
2241 3878
2242 887
2242 3297
2244 1581
2246 5426
2247 2
2247 683
2247 2373
2249 730
2249 820
2251 9081
2255 5991
2256 1035
2256 1830
2256 5222
2257 3093
2258 2675
2258 4581
2259 934
2260 8777
2262 2140
2262 6882
2264 8750
2265 5642
2267 871
2267 950
2267 6487
2268 9271
2269 7560
2270 3194
2271 6732
2272 5535
2272 5997
2274 6274
2277 1040
2278 3129
2278 3413
2279 199
2279 4318
2279 5651
2282 596
2282 2085
2282 6905
2283 7421
2287 7130
2288 1856
2292 1741
2293 4146
2294 3951
2294 5045
2295 1324
2295 4440
2296 5449
2299 6721
2303 7115
2304 5095
2305 1413
2307 3112
2308 851
2308 8584
2309 4615
2310 8120
2311 2257
2312 2305
2313 2543
2313 3115
2313 3902
2315 3168
2315 6692
2316 816
2316 3866
2317 5274
2318 3816
2320 2078
2320 4972
2321 6731
2322 808
2322 2326
2323 1749
2323 3157
2323 6260
2324 5875
2325 4601
2326 297
2326 7206
2327 878
2327 1567
2327 2926
2330 5126
2331 2885
2334 4652
2334 4852
2335 4412
2336 1887
2336 8452
2337 335
2337 545
2337 2078
2340 2321
2342 7736
2347 1681
2347 3001
2348 90
2348 3288
2349 6083
2349 7278
2353 5254
2353 6967
2354 3762
2354 8718
2356 742
2356 1890
2357 3258
2359 4473
2359 7354
2361 6494
2361 7450
2363 6408
2364 8433
2365 2689
2365 3305
2366 233
2366 6394
2367 4087
2369 1639
2369 6091
2371 4709
2372 649
2372 6133
2373 2840
2374 6400
2375 8259
2375 8298
2377 3208
2377 5835
2380 8553
2381 2044
2383 847
2383 8849
2384 7214
2385 3707
2386 2845
2386 5197
2386 8893
2387 3256
2389 1502
2392 215
2392 2417
2394 491
2394 6593
2396 5209
2397 7466
2398 1637
2400 981
2401 4690
2402 502
2403 2816
2405 3936
2406 2358
2406 4168
2407 2703
2407 7264
2408 1556
2408 3647
2408 4621
2409 6275
2409 6722
2413 335
2413 8933
2414 656
2415 982
2416 3797
2417 1843
2417 9369
2419 1368
2420 5503
2423 1709
2424 267
2424 6423
2426 3148
2427 216
2428 983
2429 4662
2430 959
2431 1022
2431 3252
2431 5903
2432 1889
2432 2060
2432 2118
2433 6020
2434 842
2434 8275
2437 7363
2437 9193
2441 8193
2444 2385
2445 1856
2446 6547
2447 280
2447 6865
2447 7932
2448 3979
2448 4686
2448 8270
2451 5062
2452 4763
2453 1893
2454 807
2454 3925
2456 3802
2456 8891
2457 2672
2457 4148
2458 2528
2458 6128
2461 6217
2462 1981
2462 6891
2462 8459
2464 5516
2464 9006
2465 3493
2465 3542
2465 9300
2467 4650
2467 8419
2468 2014
2468 2848
2468 3729
2472 820
2472 3681
2474 7710
2475 2130
2475 6721
2477 306
2477 2650
2478 4249
2479 5068
2479 6201
2479 7063
2482 1068
2484 3884
2484 7476
2485 1833
2486 4094
2486 8837
2488 2574
2488 3595
2489 891
2489 2951
2490 7442
2492 5035
2494 986
2494 2113
2494 5995
2496 9022
2497 6962
2497 8252
2498 3112
2500 6980
2501 1623
2501 2759
2502 6367
2503 6898
2504 5490
2505 1674
2506 5988
2509 8015
2510 8821
2511 5059
2512 2619
2512 4424
2512 4588
2514 1329
2515 1073
2515 6045
2518 6114
2519 3138
2520 7176
2521 2125
2521 3173
2524 61
2524 4861
2524 4955
2526 4192
2526 8428
2527 1881
2527 3331
2527 6920
2528 2346
2528 4005
2528 4812
2530 2815
2533 3637
2533 7869
2534 3117
2534 7140
2535 2039
2536 1915
2540 454
2540 3013
2541 369
2541 3565
2541 8765
2542 8738
2543 835
2543 3972
2543 4124
2544 8134
2545 1064
2545 4110
2546 1674
2547 7824
2549 3452
2550 1734
2550 5861
2551 8209
2551 8681
2553 2299
2553 3899
2554 2228
2554 4804
2555 775
2556 691
2556 4770
2558 4197
2558 5414
2558 6636
2560 3540
2560 8041
2561 291
2561 8199
2562 3782
2562 5533
2562 7295
2565 5503
2566 6583
2567 7935
2569 3626
2569 7858
2572 277
2572 3620
2572 8984
2574 7234
2577 8381
2578 2563
2580 8228
2583 3578
2583 8783
2584 549
2584 6862
2584 8470
2585 3308
2585 5960
2586 3977
2586 8554
2587 5470
2589 6927
2590 7102
2591 2725
2593 872
2594 3734
2594 7174
2595 4560
2595 6132
2595 8721
2596 1771
2596 7434
2597 242
2597 5636
2600 2289
2602 1329
2604 146
2606 5006
2607 3504
2607 3773
2608 1762
2608 3553
2610 8079
2611 3565
2613 3279
2615 8620
2616 2988
2616 3259
2616 6697
2617 1018
2618 5485
2618 7721
2618 7803
2620 792
2620 7928
2623 1513
2623 4405
2625 162
2625 5702
2625 7901
2626 458
2626 8886
2627 6238
2628 4670
2629 3236
2631 1009
2631 5338
2632 735
2632 3015
2633 4859
2634 6161
2634 7843
2636 1070
2636 6436
2638 1160
2638 1602
2638 2165
2638 8551
2640 7012
2641 4603
2641 9219
2643 246
2644 7104
2645 3169
2646 7899
2647 3692
2647 6798
2648 389
2649 1522
2650 5019
2651 4308
2652 2584
2652 8365
2653 6934
2654 6100
2655 4631
2656 8932
2657 1293
2658 983
2658 1739
2658 4317
2658 5161
2658 5432
2658 8162
2660 5512
2662 7520
2663 9380
2665 1909
2665 5911
2665 6351
2666 3288
2667 8454
2668 4724
2669 85
2669 5152
2670 443
2673 7206
2674 6674
2675 7130
2676 2828
2677 3482
2677 4505
2678 6991
2681 2856
2682 8386
2685 1639
2685 7257
2689 5589
2692 3719
2692 7541
2692 7911
2693 8840
2694 4709
2694 8090
2695 7887
2696 316
2696 5465
2696 8880
2697 8536
2699 4767
2701 3372
2702 1473
2702 4897
2702 5315
2704 836
2705 5976
2705 6403
2706 5312
2707 4086
2707 4171
2709 5991
2709 7746
2710 3306
2712 1721
2712 8892
2713 1279
2714 2375
2715 5323
2716 8970
2717 93
2717 1511
2717 4570
2718 5595
2720 4301
2723 7959
2724 3825
2724 5058
2725 3453
2727 184
2727 483
2728 5015
2728 7341
2731 6222
2731 7367
2731 7427
2732 722
2732 1305
2734 2870
2734 7721
2736 5138
2736 8648
2737 8831
2739 5388
2739 6037
2739 7663
2740 4786
2743 2991
2745 1690
2745 6200
2748 446
2750 2091
2751 1750
2751 4203
2753 138
2753 7304
2754 1328
2757 8501
2757 8887
2758 1839
2758 3234
2758 3818
2759 9281
2761 1858
2762 6291
2764 8005
2765 2364
2767 3905
2769 1315
2770 442
2770 1594
2770 2379
2771 5722
2771 6246
2771 8361
2772 2034
2773 1324
2773 3001
2774 1422
2774 4707
2774 4897
2775 1547
2775 7027
2777 6296
2777 9159
2782 4918
2784 1487
2785 4033
2787 4751
2787 9381
2790 6273
2790 6581
2791 9287
2794 8755
2796 6647
2796 7613
2798 3308
2799 2097
2799 5003
2800 2503
2801 3877
2801 7324
2801 8980
2804 3990
2804 7389
2806 493
2806 3636
2809 6001
2810 50
2810 3657
2810 4783
2812 9068
2814 827
2817 2981
2819 1346
2819 3035
2819 7079
2820 7856
2821 2091
2821 8556
2822 9273
2823 4191
2824 1491
2825 5205
2826 1538
2826 2200
2826 2657
2826 5403
2828 7389
2830 1124
2830 5552
2831 4726
2831 8821
2833 5050
2834 2823
2835 8999
2836 5488
2838 409
2838 8967
2839 6100
2840 7400
2842 2473
2842 4550
2842 8916
2843 1202
2845 1007
2845 4089
2847 2886
2849 4265
2849 5981
2850 523
2850 2776
2852 4820
2853 6497
2853 8762
2856 5866
2857 4574
2857 5038
2861 2765
2862 3405
2862 8932
2866 1013
2867 165
2870 8567
2871 2455
2871 3133
2871 6045
2871 7273
2871 8061
2872 4242
2872 4789
2873 7460
2874 7576
2875 5773
2876 1740
2876 4527
2877 8849
2878 2399
2880 660
2881 1581
2881 4217
2881 4865
2883 72
2885 5039
2886 1997
2886 2425
2886 5164
2889 3065
2890 5478
2893 3473
2893 8509
2897 1387
2897 6942
2900 2111
2900 4101
2902 8050
2903 5739
2903 8307
2905 8951
2906 3995
2907 6144
2907 6775
2908 909
2909 3563
2911 3114
2911 7430
2911 8963
2914 8179
2915 243
2915 7245
2920 5412
2921 1021
2921 5980
2921 6369
2921 6889
2921 8979
2922 5198
2922 6213
2923 723
2925 1906
2926 6082
2927 5839
2928 5060
2928 5159
2928 7321
2929 5747
2929 8638
2930 3340
2930 5598
2936 2579
2936 3219
2936 4768
2937 4810
2937 4976
2937 7737
2938 4150
2938 4874
2938 8107
2939 8734
2940 2984
2940 6024
2941 6334
2941 7618
2941 9030
2942 2123
2942 6402
2945 5708
2946 3771
2947 8700
2948 1093
2950 1073
2950 4033
2952 1250
2954 3372
2954 4681
2957 1349
2957 4363
2957 6923
2958 257
2958 7529
2959 4516
2960 6385
2961 2224
2961 6849
2966 6735
2967 8867
2968 3655
2972 1500
2973 7171
2976 3263
2978 1059
2978 9186
2979 4100
2980 3659
2980 6510
2981 2530
2981 5127
2981 8383
2982 6919
2984 840
2985 2413
2985 4141
2986 6145
2987 3722
2988 4264
2990 1110
2992 3903
2992 3904
2992 4148
2993 7406
2994 202
2994 2984
2994 4998
2994 7659
2997 5524
2998 8098
3000 3990
3001 5109
3003 4417
3003 8461
3004 2123
3004 4545
3004 9170
3005 5907
3006 1867
3011 7114
3012 3803
3013 314
3014 8120
3015 1221
3015 1892
3015 6621
3016 4933
3016 8819
3018 6374
3019 2251
3020 1616
3020 3877
3020 6249
3020 8361
3022 2169
3022 8888
3024 495
3024 5365
3025 225
3029 747
3030 3242
3030 9383
3031 463
3033 4764
3033 6653
3034 4353
3035 1319
3035 1431
3035 6526
3035 8269
3037 422
3037 2580
3037 5924
3037 6104
3038 2000
3039 121
3039 6879
3040 6884
3044 33
3044 7859
3046 2071
3046 4106
3048 7498
3049 5723
3049 8361
3051 1593
3052 2920
3052 7079
3054 8624
3055 832
3055 6311
3056 1762
3056 8058
3056 8942
3057 5107
3059 1100
3059 3343
3059 6609
3059 8842
3059 9345
3060 4552
3060 7990
3062 3710
3062 5310
3064 8115
3065 6146
3065 6403
3068 603
3068 1065
3068 1737
3068 1764
3068 2321
3070 8605
3071 1958
3071 5033
3072 642
3072 4390
3074 6512
3075 9029
3077 4628
3078 4500
3079 5990
3080 4319
3080 8213
3081 8630
3085 6304
3086 4753
3086 7834
3086 8869
3087 5697
3088 6901
3090 3075
3090 4572
3091 2806
3091 8050
3092 142
3093 705
3094 2798
3094 7063
3095 5239
3097 4174
3097 7153
3097 8667
3098 459
3098 2992
3098 4982
3099 8663
3099 9257
3102 3101
3102 3953
3103 3148
3104 1347
3106 8571
3107 6584
3107 7458
3108 194
3110 185
3110 700
3111 4563
3112 1562
3113 1775
3114 5244
3115 8620
3116 4681
3117 2576
3117 2895
3118 2398
3120 7853
3124 2454
3125 1243
3126 4897
3127 1968
3128 8411
3130 6221
3132 5092
3133 8509
3134 1043
3135 95
3141 4852
3144 708
3144 3411
3144 9365
3146 8301
3147 5357
3148 1538
3148 3172
3148 3773
3152 5591
3153 4545
3154 1505
3154 8944
3155 949
3155 4761
3155 5775
3156 1198
3157 4283
3158 4045
3158 5225
3162 1754
3162 3455
3163 1652
3164 449
3164 4389
3164 7080
3167 4104
3169 6735
3169 8843
3173 2257
3173 4392
3174 5206
3175 836
3175 1840
3175 4690
3175 7885
3176 8155
3177 7390
3178 1068
3178 8247
3179 5845
3179 8971
3181 3622
3182 3376
3182 4043
3182 5319
3182 7769
3185 5592
3188 4967
3189 7837
3189 8431
3190 4643
3194 6260
3196 8841
3197 7980
3201 4414
3207 7660
3207 8342
3207 9315
3208 949
3209 1736
3209 4468
3210 1125
3210 5165
3213 2909
3214 2972
3215 3006
3218 8307
3220 7108
3222 6897
3222 7340
3224 521
3225 3668
3225 7070
3226 3220
3226 7035
3227 195
3227 5308
3230 3759
3230 8171
3231 1250
3231 7773
3233 1152
3234 878
3234 1460
3235 2693
3236 1058
3237 4644
3240 4949
3241 2152
3241 7004
3242 782
3242 4968
3242 7762
3244 8894
3245 4614
3245 9097
3247 4574
3249 4242
3250 472
3250 5793
3250 7602
3252 968
3252 973
3252 1983
3252 9328
3254 4380
3254 5283
3255 5827
3257 6925
3258 5842
3258 6888
3259 188
3264 2519
3264 4640
3265 3237
3265 5533
3265 5766
3265 7063
3269 6220
3271 917
3272 873
3272 5536
3275 3698
3276 5762
3276 7976
3277 8621
3279 6051
3280 622
3280 3940
3280 5560
3281 1098
3281 3408
3281 7350
3283 8955
3284 2662
3284 7965
3286 5633
3286 9359
3287 3579
3287 6606
3288 2571
3291 1569
3291 5667
3293 4176
3294 3509
3296 7959
3297 4330
3297 4863
3298 7495
3303 4465
3304 3021
3304 6250
3304 6412
3304 6603
3305 513
3305 3080
3305 9037
3306 1103
3306 6265
3307 4196
3307 4961
3308 146
3308 2119
3309 8277
3310 3476
3310 5663
3311 8278
3312 5825
3313 5317
3315 1064
3315 4743
3316 5235
3316 7128
3317 28
3318 2565
3318 7864
3319 525
3321 1160
3325 2432
3326 2994
3326 6487
3327 8843
3329 3107
3329 5692
3329 5895
3332 1459
3332 3017
3332 8386
3333 6699
3334 285
3334 3732
3336 9313
3337 751
3337 862
3339 6453
3339 7249
3339 7926
3340 5861
3342 7646
3342 9063
3343 7789
3343 9053
3344 1344
3346 2997
3347 739
3347 4326
3348 1690
3349 4499
3349 8704
3349 9076
3351 9291
3352 1556
3352 6828
3354 3992
3355 1451
3355 6652
3359 5121
3359 6563
3360 1546
3360 8327
3361 6759
3362 922
3366 2272
3367 1144
3367 3548
3367 5808
3367 6444
3367 6449
3370 7178
3370 7683
3371 5059
3373 1157
3373 8860
3373 9017
3374 3867
3375 961
3375 8935
3378 1792
3379 4475
3380 2592
3380 5785
3380 7528
3381 8927
3382 3543
3386 216
3386 1963
3387 7786
3387 9006
3388 5579
3390 380
3390 384
3390 6851
3396 3441
3396 4202
3399 4280
3400 2672
3400 2676
3401 2162
3402 4089
3405 9128
3406 1071
3406 1451
3406 7217
3406 7469
3407 6319
3408 2531
3408 3295
3409 6117
3410 1243
3411 6762
3411 8672
3412 3498
3412 4867
3415 6966
3415 7045
3416 3662
3416 4257
3417 1876
3417 6266
3418 1212
3419 2156
3419 2982
3419 4519
3420 6331
3420 7287
3421 1859
3423 1945
3424 2393
3424 3646
3426 2004
3426 7652
3426 8749
3426 9356
3427 9226
3428 1143
3431 217
3431 1707
3431 5965
3432 156
3433 4933
3435 522
3435 5637
3436 269
3436 3930
3438 1910
3438 7675
3440 7725
3442 2457
3443 4941
3443 5995
3443 6165
3444 8581
3446 1162
3447 241
3447 6758
3450 3427
3450 8280
3451 4227
3451 8982
3453 558
3454 665
3454 7608
3455 73
3455 7092
3458 596
3459 1189
3459 2683
3459 6586
3460 7275
3461 9231
3462 4881
3462 9017
3463 235
3463 815
3463 1059
3463 1715
3464 8030
3467 5004
3467 5722
3470 1093
3474 8813
3475 1323
3475 4456
3476 5526
3477 6652
3478 926
3478 5707
3479 7654
3480 4309
3480 6773
3480 7285
3480 8027
3481 2726
3483 2353
3483 8094
3483 8902
3485 5
3486 704
3488 907
3488 6278
3489 4044
3490 2686
3490 5624
3491 1732
3492 8286
3493 1487
3493 5070
3494 1747
3496 1867
3496 2549
3498 5660
3500 2644
3500 6422
3502 4104
3503 3022
3504 143
3504 2270
3505 6257
3506 1232
3507 1446
3507 2653
3508 5289
3508 6446
3509 3187
3511 2879
3511 4907
3511 5632
3512 243
3512 246
3512 5452
3514 240
3514 855
3514 2228
3515 6199
3519 1486
3519 2923
3521 4122
3521 5303
3521 8416
3522 2231
3522 3906
3523 7561
3524 6781
3525 1266
3525 3196
3527 8482
3528 799
3528 4399
3529 7891
3530 4824
3531 7164
3533 73
3534 1624
3535 7014
3535 8781
3536 3767
3536 8120
3537 6173
3537 7161
3540 5586
3541 632
3541 4538
3541 5849
3541 6793
3542 1362
3542 8891
3543 5156
3543 6245
3543 8502
3544 4543
3544 5080
3545 2433
3545 3296
3545 4861
3546 3340
3547 2903
3547 3432
3547 7261
3554 1292
3554 3128
3554 3430
3554 6827
3555 3203
3556 2134
3557 541
3557 5047
3558 2792
3561 3367
3567 5862
3568 7200
3569 465
3569 5806
3571 575
3573 4391
3574 6344
3577 7540
3578 1414
3578 6084
3578 8507
3580 4433
3581 3017
3584 2355
3584 3132
3584 3519
3584 6687
3585 5233
3586 5438
3586 6540
3586 7707
3589 2253
3589 8561
3589 9076
3591 8022
3592 8566
3595 414
3595 7847
3596 2023
3597 2879
3597 7001
3599 6899
3600 741
3601 635
3601 3253
3604 7262
3605 5099
3606 5608
3609 3614
3610 3934
3611 1231
3612 8166
3614 8884
3615 7425
3616 2206
3619 6038
3620 8980
3622 7410
3622 9242
3623 911
3625 566
3625 1176
3625 2450
3626 1992
3626 3821
3626 5473
3628 2584
3628 3595
3628 5017
3628 8930
3629 993
3629 3178
3629 7949
3629 8424
3631 3179
3631 5827
3632 166
3632 8356
3633 8825
3634 35
3634 5352
3634 8531
3635 1817
3635 4171
3635 7845
3636 1431
3638 5521
3638 5953
3639 9296
3640 3449
3640 3858
3641 582
3644 1468
3649 1128
3650 3246
3650 9038
3651 6323
3652 7633
3654 3088
3655 641
3655 7733
3656 6221
3658 6671
3660 1012
3660 3651
3661 2338
3661 8547
3662 5136
3662 7974
3664 51
3665 2829
3665 6751
3667 5145
3668 5024
3669 1052
3671 4813
3672 1587
3673 6261
3674 4932
3674 5702
3676 670
3678 2688
3679 337
3680 4056
3680 9224
3681 486
3681 2225
3681 8142
3682 3472
3684 8718
3685 2135
3685 4401
3685 9179
3686 4063
3687 1310
3687 4950
3687 8784
3688 1404
3689 8403
3691 3845
3692 7935
3692 8788
3693 7813
3694 835
3694 1649
3695 766
3695 1816
3695 5953
3695 7620
3700 780
3700 4260
3700 6824
3701 23
3702 4793
3702 7826
3703 6092
3703 7222
3706 965
3706 7591
3706 9076
3707 7165
3709 2740
3709 5180
3710 857
3710 2477
3711 682
3713 352
3715 2581
3716 2168
3718 8777
3719 2198
3721 1904
3721 8356
3722 5616
3724 2608
3727 7478
3732 2460
3732 6060
3735 3043
3735 6749
3736 6077
3737 4355
3737 6588
3737 6990
3740 4896
3743 873
3743 6919
3746 993
3746 5432
3746 7789
3747 5423
3750 7355
3752 2965
3753 6525
3755 3463
3758 1185
3759 7702
3760 7429
3763 4749
3763 5117
3764 5390
3765 217
3766 8218
3767 363
3767 996
3767 8618
3768 2159
3768 5225
3769 4353
3770 341
3771 2050
3772 5875
3774 7659
3777 2023
3779 3654
3779 5726
3780 8175
3781 2594
3784 1308
3784 3455
3784 4926
3785 8931
3786 879
3786 4391
3787 4622
3791 2382
3791 9285
3792 9028
3793 5711
3795 873
3797 4347
3798 5771
3800 3084
3802 451
3802 2528
3802 3391
3802 6863
3809 4414
3809 8335
3810 700
3812 3156
3814 2660
3814 3666
3814 6950
3815 1093
3816 3413
3816 4237
3817 6087
3818 3766
3818 6330
3818 7062
3819 2644
3822 2340
3822 3395
3822 4319
3823 3181
3824 1363
3824 3581
3826 4589
3827 1310
3828 3045
3829 6457
3829 8786
3832 8523
3833 4025
3834 1860
3835 3599
3835 6539
3836 7229
3836 8860
3837 2903
3837 4847
3838 153
3838 5703
3840 576
3841 4195
3843 310
3843 9123
3845 2895
3846 5160
3847 4476
3848 1631
3848 4189
3850 853
3850 3738
3850 5102
3850 8597
3851 1570
3851 8056
3852 1352
3852 2879
3852 4046
3853 3825
3853 8877
3854 1132
3854 6684
3856 2965
3858 67
3858 8447
3859 6010
3859 6361
3860 978
3860 5298
3861 7354
3862 6540
3864 1811
3864 4144
3864 9267
3865 2364
3866 630
3871 3765
3871 4428
3871 6088
3872 351
3873 960
3874 3247
3875 8514
3875 8989
3876 1697
3876 6109
3877 924
3877 4316
3878 3659
3879 1677
3879 5382
3882 8145
3883 438
3883 4132
3883 4760
3884 3002
3885 4714
3886 5767
3887 3513
3888 3531
3888 3733
3888 5856
3888 8864
3889 1395
3890 7686
3891 4668
3892 5493
3892 6218
3893 9260
3895 1856
3897 5871
3898 1298
3898 9303
3899 7217
3900 4909
3900 8834
3902 378
3902 1003
3903 2655
3906 1666
3907 534
3908 5068
3908 7226
3909 9290
3910 6847
3911 195
3912 5596
3912 7772
3912 8013
3914 4023
3914 5969
3915 5714
3915 7385
3916 255
3919 4635
3919 7526
3919 7591
3922 3656
3922 8677
3924 2854
3925 516
3925 998
3925 6891
3927 6176
3927 8078
3930 4806
3930 9341
3932 8451
3933 3476
3933 3685
3935 6088
3935 7002
3937 7043
3938 29
3943 3219
3943 5365
3943 5600
3943 7163
3944 3555
3945 572
3945 2758
3946 7359
3950 6395
3950 8304
3951 7763
3953 5636
3953 8800
3955 4048
3957 6291
3957 6502
3958 9110
3959 344
3960 12
3960 895
3960 5523
3961 5142
3961 7259
3962 7495
3963 3021
3964 5269
3967 4864
3969 7484
3970 3300
3972 8632
3974 3601
3975 4070
3977 1782
3977 2839
3978 9376
3980 3096
3980 4796
3981 633
3981 4463
3982 5183
3984 2672
3985 7477
3987 594
3987 2301
3987 4779
3989 4717
3992 53
3992 579
3993 231
3995 4663
3995 5070
3996 2667
3996 9031
3997 9245
3998 831
3998 2969

