4279 3310 319
1 1
16 2430
23 2505
51 1410
53 2280
70 1526
74 280
100 2333
119 2822
131 532
137 1710
158 2317
187 1756
208 3050
214 1080
215 769
218 1685
246 616
253 32
261 2641
264 1668
267 2819
294 2070
300 1201
322 2778
372 1209
376 2505
380 1272
419 2790
421 2242
428 1914
437 465
443 2524
446 1787
461 2899
468 3300
471 224
498 1627
507 3228
528 2491
549 1464
551 2271
598 351
600 2523
609 1005
616 3041
624 1418
628 2602
656 1686
658 2053
670 1349
676 1714
677 1952
738 3026
741 2260
759 373
765 2250
766 1361
778 2360
778 3044
789 3174
792 2369
807 2385
817 1653
852 2773
868 1046
887 2984
891 2190
894 557
901 2225
907 2617
920 2741
949 3066
970 728
982 2594
1010 370
1014 1103
1030 2017
1031 667
1049 1793
1049 2739
1049 2775
1072 3144
1081 890
1105 1344
1107 1122
1110 338
1110 1219
1135 617
1149 3210
1175 148
1178 2190
1179 542
1179 1660
1187 3036
1191 2902
1200 1114
1201 2971
1237 1791
1240 428
1242 2970
1252 1723
1261 2745
1282 2323
1295 2491
1325 821
1338 682
1375 619
1386 924
1387 975
1407 1361
1410 461
1446 1743
1458 2901
1499 2786
1506 2632
1515 1644
1523 2543
1540 323
1540 2458
1545 2206
1554 1152
1580 3034
1603 3083
1614 427
1614 2183
1650 2578
1676 1378
1677 549
1685 783
1703 2845
1705 1371
1749 2930
1771 1126
1790 267
1815 1
1825 2829
1828 1828
1828 2892
1835 2754
1857 1204
1861 1400
1864 2049
1865 703
1868 2239
1892 2511
1896 1261
1903 2457
1910 2455
1985 1298
1992 555
2002 1811
2008 2463
2048 1954
2049 184
2070 2712
2090 2242
2093 3241
2103 923
2119 12
2172 2516
2181 245
2212 85
2216 212
2229 659
2262 875
2272 2307
2275 3005
2303 2050
2308 1187
2321 2865
2335 1832
2337 895
2337 2142
2352 2852
2360 2554
2419 3094
2449 2671
2456 591
2477 1928
2501 398
2522 1295
2538 1608
2541 2565
2562 487
2583 2947
2591 2474
2626 204
2635 1901
2654 1886
2681 1904
2720 1151
2730 546
2761 1080
2779 770
2808 1689
2826 2469
2859 1256
2860 2603
2870 1803
2900 1457
2900 2055
2911 583
2932 303
2936 2045
2968 1473
2977 1403
3000 1984
3002 2478
3005 2081
3029 280
3051 2821
3064 423
3082 634
3130 2850
3150 2335
3161 2082
3171 2474
3172 3006
3197 2713
3241 1044
3249 2214
3258 788
3310 245
3338 54
3352 408
3363 2536
3368 690
3375 1635
3380 2441
3391 1604
3395 1798
3414 817
3435 937
3437 2285
3449 632
3456 2893
3457 1453
3459 1483
3505 1000
3511 1818
3517 1746
3519 1467
3533 3271
3542 1533
3578 2706
3580 109
3581 2683
3602 810
3602 2581
3614 2395
3620 2206
3624 1226
3634 221
3635 3072
3645 2511
3649 750
3656 2869
3670 3239
3679 2688
3726 2979
3735 1252
3741 2545
3749 21
3751 677
3751 1684
3756 733
3782 706
3791 1858
3799 781
3820 253
3838 431
3841 3153
3860 3053
3861 1097
3890 372
3920 1236
3939 1027
3940 339
3950 3121
3963 327
3967 3244
3972 798
3980 3297
3989 334
4001 3031
4004 1222
4028 791
4038 2137
4040 1617
4064 1585
4067 1519
4077 518
4079 2579
4087 2073
4098 279
4101 1370
4120 2053
4122 2473
4123 2668
4124 549
4130 904
4130 2025
4132 210
4132 2850
4133 1100
4135 1087
4141 2708
4152 1033
4204 2904
4212 1642
4223 1029
4237 1713
4245 100
4246 2803
4255 1791
4261 913
4261 2421
4263 477

