9377 5874 3422
1 1
2 4188
3 4987
4 1203
5 1875
5 3355
12 3300
12 5610
14 5826
15 503
16 1286
16 2807
17 1386
20 184
20 2291
21 1631
21 5459
24 4010
29 1098
30 513
30 3191
34 5738
37 2376
37 2591
39 2028
46 1336
46 4418
47 3881
48 2735
50 2596
59 3499
60 5761
62 2037
63 3166
69 5450
70 3045
70 4433
71 1951
71 5542
74 2198
77 631
79 3464
79 3531
80 449
84 2825
85 5160
89 1263
91 1003
93 630
94 1966
100 2609
101 720
102 4246
108 5015
108 5111
109 1957
109 5271
115 5008
116 1393
116 5322
119 1484
136 4433
138 5858
139 5564
146 906
148 3003
149 5790
152 2560
154 639
154 1887
155 4213
156 3985
158 482
164 3065
165 5016
166 5097
174 2946
175 4630
179 3525
180 1076
180 5384
181 2542
185 1164
185 1968
187 423
188 667
191 4391
193 2421
199 1619
200 1584
203 3393
204 2259
204 4168
207 985
207 5055
210 4964
219 3171
220 892
226 2247
226 4868
227 4369
228 3037
229 2370
233 5218
235 1973
235 4721
236 5754
237 2287
240 4587
246 2239
246 2898
250 211
251 1549
255 4704
256 4557
264 575
264 4785
265 5358
270 5356
272 1434
272 2514
275 5572
282 1390
289 4632
294 1151
294 1354
297 667
297 2372
299 2283
301 537
301 726
305 787
309 1831
311 3718
311 4142
313 3661
315 3611
319 3998
324 5494
329 583
331 3658
334 5368
337 3382
342 5873
357 359
360 4050
361 141
361 5474
362 4959
368 425
368 811
374 2283
375 37
380 2389
381 2131
383 566
383 2042
385 2350
390 1217
391 2132
394 5132
399 4460
401 3521
416 4600
418 648
432 2515
434 1075
435 4367
440 3663
440 4023
445 2250
450 41
452 3169
453 2192
454 233
456 4851
460 3306
467 1340
477 167
477 1009
480 21
483 1617
485 31
485 1092
485 5594
489 1363
490 3654
496 2067
497 3756
498 714
500 2393
505 2054
506 2811
509 1965
510 4423
511 1809
511 4830
511 5344
522 851
528 3635
533 4926
533 5312
534 4550
541 3926
542 4586
543 3202
545 2405
546 615
547 1375
550 4952
554 3051
555 2424
562 1220
562 4371
563 2725
564 3392
565 3803
566 5777
567 1455
567 2042
569 659
571 4821
571 5207
572 5707
573 2526
576 896
579 363
586 2992
590 4661
592 854
592 2706
594 5163
599 3913
601 3730
604 3508
610 1434
617 5480
624 4363
624 5085
632 4056
635 720
636 4150
641 2395
641 2733
641 4992
643 2669
645 3788
646 1030
653 1847
656 3354
656 3687
657 452
664 2512
667 379
670 4388
672 4566
673 4780
678 1438
679 937
679 4941
683 3571
685 925
687 604
691 2120
694 2609
695 5308
697 5076
700 3473
701 2180
702 2510
704 1469
704 1529
707 387
714 4470
715 3215
718 1183
718 4493
723 3011
723 3253
723 4007
727 3320
734 998
736 4031
737 3548
741 1577
745 1316
745 1876
748 3376
748 4976
752 500
753 602
754 237
754 3095
755 380
755 1991
760 409
761 566
763 895
763 1311
764 3778
765 546
767 2353
770 3108
774 1239
775 2754
778 1518
780 871
781 869
784 2761
788 1940
791 2784
799 1712
802 1128
802 1565
802 5756
808 5316
808 5338
811 4103
814 1754
815 308
818 288
821 5057
825 3199
827 4679
828 2185
830 4742
832 4250
833 902
833 5463
838 2382
838 2736
839 4696
844 2518
844 5068
848 2852
851 5688
856 2784
863 5448
865 57
866 4111
873 4363
874 5028
875 1780
876 328
876 2339
881 3359
882 4043
895 84
896 69
897 3919
897 5566
898 5468
899 5610
902 1876
907 2403
909 1543
910 2913
910 3914
914 5153
917 5095
921 5558
922 5618
924 4048
924 4314
929 5225
934 1280
935 4581
937 3290
943 3785
947 4022
954 3295
957 5717
959 5560
962 1636
963 3917
965 1149
966 2761
969 4696
971 688
971 4409
972 2702
976 2450
979 2642
981 2653
982 2196
983 1670
985 5352
991 3987
993 2632
996 1246
999 1485
1002 3726
1003 2627
1003 2989
1003 5860
1004 3551
1006 3166
1007 5679
1010 10
1010 2154
1011 5387
1015 3146
1015 4405
1018 79
1022 4068
1024 5765
1029 5552
1031 1358
1031 2390
1033 897
1036 1972
1040 4551
1044 3603
1048 617
1052 387
1052 4870
1054 1681
1054 5566
1055 253
1055 1093
1058 5515
1059 4778
1059 5687
1061 4655
1062 4282
1063 752
1063 1102
1063 5098
1070 1561
1072 83
1072 3229
1073 5844
1074 1336
1074 1471
1074 3407
1075 3051
1077 2375
1081 2538
1082 5787
1084 3166
1084 3192
1085 1447
1092 1243
1093 2088
1095 2718
1097 1561
1097 1831
1099 1523
1101 4196
1104 404
1104 450
1104 3163
1108 259
1112 5356
1113 3151
1117 4767
1118 4504
1119 4811
1123 4753
1128 2985
1130 2309
1130 2887
1136 2755
1145 4022
1147 155
1150 3929
1152 2328
1153 3205
1155 3434
1159 1423
1159 2351
1159 2943
1160 1673
1161 2363
1164 2970
1167 515
1170 116
1173 3061
1179 2966
1185 3776
1187 3048
1188 229
1201 4254
1204 2123
1212 4827
1213 3130
1220 3783
1222 3122
1222 5469
1223 4577
1224 3485
1225 3297
1232 3151
1234 381
1234 5800
1238 474
1246 3143
1247 3956
1252 4382
1260 3288
1261 5854
1265 3980
1268 587
1268 4926
1269 4123
1269 5185
1270 3567
1272 2450
1273 3591
1278 1313
1288 354
1288 2517
1292 3514
1292 5185
1293 1927
1301 519
1302 1108
1302 3359
1308 3897
1309 2686
1323 785
1332 871
1339 1067
1339 1531
1342 2633
1344 5114
1348 1566
1351 204
1351 4195
1353 4235
1356 2931
1356 3662
1359 5108
1361 4355
1365 4089
1382 4784
1385 4930
1385 5314
1386 4550
1389 3667
1389 4806
1390 3827
1393 5426
1395 461
1396 4887
1396 5145
1397 3121
1398 411
1399 5522
1405 2887
1407 1807
1410 3049
1411 993
1415 2980
1415 5060
1415 5079
1416 5420
1419 5800
1419 5814
1424 1925
1426 1387
1435 2576
1435 3416
1440 3712
1442 1146
1455 390
1456 5076
1459 569
1461 2880
1462 1871
1463 4376
1464 5208
1465 4941
1466 3113
1467 5423
1469 2814
1471 5378
1474 938
1474 2785
1474 5534
1480 2089
1480 5844
1482 3202
1483 3268
1490 5826
1491 5559
1492 2097
1495 3074
1497 846
1503 4533
1504 2026
1504 5677
1508 1088
1509 5431
1510 4266
1512 3833
1512 4610
1514 1321
1516 2047
1517 373
1520 175
1520 1488
1520 3049
1522 1624
1524 2692
1526 748
1526 3874
1527 880
1544 2728
1544 3188
1545 1835
1554 1815
1570 3784
1573 1879
1573 3076
1582 3231
1585 1058
1586 171
1596 2727
1600 3460
1602 5677
1603 598
1603 5587
1604 1522
1609 1428
1614 3368
1619 113
1620 3175
1621 215
1623 2865
1623 3861
1625 308
1628 363
1628 5685
1628 5841
1630 843
1630 3227
1638 3588
1639 1320
1639 4616
1646 1504
1648 4045
1652 3342
1654 5346
1655 461
1659 3550
1668 426
1668 1156
1669 5364
1673 2364
1674 4582
1681 4068
1683 5584
1685 3268
1690 237
1690 2271
1690 4713
1692 1634
1693 336
1693 3368
1695 2761
1707 3318
1711 5587
1713 5606
1716 4232
1720 1189
1725 1177
1726 4654
1731 4362
1734 417
1734 1583
1735 574
1738 1452
1753 5252
1754 5021
1757 3214
1757 5099
1759 4576
1763 4897
1769 2422
1771 3030
1775 5091
1789 2413
1792 3877
1793 1124
1795 4522
1796 4672
1798 1796
1799 5455
1800 2980
1802 1027
1812 2285
1812 4650
1820 5130
1824 4643
1830 3906
1834 5689
1835 3781
1837 4716
1842 4615
1843 550
1845 975
1845 3168
1849 1717
1849 2330
1850 4874
1854 1276
1857 3716
1858 5693
1859 2190
1862 2700
1870 5708
1872 3908
1876 3717
1886 3297
1888 802
1888 3526
1888 4567
1897 2468
1897 2905
1897 3427
1898 3185
1904 408
1905 965
1905 2016
1907 2506
1907 4356
1919 72
1922 4594
1925 39
1929 1115
1933 249
1933 4909
1933 5382
1935 925
1939 2683
1942 3827
1945 4737
1948 5798
1949 1115
1952 544
1954 2583
1955 3739
1956 5135
1958 1321
1958 3995
1966 1749
1968 1701
1968 3030
1971 1481
1971 5481
1978 3271
1981 1359
1984 635
1984 885
1990 5593
1992 1578
1992 4867
1993 1636
1998 823
2001 3035
2007 2392
2007 3349
2009 5558
2010 4882
2015 243
2015 5383
2021 1612
2021 3181
2028 290
2028 5681
2030 5434
2038 3760
2039 707
2039 2369
2039 5356
2040 1369
2040 4378
2041 1372
2043 2298
2045 4930
2047 1309
2053 1119
2054 3520
2058 2549
2059 3226
2063 5240
2065 5299
2067 3237
2068 1782
2069 1385
2079 2084
2086 4110
2086 4200
2086 4701
2090 4801
2097 118
2101 3402
2105 3689
2106 5623
2107 4397
2111 2972
2113 1294
2117 914
2117 1234
2122 4421
2123 5601
2124 578
2130 190
2141 837
2142 883
2146 9
2148 3599
2148 4492
2149 1484
2151 2802
2153 2964
2153 3942
2157 2146
2159 378
2161 5597
2164 4655
2168 4412
2169 597
2169 4180
2179 1921
2185 4833
2187 1787
2190 2298
2190 4680
2190 5156
2195 2283
2195 5362
2197 3
2197 550
2201 2431
2202 681
2203 561
2203 2447
2204 5554
2207 1431
2207 4598
2208 2323
2215 3570
2226 1453
2230 5218
2238 912
2239 2164
2249 3455
2251 4827
2253 1279
2253 4484
2256 4416
2257 110
2258 4086
2266 735
2267 221
2268 2613
2269 5563
2272 2564
2275 3110
2278 678
2284 5120
2289 3358
2291 3042
2292 4868
2296 3725
2300 27
2301 443
2305 3927
2310 4663
2316 3897
2318 2502
2321 4951
2325 3033
2326 1172
2328 2697
2331 3159
2331 5579
2331 5774
2333 2289
2341 5016
2344 2280
2347 540
2348 2889
2356 3778
2357 3038
2358 1359
2366 3372
2369 4569
2375 5089
2376 5396
2382 2541
2382 4450
2383 1397
2383 5426
2385 217
2385 3965
2388 3971
2391 1595
2393 1664
2393 3702
2393 3727
2394 3959
2401 4395
2403 748
2408 1884
2408 3075
2413 3182
2413 5429
2414 5312
2416 2529
2417 872
2425 2568
2425 3069
2425 3207
2425 4870
2427 2686
2428 3724
2430 3280
2436 4280
2440 4715
2442 5044
2444 1754
2445 526
2447 3797
2448 2014
2453 2279
2458 1762
2459 4586
2462 2365
2463 3784
2468 1266
2469 70
2469 3232
2471 1798
2471 4302
2474 1535
2477 4288
2480 1847
2484 5712
2487 4358
2487 5076
2489 4165
2490 5824
2493 938
2495 3630
2499 1644
2501 2117
2503 5321
2507 2761
2509 600
2511 1218
2511 4932
2513 2893
2516 144
2518 3547
2518 5096
2522 4675
2524 4136
2527 11
2529 1937
2531 632
2534 5493
2536 3322
2538 1855
2538 3675
2539 1334
2544 4485
2545 5800
2552 1427
2554 302
2554 1230
2555 2738
2556 1137
2556 4435
2565 780
2566 1369
2566 4996
2570 126
2570 3057
2570 5192
2579 4134
2585 824
2587 3405
2601 3481
2601 5622
2605 3040
2609 147
2611 2314
2613 4794
2614 1490
2614 2962
2624 390
2624 2329
2629 4092
2632 1323
2632 3000
2634 1536
2635 248
2641 4510
2646 1998
2651 4041
2654 466
2655 1506
2655 4936
2658 2839
2658 5606
2661 1860
2661 3229
2663 2058
2665 4716
2669 1684
2671 2397
2674 1067
2675 5860
2678 1814
2683 1488
2691 5399
2700 4844
2701 2662
2701 5245
2702 2326
2709 2137
2709 2698
2722 4326
2724 5699
2727 972
2731 1495
2734 631
2735 1472
2737 2832
2745 5181
2746 3630
2750 1154
2752 1994
2752 2410
2761 514
2767 3728
2768 5658
2770 5593
2773 3004
2776 2155
2778 385
2781 3018
2782 2996
2784 3771
2787 2614
2787 5675
2801 3852
2803 5630
2806 4673
2812 174
2812 4944
2816 1705
2818 3810
2819 4463
2828 5356
2829 4906
2834 129
2837 4446
2838 712
2840 5719
2849 1472
2858 4300
2858 5051
2859 2630
2859 5862
2860 3469
2861 2299
2862 2116
2862 3818
2877 125
2877 2454
2879 4194
2881 5189
2891 878
2892 2822
2892 2964
2894 624
2898 830
2898 3952
2902 3012
2907 2085
2921 5817
2922 1594
2927 4951
2928 354
2928 2932
2929 5791
2930 4198
2936 3763
2938 497
2939 3954
2943 1911
2950 1348
2952 4170
2956 4870
2957 1465
2967 5513
2969 3193
2970 1968
2975 1740
2976 3296
2983 3676
2984 2362
2984 4896
2997 2107
3000 73
3000 3036
3003 3446
3005 846
3007 3273
3009 2965
3010 3714
3013 4683
3017 4283
3028 3331
3029 5810
3030 3432
3038 2957
3044 2979
3057 5286
3064 1016
3067 3961
3070 4029
3071 3494
3072 1120
3074 3675
3076 4018
3084 5564
3087 1210
3090 3811
3090 5705
3091 3000
3093 5065
3097 4835
3097 5571
3098 2313
3099 543
3102 1384
3104 4469
3107 436
3109 1903
3110 2529
3114 4586
3115 3609
3122 892
3125 139
3126 2928
3130 1062
3130 3789
3133 4428
3134 3429
3137 8
3143 5269
3145 2626
3146 369
3151 2005
3153 1268
3153 2815
3154 2850
3155 729
3157 3892
3163 5008
3173 2145
3173 2789
3174 5139
3175 631
3175 4646
3177 4341
3178 4659
3183 3263
3186 402
3188 1661
3191 1507
3194 5220
3196 4492
3206 1559
3207 3405
3212 535
3214 655
3217 2510
3218 322
3219 353
3221 654
3227 4675
3228 232
3228 5304
3236 1919
3238 5417
3240 3065
3241 5432
3243 4790
3244 606
3245 4116
3248 1731
3248 5533
3256 1289
3257 4557
3268 4595
3270 1581
3271 1491
3271 2639
3271 3167
3273 3161
3273 4341
3275 1009
3275 2664
3278 2378
3282 5460
3284 1933
3287 110
3287 2535
3289 2365
3292 5301
3294 2267
3295 4347
3304 4383
3309 4278
3310 185
3312 2546
3314 2005
3319 3951
3320 3175
3330 73
3333 3966
3342 1292
3347 3305
3349 4541
3361 233
3362 1740
3364 3922
3366 2501
3370 5045
3381 4863
3382 3573
3393 4264
3401 3173
3407 1630
3422 2510
3422 4696
3423 2472
3428 3331
3432 4188
3435 1855
3439 2277
3446 1551
3448 4575
3452 4536
3453 4031
3454 4184
3457 2794
3460 5294
3463 3209
3463 4860
3465 88
3477 4066
3480 3357
3485 1878
3487 4465
3490 5446
3495 380
3496 4141
3497 5142
3503 2543
3505 5179
3506 3978
3512 2595
3513 1810
3513 5272
3522 4330
3523 3838
3524 2180
3531 3453
3534 484
3535 4393
3537 2548
3538 3006
3540 2572
3543 433
3545 3005
3548 2158
3548 3109
3549 1924
3550 774
3553 3349
3558 3945
3559 851
3559 1286
3561 3196
3567 4783
3568 4508
3585 579
3585 4520
3589 2995
3596 1888
3596 3242
3598 5160
3601 1092
3602 1282
3602 2218
3602 3377
3603 4253
3609 102
3610 4450
3610 4708
3611 5319
3613 782
3615 5855
3624 3316
3625 2709
3631 2537
3632 965
3632 4124
3636 2912
3637 5276
3638 766
3638 4801
3638 5590
3642 5670
3643 4105
3644 4140
3646 3807
3648 2268
3653 3816
3654 5087
3655 1227
3657 175
3657 4328
3658 152
3660 2032
3662 1465
3666 2795
3671 291
3672 137
3678 646
3681 2240
3687 1178
3689 4471
3690 179
3692 667
3693 5412
3694 166
3695 3082
3696 2262
3697 3844
3701 2462
3705 936
3706 1194
3706 3006
3710 1881
3711 3216
3714 2086
3714 2665
3714 3281
3714 5408
3715 1273
3717 2976
3718 2521
3718 5137
3722 40
3726 2706
3729 2399
3733 5126
3734 2172
3735 5844
3738 3934
3738 4388
3738 5533
3739 4191
3745 5404
3748 5123
3750 1410
3752 899
3754 1502
3757 267
3758 1329
3758 2098
3765 3053
3768 2316
3773 780
3773 3612
3783 842
3786 4771
3787 1324
3787 3386
3798 1124
3804 4104
3804 5812
3809 1426
3809 3793
3810 5697
3815 5544
3818 4212
3824 3123
3824 3512
3824 4238
3827 2779
3833 1584
3835 3892
3843 2707
3847 5403
3857 1173
3857 5300
3868 259
3873 2491
3875 532
3876 1841
3877 1413
3880 3982
3887 611
3894 888
3899 2002
3901 395
3901 2788
3903 4147
3903 4323
3907 2976
3911 3513
3912 286
3912 1687
3914 4864
3918 181
3922 2390
3922 4769
3927 990
3928 34
3932 2226
3942 3620
3946 4927
3951 1267
3951 3840
3952 5129
3954 881
3956 3250
3959 1814
3969 2955
3969 3522
3970 2054
3971 5141
3974 3778
3979 2802
3991 245
3998 3946
3999 2644
4002 2748
4004 3555
4007 1544
4015 3947
4016 1475
4016 2963
4020 1308
4023 4828
4027 260
4028 1762
4030 2252
4030 4149
4031 3422
4036 1169
4037 2304
4038 275
4039 5666
4043 5458
4047 994
4047 3059
4048 655
4048 3077
4050 1143
4051 3805
4052 1760
4054 1082
4055 2975
4055 5743
4056 2660
4056 5251
4057 2343
4059 4593
4059 5052
4066 3396
4069 75
4070 1682
4073 3870
4082 5275
4083 4801
4090 1840
4090 2336
4094 758
4099 4627
4103 1251
4103 2484
4104 3096
4108 1547
4110 2145
4111 1107
4117 4531
4118 2940
4121 2383
4121 4683
4122 2131
4128 5793
4131 3523
4134 2290
4136 1832
4139 2176
4143 5274
4144 3450
4149 3302
4152 1847
4152 2676
4156 74
4157 3892
4158 68
4158 5853
4159 2372
4159 3356
4165 4890
4166 1127
4176 816
4177 1464
4185 4070
4187 3792
4189 1176
4189 2382
4192 876
4206 4938
4210 2545
4214 1061
4219 1544
4219 4456
4227 4988
4229 679
4234 1758
4237 3791
4240 3855
4241 2023
4241 2596
4246 1284
4247 1619
4247 4018
4248 964
4254 2714
4256 5600
4258 136
4259 766
4259 2742
4263 2236
4263 4243
4263 4278
4264 1699
4264 2615
4267 3822
4267 5642
4268 130
4270 2823
4270 4651
4271 2073
4271 4960
4273 2624
4274 4444
4274 5470
4283 1601
4283 3241
4283 4350
4286 3196
4296 18
4296 1754
4296 3851
4299 304
4301 2842
4302 1282
4304 4714
4307 3911
4314 960
4314 4793
4316 4706
4316 5595
4318 3403
4318 5642
4321 3794
4321 4449
4322 3960
4333 3721
4333 5091
4335 3246
4336 5088
4343 5235
4345 842
4348 943
4348 4860
4356 2801
4356 3474
4359 4623
4363 1447
4365 1650
4365 4130
4366 1829
4366 2635
4367 827
4369 109
4370 4570
4377 3877
4378 4101
4382 1882
4384 1505
4384 3383
4385 436
4386 3329
4393 5187
4394 2650
4398 5446
4403 150
4403 1711
4403 5736
4404 3312
4404 4422
4405 1406
4406 5200
4416 2593
4418 3173
4422 5651
4426 5304
4429 2165
4430 778
4431 1804
4432 3957
4436 2341
4436 3648
4439 4912
4443 5269
4445 930
4447 754
4447 2698
4450 113
4452 3078
4455 71
4462 4082
4462 4934
4469 887
4471 2736
4472 1833
4475 5768
4476 1912
4479 2633
4481 3077
4485 863
4487 778
4488 1405
4492 4661
4494 2311
4494 3013
4497 2715
4497 5545
4502 951
4503 29
4509 1958
4514 2039
4518 1394
4519 1129
4521 812
4521 5745
4524 5705
4525 5140
4534 1102
4535 1256
4540 1137
4544 728
4548 1594
4548 5699
4551 5506
4553 2257
4556 4956
4558 2666
4563 879
4577 2038
4577 2192
4578 2322
4580 3375
4583 4299
4587 1019
4587 3040
4588 5530
4590 688
4591 4285
4594 439
4597 507
4597 4441
4598 1774
4605 5242
4607 1706
4607 5513
4610 4577
4614 3915
4615 3130
4620 2238
4626 3107
4626 5256
4628 3019
4631 4331
4638 3652
4640 5185
4642 3635
4643 1932
4644 3832
4645 621
4646 2352
4649 1094
4650 1858
4652 2706
4654 3012
4657 4939
4658 4560
4658 4791
4662 3780
4671 5722
4678 2163
4679 4121
4680 933
4680 2558
4683 763
4685 953
4685 3951
4689 381
4692 5098
4703 2332
4708 2442
4709 4483
4715 298
4717 4005
4719 3338
4721 5697
4723 1452
4725 1212
4726 4864
4731 586
4731 2049
4733 2944
4736 2835
4736 5138
4736 5625
4737 3011
4738 563
4738 4071
4743 245
4748 3847
4752 2897
4752 5426
4759 2424
4762 1088
4765 1610
4765 2006
4766 2207
4768 2129
4772 3836
4773 3293
4779 633
4784 1892
4789 5788
4790 100
4792 2122
4793 5576
4794 4046
4801 2291
4804 5167
4805 3449
4808 30
4808 758
4808 3404
4813 5686
4821 4148
4822 2533
4824 5347
4825 5362
4833 1049
4838 1255
4840 127
4841 3913
4842 2659
4849 946
4852 1827
4857 2752
4858 521
4858 3817
4858 5077
4859 574
4860 1959
4860 4556
4861 5515
4862 4394
4876 5723
4877 5316
4878 4133
4880 5644
4889 4352
4894 2508
4902 3365
4903 3741
4905 3797
4909 440
4910 350
4910 1926
4911 2822
4913 1831
4914 3431
4915 4105
4927 1659
4928 1336
4930 3931
4940 5278
4941 2858
4945 4281
4950 4246
4950 5419
4951 4794
4954 62
4954 2115
4955 5435
4960 1779
4964 743
4966 2202
4970 1913
4971 3138
4972 334
4972 3327
4975 2718
4984 2135
4995 1220
4996 4839
4998 1067
5001 5436
5004 4907
5006 3548
5009 4695
5010 2335
5010 3230
5010 5715
5013 2133
5014 4956
5020 4531
5024 2307
5025 681
5028 578
5029 2834
5031 3458
5033 2325
5035 4701
5037 2737
5040 3785
5040 5470
5046 884
5058 3315
5061 3194
5061 4918
5067 5312
5070 178
5070 2110
5071 2309
5072 5261
5075 4290
5080 5641
5084 2732
5086 2918
5087 3576
5095 5334
5097 5653
5098 3911
5102 500
5108 4008
5109 2122
5110 3928
5119 461
5120 3268
5123 484
5123 616
5130 1214
5131 5665
5140 2711
5140 4605
5141 4421
5143 3433
5154 4814
5158 5142
5159 5393
5164 5106
5169 890
5171 5519
5175 470
5175 2384
5179 2955
5180 1658
5189 4640
5191 3190
5198 3487
5200 2659
5203 4985
5207 946
5208 1365
5211 773
5212 3490
5212 4641
5214 85
5217 3
5221 1862
5224 768
5224 2783
5224 3223
5228 138
5228 957
5229 1456
5230 507
5231 5547
5233 5142
5236 2626
5245 2836
5248 4421
5249 4782
5252 5149
5253 62
5253 5387
5254 2376
5255 1615
5255 1787
5260 244
5262 3142
5263 987
5265 1446
5268 346
5269 4601
5270 2456
5274 3198
5284 3848
5285 600
5286 5591
5288 3247
5289 1058
5293 5845
5295 4640
5296 251
5297 3881
5302 3776
5305 5134
5307 3434
5308 264
5311 3612
5316 5787
5317 3920
5325 3938
5328 1673
5330 300
5332 2555
5332 4990
5335 899
5340 5094
5341 726
5343 1473
5345 4960
5346 3978
5349 219
5354 3134
5356 3827
5360 2446
5366 3691
5366 3980
5371 2130
5379 4012
5379 4017
5380 3617
5381 5094
5383 1290
5385 1679
5385 3143
5388 2967
5389 3515
5394 1861
5399 406
5400 3325
5401 1926
5411 4720
5415 3479
5417 4509
5419 5660
5422 2443
5424 3591
5426 1859
5428 342
5429 1797
5429 3906
5435 2276
5436 2938
5437 3143
5440 4450
5442 5521
5446 1507
5448 5795
5449 2354
5451 1997
5452 3474
5455 5434
5456 3668
5467 3289
5469 262
5470 3618
5471 460
5472 598
5472 1699
5472 5580
5474 575
5476 719
5477 1903
5480 1762
5497 647
5497 1353
5497 3720
5497 3909
5497 5630
5497 5705
5498 5475
5500 2120
5500 5361
5509 4191
5510 1814
5512 2058
5515 5782
5516 804
5519 79
5522 4791
5527 3065
5528 403
5528 5018
5529 4741
5533 3572
5534 2991
5538 3506
5543 4327
5548 2429
5548 4574
5551 5830
5555 37
5555 3992
5557 5613
5558 2944
5561 1965
5561 2666
5567 581
5570 859
5573 724
5574 1940
5576 1042
5577 3608
5583 309
5583 4156
5587 782
5588 3025
5589 521
5592 518
5594 5083
5599 2095
5599 2726
5599 3622
5607 4642
5608 4760
5617 2967
5619 1413
5621 1310
5627 4341
5630 227
5632 828
5633 5158
5634 865
5635 1429
5638 3447
5641 4130
5641 5518
5642 2465
5642 2901
5649 3703
5649 4129
5652 70
5653 142
5653 3143
5658 4165
5661 644
5667 2280
5673 4394
5676 5686
5677 3011
5685 3330
5685 3739
5687 316
5692 4713
5695 2808
5697 5570
5699 3372
5703 1277
5709 3722
5711 1153
5711 2770
5727 964
5727 2207
5728 4936
5729 2157
5729 3174
5733 164
5734 1704
5741 3047
5744 1460
5750 5162
5751 1608
5751 2973
5751 3214
5751 3217
5751 5461
5752 5216
5755 5208
5756 2833
5762 1366
5762 2576
5764 998
5768 1600
5772 3901
5773 4415
5777 1157
5781 5812
5782 3370
5783 1343
5783 5121
5785 2315
5796 757
5797 5442
5798 3577
5804 2432
5806 2368
5816 715
5823 134
5825 3868
5825 5415
5828 3397
5829 1200
5832 5253
5833 4824
5834 2267
5836 2819
5840 3219
5844 3996
5845 5696
5847 1272
5848 2814
5848 4210
5848 5282
5849 237
5851 3612
5853 1779
5854 2161
5856 3912
5858 800
5860 1451
5861 1434
5861 3350
5862 2666
5865 2137
5867 4784
5869 8
5870 390
5870 3442
5871 5327
5872 1253
5876 5595
5881 358
5881 4165
5882 2790
5883 4668
5885 5192
5886 1954
5887 4550
5887 5770
5888 2007
5890 238
5892 716
5899 485
5899 1954
5906 5274
5908 855
5910 58
5911 29
5911 461
5912 1678
5912 4653
5913 2180
5915 5368
5916 5607
5916 5821
5921 1615
5923 4501
5925 771
5931 2738
5932 5309
5936 2463
5941 4409
5942 3574
5942 4344
5944 701
5951 3223
5951 5224
5954 3762
5955 739
5955 2861
5963 93
5966 1082
5969 1250
5975 2468
5975 4329
5975 5349
5977 120
5982 5205
5983 3276
5988 4455
5992 3039
5993 1683
6001 2767
6005 5131
6007 1578
6016 509
6018 1336
6018 1758
6024 4813
6028 1117
6028 1534
6030 226
6030 2357
6034 5697
6035 1762
6035 3507
6035 4951
6036 5214
6053 3557
6054 5077
6054 5736
6057 5104
6057 5782
6059 4915
6067 1535
6067 5022
6069 2901
6077 2437
6079 3010
6091 3534
6092 2186
6098 2584
6103 4052
6113 2043
6114 3323
6115 4031
6117 1539
6120 1489
6126 2466
6127 2940
6129 3291
6133 4912
6139 309
6139 1017
6148 2240
6148 4388
6149 901
6153 4522
6159 5718
6165 894
6165 4798
6166 4913
6169 3616
6170 5586
6172 5334
6173 5366
6175 4130
6177 1635
6188 1149
6192 4989
6195 2935
6197 1749
6198 131
6202 3567
6202 3838
6209 2298
6210 152
6218 929
6219 3755
6222 2287
6224 5167
6229 5655
6230 305
6231 3639
6235 1949
6237 5617
6241 2106
6246 2693
6246 2946
6247 3631
6249 363
6254 4230
6255 629
6256 1928
6266 4644
6270 5042
6273 846
6275 2555
6280 3633
6283 761
6287 107
6291 2604
6293 3399
6299 2943
6301 2303
6302 1104
6307 3663
6309 1799
6310 1327
6314 5453
6314 5614
6316 2724
6316 3539
6320 3223
6321 2837
6322 3540
6324 3229
6324 3977
6331 2752
6333 513
6334 1062
6340 2176
6348 4335
6350 3823
6352 1996
6356 2103
6356 3095
6357 735
6358 119
6360 2446
6362 3763
6363 1305
6368 439
6369 685
6374 5518
6376 3113
6377 484
6381 2276
6381 5164
6382 1334
6383 1106
6384 2357
6387 862
6390 2862
6390 3110
6395 4681
6396 680
6401 1835
6405 2505
6407 4804
6412 3906
6424 4134
6431 5291
6437 5252
6442 368
6445 1429
6447 1459
6453 2769
6456 3647
6456 4557
6459 2419
6462 1058
6462 2013
6463 5192
6466 72
6468 3966
6469 2713
6470 374
6473 3764
6477 2330
6482 4638
6482 5619
6483 5671
6492 1744
6493 5618
6499 657
6500 1169
6501 2843
6505 2315
6506 2347
6515 1695
6517 1088
6517 4236
6518 803
6539 4265
6541 5820
6545 1363
6548 4141
6552 744
6561 5148
6563 1831
6564 739
6571 683
6573 5236
6575 4771
6578 1702
6583 2003
6590 367
6594 1477
6595 1792
6598 5771
6601 5522
6601 5580
6603 3925
6605 3722
6607 4031
6609 1729
6621 2563
6621 5391
6631 1675
6639 4880
6642 5053
6643 5668
6646 151
6647 3183
6648 3769
6649 5831
6650 127
6650 2637
6654 3555
6654 3903
6656 997
6658 3557
6658 5422
6662 1510
6666 1595
6669 4621
6672 175
6674 4826
6678 1343
6681 1397
6685 2074
6688 3967
6695 3856
6699 268
6701 3058
6703 958
6703 4411
6705 914
6705 2446
6705 4500
6706 4497
6709 2903
6711 4051
6714 3751
6718 4233
6719 5269
6723 3461
6726 4296
6727 2644
6729 4779
6733 2301
6743 3767
6744 479
6744 5400
6745 535
6746 2756
6748 1478
6751 2186
6752 3298
6756 385
6756 457
6759 2233
6759 4226
6759 4885
6764 1792
6765 2447
6765 4960
6769 720
6770 4320
6772 4094
6773 4847
6774 1089
6778 1562
6778 4650
6781 3599
6782 2705
6783 1186
6784 3786
6785 255
6785 3893
6787 3779
6788 4753
6800 1031
6801 1525
6802 1202
6802 1618
6805 4317
6812 4513
6814 3199
6818 1729
6818 1742
6818 2046
6818 3988
6829 2915
6834 664
6834 918
6835 2722
6835 5629
6841 3573
6843 5859
6844 5411
6846 3281
6851 1328
6851 5789
6862 3887
6864 1217
6876 3791
6879 3380
6879 5776
6882 2471
6884 260
6888 4549
6899 4387
6899 5357
6900 703
6907 1666
6912 266
6913 248
6914 5492
6915 2923
6915 2974
6917 454
6918 1304
6919 877
6921 1280
6923 782
6925 5392
6925 5855
6928 99
6930 1243
6932 266
6940 3291
6946 2279
6947 5471
6951 2601
6951 4463
6954 1218
6954 3423
6958 2455
6963 5007
6964 470
6964 2051
6965 3705
6968 1684
6980 1856
6981 1233
6985 2661
6986 1059
6986 3229
6987 3366
6988 5510
6990 2718
6991 2731
6991 5632
6994 375
6994 662
7000 4463
7002 322
7004 562
7004 4019
7009 5184
7010 241
7018 5811
7022 2486
7022 4695
7031 3508
7036 1375
7038 1439
7038 2481
7045 1528
7047 5576
7050 409
7067 3934
7069 1248
7069 4144
7072 3209
7077 1943
7077 5721
7081 896
7081 3097
7082 1777
7096 2715
7102 303
7104 2950
7104 4173
7108 131
7111 259
7111 4157
7119 2696
7125 925
7126 33
7128 5639
7129 3093
7130 4239
7132 5361
7133 1670
7133 2051
7133 2640
7133 4147
7136 4159
7137 290
7139 3288
7144 614
7144 3196
7146 778
7147 23
7147 1299
7148 111
7150 1198
7152 4851
7153 4847
7154 1080
7156 78
7157 5038
7159 167
7160 4445
7161 3082
7163 2112
7165 3286
7165 5101
7167 5701
7171 5727
7175 535
7177 3897
7178 1416
7178 4043
7179 2721
7184 2921
7185 2475
7185 5135
7188 5822
7196 1138
7204 932
7205 4123
7208 4496
7209 1927
7211 5238
7214 3252
7215 4978
7217 1229
7234 2200
7236 1728
7237 4661
7241 3017
7246 3608
7248 5008
7251 3618
7253 2269
7256 4375
7263 3890
7265 5330
7268 2642
7269 4545
7273 5386
7282 1538
7282 4596
7283 5172
7286 1049
7291 1373
7292 2929
7292 4589
7294 654
7294 2675
7294 5458
7302 4865
7308 1854
7314 5188
7322 2985
7324 377
7327 4683
7333 5258
7334 593
7337 2533
7342 517
7343 3482
7343 4327
7349 4374
7349 4873
7351 2043
7355 4328
7358 2768
7365 5487
7367 2080
7370 3772
7370 5183
7377 3254
7383 5869
7385 3097
7387 3592
7390 2416
7390 3518
7391 3894
7400 2186
7403 3873
7405 3842
7411 3045
7412 2065
7412 3568
7415 1366
7417 1408
7421 3168
7424 3371
7426 3191
7428 2515
7431 1025
7431 2196
7437 1329
7438 999
7439 918
7443 821
7447 1204
7451 2635
7451 5764
7455 2396
7460 3559
7464 1864
7465 3433
7466 2442
7468 2316
7468 4766
7470 933
7470 4107
7476 5277
7480 2742
7482 2941
7484 1133
7487 3987
7490 5716
7493 3788
7493 4805
7494 3150
7496 2835
7498 98
7498 3868
7500 5502
7502 2272
7503 5541
7505 5697
7506 3554
7507 2541
7511 2468
7514 1196
7514 2635
7517 606
7519 5853
7520 4147
7521 2917
7522 590
7522 1031
7522 4168
7523 5854
7525 2062
7532 2524
7534 2257
7535 3017
7536 4926
7538 2782
7538 5741
7539 3079
7540 1395
7540 2164
7542 1781
7542 3184
7543 665
7543 1916
7544 4071
7547 1624
7547 4577
7548 3015
7549 2871
7556 2462
7556 5614
7560 4961
7561 732
7561 2218
7565 2825
7567 2592
7572 3503
7579 3759
7581 2590
7582 5408
7584 3066
7589 2164
7590 3583
7599 1408
7603 817
7608 2494
7609 3739
7612 5252
7614 3446
7615 1576
7620 2518
7622 622
7624 3224
7627 2838
7629 1922
7629 2075
7635 1276
7635 4524
7638 138
7639 2053
7640 3771
7646 823
7656 200
7662 4313
7663 3553
7664 2286
7670 1752
7678 2731
7678 2835
7680 3206
7682 4872
7692 5180
7694 4811
7696 50
7697 5505
7698 4775
7699 4566
7701 5567
7708 5571
7709 2431
7709 3765
7714 2019
7716 1518
7720 3064
7723 4744
7728 171
7729 3397
7731 2277
7732 4862
7733 5766
7734 5102
7738 5244
7741 473
7746 3841
7751 75
7751 4584
7758 5468
7770 5216
7771 367
7773 2695
7775 573
7780 3562
7782 2259
7784 3880
7789 4398
7790 2637
7791 34
7801 4808
7802 4868
7805 2212
7807 2598
7810 367
7812 1179
7815 4010
7815 4209
7821 1274
7826 341
7827 2460
7827 5525
7828 4745
7829 3468
7829 3609
7835 108
7835 1671
7836 1967
7841 3402
7842 5640
7846 4020
7849 3792
7854 2418
7857 755
7859 4975
7860 4036
7864 2152
7867 4443
7867 5343
7876 5051
7879 3548
7879 4480
7885 2767
7891 3198
7891 3647
7894 2617
7897 2410
7899 813
7899 1286
7906 5849
7920 2971
7922 5078
7923 2294
7924 4501
7927 2522
7931 5370
7935 1044
7936 4408
7937 107
7938 1347
7939 2876
7940 1246
7955 1888
7955 4001
7959 5653
7964 1672
7965 3686
7966 2701
7966 4866
7972 3941
7973 442
7973 2095
7975 1264
7981 721
7990 1168
7995 2866
7996 1665
7997 1668
7999 259
7999 2417
8001 5340
8004 1886
8007 79
8009 4845
8011 1334
8013 320
8022 5403
8027 1415
8035 3786
8038 404
8041 3652
8045 990
8049 271
8049 5104
8053 3738
8055 4935
8056 4938
8060 2323
8065 64
8068 4095
8070 5828
8073 3568
8073 5035
8075 5176
8078 161
8080 3673
8080 4329
8082 2394
8085 3585
8086 1773
8087 4800
8090 5075
8094 3441
8095 2423
8098 2457
8102 5201
8106 3365
8111 4842
8126 4739
8127 2949
8128 3826
8129 1443
8133 4447
8134 2682
8146 4135
8148 4099
8148 5748
8151 1704
8154 3590
8160 3421
8162 8
8163 4740
8168 157
8172 4704
8174 1237
8175 184
8178 337
8180 1673
8185 3299
8187 1264
8189 4587
8197 1965
8201 5836
8204 2232
8205 3830
8206 1018
8206 5524
8208 3260
8209 1697
8211 4396
8212 1966
8218 4197
8219 4274
8220 1346
8224 1373
8227 5079
8228 4046
8229 3208
8231 4898
8232 4273
8234 5845
8236 264
8237 778
8241 1258
8243 1060
8248 3839
8248 5853
8249 308
8252 777
8253 1369
8256 3267
8256 4324
8260 5569
8262 2082
8262 3978
8262 4978
8263 2989
8266 884
8267 3368
8268 4733
8273 787
8273 3396
8278 3623
8284 1754
8295 652
8296 1597
8296 4532
8302 1158
8306 1959
8306 5385
8309 26
8310 394
8310 4610
8312 3174
8312 5673
8316 1601
8316 4835
8319 1141
8321 2627
8322 1136
8322 1455
8322 4736
8323 4637
8324 4175
8326 1147
8340 3683
8341 4057
8342 5322
8346 3290
8349 5641
8351 3893
8352 4492
8352 5787
8355 3858
8356 846
8359 1305
8360 4430
8362 1784
8364 3337
8367 4003
8368 5232
8374 3389
8376 1925
8381 3916
8387 470
8388 4622
8391 605
8394 1612
8396 1420
8397 4138
8398 355
8401 2835
8403 2820
8410 167
8410 1034
8419 488
8419 2388
8420 1795
8425 5605
8426 1379
8431 3584
8432 2776
8432 3969
8435 887
8435 2841
8438 2762
8438 2934
8444 1003
8446 130
8446 3387
8449 1175
8454 1608
8454 2496
8457 5257
8460 2474
8461 1080
8465 2782
8467 4670
8470 2274
8474 396
8477 3314
8478 1949
8481 3850
8482 1020
8487 4267
8490 1223
8497 1889
8498 2129
8498 4873
8500 864
8500 4494
8501 620
8504 3635
8505 2962
8509 4245
8509 5081
8509 5157
8512 3248
8514 1845
8518 3902
8521 5485
8526 4700
8533 550
8534 3111
8539 4610
8542 2474
8547 1890
8548 256
8550 3748
8550 4274
8554 4914
8556 1833
8558 5044
8563 1137
8563 5554
8564 1696
8564 3569
8565 5676
8566 113
8570 2103
8575 2710
8577 5129
8588 4406
8592 1043
8593 2976
8604 3443
8608 5809
8611 4566
8617 433
8624 3450
8634 714
8647 5765
8648 1992
8650 525
8653 3435
8653 5016
8655 1207
8660 181
8660 4917
8665 2341
8665 5181
8667 5524
8670 2323
8672 2629
8675 3939
8678 334
8679 5674
8681 1421
8685 3721
8687 1059
8695 4569
8700 4189
8700 5064
8703 5412
8705 5173
8709 3606
8710 2575
8713 725
8720 1728
8724 2857
8726 5346
8727 2091
8728 4296
8728 4458
8736 2199
8737 3445
8739 3593
8741 1938
8743 4192
8747 1621
8748 3778
8748 4199
8755 1898
8759 1112
8759 3747
8760 1869
8762 5052
8763 1092
8768 1054
8771 4980
8774 1656
8775 4544
8777 5612
8785 4677
8786 4016
8789 5516
8792 1721
8792 3989
8794 3057
8800 1631
8803 1068
8805 2608
8815 820
8817 1628
8823 836
8824 4802
8826 90
8828 4923
8830 5139
8833 5271
8833 5434
8834 4084
8835 3072
8836 5598
8840 1454
8840 2878
8843 2506
8843 4716
8844 145
8847 1568
8849 2404
8849 3911
8849 5697
8850 5001
8851 2313
8852 1952
8853 5129
8856 2514
8858 414
8859 1716
8859 2308
8860 4262
8866 1752
8870 2201
8871 3977
8872 5589
8879 2849
8879 4447
8881 4704
8889 2213
8897 736
8898 4639
8901 1155
8902 468
8903 1292
8903 3426
8912 3100
8918 104
8919 1880
8923 140
8927 2579
8928 3399
8930 820
8931 2392
8936 3786
8937 4037
8941 4309
8942 3457
8944 2908
8951 832
8951 899
8956 686
8958 630
8960 5377
8963 1158
8966 961
8969 758
8972 5824
8975 5531
8977 3059
8980 2686
8980 4228
8981 551
8983 2342
8986 2179
8993 1593
8995 2059
8997 3452
9000 5748
9001 2944
9010 854
9012 1900
9021 197
9022 3185
9035 1056
9036 266
9051 2115
9052 987
9053 5861
9055 1526
9056 1867
9058 1283
9059 2472
9060 1747
9071 5130
9071 5326
9072 1485
9074 5758
9077 3686
9079 5027
9080 820
9083 389
9088 2354
9088 2467
9090 5426
9094 2127
9098 2125
9099 4727
9101 1706
9102 5690
9108 1386
9111 3645
9112 5120
9114 259
9116 4378
9117 500
9117 3912
9117 5645
9120 3447
9126 2344
9128 2043
9128 5299
9131 2790
9139 4998
9140 2015
9143 1437
9149 5550
9156 2083
9159 4042
9161 5518
9162 4581
9168 2786
9176 4241
9177 1994
9178 158
9178 1105
9179 4896
9184 4822
9185 846
9190 3548
9193 3632
9196 4341
9196 5654
9201 4870
9204 2171
9205 801
9205 4153
9205 4924
9206 3653
9206 4147
9210 875
9210 4763
9212 5568
9215 5498
9216 3530
9220 4455
9221 2119
9225 904
9232 2002
9233 5048
9237 2352
9247 68
9248 3264
9248 4059
9249 5120
9250 287
9250 4965
9251 5396
9255 1810
9257 2484
9258 2628
9260 76
9264 3033
9265 52
9266 2519
9268 1142
9273 1980
9277 2319
9280 5546
9283 4164
9285 156
9299 4123
9303 4825
9303 5096
9309 5246
9314 4148
9321 4685
9331 4300
9337 1477
9337 5770
9340 3579
9341 1480
9342 5276
9343 3859
9344 1619
9346 4213
9350 5141
9352 3658
9353 915
9353 2907
9357 3001
9358 3471
9358 4066
9359 2121
9366 5819
9372 856
9373 3336

