3187 8262 2020
1 1
1 3495
2 7667
6 2756
6 5874
8 2999
8 7777
9 2315
9 5050
9 5685
11 3509
13 1316
15 847
15 1374
16 4613
19 3632
20 1276
21 5108
21 7183
23 2465
23 7594
25 3937
25 7547
26 2610
26 3096
30 246
30 7233
33 4736
36 794
36 5224
37 3294
38 5675
39 2473
40 4652
40 6869
41 7046
43 4943
44 2943
45 3907
45 4714
46 4430
47 5295
50 1223
52 385
52 7756
55 2909
55 4470
55 8128
57 4029
61 5475
63 3727
66 154
68 105
70 1778
72 6561
75 3081
75 7443
75 7872
76 2615
76 5453
77 4790
78 3791
79 2329
79 4718
82 959
83 1149
86 6186
86 8051
87 5612
88 2259
90 7364
91 7731
92 2081
92 5467
93 444
93 2748
93 4235
93 6355
94 6751
96 1825
96 2430
97 5183
97 6466
100 6056
101 6647
102 4729
103 5821
103 8249
106 3972
106 7345
111 4764
112 6818
117 3932
119 5073
120 2374
120 3896
120 4112
120 7217
126 3930
129 3392
129 8157
131 2490
133 3433
136 2118
137 183
138 1656
138 1715
140 471
140 4327
141 6425
143 4409
143 4862
147 29
147 7355
148 6996
150 3083
151 3968
152 2314
153 598
153 3253
153 6240
155 4372
158 2229
159 1593
161 771
162 1974
162 6580
163 1881
163 5831
164 22
166 4302
168 54
168 2704
168 8193
169 456
169 7641
170 2008
177 181
177 1533
183 1245
183 4793
185 5972
187 6445
189 4326
193 5161
199 3527
200 3321
201 212
201 5540
205 702
205 7950
206 1536
207 5313
208 5021
210 1280
211 3986
215 3709
215 6031
217 2440
222 903
223 5680
224 1233
230 5883
231 4324
232 2173
233 7699
237 1773
239 234
241 2916
242 8148
244 3519
245 6086
247 4478
247 5009
248 1569
248 6787
252 156
253 3197
253 3735
254 2695
254 2739
256 2402
256 5993
258 1225
258 6775
258 7177
259 3146
260 5431
260 6299
262 4087
263 5737
264 516
265 8209
266 3491
269 7157
270 5975
271 375
271 2234
273 1381
273 4936
274 2298
274 2751
275 7074
275 7964
277 2601
277 4590
279 426
279 4999
279 8071
282 1683
282 6554
285 1362
285 4429
286 4623
289 7121
290 3330
292 1738
297 2262
298 1765
298 7446
301 4390
301 8008
303 42
303 3256
303 4825
303 6557
305 328
306 3147
306 3828
310 2174
313 2918
313 5664
314 4195
315 4795
316 5160
318 1905
320 1122
320 1560
321 6286
322 8152
329 3930
330 1963
330 7666
335 7374
335 8020
335 8074
338 5327
339 307
339 4029
341 1103
351 8169
353 4033
354 1626
354 2761
355 5160
357 4265
358 56
359 6961
359 7106
360 1580
361 6175
362 2483
362 5118
365 2353
365 6276
367 1032
367 7827
368 6334
369 1912
369 3735
370 1910
370 4049
371 4137
372 631
372 6922
374 6200
375 1666
378 4755
378 6850
379 2652
379 7033
380 3127
381 302
383 436
388 6483
389 6136
389 7065
395 2212
395 5486
395 6924
397 265
400 794
400 3857
400 5589
403 278
403 823
404 4084
407 1827
408 1609
408 2378
408 3450
412 5723
412 6364
413 3407
416 589
417 3259
419 1545
424 6452
425 2179
426 86
427 1790
427 1958
429 1266
429 6489
433 399
435 7075
436 7450
436 7829
437 2276
439 5058
441 226
443 8177
447 3274
452 5236
454 1297
456 1198
456 5746
459 6872
459 7269
460 3253
460 3994
461 6803
462 6977
463 5538
467 6584
473 5905
476 2141
479 4592
480 2959
481 142
482 2238
484 6447
486 1590
488 1057
488 6707
493 7795
494 2207
494 4045
495 1418
495 6481
497 3924
497 5428
498 3961
501 3862
503 7830
505 1828
505 2320
507 185
507 6452
508 6335
512 1205
512 3228
515 3076
517 1703
517 5852
525 7013
527 6204
528 5875
532 6187
533 7199
536 619
539 3109
540 2954
545 6879
546 2152
547 5599
549 5096
550 2842
553 1596
554 4570
556 4421
557 5586
562 1449
563 4818
563 5184
564 3848
567 4361
567 5983
569 7330
570 3335
571 2608
573 390
574 5622
575 2716
580 4008
582 2083
582 3498
587 1696
587 2195
589 2809
590 1488
590 4754
593 2525
594 7178
595 4554
595 7468
598 2928
598 3906
600 899
600 1317
600 4726
602 3558
607 633
608 3483
608 3664
610 2267
614 1612
615 3085
620 5235
622 3577
624 3003
624 5482
625 1400
629 4099
636 1806
639 1529
640 5096
642 1466
642 2430
642 5627
643 1286
643 4716
647 380
647 3002
647 3808
648 415
648 8023
650 1902
652 2113
654 1508
657 7563
658 1215
662 4820
666 6663
666 7129
668 4225
669 7073
673 6203
675 7763
677 7058
678 6859
685 4251
686 155
686 1805
689 3980
690 5815
691 74
694 2268
694 4477
694 5431
696 549
696 4751
699 3276
699 7903
700 7514
701 624
701 3187
702 5492
703 6402
703 7627
704 891
708 131
709 877
710 1786
714 439
716 1252
717 695
718 458
723 6936
724 341
724 6902
727 6715
729 977
729 4692
733 1680
735 3338
736 4556
736 5270
737 786
738 2650
738 4206
738 8218
740 7381
743 2955
744 5161
746 592
746 1348
747 2623
749 209
749 5669
749 6726
750 6336
755 3455
755 4778
756 1235
759 1048
760 5622
760 6545
762 364
764 1508
765 6115
765 7847
768 2986
769 286
770 5132
770 6254
772 1471
773 500
774 4301
775 4710
776 7543
777 6871
782 2746
782 3826
784 1044
785 1292
785 1786
785 7265
787 6184
790 7226
794 3538
795 3511
800 4711
800 7510
800 8241
805 8022
808 1755
809 5446
810 4854
810 7986
811 4329
813 1060
813 4943
814 5808
822 2340
827 2946
828 8099
829 4628
832 1697
836 2345
836 4002
841 2158
843 867
844 3941
844 6935
845 3714
847 4241
847 5560
851 7958
852 849
852 1075
860 1402
860 2965
860 6542
862 5950
863 5747
863 6409
864 1915
865 2937
865 3716
865 7497
866 4732
866 6595
867 6881
869 2704
872 4077
874 927
874 4855
877 3121
878 5887
881 2034
882 4516
883 4564
883 7006
885 4817
887 2718
890 730
890 3991
890 7014
892 614
892 7034
896 511
896 3020
897 1325
897 1531
897 5741
899 4631
899 6973
899 7967
901 6816
904 6445
906 2604
907 944
907 4207
910 6530
911 3393
912 6895
915 5948
916 1459
919 3490
919 5358
922 3586
922 7272
923 6924
924 1042
927 5734
928 1010
929 195
929 7725
930 197
932 329
932 4477
935 1137
935 6786
936 485
937 6857
939 1907
939 3371
940 1605
941 255
944 3944
950 5505
951 2363
953 1346
954 2499
955 2687
955 7712
957 1917
958 4533
958 6266
960 2394
961 2474
963 4471
963 5026
964 7062
965 704
969 4372
970 1403
972 5990
973 2595
974 1826
974 5385
976 5991
976 7234
977 2463
977 3501
979 7656
980 3086
982 5483
983 5198
984 66
984 8049
986 5069
986 7338
987 3585
992 608
992 1297
992 1299
993 2591
993 4650
994 6645
995 2737
996 4198
997 1870
997 5606
998 7803
1000 6282
1000 6437
1003 4353
1003 7792
1004 7791
1006 2295
1007 7695
1008 127
1008 7447
1009 1363
1009 4174
1009 7519
1010 5030
1013 1060
1014 4919
1017 1523
1017 3404
1017 6764
1018 6939
1019 782
1019 1757
1020 1418
1021 4540
1023 4840
1033 6319
1036 7343
1038 3036
1039 2565
1039 5405
1044 490
1045 3252
1046 1879
1046 3143
1048 2658
1049 132
1049 915
1049 7395
1052 3013
1053 6841
1056 251
1059 1917
1059 2180
1060 2073
1060 3667
1061 4506
1061 8128
1064 1263
1067 5701
1072 2847
1076 6077
1081 753
1082 453
1087 6131
1089 1607
1090 6527
1094 4752
1095 3827
1097 3971
1097 5768
1098 3871
1098 4985
1103 2071
1103 5386
1107 623
1107 2401
1108 2279
1110 7906
1111 6214
1112 5698
1116 1423
1116 8003
1118 6039
1119 4410
1123 2688
1123 7431
1128 3382
1128 5592
1130 3594
1130 4091
1131 207
1132 4319
1133 5418
1134 3626
1135 3541
1136 1189
1139 1596
1139 4006
1140 1960
1140 5069
1140 7349
1141 471
1141 7749
1143 7507
1145 936
1145 6763
1146 384
1146 3518
1147 5407
1149 7640
1150 5067
1152 1638
1154 558
1155 5790
1156 6639
1157 5782
1159 1228
1159 6507
1161 4729
1161 5356
1163 2806
1163 3392
1168 702
1170 7286
1171 2753
1172 3154
1179 650
1179 3766
1179 5970
1183 1639
1184 968
1188 1128
1194 5715
1195 885
1195 4862
1195 7596
1196 4835
1197 5623
1198 2206
1200 7421
1201 1196
1201 5348
1204 807
1206 5439
1206 6803
1207 2957
1207 5475
1208 1378
1210 5367
1211 7940
1215 3651
1217 1476
1220 433
1220 2782
1222 2432
1222 3897
1222 5863
1223 3023
1225 1678
1225 7617
1228 3690
1235 3248
1237 3682
1237 8238
1239 1335
1239 2312
1246 905
1251 8092
1252 637
1252 5546
1252 6356
1253 1130
1254 5409
1255 1743
1257 7179
1260 431
1260 2477
1261 5670
1261 7985
1263 4236
1265 3679
1266 3665
1268 6006
1269 434
1269 7530
1270 7385
1271 5489
1273 443
1273 5700
1273 6836
1275 4063
1275 7778
1277 7838
1279 5279
1279 6429
1279 7051
1279 7682
1284 3139
1284 5546
1287 5875
1287 7215
1287 7901
1289 1051
1290 4444
1303 3465
1303 5482
1305 4266
1305 7429
1306 5062
1307 6599
1309 662
1312 3912
1315 4396
1317 1116
1319 477
1320 3639
1323 1141
1325 4946
1326 2067
1327 1635
1327 3947
1327 5057
1328 6507
1330 448
1330 1033
1330 5360
1335 4850
1336 4296
1340 2175
1340 3518
1341 3636
1343 4784
1345 5254
1347 4741
1353 7007
1354 1960
1354 7182
1354 7564
1360 3577
1362 4037
1365 2282
1365 4215
1367 5718
1370 1758
1370 5268
1370 8126
1371 2884
1373 4924
1374 6708
1378 731
1381 1909
1382 5800
1383 7697
1387 5278
1388 1607
1390 4446
1391 5850
1392 6352
1397 1153
1398 2400
1398 6123
1399 2379
1399 5748
1401 5088
1405 6755
1409 1113
1411 935
1411 2995
1413 414
1413 5584
1415 1201
1418 6179
1419 925
1419 3180
1422 7675
1424 7400
1424 7944
1426 2389
1430 2360
1432 146
1432 2008
1432 5727
1435 407
1435 3283
1437 8208
1438 4424
1439 1328
1440 2102
1441 6172
1442 2139
1446 869
1446 7562
1449 7889
1451 7204
1456 2490
1456 2762
1457 804
1458 7805
1463 4692
1465 3986
1466 366
1470 4158
1472 1335
1472 7901
1475 8070
1477 7241
1478 6206
1479 7417
1482 6909
1484 2163
1485 5862
1489 1804
1489 2902
1493 2974
1493 5718
1495 555
1495 3583
1497 2420
1498 5404
1505 2672
1506 1561
1506 5150
1507 1345
1509 261
1511 527
1511 8142
1512 7826
1515 3403
1516 7914
1517 580
1517 1472
1517 5030
1519 5508
1519 7200
1520 3975
1520 8064
1521 6059
1522 8116
1523 6179
1524 4669
1526 1647
1529 6969
1530 515
1530 5147
1531 5574
1534 3139
1536 6808
1538 7022
1541 7268
1543 3884
1545 344
1545 3331
1545 3778
1546 3678
1547 155
1547 3458
1550 5675
1550 8031
1552 3594
1553 7440
1554 1408
1555 5300
1556 1979
1556 5693
1559 7745
1560 3024
1560 5739
1561 3491
1564 7012
1566 7583
1567 3829
1571 1569
1571 3119
1573 606
1573 7960
1578 4490
1579 1287
1579 7842
1585 3475
1586 4217
1590 7986
1592 6291
1594 4319
1598 6402
1601 1741
1605 4670
1608 5743
1609 7347
1611 5511
1613 2086
1616 1010
1616 2443
1618 6677
1625 2976
1625 5756
1626 4496
1635 2243
1637 1774
1638 7326
1639 5497
1640 234
1643 6038
1643 6339
1645 2329
1646 1222
1648 7296
1653 5341
1655 5995
1657 197
1657 2970
1659 3393
1660 7526
1661 5703
1672 4985
1674 2913
1674 5791
1677 3089
1678 4708
1680 5486
1684 4495
1684 5017
1685 2867
1686 6473
1688 7245
1690 14
1690 3078
1690 5583
1691 7618
1691 7790
1703 6037
1707 8139
1708 1559
1710 4978
1712 1985
1712 7969
1714 7542
1715 572
1716 3698
1724 3932
1725 3629
1726 1802
1726 6652
1727 7289
1729 3483
1735 1722
1735 6721
1737 1355
1737 4274
1738 7474
1739 1810
1741 7802
1743 2271
1744 3029
1744 8074
1747 4857
1750 1500
1751 2094
1753 779
1753 1307
1753 1497
1754 6054
1760 4580
1762 1684
1762 5042
1763 2512
1767 8150
1772 8057
1775 3775
1777 5034
1778 432
1778 752
1781 3053
1781 6505
1783 511
1787 1696
1787 5489
1788 7141
1789 7360
1790 4636
1791 2356
1792 645
1792 3333
1794 2973
1794 6162
1795 299
1795 6331
1797 3631
1798 6746
1800 5652
1801 3198
1803 4095
1803 5020
1806 1853
1808 7773
1810 7109
1811 1192
1814 7043
1815 735
1817 3997
1820 1412
1828 2481
1828 6508
1829 666
1829 5191
1833 2967
1839 1560
1839 6697
1841 950
1841 3565
1843 5603
1844 7882
1848 5789
1851 702
1851 6176
1852 1608
1854 2742
1858 4119
1859 2605
1861 902
1861 7105
1863 572
1863 2462
1866 1376
1866 3137
1867 1959
1868 309
1868 5113
1873 1395
1874 6978
1875 8089
1877 765
1878 8166
1881 5670
1883 3478
1883 6790
1883 7969
1885 1649
1885 7704
1890 6099
1891 1781
1892 3268
1893 3336
1897 4822
1902 2525
1902 5935
1906 8169
1911 4732
1911 5326
1915 4981
1917 155
1919 3748
1919 4285
1919 5583
1923 6384
1927 3897
1928 7636
1932 5535
1932 6865
1935 7482
1937 5874
1937 8133
1938 582
1943 3453
1945 572
1946 808
1946 4002
1946 5907
1950 6906
1953 3563
1953 4754
1955 3309
1957 3333
1957 4272
1961 7007
1963 2064
1964 6440
1968 8045
1972 1138
1972 4475
1973 6995
1976 4256
1978 5496
1982 4755
1984 5171
1986 2557
1986 5627
1989 3224
1990 5150
1992 26
1995 130
1998 6310
2000 1874
2000 2805
2000 6818
2000 7650
2001 1181
2004 196
2008 1349
2012 1339
2013 5277
2014 3999
2015 2611
2015 3316
2018 2040
2018 8222
2019 4220
2022 850
2022 3388
2023 1029
2030 7678
2034 4720
2037 7999
2038 1313
2040 5651
2040 6828
2042 2987
2043 1831
2043 7996
2044 774
2045 2978
2046 5531
2048 3028
2048 3288
2049 3454
2055 2620
2055 2938
2056 7200
2057 6728
2059 480
2059 4560
2060 239
2060 361
2067 2540
2071 1031
2072 6165
2073 5523
2074 6176
2075 4254
2075 6803
2076 5709
2078 7199
2080 860
2082 1770
2082 4181
2082 6539
2082 6949
2091 1642
2091 3640
2092 2269
2092 4650
2092 7495
2093 1240
2093 6200
2103 1686
2103 5130
2104 7208
2104 8099
2106 1697
2107 7888
2108 4085
2108 5256
2108 6470
2109 8126
2110 4739
2110 7180
2111 4343
2111 5421
2113 2238
2113 3903
2114 7262
2116 1025
2118 3317
2118 5931
2125 612
2127 1080
2128 5582
2129 2408
2131 2229
2133 266
2134 5267
2134 5487
2135 4505
2135 6836
2135 7465
2137 1284
2137 4624
2141 3349
2143 5571
2145 3703
2146 5373
2147 5469
2148 7292
2152 8019
2155 5959
2155 7661
2156 2006
2162 1714
2164 3041
2165 3165
2169 1192
2171 5247
2173 7434
2176 2375
2176 5186
2177 50
2180 726
2182 4627
2183 992
2183 6744
2184 6734
2190 1252
2192 3685
2193 3459
2197 6596
2205 2997
2206 1926
2207 7792
2210 7626
2211 1112
2219 5355
2222 3926
2223 4885
2224 2253
2227 4236
2228 987
2228 1645
2229 6744
2230 4694
2233 2384
2235 5988
2236 337
2236 5974
2237 985
2237 3995
2239 5988
2241 5808
2243 5927
2243 8207
2244 5644
2245 2425
2245 3406
2245 7396
2246 2381
2247 2265
2247 3826
2248 1009
2249 116
2255 6945
2256 1423
2256 7421
2257 7920
2258 7327
2259 139
2261 4743
2261 5998
2261 7936
2262 4757
2263 745
2268 6223
2270 2154
2276 5439
2276 6211
2277 2701
2284 2035
2285 2600
2289 3998
2290 247
2291 5437
2292 393
2292 7192
2294 2237
2295 5714
2295 7565
2298 3383
2298 3726
2299 1922
2301 3624
2302 5548
2306 2452
2306 7122
2307 2157
2308 4266
2308 7307
2310 7000
2311 5669
2312 4745
2312 5200
2312 6116
2313 7590
2315 3618
2316 3329
2318 4392
2322 3492
2324 2432
2327 288
2327 2023
2327 7939
2328 4328
2330 4058
2331 4328
2332 979
2333 5753
2334 7323
2335 310
2335 5692
2336 2253
2336 4807
2337 4970
2343 3508
2344 6839
2345 772
2345 2394
2347 6013
2348 7429
2349 7150
2351 1365
2352 7897
2353 6459
2354 1314
2354 1928
2354 2601
2355 4740
2362 58
2365 3268
2366 4559
2369 1094
2369 4685
2371 3949
2376 2674
2376 3605
2380 5094
2383 660
2384 6266
2386 2352
2389 1494
2390 1278
2391 6861
2392 771
2395 2634
2396 6408
2399 4353
2403 4206
2403 5140
2404 6123
2404 7685
2405 3737
2407 1945
2409 7360
2415 4456
2417 7702
2418 4571
2418 7692
2420 6773
2421 5527
2423 3330
2427 7952
2428 1836
2428 2067
2429 3807
2434 1940
2437 8100
2440 4084
2442 6892
2445 1592
2447 4711
2448 5507
2449 744
2450 3074
2450 4988
2450 5845
2451 2470
2452 4527
2453 1
2457 7252
2459 571
2459 7602
2460 2605
2462 5136
2462 8222
2467 4167
2468 7768
2469 772
2472 4477
2475 7999
2476 111
2480 1787
2480 2995
2481 6212
2482 1774
2482 4225
2484 253
2484 379
2484 4234
2485 314
2485 4463
2491 1587
2492 3821
2492 5258
2493 3014
2493 5061
2494 3116
2494 6173
2495 751
2497 3529
2498 4499
2498 5323
2499 1141
2501 5471
2502 6403
2502 6610
2504 1794
2504 6117
2507 90
2508 5477
2509 1749
2510 548
2510 2369
2510 3168
2510 5391
2511 3160
2513 2195
2513 2700
2515 7680
2516 6644
2518 7120
2521 5363
2521 6555
2522 7913
2522 8053
2525 665
2525 5973
2527 214
2527 8236
2529 1030
2529 1257
2529 2843
2531 2272
2531 5799
2534 2267
2536 381
2539 5648
2540 3515
2540 7009
2543 1949
2544 4429
2546 2092
2549 2621
2549 4889
2550 627
2551 1893
2554 3213
2554 7189
2554 8117
2558 2887
2559 1303
2559 2564
2560 6211
2563 5572
2563 6136
2564 4477
2565 286
2566 573
2568 2594
2568 3615
2568 4950
2569 5057
2569 7518
2571 6914
2572 1950
2574 3185
2574 6516
2577 5921
2578 8240
2580 4253
2582 4678
2582 6577
2585 5318
2585 6037
2586 340
2590 1652
2592 7497
2596 5145
2596 7717
2598 5260
2601 2891
2601 6209
2605 694
2606 5709
2607 3850
2608 313
2608 6790
2608 6991
2613 6039
2614 8228
2618 596
2621 1914
2622 6940
2622 7496
2623 7003
2624 7319
2626 4360
2626 6673
2627 3714
2627 3931
2631 1706
2632 4888
2634 2113
2635 561
2636 595
2636 8055
2637 3342
2639 3845
2641 1838
2643 2690
2645 4682
2645 5831
2646 3933
2651 755
2652 4649
2653 1157
2654 6015
2659 3256
2659 4258
2660 7765
2662 760
2664 2344
2666 2806
2668 5730
2668 6496
2669 6140
2670 3469
2670 4836
2671 5043
2675 2685
2681 4312
2683 7434
2685 8012
2686 7863
2688 1472
2689 5848
2693 1094
2694 1248
2695 3398
2698 4908
2700 6048
2704 5304
2707 4960
2709 4458
2713 1009
2714 5327
2714 7466
2716 5987
2717 5747
2720 7450
2724 1121
2728 592
2730 6644
2732 5217
2735 6217
2736 2427
2739 6012
2744 2699
2744 3828
2746 394
2746 6785
2747 4811
2748 646
2749 1883
2749 3693
2749 4968
2751 4960
2754 5565
2754 6097
2755 5218
2757 3390
2758 5469
2760 233
2761 6582
2762 6791
2766 3225
2767 6302
2768 1671
2768 2334
2768 2382
2770 5006
2771 6997
2775 689
2776 2963
2777 7193
2781 4595
2781 4665
2781 4873
2782 2224
2783 2658
2783 3277
2789 1614
2789 5429
2793 3775
2794 6906
2794 8079
2797 1820
2797 6852
2798 8206
2800 2835
2802 2332
2807 276
2807 3551
2809 661
2813 1607
2814 1744
2814 2800
2815 665
2815 6620
2819 4308
2822 2670
2823 4317
2825 6722
2827 2523
2827 4221
2831 4125
2838 668
2839 34
2840 1032
2841 5293
2842 1361
2844 2320
2847 177
2847 5482
2848 8228
2849 5516
2850 276
2850 3223
2851 7524
2855 462
2855 6694
2856 487
2856 4191
2856 6208
2857 5317
2861 1270
2861 8091
2862 7311
2863 3663
2864 5030
2864 8225
2866 1575
2866 5827
2867 1147
2867 7318
2869 4912
2870 2489
2872 1423
2872 3736
2872 3993
2872 4988
2874 7047
2875 2489
2875 4141
2876 6162
2877 930
2877 5558
2880 5013
2883 701
2883 6649
2885 3821
2888 316
2889 5132
2892 1115
2892 6081
2894 1902
2894 7802
2897 3195
2897 5057
2898 5513
2899 1058
2899 4426
2899 5933
2900 6497
2902 2795
2902 7650
2903 142
2905 5026
2910 42
2911 6884
2912 1488
2912 4674
2913 697
2913 2715
2913 3046
2913 4108
2913 6226
2913 6570
2914 2192
2914 3878
2916 5424
2917 2123
2917 2947
2920 2811
2922 7227
2925 6012
2931 6737
2936 337
2936 6285
2940 1533
2941 1458
2945 1526
2947 7911
2948 2733
2949 2097
2950 956
2950 4472
2954 5214
2956 272
2957 4277
2957 6205
2960 348
2961 7496
2962 5051
2963 100
2967 4118
2968 135
2970 3574
2971 79
2971 1974
2973 4671
2973 4949
2973 6249
2974 1115
2974 1669
2974 4865
2977 1264
2978 8069
2979 7937
2980 7763
2981 2579
2981 4143
2987 3916
2988 4844
2993 6123
2993 6643
2994 7484
2995 7379
2998 2170
3000 1915
3001 94
3003 2235
3004 2368
3004 3338
3004 7309
3006 2562
3006 7195
3007 2677
3007 5933
3008 2668
3008 7659
3009 4817
3011 3622
3013 5537
3014 4141
3016 322
3017 1761
3017 4910
3021 3593
3022 6908
3026 2292
3027 318
3032 5930
3034 75
3036 3600
3037 6693
3039 2885
3044 5942
3044 8193
3046 750
3046 4307
3049 1465
3049 2700
3050 5396
3051 201
3051 6111
3058 2944
3059 3502
3065 6505
3066 4340
3071 6558
3076 4891
3077 5510
3077 7827
3078 4945
3079 7157
3084 4157
3085 8142
3086 4248
3086 7494
3091 840
3093 668
3093 2833
3094 5235
3095 6025
3101 8005
3102 5590
3102 5684
3103 3834
3105 101
3106 4399
3108 6819
3108 7796
3108 8142
3113 1109
3114 1796
3117 2486
3118 7985
3119 4865
3121 1318
3121 4880
3124 2776
3130 5194
3136 1527
3137 224
3138 6055
3141 7803
3142 3888
3142 5342
3144 7584
3146 6783
3147 2267
3148 4668
3149 1138
3149 1278
3149 2113
3150 1502
3150 2847
3151 4497
3151 7532
3153 4051
3153 8192
3155 4778
3157 3206
3158 4600
3161 2532
3162 7908
3163 6482
3166 5984
3167 3870
3169 1325
3169 3753
3169 4114
3171 8034
3177 5328
3181 887
3181 7379
3182 7407
3185 7691
3186 6489
3187 7731

