9003 6987 975
1 1
8 3372
24 212
31 2949
34 2413
37 2352
39 1906
42 4861
66 2945
67 6760
80 6709
84 4121
96 4406
111 1983
121 5547
140 1570
144 1228
160 14
180 3304
182 725
190 843
204 3498
210 215
231 5626
253 6421
265 1781
272 238
274 4849
277 1267
279 6786
284 1926
289 5862
291 5982
304 1991
306 5406
324 4355
326 195
328 5956
331 4264
335 2251
355 2541
371 2965
387 4693
414 1891
423 1000
432 3251
434 5722
436 1395
443 3887
450 1521
460 1296
461 5939
464 4590
474 1853
474 2364
480 6119
486 2272
514 3504
523 935
528 1019
566 1109
580 1374
594 3682
599 3221
599 5696
615 22
619 5590
624 4182
645 1259
653 2015
654 3052
658 2041
660 5204
660 6986
669 5279
671 6145
675 839
677 1006
679 6168
689 2524
691 2868
695 3104
734 5859
761 6445
766 24
787 6132
796 4171
798 2268
802 4863
804 6937
817 5678
825 3593
825 6352
834 1472
847 4634
848 4842
854 5700
859 4520
865 2091
890 2024
896 5603
902 4117
927 6779
945 3105
945 6542
951 521
951 1428
981 5153
991 1604
998 6462
1004 3495
1011 3242
1015 2088
1023 5569
1043 816
1044 4462
1045 5773
1051 5114
1064 6949
1071 1510
1074 4190
1078 4901
1081 915
1081 2059
1081 4914
1100 4938
1109 821
1118 4177
1131 507
1133 4241
1163 6850
1167 5252
1190 4415
1196 2007
1203 761
1203 2218
1211 1116
1232 6684
1233 2634
1234 2466
1239 4867
1246 506
1247 6677
1249 5000
1252 5374
1264 2830
1264 6174
1273 3076
1295 773
1299 4852
1309 820
1316 596
1321 2975
1337 6701
1341 648
1347 465
1355 1284
1360 1846
1366 6384
1386 1135
1387 3443
1390 4465
1394 1493
1404 1810
1404 4635
1409 1733
1415 3453
1443 45
1454 2136
1469 2730
1474 3459
1495 958
1517 3145
1530 1993
1532 5781
1534 5648
1537 6178
1547 4984
1558 3562
1562 3251
1566 527
1566 6078
1569 260
1603 5861
1605 2779
1606 3827
1609 2055
1615 5862
1620 578
1644 1938
1660 2166
1677 895
1702 2436
1704 221
1736 2606
1737 6330
1738 4145
1750 4271
1755 6664
1766 3761
1771 5168
1788 6829
1793 4549
1798 4121
1804 4608
1810 6053
1817 341
1830 5776
1851 4893
1854 3493
1856 577
1873 3720
1875 6674
1876 5777
1880 3495
1890 763
1909 2800
1912 316
1923 1000
1944 1404
1960 2422
1962 6877
2003 4999
2006 23
2009 5868
2015 3749
2030 1417
2039 2566
2040 1499
2053 5792
2054 3788
2063 546
2073 609
2077 6464
2081 4202
2085 3197
2105 3841
2124 4532
2132 2458
2141 873
2152 2166
2161 5254
2171 1669
2175 3044
2181 4595
2187 506
2197 3537
2212 1893
2221 1137
2244 2350
2253 4268
2261 4236
2261 4279
2266 1929
2273 3875
2274 4855
2276 4873
2276 5765
2279 2786
2299 6666
2317 712
2333 941
2335 5384
2337 2908
2347 3509
2355 4600
2364 947
2366 6876
2369 3633
2371 1295
2373 3896
2375 3026
2378 6090
2382 2173
2386 5937
2416 5940
2417 907
2420 864
2421 1519
2423 5754
2454 3004
2454 3021
2458 1584
2459 4055
2463 4755
2467 12
2474 2532
2487 2778
2498 2429
2508 4389
2534 945
2561 3694
2587 4966
2598 6638
2613 2533
2613 3095
2623 3466
2629 287
2632 1051
2633 4791
2635 6787
2637 1014
2644 733
2645 825
2647 2867
2674 2599
2677 6130
2678 5365
2693 6123
2698 2178
2726 2877
2732 4137
2745 2332
2757 2021
2758 5365
2763 828
2766 1
2773 1470
2776 6235
2788 4378
2791 3646
2792 2927
2808 4380
2822 447
2827 4741
2845 4008
2849 564
2863 6570
2875 628
2897 2457
2898 6085
2902 1115
2912 4248
2917 450
2933 2220
2940 3228
2944 4789
2955 1545
2959 591
2961 4538
2967 6579
2973 1649
2988 1604
2993 3936
3033 2475
3033 5799
3048 5678
3061 2787
3071 6805
3078 1362
3101 4986
3102 5933
3107 1160
3114 2071
3120 2041
3122 4382
3124 5794
3157 266
3168 5327
3170 1798
3175 3767
3183 43
3207 424
3219 3277
3220 2929
3228 5662
3230 4301
3232 3485
3240 1847
3244 1420
3252 3286
3253 4863
3257 2785
3263 4808
3292 894
3296 3428
3299 1465
3303 1746
3318 2005
3327 3555
3333 4706
3346 1124
3349 2693
3362 2585
3373 1785
3374 3015
3382 4067
3408 204
3426 1817
3427 4756
3428 5619
3440 516
3440 5889
3441 396
3448 3003
3456 1992
3465 409
3471 2030
3488 3142
3491 6732
3499 62
3515 1013
3519 5208
3520 2390
3538 5762
3550 2559
3551 5518
3574 4731
3586 4927
3605 5357
3614 4355
3617 6132
3621 2283
3627 2911
3640 5749
3653 4077
3696 1424
3723 983
3740 4897
3744 4496
3752 5739
3773 4172
3784 5107
3791 6659
3792 6404
3803 5427
3804 5937
3826 2297
3827 2290
3836 3638
3851 2825
3865 6533
3894 3843
3903 2702
3904 4484
3908 6985
3921 3908
3924 1348
3926 1390
3932 152
3961 3558
3965 625
3972 1860
3976 6878
3984 3217
3990 5028
4002 897
4005 4322
4008 4854
4018 1665
4018 4934
4034 2572
4044 4255
4050 5910
4059 2686
4068 2543
4076 6337
4100 3498
4105 5472
4110 3969
4134 577
4146 6769
4163 3142
4176 566
4178 3029
4210 3745
4211 6645
4215 1458
4222 273
4224 4440
4225 5662
4230 4041
4243 6736
4254 2060
4258 3850
4276 6179
4290 6209
4310 430
4340 2270
4346 636
4355 2747
4357 1285
4367 1621
4367 2404
4369 1494
4372 3960
4374 5563
4383 4881
4394 6228
4397 108
4412 6214
4429 3422
4433 5211
4442 525
4496 2534
4504 4353
4518 769
4518 3583
4521 837
4521 1054
4531 2155
4536 6942
4539 1789
4540 2416
4543 3853
4570 2738
4575 5890
4580 1493
4605 5665
4606 5971
4611 365
4623 200
4639 1745
4660 359
4689 1703
4694 2761
4699 4393
4701 359
4703 151
4703 2187
4708 118
4710 6619
4748 5299
4763 38
4763 6289
4771 3876
4778 5553
4780 1228
4788 5291
4802 4873
4825 6476
4837 6981
4838 6216
4844 1956
4847 2652
4848 6326
4855 2600
4868 2101
4873 989
4874 1420
4884 2232
4887 1332
4891 5192
4902 4703
4912 3463
4916 2020
4923 4691
4925 5219
4930 5913
4932 2973
4939 1384
4951 5257
4966 3616
4969 6301
4977 2178
4978 2501
4992 3289
4997 2964
5014 4577
5016 25
5016 5203
5061 2073
5061 6501
5067 2520
5077 5249
5094 6135
5097 6190
5101 3310
5115 6849
5116 2695
5116 6787
5129 6874
5131 72
5136 2593
5137 3364
5142 1490
5143 6699
5147 2109
5147 2230
5162 3029
5164 4253
5165 2780
5170 3122
5181 4474
5183 729
5188 5545
5209 6062
5216 4765
5218 2244
5242 4904
5265 1254
5300 6425
5302 6238
5305 449
5347 4618
5352 3639
5356 1744
5361 4985
5372 6426
5373 6963
5384 4441
5397 2180
5407 2456
5409 3401
5418 5619
5433 5651
5443 4124
5455 18
5459 4723
5463 1388
5468 502
5468 1921
5490 3043
5494 3475
5502 3165
5505 1745
5514 6525
5515 712
5515 3454
5534 1199
5537 5062
5549 4844
5550 5166
5553 6967
5580 1672
5606 1782
5617 6432
5622 4788
5623 3495
5674 1497
5675 3001
5682 4010
5682 4113
5685 6054
5688 2162
5694 3085
5701 2766
5716 5348
5722 3905
5725 1495
5739 4833
5751 848
5769 4799
5771 4697
5773 2230
5783 3275
5783 6393
5792 2372
5807 4438
5840 6740
5843 5111
5848 5581
5856 2250
5864 854
5869 3292
5875 5903
5878 6158
5883 1453
5886 1582
5887 1625
5897 1253
5898 2247
5911 1111
5930 2150
5944 6488
5945 399
5952 188
5954 2386
5956 4826
5980 553
5981 1716
6011 909
6011 5950
6034 3589
6040 4875
6042 1995
6050 2570
6051 2191
6053 66
6057 5887
6072 6731
6075 2003
6093 2783
6137 4202
6149 1271
6166 2915
6171 6079
6175 2464
6183 3312
6190 6229
6199 2187
6201 6937
6226 5102
6241 4778
6259 1611
6273 1660
6302 4320
6317 378
6323 5386
6323 5471
6324 2074
6330 1868
6335 3757
6346 4227
6350 331
6364 4428
6370 1159
6378 6895
6390 301
6391 1982
6395 2852
6413 6649
6426 4847
6428 2114
6434 6965
6450 4887
6465 1304
6477 3159
6495 4716
6524 4628
6526 1610
6550 5053
6564 3825
6582 2163
6589 3112
6595 4503
6598 554
6603 3541
6611 4179
6613 1659
6629 731
6629 2310
6632 6605
6655 5209
6655 5385
6661 5429
6669 1881
6683 1636
6691 3791
6698 451
6698 4579
6712 915
6714 2150
6715 2069
6731 5840
6745 326
6766 3756
6794 5656
6796 4450
6807 2317
6809 4341
6816 3426
6827 5044
6830 5593
6854 5405
6867 3653
6870 1472
6881 3848
6885 395
6891 1227
6891 6234
6897 28
6909 4592
6909 6209
6927 4584
6934 3632
6951 6283
6953 1794
6954 934
6961 1935
6985 148
7033 6415
7037 3274
7044 4700
7075 1126
7076 4839
7076 5308
7081 1789
7085 5106
7089 5092
7090 637
7100 1450
7110 4484
7113 120
7118 63
7126 5096
7134 5007
7159 6438
7162 1076
7170 400
7171 1596
7189 4653
7208 1502
7233 2703
7235 5022
7240 1571
7253 1524
7264 6491
7271 4587
7283 6773
7317 4661
7328 668
7351 4659
7372 340
7372 3872
7375 936
7384 2086
7394 5813
7398 2698
7400 5357
7402 5846
7416 716
7462 2593
7469 1863
7491 2635
7497 4268
7504 433
7510 4032
7515 5929
7520 5075
7521 4448
7530 2942
7543 5940
7555 5176
7573 3188
7576 2818
7577 1399
7577 4547
7592 258
7594 5324
7603 485
7652 5410
7661 5880
7667 2234
7683 1161
7690 3168
7702 553
7725 4241
7729 4927
7730 3911
7738 4171
7753 486
7754 570
7772 2013
7773 1801
7780 512
7810 2006
7820 5754
7845 5746
7861 213
7878 4063
7885 5984
7889 6552
7894 4460
7895 3720
7901 6001
7903 3763
7919 5469
7921 5722
7926 1178
7932 3437
7942 3654
7945 4424
7965 6844
7967 4783
7972 743
7975 1612
7980 4468
7989 3874
7991 6095
8000 2769
8016 4955
8018 6461
8041 465
8044 50
8059 6138
8072 494
8081 4613
8096 4341
8097 2150
8102 4627
8106 359
8123 4854
8145 6106
8149 4263
8160 1459
8193 2511
8208 472
8215 3506
8216 5013
8224 6779
8226 1841
8229 6310
8237 2112
8238 232
8274 309
8285 5123
8293 5433
8300 919
8317 5518
8325 4749
8327 6411
8337 554
8341 5806
8342 850
8345 2960
8359 5182
8384 2045
8388 4893
8398 6527
8401 3467
8407 4171
8409 3070
8410 316
8426 6747
8437 3216
8448 3270
8450 5020
8476 3058
8480 3837
8493 5667
8497 1994
8499 5448
8504 2178
8513 2811
8519 5603
8543 3267
8549 2109
8555 2912
8572 3261
8582 929
8585 1721
8608 4007
8612 3700
8613 2509
8621 2281
8637 6773
8639 6896
8646 1655
8655 2790
8658 3038
8661 2179
8661 3215
8680 1464
8712 2266
8715 5541
8741 5137
8745 673
8748 833
8750 4062
8757 6
8771 1615
8791 4834
8793 477
8804 3794
8815 5162
8820 5466
8834 1221
8839 6723
8853 5323
8859 6707
8863 4478
8883 4381
8897 6342
8924 1898
8928 4967
8929 5674
8944 161
8948 5857
8961 2046
8974 1774
8974 4281
8978 6469
8990 6471
8992 3959

