371 8416 2240
1 1
1 725
1 1042
1 1615
1 1620
1 1834
1 3298
1 3596
1 3806
1 5444
1 6314
2 444
2 2310
2 3381
2 6679
2 7254
3 2834
3 5909
3 6893
3 8340
4 209
4 1599
4 2723
4 4917
4 5765
4 8169
5 173
5 1146
5 1735
5 1871
5 2913
5 4096
5 7170
6 280
6 545
6 5676
6 5873
6 6220
7 577
7 630
7 2406
7 3103
7 3734
7 4545
7 4816
7 6691
7 7309
7 7941
8 346
8 5775
8 7258
9 2117
9 2259
9 2642
9 4019
9 5675
9 5965
10 105
10 365
10 2060
10 2106
10 2670
10 3807
10 5850
11 287
11 1745
11 2933
11 4289
11 7548
12 1159
12 1642
12 1990
12 5649
12 7108
13 367
13 1258
13 4065
13 5320
13 5358
13 8105
13 8397
14 2044
14 2933
14 8135
15 1349
15 1990
15 3244
15 3355
15 3887
15 4582
15 5108
15 6056
15 6902
15 7836
15 8035
15 8367
16 2236
16 2929
16 3955
16 7865
16 8287
17 1925
17 4312
17 6669
17 6682
17 8035
17 8307
18 712
18 2523
18 2848
18 3039
18 3192
18 5313
18 6039
18 7922
18 8217
19 1183
19 2688
19 3287
19 5574
19 5963
19 6297
19 8084
20 4
20 1099
20 1445
20 1632
20 1733
20 2286
20 4434
20 5888
20 6892
20 7126
21 484
21 747
21 1035
21 3217
21 4223
21 7566
21 7603
21 8234
22 2012
22 4421
22 6513
22 6538
22 6590
22 7054
22 7714
22 7980
23 4202
23 4427
23 6388
23 7124
24 2852
24 6202
24 6220
24 6640
25 1669
25 2431
25 6103
25 7614
26 345
26 4615
26 7717
27 3549
27 4713
27 5598
27 5854
27 8065
28 2113
28 7133
29 3540
29 4940
29 5936
29 6058
30 145
30 337
30 661
30 1554
30 2198
30 5343
30 6264
30 6521
31 1657
31 2986
31 4346
31 4831
31 6565
32 2004
32 7367
32 8101
32 8155
33 1441
33 2083
33 3643
33 4121
33 4565
33 4599
33 4898
33 5389
33 6279
33 8161
34 1001
34 2300
34 7585
34 7835
35 3598
35 6143
35 6213
35 6366
35 7092
36 7343
36 8277
37 45
37 403
37 1132
37 3729
37 4583
37 5171
37 5969
38 940
38 1270
38 5241
38 5276
38 5690
39 2079
39 3552
39 4103
39 4249
39 4520
39 4550
39 4660
39 5009
39 6135
39 6436
39 6580
40 466
40 609
40 1748
40 2610
40 3109
40 3507
40 3923
40 5904
41 116
41 4823
41 6013
41 6905
41 7461
42 19
42 2467
42 4817
42 4935
42 6971
42 7499
43 1188
43 1289
43 1847
43 2072
43 3158
43 3191
43 5668
43 5682
44 180
44 644
44 2001
44 2435
44 2460
44 2787
44 3210
44 4403
44 5435
44 8316
45 4
45 2933
45 2975
45 3665
45 5903
45 6226
46 1021
46 1397
46 1611
46 3651
46 8064
47 2237
47 2639
47 5838
47 6680
47 8140
48 244
48 1442
48 5322
48 6409
48 7796
48 7844
49 4527
49 4629
49 5861
49 6301
49 6921
49 7005
49 8290
50 2736
50 2916
50 4036
50 4077
50 4491
51 180
51 509
51 1107
51 3376
51 7521
52 1537
52 1740
52 2396
52 4295
52 5390
52 5446
52 6506
52 6990
53 2877
53 5072
53 5630
53 5695
53 6557
53 6861
53 7915
53 7955
54 1074
54 1400
54 2240
54 2855
54 3903
54 4875
54 4970
54 6658
54 6920
55 1155
55 2098
55 4178
55 4870
55 5032
55 5494
55 7672
56 314
56 876
56 1495
56 1890
56 4018
56 4182
56 4722
56 5508
56 5659
56 6031
57 162
57 389
57 2917
57 3121
57 3237
57 3495
57 3618
57 3854
57 6583
57 6943
57 7569
57 7786
57 8148
58 712
58 1465
58 1576
58 2208
58 2737
58 3402
58 3757
58 4849
58 5955
58 5959
58 6115
59 864
59 957
59 4276
59 5628
59 5903
59 6526
59 7009
59 7928
60 1039
60 1768
60 1769
60 6477
60 7331
61 3200
61 3581
61 4441
61 6980
61 7165
62 655
62 2443
62 2928
62 3091
62 3122
62 4530
62 4546
62 4671
62 4806
62 4845
62 5838
63 403
63 1375
63 5381
63 6482
63 7253
63 7774
63 8079
64 12
64 2560
64 4241
64 5406
64 5688
64 5746
64 7633
65 914
65 1666
65 1767
65 4581
65 4717
65 5292
65 8256
66 2250
66 3792
66 5306
67 676
67 4464
67 5437
68 827
68 1085
68 3753
68 5271
68 6414
68 7199
68 7595
69 4641
69 8389
70 1382
70 3294
70 4596
70 6914
70 8185
71 961
71 1561
71 2165
71 2264
71 2595
71 3506
71 3615
71 4570
71 5345
71 6966
71 7329
71 7993
72 864
72 1100
72 2110
72 2196
72 3109
72 3387
72 3519
72 4432
72 5165
72 5916
72 6628
72 8023
72 8055
73 1318
73 4467
73 5291
73 5685
73 6120
73 6340
73 8041
74 43
74 127
74 445
74 771
74 1941
74 2459
74 4227
74 7795
75 53
75 4131
75 5589
76 259
76 4299
76 5580
76 7375
77 374
77 4866
77 6650
78 83
78 3350
78 3939
78 4641
78 5524
78 5578
79 696
79 896
79 4045
79 4214
79 5181
79 7696
80 6426
80 7448
81 41
81 100
81 630
81 1391
81 3174
82 2349
82 2634
82 3440
82 5387
82 7832
83 1176
83 1690
83 2032
83 3679
83 4181
83 4724
83 6880
83 6936
83 8267
84 2715
84 4644
84 5485
84 7829
85 976
85 1746
85 2770
85 2776
85 6425
86 1054
86 6498
86 7691
86 7995
87 194
87 1956
87 2118
87 2466
87 2590
87 2689
87 5764
87 6218
87 6394
87 6443
88 3052
88 3643
88 3827
88 3835
88 4727
88 8259
89 537
89 2437
89 2542
89 3531
89 3899
89 6185
90 656
90 887
90 3733
90 3828
90 5098
90 5867
90 8217
91 61
91 1433
91 2630
91 3940
91 4254
91 4389
91 5927
91 8232
92 227
92 2089
92 5696
92 5957
92 6461
92 7267
93 180
93 581
93 4832
93 6128
93 6635
93 7723
94 96
94 3076
94 3339
94 3566
94 3763
95 6127
95 6659
95 6689
95 8283
96 1352
96 2926
96 3001
96 7563
96 8287
97 1188
97 1804
97 3393
97 5418
98 966
98 1129
98 4159
98 4985
98 6603
98 6796
98 7855
99 476
99 993
99 1678
99 4456
99 5020
100 521
100 592
100 1489
100 4222
100 4308
100 4720
100 5506
101 472
101 481
101 2526
101 4241
101 4445
101 6750
101 6911
102 3100
102 3134
102 3511
102 4512
102 5420
102 5457
102 6362
102 7563
103 636
103 1656
103 4122
103 5055
103 5658
103 7244
103 7550
104 814
104 1339
104 8056
105 284
105 1217
105 1255
105 1394
105 2799
105 3517
105 4088
105 5885
105 8236
106 1236
106 2145
106 2552
106 4038
106 6574
106 7305
107 999
107 7482
108 773
108 5970
108 6918
108 7002
108 7436
108 8340
109 2176
109 3547
109 3852
109 4469
109 4564
109 6102
109 6358
110 69
110 5467
111 785
111 1653
111 2636
111 3222
111 3766
111 4573
111 8208
112 419
112 530
112 604
112 4061
112 6729
113 1725
113 1936
113 8111
113 8114
114 6891
114 6982
114 8406
115 1297
115 5780
115 5993
116 1283
116 7888
117 2300
117 3472
117 3747
117 3982
117 4484
117 4489
117 5012
117 5062
117 5865
117 5994
117 6125
117 6240
117 7063
117 7106
118 1096
118 3732
118 5263
118 7648
118 8339
119 74
119 739
119 2384
119 3196
119 3871
119 4771
119 7032
120 843
120 2953
120 3957
120 5072
120 6043
120 6709
120 7792
120 8192
121 1579
121 4508
121 8215
122 1353
122 5278
122 5711
122 5958
122 6652
122 7027
123 2367
123 4295
123 5244
123 5644
123 6180
123 6917
123 8188
124 3198
124 4403
124 5314
124 5766
124 6069
124 6158
125 631
125 1814
125 1964
125 2330
125 3139
125 3658
125 3674
125 6494
126 838
126 1693
126 5917
126 7206
127 1012
127 4960
127 7190
128 1190
128 3151
128 4340
128 6195
128 6272
128 7072
128 7192
129 2848
129 6337
129 7195
129 7487
129 7590
129 8044
130 802
130 1327
130 1713
130 1956
130 2061
130 2840
130 3606
130 3849
130 4557
130 7443
131 446
131 3559
131 3582
131 4427
131 4521
131 6271
131 6465
131 8006
131 8354
132 230
132 760
132 1381
132 1756
132 5861
133 880
133 1610
133 4544
133 4708
133 4811
133 5527
133 8176
134 2963
134 4693
134 7371
134 7413
135 855
135 3031
135 6105
136 2393
136 4217
136 5113
136 5925
136 7728
136 8339
137 442
137 594
137 2770
137 5394
137 5781
137 7847
138 378
138 460
138 909
138 1056
138 1512
138 2598
138 3635
138 6220
138 6716
138 7149
138 8208
139 177
139 2342
139 3447
139 4339
139 5295
139 6881
140 787
140 1595
140 1640
140 3888
140 5104
140 6478
140 7212
140 7388
140 8081
141 2825
141 3066
141 6463
141 7773
142 378
142 4485
142 5269
142 6885
142 6889
143 3381
143 4260
143 5476
144 51
144 296
144 1522
144 2870
144 4696
144 5953
144 6215
144 6356
144 6612
144 7052
144 7519
144 7976
145 1132
145 1261
145 2636
145 3873
145 4388
145 5711
146 217
146 2172
146 2268
146 4651
146 5463
146 8194
147 110
147 3515
147 3605
147 4420
147 5515
147 5845
147 7396
148 13
148 388
148 2011
148 3327
148 5511
148 7344
149 1166
149 2560
149 2591
149 2823
149 4319
149 5104
149 5485
149 5624
149 6343
149 7054
149 7144
150 15
150 2694
150 3049
150 3520
150 7781
150 7872
151 131
151 455
151 4379
151 8366
152 1710
152 5301
152 8062
153 133
153 284
153 6695
153 6963
153 8295
154 569
154 1172
154 4003
154 5099
155 5
155 105
155 842
155 2514
155 4195
155 5762
155 7148
156 6093
156 6954
156 7385
156 8009
156 8235
157 937
157 3901
157 5014
157 5391
158 5140
158 7354
159 2432
159 2770
159 3272
159 4497
159 5615
159 7940
159 8153
160 1909
160 2407
160 3762
160 6718
161 2587
161 4642
162 551
162 1471
162 4401
162 4549
162 5718
163 1400
163 2249
163 2452
163 5446
163 5912
164 891
164 1104
164 1478
164 2195
164 2681
164 3530
164 3830
164 4186
164 4570
164 6357
164 6497
164 7318
165 2446
165 5969
165 6894
165 7098
165 7723
165 8148
166 3824
166 4231
166 5064
166 5106
166 5409
166 7638
166 8108
166 8388
167 211
167 407
167 3214
167 3404
167 3481
167 3860
167 6354
168 1418
168 3699
168 3830
168 4166
168 6635
168 8243
169 227
169 1391
169 2952
169 3029
169 3241
169 5114
169 5947
169 7714
169 7911
169 7988
170 2990
170 4575
170 6202
170 6671
170 6811
170 7724
171 199
171 1972
171 3094
171 3806
171 7411
172 597
172 1809
172 2647
172 3234
172 4135
172 4324
172 4870
172 5828
172 7703
173 399
173 1279
173 2057
173 3393
173 3755
173 7394
173 8376
174 574
174 3586
174 3730
174 5161
174 5474
174 7124
175 913
175 1357
175 4170
175 4726
175 5389
175 7026
176 660
176 752
176 2943
176 5905
176 6346
176 6931
176 8362
177 1927
177 2618
177 3303
177 4559
177 4806
177 6929
178 1502
178 1611
178 7598
179 268
179 1571
179 2937
179 3003
179 4543
179 4701
179 7751
180 967
180 2392
180 3881
180 4432
180 5386
180 6328
181 960
181 1646
181 3065
181 3274
181 3278
181 6164
182 3276
182 5292
182 5406
182 6532
182 7938
182 7965
182 8210
183 47
183 2174
183 2758
183 6567
184 651
184 834
184 1477
184 4722
185 567
185 2716
185 3723
185 5322
185 6156
185 7903
186 2623
186 2992
186 7322
186 7410
187 232
187 355
187 1300
187 1492
187 1645
187 4344
187 6070
188 3088
188 3205
188 3651
188 3937
188 4393
188 5123
188 5400
188 6251
188 6494
188 6645
189 212
189 418
189 454
189 1457
189 2146
189 2321
189 2627
189 6950
189 7172
190 327
190 2256
190 2856
190 3203
190 5075
190 6234
191 5411
191 6497
191 6550
191 7062
191 7510
191 7742
192 1268
192 1427
192 1885
192 2107
192 4244
192 5388
192 7481
193 289
193 2095
193 4446
193 6647
193 6892
193 7879
194 1430
194 1675
194 3236
194 5913
194 6818
195 793
195 3631
195 3729
195 4092
195 4611
195 7193
195 7373
195 8194
196 83
196 2001
196 2319
196 3029
196 3344
196 4410
196 8238
197 1964
197 3004
197 3259
197 3846
197 4574
197 7222
197 7980
198 234
198 1941
198 2162
198 5072
198 5277
198 5725
198 6019
198 6610
198 6943
199 1062
199 3149
199 3741
199 3902
199 4313
199 5144
199 5512
199 6031
199 6645
199 8317
200 702
200 1064
200 1781
200 1845
200 2025
200 2940
200 3669
200 4249
200 7069
200 8219
201 1142
201 3065
201 5908
201 6072
201 7813
201 7844
202 905
202 2237
202 2781
202 2794
202 3006
202 6548
202 7431
202 7501
202 7684
202 8099
203 706
203 822
203 937
203 5910
203 6048
203 6259
203 6714
204 183
204 2937
204 4899
204 4934
204 4988
204 7562
204 7697
205 165
205 1420
205 1467
205 2397
205 3585
205 4001
205 4806
205 8119
206 703
206 1259
206 1754
206 4745
206 4972
206 5129
207 869
207 2319
207 2975
207 4920
207 5069
207 5764
207 7957
208 4511
208 5972
208 6280
208 6603
208 6912
208 7532
208 7607
209 5
209 507
209 2111
209 3426
209 5417
209 6229
209 6577
210 991
210 1260
210 2549
210 3953
210 6058
211 1992
211 2517
211 3153
211 3532
211 4434
212 452
212 4156
212 6412
212 7815
213 724
213 1043
213 1699
213 3356
214 544
214 2201
214 2266
214 3962
214 6273
214 7069
214 7711
215 457
215 1968
215 2271
215 2400
215 2787
215 4139
215 4380
215 5901
215 6515
215 7529
216 243
216 1656
216 2999
216 6558
216 7527
217 13
217 3175
217 5130
217 6325
217 6552
217 8001
218 2264
218 3043
218 4234
218 6053
218 6533
218 6561
218 7271
219 3149
219 4461
219 5699
220 2600
220 2877
220 4066
220 4309
220 5023
220 5418
220 6294
221 1500
221 3016
221 7130
221 7837
222 1
222 1379
222 6014
222 6066
222 6692
222 7255
222 8329
223 298
223 659
223 5327
223 5644
223 7356
223 7920
223 8253
224 146
224 558
224 3751
224 4855
224 7028
224 7953
225 1721
225 2124
225 3940
225 5576
226 1111
226 1883
226 2068
226 3360
226 3374
226 3860
226 4646
226 5324
226 6307
226 6429
226 7074
227 1310
227 1942
227 2408
227 4646
227 7083
228 713
228 4192
228 4423
228 5196
229 578
229 809
229 3226
229 3840
229 5107
229 5451
229 5525
229 8188
230 690
230 1392
230 1514
230 4334
230 4376
230 7577
230 8406
231 362
231 2386
231 2895
231 4241
231 5268
232 736
232 2794
232 5658
233 1167
233 1766
233 2349
233 2679
233 3650
233 6955
234 8326
235 1543
235 2385
235 4916
236 442
236 961
236 2227
236 3183
236 4037
236 6356
236 7088
236 7540
237 196
237 4291
237 6918
237 8318
238 1203
238 2451
238 2667
238 3127
238 3274
238 4119
238 5673
238 6926
238 7580
239 1853
239 2501
239 2651
239 2980
239 3740
239 6670
239 7746
240 463
240 2225
240 3513
240 4304
240 7377
241 1234
241 2236
241 2582
241 5984
242 2404
242 5512
242 5552
242 7842
242 8373
243 2135
243 7194
243 7994
244 2087
244 3062
244 4781
244 5316
244 5748
244 6014
244 8147
245 459
245 754
245 857
245 860
245 2046
245 2147
245 2211
245 2493
245 4652
245 7548
245 7633
246 1725
246 2081
246 2843
246 5217
246 5527
246 8301
247 1156
247 2948
247 2984
247 3802
247 7613
247 8029
248 5573
249 182
249 2643
249 2802
249 3465
249 5456
249 6687
249 7853
250 716
250 1293
250 4238
250 4289
250 4883
250 8080
251 1136
251 1434
251 1614
251 3942
251 4304
251 5436
251 7243
252 1740
252 4530
252 5555
252 5678
252 5791
252 6955
252 7013
253 1469
253 2035
253 3358
253 4406
253 6297
253 7541
254 1049
254 1918
254 3370
254 5788
254 6996
254 7165
254 8025
254 8163
254 8356
255 98
255 516
255 1708
255 5210
255 6501
256 592
256 1852
256 4381
256 4561
256 5891
256 6049
256 6801
257 158
257 1355
257 1935
257 2084
257 2341
257 3267
257 4493
257 5120
257 6521
258 889
258 2261
258 3611
258 5941
258 8170
258 8292
259 1482
259 2040
259 6357
259 7715
260 1704
260 2257
261 2539
261 5934
261 7150
261 7307
262 188
262 2461
262 3876
262 4718
262 5461
262 5985
262 7559
263 98
263 3512
263 4607
263 5983
263 6816
263 6931
263 8284
264 1883
264 3383
264 5136
264 5982
265 1014
265 6179
265 8232
266 1042
266 1747
266 1912
266 2065
266 2120
266 2276
266 3347
266 3460
266 4563
266 6902
266 6914
266 7418
267 1719
267 3701
267 5994
268 133
268 1480
268 2390
268 3173
268 3444
268 3934
268 5161
268 5419
268 7577
269 433
269 766
269 1443
269 1464
269 1649
269 4630
269 5523
269 6243
269 6549
270 636
270 942
270 4951
270 5568
270 5671
270 5772
270 5785
270 5950
270 6168
271 3732
271 4177
271 5633
271 6719
271 7707
272 433
272 1054
272 1252
272 1849
272 3018
272 6580
272 6983
273 2138
273 2891
273 4759
273 5266
274 851
274 3733
274 4236
274 7708
275 270
275 4350
275 4748
275 4941
275 7976
276 6661
276 7708
277 1360
277 7595
277 8311
278 1426
278 2926
278 4344
278 7187
279 753
279 3229
279 4329
279 4384
279 5810
279 6591
279 7593
279 7780
280 1468
280 5549
280 6544
280 7937
282 1185
282 4131
282 5075
282 6187
282 7659
282 8024
282 8295
283 1337
283 4203
283 4359
283 5642
283 6893
284 375
284 1825
284 2910
284 3738
284 6158
284 7195
285 3584
285 4430
285 6017
285 8285
286 1492
286 4456
286 4728
286 8250
287 839
287 1725
287 2416
287 3336
287 3523
287 5592
287 6934
287 7177
287 7349
287 8292
288 7028
288 7415
289 777
289 1600
289 5605
289 5733
289 6192
290 2805
290 3136
290 5068
290 7362
291 222
291 668
291 2169
291 5334
291 6302
293 2238
293 2368
293 3323
293 3405
293 5283
293 5624
293 6130
293 7843
294 540
294 855
294 3094
294 3728
294 4502
294 4521
294 8047
295 101
295 2599
295 3882
295 4092
295 7148
296 3127
296 3403
296 4321
296 5730
296 6132
296 7759
297 975
297 2483
297 3631
297 4388
297 4644
297 5015
297 6950
297 7298
297 7647
298 1526
298 3475
298 4536
298 5279
298 5288
299 3113
299 4237
299 5517
299 5969
299 6454
300 1493
300 1775
300 2463
300 2729
300 6732
300 6907
300 7058
301 842
301 1727
301 3368
301 3768
301 3916
301 4335
301 4459
302 1077
302 2284
302 3713
302 4556
302 4882
303 1073
303 1087
303 1656
303 2733
303 2848
303 3141
303 7667
303 7899
303 8069
304 868
304 1753
304 2631
304 3544
304 3912
304 4510
304 6627
304 8020
305 1006
305 1222
305 1721
305 2448
305 3384
305 4567
305 5070
305 6108
305 7173
305 8359
306 1063
306 1169
306 2094
306 2388
306 2496
306 3935
306 4474
306 4761
306 6437
306 6930
307 600
307 2904
307 5705
307 6412
307 7018
308 2646
308 6171
309 455
309 3458
309 3854
309 5225
309 5712
310 265
310 2471
310 4469
310 6101
310 6779
310 7285
310 8396
311 422
311 1512
311 1897
311 2522
311 4034
311 5779
311 6058
311 8091
312 6017
313 716
313 1563
313 3255
313 5169
313 5645
314 36
314 617
314 1049
314 1248
314 1478
314 2538
314 3787
314 5299
314 6326
314 6576
314 6799
315 714
315 2977
315 3656
315 4550
315 7268
315 7755
315 7757
316 935
316 4129
317 1248
317 1430
317 2391
317 5282
317 6196
317 6473
318 1502
318 2986
318 3453
318 3818
318 7273
319 957
319 1192
319 1331
319 1910
319 5163
319 7229
319 7785
319 7884
320 1136
320 2241
320 3588
320 4473
320 8070
321 638
321 712
321 1483
321 1777
321 3512
321 4307
321 6137
321 6886
322 603
322 875
322 1034
322 2012
322 3483
322 6175
322 7142
323 453
323 4536
323 4910
323 5279
323 7295
324 393
324 1309
324 2322
324 2918
324 2973
324 3369
324 3571
324 6983
324 7361
324 8313
325 433
325 1080
325 1512
325 5500
325 5907
325 6890
325 7562
325 8232
326 1647
326 4691
326 4822
326 5017
326 6050
326 7319
326 7569
326 8164
327 735
327 1731
327 4045
327 4072
328 672
328 1452
328 1880
328 3771
328 5140
328 5772
329 205
329 479
329 1351
329 1892
329 3134
329 3203
329 4558
329 7982
330 1264
330 6898
330 7887
330 8166
331 543
331 6269
331 6945
332 2594
332 3587
332 3684
333 2046
333 3808
333 3851
333 3923
333 5584
333 6942
334 175
334 3635
334 6558
334 6679
334 7371
335 590
335 631
335 1321
335 4073
335 4538
336 81
336 687
336 783
336 1260
336 5387
336 7014
336 7800
337 1527
337 4325
337 4863
337 6220
337 7096
338 1159
338 2033
338 2410
338 3231
338 3389
338 3578
338 4621
338 5034
338 7271
339 1617
339 2372
339 3198
339 4464
339 5934
340 4329
340 7745
341 1045
341 2071
341 3395
341 4014
341 5672
342 575
342 1288
342 4843
342 5520
342 6341
342 6550
343 359
343 2958
343 4292
343 6020
343 7049
344 40
344 440
344 1155
344 4990
345 496
345 905
345 4588
345 6055
345 6152
345 6390
345 7100
346 1893
346 3465
346 4177
346 4230
346 4920
346 4987
346 5286
346 7658
347 1100
347 7423
348 2463
348 4690
348 4956
348 7572
348 7638
349 2074
349 2647
349 5652
349 5989
349 6787
350 2219
350 2254
350 4806
350 6689
351 1532
351 3394
351 6899
351 7296
352 457
352 458
352 779
352 4140
352 4378
352 5597
352 6222
352 7406
352 7538
352 7957
352 8133
353 1616
353 3365
353 4043
353 4391
353 7333
354 3898
354 4750
354 4840
354 4949
354 6074
354 7525
355 2931
355 4034
355 5842
355 6882
356 698
356 1877
356 3208
356 5301
356 6367
356 7378
357 668
357 1522
357 3098
357 3744
357 3873
357 5378
357 7777
358 101
358 7494
358 7597
359 3088
359 4050
359 5228
359 5435
359 5480
359 5577
359 6755
359 6832
359 7552
359 8327
360 3976
360 8392
361 273
361 3625
361 4982
361 6626
361 7867
362 811
362 2388
362 3961
362 4174
362 7079
363 87
363 1287
363 3240
363 3353
363 5897
363 6846
364 1760
364 4949
364 5077
365 998
365 2311
365 2552
365 3544
365 6239
366 547
366 1658
366 2574
366 3580
366 5006
366 5372
366 6279
366 6334
366 6544
366 7014
366 7085
366 8129
367 1253
367 4230
368 576
368 4818
368 5233
369 2684
369 4570
369 5145
369 5289
369 7637
369 7912
370 675
370 860
370 1682
370 1994
370 3068
370 3532
370 5350
370 5794
370 7142
371 324
371 4456
371 5425
371 7733
371 8107

