295 75 109
1 1
3 38
4 57
8 48
11 10
11 64
13 13
13 19
15 62
16 65
22 52
32 56
36 8
43 37
44 75
45 26
50 15
51 60
56 18
59 57
65 74
69 73
72 37
72 55
76 71
77 70
83 75
85 13
88 15
90 17
94 28
94 43
97 6
98 21
100 63
105 8
105 71
111 59
123 2
123 6
124 15
125 8
126 73
129 12
133 65
140 70
144 4
147 60
152 37
153 8
156 41
157 57
158 50
162 15
167 71
170 42
171 9
173 45
178 22
180 41
181 51
182 18
184 67
186 75
189 53
192 52
193 59
197 70
197 73
198 23
200 51
201 30
202 3
204 17
204 58
205 11
207 61
210 68
214 10
214 19
215 20
216 45
218 67
223 36
225 27
227 47
230 61
237 38
238 67
240 45
241 37
244 49
245 10
247 67
257 33
260 20
260 68
266 7
269 4
270 52
273 32
280 51
284 66
285 22
287 24
290 22
293 15
293 36
294 53

