624 3902 6570
1 1
1 213
1 261
1 284
1 679
1 696
1 822
1 1948
1 2447
1 3362
1 3754
2 140
2 209
2 579
2 629
2 830
2 1663
2 1784
2 2253
2 2294
2 2372
2 2695
2 3543
2 3691
2 3814
3 274
3 276
3 1114
3 1527
3 1756
3 2163
3 2269
3 2384
3 2407
3 2720
3 2868
4 104
4 310
4 539
4 1362
4 1531
4 1939
4 2067
4 2968
4 3050
4 3159
4 3802
5 184
5 435
5 458
5 1304
5 1388
5 2023
5 2034
5 2851
5 2855
5 3346
5 3424
5 3669
5 3708
5 3740
6 164
6 1491
6 1696
6 2127
6 3454
6 3600
7 51
7 379
7 514
7 982
7 1039
7 1310
7 1562
7 1787
7 1791
7 1885
7 2324
7 2385
7 2647
7 2945
7 2983
7 3194
7 3210
8 827
8 923
8 1125
8 1131
8 1297
8 1557
8 2193
8 2994
8 3600
8 3706
9 166
9 468
9 620
9 2154
9 2399
9 2479
9 2670
9 3467
9 3581
9 3813
10 257
10 560
10 688
10 1055
10 1089
10 1143
10 1341
10 1411
10 1930
10 2092
10 2137
10 2569
11 13
11 39
11 46
11 638
11 697
11 982
11 1507
11 1840
11 2144
11 2299
11 2681
11 3459
11 3647
11 3676
12 587
12 839
12 1255
12 2176
12 3168
12 3402
12 3728
13 64
13 74
13 220
13 314
13 461
13 696
13 813
13 1142
13 1155
13 1192
13 1493
13 1517
13 2021
13 3074
13 3411
14 1490
14 2167
14 2235
14 2988
14 3252
15 44
15 535
15 682
15 1355
15 1386
15 1980
15 2144
15 2651
15 2672
15 3053
15 3547
16 195
16 506
16 1310
16 1607
16 2293
16 2345
16 3145
16 3223
16 3426
17 524
17 901
17 1299
17 1559
17 1604
17 2146
17 2405
17 2914
17 3394
17 3563
18 591
18 725
18 1938
18 2057
18 2130
18 2173
18 2546
18 3183
18 3514
18 3828
19 644
19 815
19 1051
19 1077
19 1504
19 1692
19 1944
19 2281
19 2284
19 2727
19 3484
19 3563
19 3679
20 509
20 1461
20 2191
20 2229
20 2807
20 3356
20 3550
21 441
21 700
21 1291
21 1820
21 2001
21 2048
21 2184
21 2557
21 2928
21 3322
21 3831
22 73
22 949
22 1364
22 1591
22 1784
22 2172
22 2362
22 3787
23 498
23 543
23 671
23 853
23 3818
24 507
24 863
24 878
24 986
24 1007
24 1526
24 1769
24 1935
24 2000
24 2112
24 2114
24 2677
24 3110
24 3140
24 3842
25 130
25 305
25 933
25 1409
25 2341
25 2554
25 3234
25 3541
26 551
26 1082
26 1186
26 1656
26 1761
26 2099
26 2346
26 2599
26 2873
26 3200
26 3259
26 3278
26 3339
27 55
27 246
27 1157
27 1207
27 1259
27 1545
27 1675
27 1739
27 1858
27 2397
27 2436
27 3132
27 3444
27 3717
28 193
28 520
28 558
28 740
28 860
28 1494
28 1991
28 2237
28 2244
28 2805
28 2838
28 3718
28 3746
29 115
29 511
29 1155
29 1262
29 1897
29 1934
29 2167
29 2233
29 2330
29 3147
30 310
30 758
30 869
30 1257
30 1771
30 2221
30 2601
30 2657
30 2791
30 3022
30 3543
30 3877
31 754
31 1011
31 1052
31 1203
31 2043
31 2788
31 2998
31 3720
31 3819
32 288
32 418
32 540
32 555
32 713
32 748
32 932
32 966
32 1001
32 1078
32 1565
32 2413
32 2433
32 2460
32 2691
32 2956
32 3268
32 3542
32 3615
33 377
33 1346
33 1608
33 1945
33 3048
33 3308
33 3332
33 3763
33 3859
34 351
34 451
34 1072
34 1530
34 2598
34 2994
34 3230
34 3235
34 3397
34 3498
34 3524
34 3663
34 3708
34 3825
35 396
35 829
35 1028
35 1068
35 1098
35 1716
35 2039
35 2123
35 3069
35 3335
35 3770
35 3771
36 300
36 1045
36 1305
36 2126
36 2341
36 2893
36 3767
37 395
37 719
37 783
37 985
37 1186
37 1948
37 2080
37 2653
37 2691
37 2771
37 3548
38 677
38 762
38 906
38 922
38 1132
38 1233
38 1296
38 1360
38 2581
38 2911
38 3353
38 3542
39 70
39 298
39 537
39 781
39 980
39 1371
39 1544
39 1549
39 1954
39 2374
39 2840
39 2956
39 3220
39 3591
39 3690
39 3691
40 515
40 1105
40 1382
40 1386
40 1650
40 1833
40 1986
40 3208
40 3901
41 116
41 154
41 362
41 951
41 2807
41 3895
42 276
42 1170
42 1375
42 2134
42 2381
42 2550
42 2571
42 3068
42 3528
42 3751
43 96
43 958
43 1392
43 1631
43 2213
43 2763
43 3184
43 3804
44 277
44 358
44 1291
44 1325
44 1791
44 2544
44 3441
44 3717
45 146
45 804
45 906
45 1088
45 1226
45 1399
45 1440
45 2399
45 3234
45 3640
45 3681
45 3684
45 3820
45 3839
46 1717
46 1874
46 2302
46 2583
47 314
47 1318
47 1604
47 1660
47 1784
47 1854
47 3661
47 3859
48 135
48 213
48 278
48 308
48 766
48 2812
48 2835
48 3361
48 3389
48 3428
48 3874
49 94
49 373
49 783
49 1295
49 1894
49 2131
49 2169
49 2295
49 2516
50 418
50 674
50 709
50 996
50 1083
50 1170
50 1437
50 2028
50 2433
50 2525
50 2650
50 2897
50 2936
50 3028
50 3069
50 3423
51 150
51 158
51 764
51 864
51 2395
51 3342
51 3594
51 3743
52 135
52 1612
52 1753
52 2293
52 2437
52 2782
52 2797
52 3104
52 3521
52 3635
53 34
53 60
53 295
53 299
53 1233
53 1653
53 2292
53 2554
53 2730
53 2779
53 3114
53 3554
53 3833
53 3878
53 3892
54 371
54 2171
54 2198
54 2276
54 2305
54 2908
54 3272
55 459
55 1032
55 2058
55 2542
55 2605
55 2645
55 2999
55 3340
56 922
56 1039
56 1064
56 1379
56 1860
56 2102
56 2152
56 2431
56 2476
56 2508
56 2831
56 3131
56 3651
56 3821
57 551
57 778
57 1339
57 2185
57 2598
57 2924
57 3237
57 3430
57 3467
58 248
58 377
58 1458
58 1875
58 2345
58 3122
58 3377
58 3783
58 3864
59 745
59 1230
59 1292
59 1534
59 1752
59 1851
59 2076
59 2341
59 3297
59 3353
60 384
60 440
60 469
60 1224
60 1267
60 1433
60 2465
60 3058
60 3607
61 715
61 827
61 994
61 1598
61 1684
61 1914
61 1993
61 3049
61 3089
61 3687
61 3761
62 116
62 713
62 1000
62 1828
62 2166
62 3077
62 3148
62 3373
62 3480
62 3766
63 57
63 68
63 705
63 1350
63 2150
63 2175
63 2196
64 215
64 517
64 1144
64 2327
64 2344
64 2500
64 2753
64 3167
64 3662
65 609
65 961
65 1039
65 1646
65 3748
66 311
66 2007
66 2151
66 2266
66 2452
66 2464
66 2617
66 2732
66 2909
66 3288
66 3387
67 2168
67 2745
67 2781
68 71
68 100
68 1456
68 1958
69 115
69 894
69 1267
69 1325
69 1458
69 2665
69 2816
69 3186
69 3280
69 3612
70 107
70 623
70 923
70 1653
70 1812
70 1818
70 1960
70 2823
70 2861
70 3154
70 3276
70 3563
71 535
71 824
71 941
71 1536
71 1918
71 2971
71 2975
71 3120
71 3148
71 3265
71 3517
71 3768
72 345
72 603
72 1179
72 1737
72 1836
72 2000
72 2361
72 2829
72 3285
72 3460
72 3526
72 3566
72 3600
73 146
73 206
73 634
73 1440
73 1958
73 1991
73 2233
73 2352
73 2428
73 3797
74 230
74 925
74 1424
74 1864
74 2961
75 422
75 592
75 1053
75 1152
75 1155
75 1176
75 1242
75 1416
75 1429
75 1566
75 1872
75 2315
75 2776
75 2883
75 3288
75 3444
75 3462
75 3838
76 242
76 454
76 1917
76 2858
76 3296
77 78
77 139
77 366
77 1110
77 1528
77 1689
77 1722
77 1758
77 2570
77 3733
77 3826
78 477
78 488
78 778
78 1571
78 1832
78 1869
78 2457
78 2493
78 2524
78 3081
79 7
79 47
79 165
79 1557
79 1690
79 2264
79 2272
79 2416
79 3134
79 3853
80 183
80 821
80 832
80 1250
80 1923
80 1939
80 1995
80 2087
80 2340
80 2473
80 3033
80 3232
80 3374
80 3497
80 3766
81 52
81 180
81 923
81 947
81 1500
81 1840
81 2302
81 2576
81 2995
81 3154
81 3330
81 3670
81 3708
81 3842
82 40
82 679
82 826
82 860
82 984
82 1365
82 1722
82 1907
82 2299
82 2626
82 2796
82 2955
82 3630
82 3694
83 69
83 753
83 1007
83 1109
83 1123
83 1487
83 1759
83 1770
83 1975
83 2163
83 2261
83 2879
83 2907
83 3837
84 454
84 1243
84 1927
84 1949
84 2228
84 2329
84 2412
84 2477
84 3451
84 3490
84 3631
84 3815
85 119
85 322
85 1245
85 1304
85 1630
85 2601
85 2609
85 3701
85 3825
85 3862
86 22
86 113
86 738
86 757
86 1150
86 1716
86 2682
86 2791
86 3312
86 3372
86 3460
87 747
87 1324
87 2089
87 2360
87 2404
87 2420
87 2643
87 3464
88 348
88 1143
88 1408
88 1752
88 2333
88 2692
88 3665
89 724
89 1113
89 1528
89 1738
89 1804
89 2109
89 2121
89 2771
89 2952
89 3285
89 3591
90 88
90 1168
90 2006
90 2308
90 2443
90 2558
90 2585
90 2963
90 3008
90 3171
91 375
91 606
91 690
91 982
91 1005
91 1272
91 1338
91 1369
91 1566
91 1669
91 1721
91 2144
91 3169
91 3231
91 3863
92 612
92 626
92 1081
92 1359
92 1452
92 1686
92 2163
92 2409
92 2570
92 2880
92 3086
92 3493
93 700
93 1720
93 1995
93 2257
93 3164
94 1010
94 1422
94 1506
94 1798
94 2265
94 2320
94 3171
94 3836
95 309
95 343
95 533
95 537
95 1298
95 1467
95 1727
95 1742
95 1749
95 2802
95 2808
95 2928
95 3025
95 3418
96 227
96 564
96 1221
96 1511
96 2315
96 2326
96 2619
96 3135
96 3155
96 3157
96 3260
96 3307
96 3497
97 164
97 292
97 314
97 488
97 2230
97 2377
97 2518
97 2573
97 2814
97 3031
97 3273
97 3404
98 743
98 1544
98 1977
98 2796
98 3447
98 3826
99 152
99 248
99 939
99 2070
99 3053
99 3103
99 3798
99 3884
100 951
100 1783
100 1968
100 2730
100 3415
100 3509
100 3692
101 29
101 438
101 1426
101 2169
101 2236
101 2656
101 3447
101 3453
101 3499
102 338
102 582
102 1136
102 1550
102 2012
102 2537
102 2899
103 380
103 386
103 563
103 705
103 1406
103 1834
103 1882
103 1914
103 2044
103 2147
103 2336
103 2631
103 3467
103 3528
103 3708
104 183
104 845
104 977
104 1342
104 1359
104 1755
104 2220
104 2276
104 2349
104 3234
104 3826
105 12
105 259
105 315
105 478
105 571
105 598
105 988
105 1160
105 1359
105 1717
105 1824
105 2204
105 2604
105 3480
105 3667
105 3734
106 154
106 471
106 977
106 1754
106 3406
106 3538
107 179
107 239
107 409
107 431
107 638
107 732
107 798
107 1149
107 1154
107 1411
107 1504
107 1887
107 2536
107 2780
107 2858
107 3419
107 3872
107 3891
108 23
108 346
108 501
108 517
108 924
108 1363
108 1423
108 1453
108 1722
108 1822
108 2199
108 2973
108 3198
108 3678
109 13
109 60
109 94
109 2589
109 3132
109 3255
109 3532
109 3591
109 3832
110 162
110 405
110 569
110 1357
110 1389
110 1934
110 2025
110 2157
110 3499
110 3709
110 3852
110 3865
111 125
111 361
111 415
111 531
111 650
111 1285
111 1613
111 1678
111 1914
111 2363
111 2726
111 2742
111 2952
111 3146
112 42
112 308
112 442
112 479
112 822
112 1039
112 1330
112 1358
112 1556
112 1595
112 1867
112 2147
112 2525
112 2762
112 2951
112 3371
113 510
113 1325
113 1416
113 1907
113 2635
113 3737
113 3786
114 182
114 688
114 1216
114 1275
114 1289
114 1574
114 1995
114 2845
114 3079
114 3314
114 3838
114 3885
115 142
115 365
115 657
115 1805
115 1918
115 2013
115 2347
115 2397
115 2402
115 3007
116 617
116 1171
116 1288
116 1386
116 1405
116 1656
116 1956
116 2082
116 2424
117 96
117 312
117 731
117 810
117 873
117 1891
117 2250
117 2582
117 2888
117 3111
117 3561
117 3570
118 24
118 45
118 308
118 871
118 1211
118 1513
118 1927
118 1963
118 2079
118 2285
118 2501
118 3223
118 3447
118 3562
119 294
119 949
119 977
119 1970
119 2281
119 2368
119 2397
119 2552
119 2575
119 2878
119 3083
119 3178
120 360
120 1215
120 1446
120 1650
120 2192
120 2195
120 2707
120 3122
120 3602
121 717
121 2187
121 2289
121 3525
122 531
122 581
122 1174
122 1382
122 3638
123 28
123 938
123 1087
123 1235
123 1344
123 1572
123 2648
123 2829
123 2875
123 3403
123 3823
123 3829
124 1024
124 1361
124 1623
124 1641
124 1719
124 2076
124 2198
124 2729
124 3418
124 3844
125 982
125 1002
125 1216
125 1423
125 1623
125 2500
125 2885
126 12
126 214
126 373
126 905
126 1333
126 1618
126 1705
126 2041
126 2279
126 2725
126 3427
126 3781
127 104
127 163
127 516
127 756
127 871
127 1769
127 2541
127 2775
127 3415
127 3563
128 70
128 261
128 356
128 1060
128 1112
128 1391
128 2256
129 98
129 517
129 708
129 710
129 1182
129 1254
129 1504
129 1559
129 1586
129 1864
129 2535
129 2557
129 2831
129 3137
129 3596
129 3714
130 542
130 784
130 876
130 1228
130 1274
130 1365
130 1441
130 1930
130 2119
130 2425
130 3164
130 3541
130 3647
131 262
131 936
131 1406
131 1621
131 1777
131 1825
131 2143
131 2205
131 2401
131 2483
131 2527
131 3778
131 3894
132 314
132 388
132 1424
132 1893
132 2255
132 2289
132 3458
133 80
133 544
133 854
133 889
133 1128
133 1294
133 1364
133 1551
133 1614
133 2494
133 2613
133 2869
133 2877
133 3107
133 3302
133 3461
134 233
134 263
134 396
134 1137
134 2335
134 2381
134 3560
134 3633
135 251
135 358
135 426
135 1470
135 1571
135 2128
135 2655
135 3731
136 337
136 347
136 663
136 1593
136 1810
136 2770
136 3197
136 3847
137 354
137 421
137 917
137 1019
137 1428
137 1779
137 2653
137 2761
137 3021
137 3172
137 3192
137 3811
137 3883
138 416
138 482
138 1528
138 1937
138 1961
138 2067
138 2120
138 2604
138 2907
139 14
139 127
139 218
139 731
139 773
139 873
139 1431
139 1632
139 2632
139 2737
139 2749
139 3667
140 1360
140 1408
140 1839
140 1970
140 2580
140 2730
140 3693
141 42
141 151
141 252
141 270
141 432
141 553
141 580
141 595
141 756
141 1094
141 1195
141 1783
141 1939
141 2281
141 2322
141 2619
141 2747
141 3633
141 3775
142 32
142 384
142 959
142 1086
142 1516
142 1794
142 1821
142 2183
142 2200
143 978
143 1005
143 1229
143 1541
143 1698
143 1884
143 2040
143 2250
143 2472
143 2542
144 60
144 320
144 729
144 1223
144 2093
144 2858
144 3164
144 3307
144 3419
144 3547
145 1335
145 1485
145 1580
145 1614
145 1977
145 2165
145 2397
145 2570
145 2850
145 3161
145 3775
146 778
146 1929
146 2772
146 3840
147 359
147 446
147 950
147 1037
147 1531
147 1649
147 2163
147 2214
147 2250
147 2337
147 2363
147 2603
147 2771
147 2970
147 3432
147 3547
148 349
148 1160
148 1422
148 1640
148 2393
148 2754
148 2777
148 2932
148 3025
148 3094
148 3542
148 3683
149 1
149 404
149 964
149 966
149 1021
149 1152
149 2133
149 2346
149 2366
149 2686
149 3263
149 3391
149 3493
149 3502
149 3764
150 301
150 1026
150 2237
150 3033
150 3802
151 86
151 810
151 927
151 1256
151 1283
151 1695
151 2010
151 2470
151 2606
151 2914
151 3261
151 3384
151 3592
151 3727
152 60
152 747
152 1393
152 1564
152 1937
152 2165
152 2641
152 3623
153 647
153 1500
153 1601
153 2310
153 3896
154 928
154 1412
154 1476
154 1902
154 2050
154 2528
154 2963
154 3284
154 3423
154 3491
154 3858
155 245
155 283
155 500
155 1331
155 1416
155 1662
155 2278
155 3631
155 3743
155 3842
156 35
156 280
156 1434
156 1520
156 1704
156 1759
156 2300
156 2422
156 3015
156 3380
156 3606
156 3746
157 17
157 625
157 875
157 1178
157 1895
157 2399
157 2990
157 3117
157 3328
158 857
158 1592
158 1900
158 3462
158 3655
159 744
159 782
159 1195
159 1248
159 1490
159 1820
159 1836
159 2345
159 2488
159 3127
159 3498
160 674
160 1044
160 1792
160 2868
161 72
161 751
161 841
161 1074
161 1365
161 1717
161 1744
161 1878
161 1911
161 2033
161 2545
161 2741
161 2925
161 3234
161 3881
162 31
162 1189
162 1365
162 2234
162 2341
162 2419
162 2588
162 3169
162 3242
162 3375
162 3654
163 62
163 185
163 1032
163 1473
163 1637
163 1940
163 2551
163 2741
163 2857
163 3114
163 3640
164 290
164 448
164 811
164 1556
164 1765
164 2203
164 2349
164 2425
164 2636
164 2749
164 2882
164 3734
165 346
165 351
165 435
165 793
165 944
165 1019
165 1346
165 1519
165 2116
165 2774
165 2811
165 2934
165 3806
166 270
166 781
166 1724
166 2171
166 2529
166 2649
166 3441
166 3445
166 3692
166 3708
166 3817
167 463
167 1008
167 1610
167 2350
167 2625
167 3032
167 3546
168 349
168 563
168 795
168 950
168 1509
168 1592
168 1652
168 2200
168 2229
169 133
169 210
169 891
169 1426
169 1820
169 1833
169 2581
169 2710
169 3228
169 3369
170 556
170 683
170 689
170 1446
170 1619
170 2159
170 2673
170 2717
170 2857
170 2932
170 3193
170 3336
170 3378
170 3380
170 3487
170 3635
170 3708
170 3848
170 3874
171 150
171 316
171 479
171 764
171 1201
171 1618
171 1960
171 1971
171 2098
171 2563
171 3253
171 3637
171 3857
172 55
172 56
172 238
172 331
172 547
172 1286
172 1622
172 1793
172 2464
172 2554
172 2603
172 2749
172 2902
172 3260
172 3533
173 368
173 370
173 375
173 927
173 1338
173 1768
173 2083
173 2831
173 3249
173 3701
174 283
174 414
174 1357
174 1489
174 2209
174 2286
174 2880
174 3274
174 3625
174 3706
175 33
175 218
175 1803
175 1914
175 2917
175 3342
175 3369
175 3444
176 547
176 961
176 1451
176 1751
176 1829
176 2006
176 2103
176 2667
176 2698
176 2782
176 2858
176 3027
176 3356
176 3718
177 537
177 876
177 2145
177 2320
177 2515
177 2706
177 2707
177 2750
177 3090
177 3252
177 3258
177 3835
178 1072
178 1090
178 1598
178 1600
178 1677
178 1836
178 2202
178 2449
178 2869
178 3197
178 3208
179 1128
179 1609
179 1625
179 1827
179 3062
179 3170
179 3232
179 3245
179 3317
179 3322
179 3397
180 39
180 54
180 443
180 705
180 1681
180 2597
180 2842
180 2971
180 3046
180 3238
180 3816
181 113
181 187
181 440
181 1092
181 2374
181 2942
181 2993
181 3159
181 3252
181 3362
182 330
182 608
182 829
182 960
182 1895
182 1976
182 2014
182 2866
182 2881
182 3494
182 3500
182 3519
182 3718
183 13
183 98
183 778
183 1954
183 2562
183 3892
184 33
184 60
184 71
184 173
184 334
184 1497
184 1999
184 2131
184 2377
184 2999
184 3378
184 3513
184 3874
185 4
185 78
185 323
185 571
185 624
185 899
185 918
185 1113
185 1832
185 2249
185 2413
185 2481
185 2754
185 2845
185 3010
185 3385
185 3682
186 1087
186 1237
186 2057
186 2064
186 2089
186 2483
186 3204
187 20
187 533
187 667
187 807
187 2563
187 3567
187 3667
187 3696
188 211
188 818
188 848
188 956
188 1231
188 2109
188 2173
188 2301
188 3168
188 3323
188 3449
188 3602
189 13
189 52
189 225
189 237
189 742
189 820
189 1103
189 1127
189 1246
189 1586
189 1772
189 2308
189 2436
189 2978
189 2988
189 3105
189 3348
189 3650
190 595
190 843
190 1326
190 1342
190 1832
190 2038
190 2178
190 2278
190 3604
191 812
191 1165
191 1276
191 1470
191 1553
191 1891
191 2689
191 2904
191 3101
192 162
192 836
192 1206
192 1415
192 1702
192 2075
192 2190
192 2250
192 2362
192 3274
192 3307
192 3618
192 3752
192 3871
192 3889
193 1406
193 1414
193 1482
193 2134
193 2661
193 2912
193 3175
194 2121
194 2604
194 2742
194 2747
194 2970
194 3413
194 3659
194 3693
195 54
195 461
195 666
195 863
195 1296
195 2348
195 3128
195 3466
195 3680
196 1089
196 1230
196 1357
196 2133
196 2213
196 2352
196 2378
196 2657
197 838
197 1337
197 1527
197 1794
197 1847
197 3127
197 3149
197 3472
197 3570
197 3781
198 53
198 189
198 618
198 791
198 869
198 954
198 1209
198 1334
198 1495
198 1949
198 2073
198 2255
198 2632
198 2717
198 2881
198 2919
198 3087
199 44
199 201
199 285
199 489
199 1124
199 1965
199 2184
199 2567
199 2576
199 2641
199 2709
199 2967
200 454
200 1030
200 1162
200 1553
200 1799
200 1952
200 2031
200 2409
200 2897
200 2944
200 3538
201 866
201 990
201 991
201 1074
201 1093
201 2023
201 2996
201 3223
201 3240
201 3248
201 3577
201 3883
202 545
202 1302
202 1598
202 1623
202 1895
202 2221
202 2323
202 2571
202 2853
202 2987
202 3005
202 3082
202 3605
202 3805
202 3870
203 382
203 666
203 749
203 881
203 971
203 998
203 1594
203 2558
203 2778
203 2852
203 2962
203 3416
204 259
204 692
204 859
204 1190
204 1270
204 1955
204 1965
204 3204
204 3452
204 3785
205 312
205 542
205 1356
205 1631
205 1978
205 2193
205 3018
205 3078
205 3548
206 419
206 589
206 1054
206 1202
206 1422
206 1426
206 1576
206 1882
206 2466
206 2527
206 2925
206 3026
206 3040
207 203
207 795
207 1511
207 2334
207 2404
207 2459
208 490
208 589
208 1311
208 1491
208 1518
208 1871
208 1936
208 2165
208 2526
208 2775
208 2845
208 3002
208 3617
208 3648
209 91
209 193
209 232
209 1317
209 1853
209 3478
209 3685
209 3860
210 809
210 1326
210 1783
210 2530
211 194
211 1052
211 1095
211 2081
211 2279
211 2294
211 2452
211 2488
211 2999
211 3017
211 3064
211 3129
211 3707
212 386
212 408
212 812
212 908
212 1218
212 1566
212 1825
212 2009
212 2741
212 2935
212 3104
212 3186
212 3234
213 126
213 427
213 512
213 622
213 655
213 853
213 1560
213 1771
213 2216
213 2674
213 3033
213 3072
213 3277
213 3813
214 728
214 3060
214 3295
214 3348
214 3410
214 3731
215 1292
215 1459
215 1532
215 2016
215 2399
215 2404
215 2760
216 68
216 344
216 837
216 1105
216 1308
216 2270
216 3178
216 3333
216 3603
217 167
217 359
217 831
217 864
217 890
217 955
217 1148
217 1503
217 2539
217 2665
217 2882
217 3087
217 3379
218 166
218 625
218 1367
218 1413
218 2167
218 3156
218 3820
219 561
219 581
219 671
219 1228
219 1296
219 1790
219 2325
219 3020
219 3276
219 3339
219 3561
219 3650
220 726
220 788
220 1453
220 1537
220 1616
220 2053
220 2289
220 2523
220 2738
220 3154
221 666
221 1256
221 1454
221 1662
221 2131
221 2227
221 2925
221 3425
221 3453
221 3713
221 3765
222 757
222 785
222 891
222 1200
222 1527
222 1737
222 2501
222 2533
222 2679
222 2837
222 2930
222 3010
222 3027
222 3072
222 3319
222 3669
222 3806
223 124
223 364
223 1467
223 1622
223 2296
223 2510
223 2576
223 2652
223 2820
223 3301
223 3562
223 3717
223 3839
224 48
224 435
224 1589
224 1715
224 2014
224 3211
224 3284
225 321
225 1435
225 2060
225 2672
225 2688
225 3182
225 3388
226 262
226 381
226 777
226 825
226 1197
226 1284
226 1604
226 2446
226 2766
226 3365
226 3473
226 3540
227 1048
227 1208
227 1292
227 1332
227 2177
227 2472
227 3050
227 3692
228 342
228 1244
228 1259
228 1333
228 1782
228 1822
228 2107
228 2419
228 2712
228 3017
228 3635
228 3684
228 3720
229 41
229 79
229 545
229 1115
229 1234
229 1335
229 1672
229 2178
229 2583
229 2828
229 3277
229 3442
229 3540
229 3673
229 3873
230 110
230 562
230 604
230 932
230 1171
230 1571
230 2229
230 2242
230 2322
230 3057
230 3344
230 3538
230 3566
230 3638
231 1149
231 1315
231 1326
231 1727
231 3200
231 3397
232 355
232 813
232 1472
232 1987
232 2325
232 2358
232 2739
232 3050
232 3370
232 3734
232 3846
233 195
233 491
233 1131
233 1180
233 1774
233 2617
233 2691
233 2899
233 2911
233 3388
233 3597
233 3856
234 813
234 958
234 1067
234 1074
234 1195
234 2097
234 2634
234 2805
234 2807
234 2872
234 3017
234 3655
234 3720
235 392
235 646
235 1068
235 1223
235 1228
235 1391
235 1392
235 1637
235 2225
235 2657
235 3027
235 3209
235 3748
236 415
236 1401
236 1407
236 1856
236 2131
236 2523
236 2758
236 2895
236 3532
236 3594
236 3857
237 49
237 170
237 551
237 2118
237 2276
237 3656
237 3681
237 3865
238 610
238 1038
238 1763
238 1857
238 1876
238 2900
238 3729
239 30
239 205
239 329
239 787
239 931
239 1273
239 1295
239 1310
239 3543
239 3708
240 386
240 517
240 878
240 932
240 1089
240 1588
240 1691
240 1785
240 3092
240 3709
240 3838
240 3887
240 3902
241 309
241 533
241 959
241 972
241 1112
241 1279
241 1741
241 2018
241 2822
241 2905
241 3073
241 3486
242 45
242 509
242 1017
242 1051
242 1115
242 1386
242 1711
242 1873
242 2263
242 2378
242 2734
242 2827
242 2894
242 3458
243 1674
243 2312
243 3546
244 1279
244 1289
244 1948
244 2066
244 3665
244 3722
245 821
245 1071
245 1138
245 1296
245 1490
245 1634
245 2270
245 2517
245 2938
246 1143
246 1229
246 1310
246 2558
246 2762
246 3336
246 3353
246 3548
247 253
247 540
247 590
247 689
247 783
247 1234
247 2021
247 2557
247 2763
247 3498
247 3841
247 3885
248 1245
248 2250
248 2654
248 2783
248 2987
249 677
249 766
249 1184
249 1242
249 2822
249 2977
249 3408
249 3540
249 3697
249 3738
250 490
250 689
250 1949
250 1968
250 1984
250 2266
250 2392
250 2570
250 2890
250 3275
250 3330
251 454
251 636
251 678
251 841
251 894
251 1382
251 1867
251 2233
251 2359
251 2469
251 2577
251 3142
251 3191
251 3502
252 586
252 724
252 752
252 897
252 1058
252 1447
252 1532
252 1762
252 2905
252 3888
253 217
253 389
253 998
253 2100
253 2613
253 2773
253 3012
253 3272
253 3400
254 1557
254 1608
254 2560
254 2882
254 3519
254 3730
254 3735
255 144
255 1337
255 1371
255 2293
255 2500
255 2690
255 3001
255 3130
256 776
256 1640
256 1745
256 1828
256 2398
256 3423
256 3494
256 3829
257 121
257 184
257 342
257 348
257 655
257 763
257 1455
257 1579
257 2034
257 2119
257 2175
257 2477
258 306
258 489
258 562
258 627
258 1777
258 2286
258 2396
258 3032
258 3040
258 3044
258 3089
258 3459
259 1320
259 1435
259 2026
259 2236
259 2382
259 2555
259 2690
259 2763
259 2982
259 3409
259 3487
259 3867
260 218
260 394
260 845
260 1080
260 1898
260 2586
260 3074
260 3345
260 3609
260 3896
261 521
261 1067
261 1379
261 1458
261 2605
261 3016
261 3029
261 3208
261 3345
261 3409
262 240
262 720
262 1359
262 1379
262 3477
262 3831
263 469
263 547
263 1014
263 1489
263 1687
263 2036
263 2184
263 2744
263 3213
263 3767
263 3793
264 280
264 615
264 672
264 1179
264 1505
264 1559
264 2443
264 3773
264 3886
265 334
265 695
265 825
265 1543
265 1558
265 1559
265 1650
265 1670
265 2235
265 2268
265 2600
265 3368
265 3725
265 3843
266 523
266 536
266 537
266 671
266 940
266 1633
266 2186
266 2288
266 2661
266 2849
266 3085
266 3353
266 3425
266 3745
267 169
267 183
267 414
267 672
267 1054
267 1192
267 1941
267 2240
267 2521
267 3107
267 3649
267 3820
268 77
268 1629
268 2009
268 2485
268 2535
268 2608
269 464
269 737
269 1111
269 1125
269 1791
269 2316
269 2474
269 2663
269 2775
269 2871
269 3010
269 3056
269 3212
269 3527
270 29
270 623
270 954
270 1070
270 1093
270 1877
270 2492
270 2670
270 3777
271 97
271 159
271 1100
271 1196
271 1474
271 1613
271 1850
271 2633
271 2661
271 3158
271 3502
271 3645
272 263
272 841
272 1254
272 1357
272 1703
272 1801
272 1904
272 2128
272 2363
272 2599
272 2777
272 2787
272 3279
272 3330
272 3566
273 122
273 1091
273 1121
273 1770
273 1802
273 2166
273 2305
273 2564
273 3105
273 3232
273 3238
273 3248
273 3416
273 3470
273 3852
274 1156
274 1429
274 2578
274 2687
274 2722
274 2930
274 3565
275 78
275 1114
275 1424
275 1710
275 2839
275 2955
275 3006
275 3138
275 3607
275 3634
276 1024
276 1292
276 1558
276 1840
276 2604
276 3027
276 3530
277 83
277 1973
277 1975
277 2131
277 2992
277 3253
277 3604
277 3866
278 84
278 1330
278 1492
278 1741
278 1976
278 1986
278 2228
278 2616
278 2741
278 2927
278 3239
278 3532
278 3588
279 82
279 431
279 922
279 973
279 1221
279 1377
279 2179
279 2398
279 2748
279 2989
279 3468
279 3827
279 3888
280 363
280 507
280 602
280 724
280 1224
280 1539
280 1872
280 2055
280 2086
280 2186
280 2742
280 3074
280 3721
280 3728
281 190
281 556
281 875
281 1356
281 1857
281 1879
281 2155
281 2202
281 2664
281 2806
281 3059
281 3328
281 3663
282 38
282 181
282 314
282 851
282 904
282 1555
282 2025
282 2418
282 2512
282 3053
282 3148
282 3358
282 3617
283 1984
283 3120
283 3317
284 953
284 1255
284 1284
284 1396
284 1698
284 1845
284 2164
284 2489
284 2520
284 2875
284 3143
284 3290
285 889
285 989
285 3178
285 3590
286 386
286 993
286 1001
286 1202
286 1416
286 1492
286 1648
286 2645
286 2779
286 3619
287 80
287 219
287 425
287 513
287 688
287 916
287 1196
287 1689
287 1963
287 2437
287 2448
287 2463
287 3887
287 3890
288 32
288 477
288 628
288 771
288 1084
288 1177
288 1208
288 1454
288 1455
288 1720
288 2493
288 2540
288 2737
288 2753
289 110
289 688
289 756
289 768
289 1407
289 1574
289 1669
289 1703
289 1874
289 2487
289 2546
289 2609
289 2672
289 3262
289 3522
289 3768
290 682
290 823
290 953
290 1017
290 1106
290 1202
290 1208
290 1353
290 1388
290 1617
290 1688
290 1872
290 2053
290 2291
290 2725
290 3272
290 3351
290 3635
290 3898
291 262
291 386
291 1583
291 2451
291 2613
291 3342
291 3512
291 3818
292 36
292 119
292 460
292 848
292 910
292 1253
292 1459
292 1723
292 2175
292 2511
292 3006
292 3267
292 3460
292 3717
292 3899
293 331
293 878
293 1906
293 3221
293 3850
294 1112
294 1687
294 2045
294 2062
294 2100
294 2473
294 2706
294 2848
294 3266
294 3370
294 3624
294 3901
295 152
295 557
295 902
295 1063
295 1496
295 1652
295 2314
295 2366
295 2611
295 2691
295 3126
295 3273
295 3292
296 368
296 1100
296 1223
296 1567
296 1608
296 1905
296 2663
296 3393
296 3858
297 397
297 605
297 953
297 1189
297 1381
297 1524
297 1754
298 885
298 2763
298 2831
298 2853
298 2888
298 2957
298 3168
298 3467
298 3812
299 508
299 703
299 1283
299 1641
299 1773
299 1774
299 1841
299 1923
299 3009
299 3204
300 84
300 835
300 977
300 1038
300 1127
300 1351
300 1852
300 2023
300 2592
300 2965
300 2990
300 3356
301 307
301 505
301 731
301 1470
301 1709
301 3143
301 3429
302 270
302 490
302 621
302 1650
302 3424
302 3537
302 3613
303 217
303 1393
303 2344
303 2530
303 2988
303 3088
303 3448
303 3587
303 3872
303 3877
304 61
304 625
304 752
304 879
304 1852
304 2252
304 3029
305 1240
305 1608
305 1729
305 1877
305 2753
305 3313
305 3783
306 179
306 782
306 1016
306 1326
306 1465
306 1485
306 1516
306 1861
306 2022
306 2073
306 2369
306 3253
306 3704
306 3755
307 1481
307 1484
307 1719
307 1945
307 2170
307 2212
307 2275
307 2529
307 3279
308 975
308 1084
308 1569
308 1611
308 1618
308 1958
308 2778
308 3056
308 3099
308 3180
308 3822
309 181
309 562
309 629
309 1026
309 1310
309 2066
309 2399
309 2598
309 2717
309 3004
309 3039
309 3091
309 3325
309 3499
309 3543
309 3699
309 3744
309 3773
310 350
310 416
310 726
310 1208
310 1238
310 1266
310 1309
310 1629
310 1981
310 2772
310 2850
310 3559
311 100
311 227
311 274
311 393
311 991
311 1652
311 1739
311 1968
311 1979
311 3493
311 3561
311 3596
311 3781
312 70
312 126
312 190
312 843
312 1618
312 1687
312 1736
312 1814
312 1829
312 2423
312 2476
312 2749
312 3500
312 3630
313 232
313 612
313 644
313 1149
313 1321
313 1601
313 2306
313 2313
313 2399
313 2823
314 368
314 1333
314 1408
314 1732
314 2576
314 2835
314 2937
314 3285
315 261
315 480
315 822
315 920
315 1880
315 2771
315 3017
315 3466
315 3495
315 3740
316 127
316 385
316 559
316 666
316 1423
316 1720
316 1753
316 2013
316 2787
316 3008
316 3131
316 3216
316 3269
317 143
317 347
317 2072
317 3220
317 3258
317 3672
318 604
318 883
318 1446
318 2179
318 2890
318 2971
318 3520
319 561
319 947
319 1318
319 2233
319 2277
319 2592
319 3131
319 3170
319 3224
319 3356
320 447
320 472
320 1380
320 1551
320 1591
320 1635
320 1929
320 2246
320 2737
320 3007
320 3242
320 3796
321 92
321 132
321 700
321 770
321 1744
321 2088
321 2309
321 3066
321 3222
321 3660
322 108
322 117
322 467
322 518
322 1006
322 1034
322 1506
322 1525
322 2104
322 2122
322 3150
322 3395
322 3453
322 3500
322 3845
323 372
323 642
323 746
323 933
323 973
323 1020
323 1812
323 2504
323 2794
323 2829
323 3096
323 3118
323 3131
323 3440
323 3863
324 263
324 637
324 2805
324 2828
324 3274
324 3325
325 1123
325 1683
325 1737
325 1947
325 2868
325 2930
325 3384
325 3831
325 3850
325 3894
326 273
326 547
326 558
326 799
326 2326
326 2510
326 2636
326 2728
326 3008
327 226
327 518
327 1353
327 1514
327 1777
327 2328
327 2817
327 2882
327 2976
327 3015
327 3401
328 255
328 578
328 1120
328 1187
328 2001
328 2962
328 3072
328 3176
329 347
329 363
329 2669
329 3464
330 59
330 146
330 263
330 777
330 1039
330 1138
330 1332
330 1445
330 1553
330 1777
330 1800
330 2923
330 3233
330 3844
331 86
331 295
331 460
331 1766
331 1831
331 2200
331 2267
331 2269
331 2783
331 3198
331 3495
332 252
332 600
332 780
332 1104
332 1747
332 2380
332 2808
332 3158
332 3259
332 3408
333 213
333 424
333 548
333 823
333 1427
333 1666
333 2203
333 2373
333 2541
334 1035
334 1470
334 1550
334 1816
334 1867
334 1997
334 2069
334 2327
334 2565
334 2994
335 93
335 659
335 1546
335 1958
335 3027
335 3179
335 3184
335 3362
336 939
336 2104
336 2446
336 2929
336 3563
336 3758
337 372
337 773
337 913
337 1033
337 1205
337 1327
337 1629
337 2123
337 2183
337 2405
337 2591
337 3789
338 1503
338 2060
338 3648
338 3843
339 33
339 773
339 1205
339 1214
339 1382
339 1794
339 1805
339 1875
339 2108
339 2146
339 2807
339 3027
339 3111
340 368
340 410
340 493
340 574
340 1482
340 1920
340 1963
340 2989
340 3042
340 3544
341 929
341 1134
341 1821
341 1835
341 2289
341 2339
341 2491
341 3433
341 3617
342 9
342 1197
342 1330
342 1582
342 1774
342 2446
342 2447
342 2896
342 2931
342 3143
342 3796
343 489
343 779
343 875
343 1963
343 2081
343 2516
343 3197
343 3442
343 3508
344 464
344 665
344 1084
344 1224
344 1481
344 1573
344 1928
344 2177
344 2419
344 2444
344 2461
344 3334
345 471
345 569
345 729
345 1046
345 1473
345 1694
345 1924
345 2605
345 3014
345 3252
345 3291
345 3557
346 958
346 1374
346 1392
346 2113
346 2416
346 3313
347 13
347 66
347 577
347 842
347 939
347 1517
347 2345
347 2483
347 2771
347 3100
347 3393
347 3586
347 3728
348 119
348 871
348 2211
348 2447
348 2538
348 2674
348 3148
349 1127
349 1518
349 1989
349 2338
349 2524
349 2547
349 2589
349 2854
349 3161
349 3191
349 3492
350 1597
350 1721
350 1751
350 2123
350 2173
350 2407
350 2812
350 3519
350 3639
350 3654
350 3774
351 70
351 276
351 288
351 499
351 818
351 2295
351 2477
351 2955
351 3149
352 317
352 551
352 721
352 803
352 1375
352 2088
352 2127
352 2128
352 2438
352 2835
352 3369
352 3419
352 3534
352 3778
353 1058
353 1842
353 2549
353 2951
353 2953
353 3049
353 3476
353 3814
354 25
354 81
354 532
354 1036
354 1274
354 1278
354 1533
354 1625
354 1938
354 2211
354 3204
354 3498
354 3558
354 3634
354 3637
354 3872
355 222
355 253
355 1449
355 1752
355 1808
355 2113
355 2135
355 2348
355 2402
355 3099
355 3109
355 3355
355 3604
355 3799
355 3833
355 3891
356 217
356 697
356 814
356 1501
356 1685
356 1707
356 1948
356 2175
356 2477
356 2568
356 3197
356 3328
357 204
357 1701
357 1717
357 1859
357 1978
357 2006
357 3058
357 3200
357 3695
358 62
358 159
358 487
358 538
358 659
358 1513
358 1687
358 2076
358 2299
358 2307
358 2793
358 3213
358 3217
358 3693
358 3719
358 3728
359 78
359 890
359 1160
359 1291
359 2718
359 3082
359 3428
360 290
360 552
360 1389
360 1606
360 1848
360 2148
360 2153
360 2223
360 2282
360 2919
360 3247
361 1
361 115
361 139
361 297
361 1300
361 1571
361 2434
361 2500
361 2592
361 2825
361 3052
361 3059
362 427
362 788
362 792
362 900
362 1065
362 1144
362 1315
362 1437
362 1666
362 1731
362 1890
362 2442
362 2799
362 2843
362 3705
362 3834
363 425
363 466
363 843
363 951
363 1134
363 1159
363 1499
363 1802
363 1883
363 2063
363 2096
363 3036
363 3233
363 3558
363 3663
363 3709
364 4
364 79
364 150
364 188
364 722
364 2167
364 2678
364 3070
364 3189
364 3368
365 1670
365 1918
365 1962
365 2212
365 2318
365 2336
365 3060
365 3305
365 3328
365 3578
366 1698
366 1809
366 2987
367 370
367 616
367 692
367 2192
367 3148
367 3293
367 3743
368 11
368 235
368 391
368 724
368 1310
368 1312
368 1619
368 2003
368 2235
368 2516
368 2735
368 2755
368 3396
369 185
369 1107
369 1606
369 2312
369 2489
369 3131
369 3411
370 193
370 315
370 332
370 488
370 538
370 1124
370 1292
370 1938
370 3038
370 3258
370 3496
370 3827
371 238
371 1037
371 1598
371 3013
371 3080
371 3753
372 546
372 796
372 1065
372 1078
372 1584
372 1945
372 1967
372 2156
372 2408
372 2451
372 2491
372 2777
372 3350
372 3373
372 3396
372 3399
372 3592
373 410
373 529
373 1164
373 1514
373 1533
373 2040
373 2155
373 2428
373 2601
373 3681
373 3783
374 1270
374 2535
374 2646
374 2838
374 2859
374 3116
374 3176
374 3269
374 3345
375 424
375 1197
375 1530
375 2287
375 3039
376 160
376 192
376 338
376 477
376 679
376 875
376 1424
376 1628
376 2194
376 3087
376 3418
377 23
377 606
377 770
377 831
377 2540
377 2560
377 3173
377 3343
378 244
378 611
378 691
378 1148
378 1803
378 2281
378 2316
378 2464
378 2889
378 3025
378 3077
378 3395
378 3703
379 570
379 988
379 1106
379 1135
379 1152
379 2240
379 3194
380 3
380 191
380 408
380 537
380 625
380 2088
380 2209
380 2997
381 102
381 182
381 1218
381 1605
381 1644
381 1933
381 3387
381 3488
381 3549
381 3886
382 519
382 575
382 988
382 2368
382 2652
382 3028
382 3081
383 236
383 1532
383 1962
383 3731
383 3846
384 360
384 856
384 1719
384 2002
384 2085
384 2719
384 3049
384 3342
385 135
385 892
385 904
385 950
385 970
385 2522
385 2704
385 2823
385 3682
386 559
386 646
386 1057
386 1542
386 1584
386 1795
386 2141
386 2155
386 2500
386 2821
386 2823
386 3186
387 508
387 513
387 1958
387 2493
387 2987
387 3126
387 3168
387 3353
387 3497
388 13
388 585
388 696
388 825
388 1609
388 2334
388 2643
388 2828
388 3111
388 3343
388 3744
388 3821
389 275
389 312
389 557
389 927
389 1671
389 1776
389 1847
389 2917
389 3132
389 3302
389 3432
389 3654
389 3819
390 258
390 277
390 456
390 701
390 1163
390 1537
390 1885
390 1919
390 2199
390 2243
390 3050
391 524
391 575
391 657
391 1389
391 2003
391 2501
391 2887
391 3356
391 3846
392 80
392 379
392 615
392 1486
392 1530
392 1607
392 1748
392 2549
392 2792
392 2794
392 3338
393 166
393 231
393 455
393 1309
393 1534
393 1545
393 2279
393 2424
393 3129
393 3595
394 255
394 1174
394 1495
394 1582
394 2361
394 2457
394 2853
394 3664
394 3852
395 107
395 246
395 288
395 449
395 802
395 923
395 1452
395 1839
395 1842
395 2040
395 2131
395 2924
395 3225
395 3447
396 159
396 1832
396 2183
396 2878
396 2948
396 3329
396 3443
396 3642
396 3728
397 113
397 170
397 370
397 951
397 1430
397 1614
397 2056
397 2073
397 2191
397 2643
397 3242
397 3506
398 372
398 514
398 1358
398 1513
398 1905
398 2470
398 2708
399 173
399 240
399 437
399 755
399 1102
399 1377
399 1898
399 1939
399 2408
399 2445
399 2680
399 2757
399 2837
400 582
400 1809
400 1974
400 2128
400 2712
400 2993
400 3446
400 3521
401 196
401 405
401 545
401 594
401 605
401 904
401 951
401 2084
401 2439
401 2959
402 171
402 361
402 394
402 936
402 999
402 1316
402 2785
402 2835
402 3076
402 3141
402 3550
403 558
403 1119
403 1615
403 2676
403 2957
403 3741
403 3754
404 708
404 1032
404 1124
404 2292
404 2391
404 2435
404 2513
404 2581
404 3604
405 179
405 693
405 2085
405 2675
405 3707
406 68
406 91
406 635
406 920
406 1010
406 1247
406 1624
406 1874
406 2030
406 2048
406 2123
406 2389
406 2518
406 2652
406 3262
406 3489
406 3544
406 3617
406 3879
407 65
407 414
407 648
407 723
407 1456
407 1756
407 2056
407 2435
407 3588
407 3687
407 3869
408 547
408 721
408 1215
408 2325
408 2827
408 2867
408 2963
408 3481
408 3569
408 3642
408 3657
409 239
409 833
409 1120
409 1232
409 1383
409 1633
409 1672
409 1726
409 1792
409 2286
409 2306
409 2524
409 3128
409 3168
409 3295
409 3314
409 3406
409 3627
410 476
410 508
410 940
410 1091
410 1323
410 1844
410 2471
410 2532
410 2780
410 2887
410 3199
410 3272
410 3902
411 523
411 616
411 1030
411 1528
411 1582
411 1773
411 1928
411 2008
411 2532
411 3663
412 1225
412 1680
412 2056
412 2398
412 2765
412 2914
412 3318
412 3423
412 3770
413 298
413 1500
413 2810
413 3666
414 2144
414 2497
414 2570
414 3096
415 626
415 831
415 957
415 1122
415 1330
415 2108
415 2388
415 2407
415 2824
415 2826
415 2891
415 3391
415 3606
415 3750
416 1073
416 1527
416 1563
416 2247
416 2482
416 2660
416 2999
416 3525
417 126
417 359
417 923
417 1741
417 1985
417 2007
417 2724
417 2846
417 3127
417 3466
417 3688
418 410
418 438
418 979
418 1205
418 1396
418 2103
418 2180
418 2747
418 3846
419 263
419 557
419 831
419 1061
419 1087
419 1442
419 2010
419 2232
419 2919
419 2941
419 3276
419 3325
419 3334
419 3353
419 3516
419 3635
420 1094
420 1242
420 1986
420 2690
420 3475
421 31
421 841
421 1544
421 1948
421 2290
421 2484
421 2775
421 2919
421 3711
421 3725
422 65
422 475
422 512
422 899
422 1636
422 2556
422 2718
422 2756
422 2766
422 3164
422 3656
423 76
423 94
423 463
423 672
423 1175
423 1411
423 1519
423 1791
423 2263
423 2510
423 2565
423 3036
423 3297
423 3456
424 95
424 276
424 1302
424 1393
424 1601
424 1660
424 1755
424 2354
424 2455
424 2722
424 2870
425 698
425 1333
425 1564
425 1992
425 2318
425 3671
425 3705
426 428
426 583
426 1453
426 1483
426 2025
426 2274
426 2660
426 3502
427 59
427 284
427 763
427 765
427 912
427 1165
427 1675
427 2077
427 2087
427 2970
427 3429
427 3523
427 3531
427 3857
428 11
428 179
428 1325
428 1583
428 1894
428 2204
428 2416
428 2858
428 3763
428 3766
429 529
429 619
429 734
429 1677
429 1895
429 2852
429 2975
429 3020
429 3108
429 3121
429 3897
430 58
430 479
430 559
430 830
430 879
430 903
430 2207
430 2428
430 2560
430 2700
430 3651
430 3678
431 873
431 1408
431 1725
431 2097
431 2258
431 2436
431 2678
431 2765
431 3272
431 3363
431 3628
432 221
432 736
432 1311
432 1450
432 1534
432 2003
432 2492
432 3086
433 558
433 757
433 996
433 1572
433 1597
433 2504
433 2719
433 3400
433 3423
433 3424
434 65
434 1904
434 1967
434 2680
434 2808
434 2844
434 3724
434 3888
435 490
435 524
435 769
435 1016
435 1195
435 1615
435 2188
435 2401
435 2436
435 2721
435 3142
435 3303
435 3647
435 3847
436 151
436 431
436 468
436 1089
436 1619
436 1656
436 2039
436 2252
436 2667
436 2765
436 2883
436 3896
437 616
437 688
437 709
437 1094
437 1289
437 1562
437 1668
437 1681
437 2039
437 2302
437 2393
437 2575
437 2664
437 3783
438 445
438 692
438 753
438 992
438 1283
438 1547
438 1776
438 1941
438 2831
438 3100
438 3298
438 3575
438 3715
439 833
439 924
439 1237
439 1708
439 2073
439 2502
439 3721
439 3815
440 1655
440 1758
440 2066
440 2438
440 2854
440 3397
441 296
441 347
441 881
441 1552
441 2109
442 177
442 268
442 283
442 412
442 556
442 1285
442 1420
442 1440
442 1476
442 1496
442 2558
442 2909
442 3449
443 479
443 1385
443 2056
443 2765
443 3082
443 3211
443 3490
443 3840
444 697
444 700
444 892
444 1256
444 1536
444 1568
444 1622
444 1669
444 1708
444 2791
444 3430
445 424
445 553
445 1719
445 1783
445 2307
445 3258
446 697
446 710
446 986
446 1210
446 1310
446 1493
446 1667
446 1789
446 2706
446 3030
446 3108
446 3601
446 3756
447 153
447 560
447 926
447 1286
447 1502
447 1761
447 1781
447 1792
447 2110
447 2556
447 3529
447 3740
448 316
448 385
448 526
448 566
448 745
448 1029
448 1053
448 1406
448 1491
448 1744
448 1932
448 2005
448 2797
448 3161
449 5
449 149
449 169
449 1337
449 1930
449 3426
450 151
450 310
450 646
450 668
450 770
450 1076
450 2135
450 3440
451 399
451 1605
451 2447
451 2493
451 2836
451 3339
451 3767
452 350
452 559
452 1256
452 1455
452 2098
452 2798
452 2809
452 2830
452 3163
453 207
453 338
453 731
453 757
453 1201
453 1441
453 1534
453 1928
453 1999
453 2222
453 2725
453 2969
454 14
454 304
454 619
454 630
454 1214
454 1639
454 2992
454 3265
454 3289
454 3436
454 3606
455 501
455 637
455 972
455 1419
455 2085
455 2312
455 3399
456 55
456 73
456 117
456 300
456 458
456 541
456 791
456 879
456 1059
456 1102
456 1103
456 1235
456 1434
456 1632
456 1634
456 1848
456 2256
456 2457
456 2458
456 2720
456 2899
456 2955
456 3387
456 3589
456 3619
457 16
457 119
457 234
457 438
457 566
457 579
457 1238
457 1625
457 1733
457 2163
457 2511
458 333
458 1000
458 1375
458 1655
458 1908
458 2374
458 3566
459 57
459 276
459 300
459 1371
459 1677
459 1937
459 2544
459 2734
459 3093
459 3289
459 3437
459 3464
459 3703
459 3805
460 328
460 595
460 2528
460 2890
460 3089
460 3245
461 581
461 2319
461 2730
461 2831
461 2906
461 3021
461 3738
462 331
462 494
462 1203
462 1266
462 1440
462 1624
462 3156
462 3780
463 231
463 408
463 462
463 2093
463 2242
463 2436
463 2471
464 425
464 1187
464 1425
464 1634
464 2995
464 3129
464 3573
464 3640
465 553
465 639
465 1611
465 1766
465 2140
465 2153
465 2677
465 2793
465 2841
465 3247
465 3377
465 3467
465 3643
466 386
466 1094
466 1360
466 1653
466 1812
466 2180
466 2973
466 3373
466 3454
466 3506
466 3677
467 209
467 339
467 381
467 508
467 1289
467 2026
467 2118
467 2809
468 192
468 205
468 1021
468 1368
468 1443
468 1449
468 2544
468 2615
468 2916
468 3274
468 3472
469 198
469 314
469 323
469 361
469 462
469 793
469 869
469 892
469 1813
469 1913
469 2595
469 2873
469 2986
469 2999
469 3364
469 3398
469 3606
469 3607
470 340
470 585
470 668
470 830
470 1217
470 1446
470 1672
470 1765
470 1935
470 2779
470 3504
470 3515
471 156
471 746
471 783
471 1607
471 1768
471 2149
471 2634
471 2718
471 2831
471 3057
471 3129
471 3689
471 3757
471 3794
472 156
472 163
472 256
472 261
472 366
472 1022
472 1141
472 1450
472 2563
472 2590
472 2792
472 3022
472 3873
473 646
473 1209
473 2064
473 2098
473 2818
473 3258
473 3338
473 3563
473 3638
474 27
474 426
474 1371
474 1503
474 2920
474 2977
474 2980
474 3355
474 3360
474 3381
474 3630
475 256
475 365
475 916
475 1494
475 2571
475 2607
475 2850
475 2851
476 130
476 1307
476 1408
476 1571
476 1970
476 2520
476 2586
476 2675
476 2811
476 2903
476 2934
476 3200
476 3225
476 3462
476 3507
476 3550
477 36
477 916
477 934
477 1779
477 2198
477 2307
477 2435
477 2752
477 3257
477 3267
477 3544
477 3617
478 128
478 430
478 1580
478 1905
478 1984
478 2072
478 2274
478 2341
478 2534
478 2592
478 3179
478 3505
478 3763
479 616
479 2752
479 3398
479 3673
480 215
480 276
480 420
480 2165
480 2567
480 2697
480 2852
480 2855
480 3380
480 3525
480 3582
481 352
481 376
481 402
481 1266
481 1393
481 1750
481 1921
481 1935
481 2103
481 2264
481 2725
481 3275
481 3462
482 897
482 1589
482 2404
482 2433
482 2738
482 3136
482 3440
482 3872
483 1219
483 1669
483 2225
483 2243
483 2246
483 2399
483 2447
483 2795
483 2818
483 3027
483 3091
483 3346
483 3806
484 155
484 519
484 550
484 989
484 1039
484 1453
484 1879
484 2062
484 2189
484 2659
484 2846
484 3213
484 3465
484 3543
485 199
485 1079
485 1157
485 1609
485 1801
485 1971
485 2136
485 2354
485 2868
485 2901
485 3460
485 3556
486 46
486 148
486 1097
486 1345
486 2194
486 2323
486 2359
486 2620
486 3005
486 3608
487 1126
487 1385
487 2175
487 2852
487 3115
487 3425
488 278
488 362
488 627
488 850
488 1256
488 1390
488 1926
488 1960
488 2128
488 2451
488 2771
488 2922
488 2966
488 3057
489 217
489 230
489 1032
489 1803
489 2051
489 2105
489 2258
489 2589
489 2819
489 3362
489 3416
489 3575
490 316
490 942
490 1342
490 1634
490 1668
490 2165
490 2742
490 3327
491 218
491 683
491 1248
491 2483
491 2602
491 3666
491 3853
492 255
492 488
492 530
492 555
492 852
492 1509
492 1809
492 1998
492 2320
492 2400
492 2559
492 2776
492 2905
492 2950
492 2995
492 3799
493 163
493 609
493 1222
493 2078
493 2226
493 3118
493 3652
494 1155
494 1199
494 1346
494 1699
494 2785
494 2805
494 2868
494 3005
494 3022
494 3225
494 3875
495 777
495 1699
495 2124
495 2467
495 2556
495 3385
495 3427
495 3623
495 3738
496 22
496 166
496 633
496 714
496 1175
496 2000
496 2076
496 2348
496 2577
496 3066
496 3340
496 3578
496 3587
497 208
497 242
497 722
497 913
497 968
497 1262
497 1295
497 1366
497 2223
497 2267
497 2991
497 3254
497 3764
498 99
498 240
498 385
498 652
498 683
498 711
498 1190
498 1265
498 1786
498 2717
498 3143
498 3427
498 3656
499 722
499 821
499 835
499 1104
499 1322
499 1897
499 1974
499 2115
499 3576
500 27
500 1047
500 1191
500 1278
500 1928
500 2491
500 2603
500 2927
500 3592
501 41
501 86
501 105
501 430
501 458
501 747
501 1398
501 1967
501 2135
502 23
502 678
502 788
502 1827
502 2412
502 2524
502 3008
502 3833
503 54
503 1567
503 1709
503 2752
503 3094
503 3362
504 233
504 656
504 1792
504 1863
504 2014
504 3165
504 3449
504 3606
504 3809
505 117
505 179
505 1231
505 1365
505 1675
505 1835
505 2844
505 3102
505 3600
506 82
506 283
506 1327
506 2804
506 3252
507 167
507 185
507 524
507 706
507 945
507 1646
507 2253
507 2839
507 2883
508 42
508 412
508 565
508 724
508 1308
508 1654
508 1822
508 1850
508 2855
508 2910
508 3312
508 3565
509 231
509 919
509 1431
509 1506
509 2222
509 2547
509 2794
510 3
510 215
510 253
510 258
510 414
510 775
510 798
510 885
510 1452
510 1455
510 2529
510 2835
510 2959
510 3020
510 3308
510 3559
511 558
511 586
511 918
511 1162
511 1167
511 1706
511 1715
511 2173
511 2317
511 3181
512 489
512 848
512 956
512 962
512 2571
512 2694
512 2763
512 3487
512 3544
512 3615
513 494
513 711
513 1302
513 1765
513 2270
513 2466
513 3379
513 3591
514 603
514 762
514 1451
514 2050
514 2386
514 2428
514 2612
514 2937
514 3031
515 295
515 766
515 1014
515 2250
515 2389
515 2486
515 3069
515 3210
515 3486
515 3499
516 614
516 717
516 768
516 1032
516 1509
516 1552
516 1701
516 2046
516 2692
516 3568
517 352
517 737
517 747
517 1602
517 1695
517 1728
517 2206
517 2749
518 192
518 426
518 535
518 1133
518 1135
518 1685
518 1834
518 2678
518 2729
518 3372
518 3455
518 3889
519 320
519 848
519 949
519 1057
519 1134
519 1215
519 1217
519 1530
519 1680
519 1732
519 2681
519 3033
519 3627
519 3637
519 3821
520 617
520 708
520 821
520 923
520 1094
520 3119
520 3233
520 3256
520 3530
521 5
521 464
521 669
521 679
521 738
521 925
521 968
521 1092
521 1316
521 1729
521 1801
521 1823
521 1878
521 2141
521 2531
521 2550
521 3663
522 240
522 386
522 677
522 939
522 1062
522 2058
522 2372
522 2938
522 3581
522 3727
522 3732
523 187
523 205
523 621
523 867
523 1875
523 2064
523 2090
523 2149
523 2303
523 2338
523 2537
523 2565
523 2604
523 2664
523 2978
523 3387
524 720
524 1048
524 1397
524 1774
524 2019
524 2564
524 2703
524 2776
524 2804
524 2810
524 2846
524 2904
524 3099
524 3286
524 3491
524 3618
525 54
525 305
525 638
525 706
525 2038
525 2135
526 103
526 393
526 684
526 1387
526 1422
526 1475
526 1913
526 1944
526 2022
526 2253
526 2536
526 2905
526 2972
526 3161
526 3502
527 277
527 285
527 320
527 537
527 688
527 1178
527 1341
527 1452
527 1577
527 1854
527 2003
527 2128
527 2227
527 2539
527 2905
527 2909
527 2936
528 296
528 583
528 800
528 2518
528 2652
528 2663
528 3359
528 3387
528 3793
528 3796
529 378
529 663
529 1018
529 1598
529 1622
529 1714
529 3472
530 382
530 440
530 491
530 1632
530 2195
530 3744
531 395
531 1246
531 1445
531 1650
531 1786
531 1919
531 2502
531 2550
531 2565
531 2572
531 2909
531 3104
531 3189
531 3269
531 3333
531 3850
532 103
532 162
532 589
532 754
532 926
532 1036
532 1077
532 1143
532 1347
532 1349
532 1986
532 2381
532 2771
532 2804
532 3142
532 3399
532 3602
533 377
533 395
533 1089
533 1640
533 2252
533 2869
533 3084
533 3781
534 38
534 148
534 367
534 826
534 857
534 1100
534 1622
534 1655
534 2101
534 3635
535 44
535 100
535 579
535 603
535 2046
535 2170
535 2933
535 2958
535 2987
535 3062
535 3898
536 597
536 1468
536 1579
536 1996
536 2084
536 2118
536 2229
536 2311
536 2317
536 2825
536 2992
537 31
537 638
537 984
537 1310
537 1702
537 1946
537 2126
537 2785
537 3072
537 3125
537 3233
537 3659
537 3811
537 3842
538 494
538 511
538 715
538 938
538 1476
538 1614
538 1720
538 2008
538 2086
538 2474
538 2524
538 3172
538 3491
538 3665
538 3709
539 160
539 300
539 652
539 814
539 1585
539 1609
539 1612
539 1911
539 3006
539 3080
539 3551
539 3854
540 188
540 1699
540 2935
540 3057
541 605
541 1034
541 1496
541 2012
541 2054
541 2413
541 2956
541 3023
542 4
542 102
542 300
542 633
542 803
542 1104
542 2371
542 2398
542 3253
543 631
543 916
543 1149
543 1593
543 1635
543 2651
543 3010
543 3443
543 3522
543 3566
543 3572
544 32
544 130
544 206
544 291
544 352
544 435
544 577
544 605
544 1839
544 1929
544 1988
544 2279
544 2302
544 2340
544 2371
544 2808
544 3397
544 3572
544 3829
545 107
545 302
545 389
545 619
545 1113
545 2025
545 2298
545 3191
546 1373
546 3201
546 3469
546 3769
547 666
547 1530
547 1634
547 1773
547 2045
547 2185
547 3838
548 1336
548 1343
548 1501
548 1570
548 1919
548 2135
548 3005
548 3243
548 3298
548 3603
549 943
549 1227
549 1303
549 1723
549 1727
549 2068
549 2648
549 2671
549 2970
549 3062
549 3081
549 3318
549 3551
549 3655
549 3807
550 690
550 1429
550 2217
550 3419
550 3442
551 417
551 423
551 684
551 840
551 882
551 1472
551 1747
551 1808
551 2565
551 2742
551 2890
551 3351
551 3525
551 3880
552 311
552 842
552 914
552 957
552 1821
552 1957
552 2352
552 2710
552 2984
552 3003
552 3176
552 3450
552 3571
552 3641
553 262
553 858
553 1531
553 2398
553 2456
553 2545
553 2614
553 2626
553 3470
553 3598
553 3802
554 70
554 506
554 1388
554 1531
554 2576
554 2866
554 3763
555 121
555 835
555 1276
555 1307
555 1641
555 2056
555 3253
555 3621
555 3647
555 3669
555 3895
555 3899
556 42
556 1679
556 1776
556 2590
556 2797
556 3739
557 363
557 597
557 627
557 1108
557 1905
557 2952
557 3889
558 47
558 587
558 1100
558 3300
558 3438
559 41
559 148
559 228
559 565
559 995
559 1642
559 1686
559 3277
559 3368
559 3464
560 305
560 505
560 1054
560 1150
560 1264
560 1297
560 1315
560 1328
560 1674
560 1966
560 2311
560 2754
560 3896
561 427
561 473
561 546
561 634
561 707
561 1092
561 1529
561 1982
561 1992
561 2063
561 2405
561 2425
561 3185
561 3633
561 3643
562 107
562 301
562 1294
562 3425
562 3761
562 3821
563 116
563 267
563 347
563 602
563 755
563 2043
563 2067
563 2275
563 2299
563 2400
563 3078
563 3646
563 3790
563 3883
564 23
564 700
564 1025
564 1583
564 1607
564 2584
564 2983
564 3077
564 3705
565 296
565 412
565 598
565 726
565 839
565 1058
565 1513
565 2036
565 2053
565 2437
565 2501
565 2774
565 3043
565 3512
565 3522
565 3724
565 3890
566 91
566 166
566 259
566 969
566 1123
566 2195
566 2330
566 2636
566 3010
567 434
567 853
567 921
567 2004
567 2088
567 2147
567 2563
567 3253
567 3490
567 3746
567 3899
568 235
568 823
568 1889
568 2623
568 2693
569 45
569 649
569 1098
569 1237
569 1254
569 1584
569 1621
569 1808
569 2203
569 2467
569 2972
569 3368
569 3416
569 3794
570 492
570 735
570 1314
570 1351
570 1561
570 2068
570 2608
570 2801
570 2969
570 3040
570 3279
570 3646
570 3792
570 3803
570 3898
571 549
571 612
571 738
571 888
571 918
571 997
571 1096
571 1556
571 1804
571 2003
571 2022
571 2684
571 2738
571 3063
572 39
572 512
572 563
572 1879
572 2219
572 2351
572 2563
572 2832
572 2857
572 3029
572 3591
572 3859
572 3896
573 50
573 1030
573 1074
573 1527
573 1745
573 1989
573 2549
573 2880
573 3261
573 3471
573 3497
573 3748
574 538
574 746
574 799
574 901
574 2941
574 3610
574 3619
574 3640
574 3678
574 3721
575 161
575 414
575 1926
575 2039
575 2104
576 581
576 1049
576 1253
576 2145
576 2406
576 2430
576 2557
576 2954
576 3581
576 3647
576 3720
577 100
577 402
577 864
577 1139
577 1561
577 1810
577 2391
577 2812
577 3108
577 3309
578 567
578 606
578 934
578 1005
578 1007
578 1043
578 1171
578 1289
578 1424
578 1675
578 1814
578 3087
578 3174
578 3344
578 3443
579 11
579 392
579 399
579 1935
579 2696
579 2912
579 3018
579 3803
580 102
580 160
580 733
580 1152
580 1227
580 1278
580 1311
580 1622
580 1993
580 2093
580 2282
580 2568
580 2979
580 3183
580 3445
581 881
581 1378
581 1606
581 1612
581 1870
581 2301
581 2730
581 2735
581 2753
581 3306
581 3474
582 153
582 747
582 1261
582 1898
582 2163
582 2240
582 3237
583 173
583 815
583 1239
583 1545
583 2884
583 3028
583 3219
583 3406
584 131
584 1092
584 1202
584 1252
584 1768
584 2223
584 2429
584 3087
585 88
585 246
585 2716
585 2730
585 2768
585 2937
585 3000
585 3135
585 3766
586 132
586 257
586 2643
586 3012
586 3221
586 3776
587 322
587 1363
587 1404
587 1814
587 2116
587 2712
587 3535
588 72
588 124
588 193
588 433
588 622
588 695
588 761
588 1005
588 1091
588 3241
589 69
589 576
589 746
589 1422
589 2021
589 2484
589 2915
590 592
590 1033
590 1173
590 1251
590 1715
590 2163
590 2170
590 3309
590 3704
590 3757
591 509
591 724
591 944
591 1300
591 2334
591 2647
591 3306
591 3888
592 18
592 391
592 1357
592 1454
592 1464
592 1975
592 2387
592 2483
592 2700
592 2708
592 2798
592 3136
592 3283
592 3373
592 3748
592 3808
593 244
593 318
593 820
593 1127
593 1863
593 1865
593 2854
593 2855
593 3099
593 3508
594 191
594 962
594 1070
594 1321
594 1874
594 2754
594 3044
594 3113
594 3137
594 3661
594 3862
595 620
595 692
595 865
595 1676
595 1733
595 2070
595 2188
595 3150
595 3523
595 3538
595 3900
596 111
596 279
596 393
596 594
596 783
596 823
596 839
596 1183
596 1295
596 1335
596 1404
596 1480
596 1677
596 2184
596 2503
596 3117
596 3824
597 948
597 1024
597 1037
597 1090
597 1134
597 1657
597 2544
597 3054
597 3148
598 230
598 681
598 1808
598 2435
598 2521
598 2724
598 2742
598 3612
598 3616
598 3703
599 621
599 921
599 2074
599 2225
599 2246
599 2413
599 3449
599 3591
599 3666
600 413
600 1070
600 1113
600 1287
600 1383
600 1543
600 1598
600 1866
600 1935
600 2105
600 2792
600 2878
600 3366
600 3409
600 3628
600 3766
601 509
601 786
601 857
601 1009
601 1131
601 3066
601 3366
601 3387
601 3889
602 87
602 280
602 890
602 1075
602 3081
602 3413
603 348
603 845
603 3446
604 68
604 663
604 774
604 899
604 2016
604 3025
604 3073
604 3871
605 518
605 1990
605 3637
606 27
606 609
606 625
606 710
606 917
606 1131
606 1928
606 2025
606 3183
606 3214
607 29
607 89
607 193
607 253
607 582
607 765
607 1640
607 3057
607 3190
608 7
608 265
608 342
608 763
608 844
608 848
608 878
608 1008
608 1017
608 1473
608 1707
608 1819
608 2174
608 2586
608 2628
608 3100
608 3400
608 3503
608 3561
608 3687
609 111
609 1132
609 2646
609 2709
609 3055
609 3175
609 3202
609 3267
609 3460
609 3695
609 3761
609 3783
610 135
610 2109
610 3539
610 3585
611 518
611 656
611 686
611 1081
611 1564
611 1582
611 1796
611 1966
611 2118
611 2980
611 3032
611 3880
612 752
612 1108
612 1821
612 1829
612 2038
612 2606
612 2615
612 3123
612 3146
612 3305
612 3367
612 3472
613 103
613 364
613 555
613 576
613 1225
613 1465
613 1753
613 2373
613 2568
613 2786
613 3786
614 440
614 663
614 672
614 1321
614 1410
614 1494
614 1526
614 2068
614 2220
614 2361
614 2626
614 3277
614 3507
614 3735
614 3854
615 481
615 508
615 1385
615 1412
615 1630
615 1786
615 2029
615 2179
615 3387
615 3609
616 37
616 854
616 1736
616 1828
616 1905
616 1969
616 1994
616 2051
616 3361
617 259
617 309
617 464
617 616
617 808
617 1416
617 1450
617 1612
617 1663
617 1846
617 2113
617 2603
617 2631
617 2702
617 3299
617 3368
617 3633
618 227
618 246
618 392
618 420
618 605
618 950
618 1104
618 1329
618 1484
618 1709
618 1980
618 2177
618 2641
618 2774
618 2883
618 3281
618 3339
618 3372
618 3455
618 3626
618 3902
619 74
619 329
619 367
619 866
619 1511
619 2010
619 2484
619 2525
619 2982
619 3544
619 3553
620 1104
620 1680
620 2432
620 2631
620 2897
620 3085
620 3203
620 3215
620 3265
620 3424
620 3492
620 3572
620 3851
621 30
621 42
621 112
621 597
621 1024
621 1690
621 1839
621 1861
621 2129
621 2181
621 2765
621 2863
621 3075
622 415
622 539
622 1133
622 1668
622 2075
622 2170
622 2321
622 2497
622 2855
622 3750
623 496
623 583
623 727
623 1109
623 1157
623 1631
623 1658
623 1766
623 2072
623 2083
623 2647
623 2795
623 3149
623 3354
623 3396
623 3604
623 3734
624 21
624 112
624 217
624 469
624 734
624 849
624 1041
624 1442
624 1855
624 2136
624 2739
624 2765
624 2846
624 3103
624 3893

