3617 7521 327
1 1
3 4347
6 376
38 4400
48 5843
75 6178
99 1265
101 2296
102 402
129 6189
131 4227
134 4108
161 2953
167 5864
191 7396
202 5053
220 2936
222 2711
224 825
225 6980
230 6210
232 4181
250 4525
268 567
371 3367
375 6143
376 3857
380 3624
381 6748
395 6473
413 5495
430 434
466 1989
468 2762
485 615
507 2757
538 6752
539 2084
541 1197
543 677
580 1538
592 1048
595 346
596 6490
627 5134
631 6332
643 1734
645 3382
647 1891
652 3530
653 5240
656 4347
659 7241
671 6358
691 4955
703 4366
714 4872
714 5542
720 4274
744 5
754 1713
756 4211
769 5516
770 755
778 4310
785 1993
786 3284
808 3814
818 2122
820 1166
826 6692
827 6728
830 5889
850 184
853 4648
862 3798
879 5824
881 1311
889 81
915 450
918 5306
922 2940
924 4417
928 2962
943 450
958 2179
995 1670
995 2007
1000 2090
1008 4750
1018 6744
1020 5714
1032 7360
1045 6019
1046 2703
1066 5121
1071 6211
1080 4424
1091 6196
1147 6176
1156 6293
1158 2426
1163 2297
1171 4133
1189 2337
1193 1735
1198 1226
1203 2479
1203 4226
1208 1230
1211 4326
1219 2094
1242 2262
1276 5355
1283 1916
1284 4915
1333 6361
1361 1838
1365 6918
1373 848
1378 1264
1391 5629
1395 845
1404 1963
1405 793
1409 2154
1410 588
1414 815
1467 7274
1472 3788
1485 200
1504 4157
1522 3965
1527 94
1543 4309
1546 1552
1551 2587
1569 2465
1570 1200
1574 1260
1576 7479
1601 2476
1606 3485
1614 7314
1629 5353
1630 2188
1633 3990
1644 897
1661 7348
1688 158
1697 1258
1705 5387
1714 4657
1723 10
1727 4882
1737 228
1748 7368
1753 5982
1754 4231
1766 2971
1768 7341
1774 2248
1779 1667
1783 133
1791 3759
1808 3511
1818 2426
1819 1012
1833 455
1870 5796
1882 2740
1883 1569
1885 5085
1916 5884
1918 316
1929 6334
1934 2202
1937 3875
1950 6160
1955 7125
1969 4573
1987 5891
1992 5508
1995 3322
2001 7354
2032 5678
2035 2659
2048 6086
2050 5559
2056 5752
2064 7293
2068 6318
2070 5557
2097 3483
2098 3454
2112 7295
2128 6517
2149 5041
2156 2981
2197 158
2206 3320
2221 3733
2240 5252
2249 3868
2263 230
2264 6597
2273 3771
2273 3859
2278 6891
2285 4479
2290 1097
2292 4847
2293 3068
2327 1853
2328 1414
2336 2095
2346 38
2353 791
2364 6871
2365 6408
2384 7410
2388 7104
2439 1909
2444 3801
2453 952
2457 1031
2462 1394
2475 2346
2488 5078
2489 6044
2494 7141
2521 3595
2526 6492
2553 645
2555 2725
2562 3992
2563 279
2567 3445
2567 7186
2590 3959
2594 3425
2613 18
2646 4010
2654 1069
2657 722
2658 5035
2661 4613
2676 3631
2690 2816
2692 3231
2715 6763
2730 1430
2740 3665
2752 6294
2770 2236
2785 38
2785 389
2789 3866
2796 2274
2800 4625
2802 4569
2816 2874
2821 2324
2823 3303
2859 706
2903 5303
2912 5947
2931 6124
2939 950
2939 6733
2945 5122
2955 6252
2970 4875
2989 2567
3005 3886
3016 2723
3022 4591
3023 88
3025 1287
3053 1373
3068 1431
3087 3571
3088 3852
3097 2978
3100 2946
3123 1996
3136 3521
3139 579
3147 2670
3153 3401
3165 1523
3178 1573
3180 5783
3195 2180
3196 1102
3208 6245
3214 4639
3227 4512
3230 2362
3249 4846
3250 121
3277 6986
3287 1565
3287 6662
3316 861
3337 7341
3359 4133
3376 624
3425 6098
3431 7373
3452 1186
3474 163
3474 1068
3499 5588
3505 5014
3508 2710
3509 2717
3510 4025
3517 160
3521 2217
3530 1486
3537 855
3545 6635
3558 5897
3586 2637
3598 3423
3608 6427

