5199 3579 2832
1 1
1 505
4 1263
6 3212
7 1260
7 2260
8 1165
9 2420
10 472
10 1882
11 767
11 2928
12 1723
14 3241
14 3461
16 2016
16 3344
22 2884
23 2326
23 2789
27 2454
30 1534
31 768
37 3175
39 1304
40 567
40 2093
43 3081
45 119
46 983
46 1945
48 811
48 1638
50 1230
52 1016
55 2882
56 294
57 1502
57 3450
59 216
64 1553
65 2365
66 1825
66 2169
67 1076
67 2535
68 2061
70 2994
75 1585
79 3509
80 6
82 1055
86 2955
87 1471
88 1071
88 2029
92 564
96 1236
97 1953
98 2276
100 2243
102 2527
103 221
107 2323
108 1118
111 1774
112 1127
113 1066
113 1667
113 3316
115 2727
116 2711
117 1460
118 2768
118 2776
119 2667
119 2678
120 756
124 479
125 843
126 403
129 2229
129 3148
130 3342
134 2510
137 3486
138 3428
139 611
139 2838
147 2469
148 318
148 443
148 3451
150 1136
150 2294
155 1326
158 1187
158 1367
161 807
162 458
162 1854
165 899
165 3543
176 1677
178 23
178 3286
179 3490
183 1276
184 260
184 649
185 865
188 2848
189 926
191 1470
193 1181
195 1643
197 516
197 1796
198 992
201 783
215 305
216 567
220 131
224 3524
225 1547
225 3271
226 1227
227 648
227 1939
228 645
229 1484
229 1846
230 902
237 2949
238 1100
238 3449
238 3491
242 551
242 2404
243 1424
245 479
245 1550
247 2737
249 3509
251 1984
252 1917
252 1969
252 3128
255 2700
256 257
257 1749
258 1724
260 545
263 2115
264 2344
266 1369
267 896
269 1452
278 2768
286 2440
287 602
290 1534
290 2118
291 1717
292 3349
294 3259
296 2087
296 3210
297 206
305 3046
306 1078
306 1433
307 1128
310 392
316 357
316 659
316 3415
317 1654
318 2819
330 1989
331 3301
333 525
339 314
340 3491
343 1273
344 1029
344 1200
346 813
346 1345
347 1099
347 2243
349 3201
352 2019
358 1763
359 1259
363 407
363 1625
363 1800
365 1010
366 420
368 2930
369 468
369 2417
376 3108
377 2566
382 767
386 2554
388 809
389 2335
390 773
390 1990
391 3541
393 1839
394 2382
396 1863
399 2390
402 3234
407 2160
409 953
411 1975
412 2923
413 9
420 3292
421 582
421 3434
422 859
422 2944
422 3076
423 3446
424 405
425 2217
426 120
428 4
428 1905
434 1868
435 965
436 1555
437 1577
438 968
438 1302
439 1331
439 2196
441 3431
442 885
443 1331
444 1404
445 1276
446 1802
446 2040
447 530
447 3541
451 1961
452 2696
454 1530
455 3510
458 609
459 713
459 1960
460 1793
462 1164
467 1146
468 2206
469 2970
470 2268
470 3546
471 2066
474 2668
477 695
477 836
482 393
486 2689
487 814
493 3540
495 1496
495 1951
498 1276
501 1802
502 3125
503 2316
503 3242
505 3192
506 1842
508 1330
511 2485
512 2937
516 58
517 2340
518 171
518 846
520 3179
521 2003
523 276
525 536
528 1295
529 2941
531 943
531 3575
532 1525
535 2044
536 120
536 1279
537 61
538 320
539 16
539 3350
540 1053
540 1599
542 1057
542 1490
547 75
548 1728
550 3174
552 747
552 1177
553 525
557 1157
558 2667
559 3483
560 2556
561 2172
561 2373
563 1863
564 2487
566 739
570 2303
570 3111
573 2409
573 3132
576 1246
583 122
585 2292
589 809
590 59
590 2491
592 1188
592 1237
593 2301
594 2253
604 2130
609 1568
610 949
614 426
621 867
625 1218
625 3267
626 401
632 1036
634 880
635 1949
640 2277
640 2661
640 2810
648 1271
651 1798
651 2861
652 32
654 919
655 874
659 1347
659 2444
664 1111
670 372
672 2319
674 470
675 166
675 3403
677 2209
677 3242
680 532
680 2776
682 1587
683 1634
685 2291
688 1106
688 1608
691 466
691 1305
693 2460
696 642
696 1796
700 3031
702 2836
703 1022
703 3264
704 2133
705 52
705 859
707 680
710 863
714 2242
714 2595
716 2151
718 1415
723 518
723 940
723 1211
724 1086
726 2040
727 1728
729 287
730 1090
730 2578
733 3573
734 1766
735 1605
738 477
738 2605
740 729
740 2590
740 3087
744 477
744 2734
749 3211
750 1705
751 1495
751 1569
753 1304
753 1820
754 845
756 3345
758 112
758 2829
762 391
762 2577
764 2820
766 1717
769 1294
769 1894
770 739
771 2549
775 1730
776 179
784 17
784 1337
785 1618
785 2777
788 757
788 2823
788 2827
788 3474
790 1025
790 1153
791 1215
792 2300
792 3393
793 602
794 859
799 2370
802 1988
806 547
808 242
808 2555
808 3261
810 191
811 3426
815 2106
815 2565
816 390
816 3189
818 1003
820 2180
821 1093
831 410
832 632
832 2895
835 3281
837 2179
840 28
843 1066
846 1097
848 2853
849 1288
849 1655
849 2741
850 2713
850 3465
854 1493
855 1240
856 3090
857 2293
858 1268
858 3323
860 2163
860 2170
861 2094
862 624
863 1841
866 1357
871 1636
873 245
873 1350
875 1250
875 3212
875 3261
878 3535
882 3276
884 708
884 787
886 626
887 547
890 2046
893 423
894 3577
895 594
895 1752
898 2067
899 93
901 2396
903 953
904 3561
905 477
906 1679
906 3484
907 3406
908 2809
909 2730
909 2880
910 2290
914 590
914 1087
914 2889
919 1976
920 929
921 681
923 1716
926 2954
927 800
928 1683
930 51
932 349
934 992
938 278
942 2649
943 1863
943 2331
944 1036
946 1157
946 2771
947 2598
949 1419
950 935
953 2190
960 281
961 1909
962 1725
964 1477
966 841
967 1249
971 3430
973 366
974 1992
977 1313
979 2698
981 841
992 2941
995 1005
995 1665
997 963
1000 2718
1001 1923
1003 435
1004 3326
1005 1003
1005 3432
1006 3569
1011 1294
1013 928
1015 438
1016 3365
1022 2649
1027 102
1029 2922
1033 1773
1036 1092
1036 2271
1036 3252
1037 1185
1037 2155
1037 2857
1038 1358
1039 81
1040 3372
1041 497
1042 463
1045 3004
1045 3045
1046 1493
1050 578
1052 769
1052 904
1052 2732
1053 2001
1054 3415
1055 923
1058 2059
1059 1897
1060 1985
1065 2164
1065 3434
1067 938
1070 2675
1073 108
1075 1273
1076 1204
1081 1336
1081 1380
1088 3460
1089 2436
1091 782
1096 1340
1096 1840
1096 1991
1097 2330
1097 2371
1100 1691
1102 2926
1103 2016
1103 2598
1105 2678
1106 985
1109 451
1111 267
1117 1720
1118 176
1119 2776
1119 3492
1120 618
1121 1931
1122 1628
1123 40
1127 1506
1128 2248
1128 2457
1132 1913
1133 1641
1134 1400
1137 61
1137 1682
1139 2660
1141 3205
1142 589
1142 868
1143 2106
1146 1138
1148 1035
1148 3219
1149 333
1150 2638
1150 3147
1151 1995
1151 3097
1152 1874
1153 1466
1153 2533
1153 2980
1154 848
1154 2672
1157 366
1161 1974
1162 2829
1166 3195
1169 804
1172 594
1173 807
1173 1758
1178 1046
1178 1605
1180 264
1181 996
1181 2489
1190 97
1190 3342
1191 758
1193 2253
1194 2648
1194 3193
1197 1094
1197 1800
1197 2429
1198 1446
1198 2683
1203 2067
1203 3350
1204 1934
1208 2193
1209 318
1210 637
1210 985
1215 2313
1216 88
1220 1611
1220 2375
1226 1206
1227 2247
1232 230
1232 1314
1235 19
1235 647
1235 1043
1239 205
1239 1049
1240 2017
1242 583
1244 163
1245 2550
1246 1536
1249 509
1250 3460
1251 2175
1252 1021
1252 1041
1252 1268
1253 1841
1257 413
1258 176
1260 2547
1261 548
1261 2130
1262 2797
1263 619
1266 567
1267 2256
1268 2418
1268 2803
1271 3532
1275 2460
1277 409
1279 1319
1280 149
1280 1777
1281 40
1281 1384
1281 1556
1286 1878
1286 2521
1287 3230
1289 1589
1290 2580
1292 1464
1292 1646
1295 320
1295 709
1296 898
1296 3002
1297 1996
1298 2122
1300 136
1300 402
1302 392
1304 1377
1305 1591
1306 2581
1308 2366
1310 953
1311 2506
1312 1332
1312 3073
1313 775
1316 315
1321 2018
1322 2369
1329 536
1331 1363
1333 2383
1334 839
1337 2939
1338 2254
1338 2939
1346 2233
1346 2450
1347 2430
1350 2613
1351 1121
1351 1772
1351 2474
1352 1960
1355 684
1359 2826
1360 2791
1361 891
1362 385
1362 1868
1362 2692
1363 846
1365 2854
1371 1269
1371 1462
1373 2529
1374 732
1374 2937
1375 1039
1375 2693
1378 16
1379 298
1379 2029
1383 1657
1384 2178
1385 1621
1390 2814
1394 1727
1396 1025
1398 1702
1401 454
1401 1560
1403 3549
1405 711
1408 2347
1410 3310
1412 959
1417 1560
1417 2775
1418 212
1420 159
1423 1450
1427 1514
1428 1483
1433 3560
1436 2076
1440 2898
1441 157
1441 2908
1443 1193
1448 628
1454 2075
1454 2101
1455 216
1455 2830
1456 485
1456 2538
1460 131
1463 2899
1464 55
1466 3083
1467 935
1468 1305
1468 3008
1470 1795
1475 2568
1476 2362
1478 2696
1480 749
1482 3069
1483 2133
1487 221
1487 2338
1490 3163
1496 488
1500 564
1500 1892
1500 2497
1500 3297
1507 865
1508 2432
1508 3304
1509 580
1511 862
1512 1187
1514 1397
1515 1621
1515 2530
1516 248
1516 1898
1518 376
1521 3286
1523 656
1523 2883
1528 1071
1530 1338
1532 1736
1535 360
1537 329
1538 1531
1542 1052
1542 1591
1544 1188
1544 2238
1545 1161
1545 1600
1546 2140
1546 2441
1555 3578
1558 2153
1558 2366
1558 3267
1560 1361
1561 1813
1562 3210
1565 1060
1568 349
1569 1802
1570 38
1570 1786
1570 1836
1574 69
1576 2914
1576 3188
1580 1830
1580 1849
1581 1147
1582 2763
1586 3292
1587 2859
1593 391
1593 1501
1596 1479
1598 1847
1599 1212
1600 2771
1601 2349
1607 1952
1608 2453
1610 2406
1612 3212
1613 120
1615 2182
1617 2900
1620 2931
1624 636
1625 2661
1631 3225
1632 2050
1642 1277
1642 1949
1642 2372
1646 349
1647 1756
1647 3229
1647 3530
1649 615
1650 1097
1650 2166
1652 1080
1652 2331
1653 115
1654 2685
1656 907
1657 2229
1658 95
1659 1904
1664 1054
1664 3166
1671 2596
1672 1278
1673 1858
1675 2314
1676 2948
1682 284
1684 651
1686 86
1686 3191
1691 353
1692 1919
1694 1544
1702 1824
1702 3272
1712 2974
1713 1050
1716 262
1717 114
1717 1344
1719 2933
1721 1851
1721 1924
1722 834
1724 1860
1726 1323
1726 1921
1726 2693
1728 1825
1730 1407
1732 573
1733 524
1735 3513
1736 1627
1739 2612
1744 2144
1748 1200
1749 201
1750 1971
1752 449
1755 406
1762 1364
1762 2742
1767 3398
1771 1996
1771 2523
1775 3531
1777 1439
1778 1
1778 389
1778 1298
1778 1619
1778 1701
1779 1266
1781 152
1786 1778
1786 3022
1788 2820
1788 3363
1789 2415
1790 2934
1791 3547
1792 1377
1795 2681
1797 2752
1799 904
1800 2840
1803 2736
1806 2009
1809 3125
1814 1697
1817 3141
1818 2366
1819 1695
1821 2004
1824 2667
1825 2881
1826 1339
1827 506
1829 1146
1829 3169
1831 2701
1833 2490
1833 2611
1835 1676
1838 106
1841 422
1844 104
1845 394
1845 643
1849 2141
1850 1643
1852 618
1853 381
1853 2787
1854 2911
1855 1164
1857 2158
1860 3019
1862 634
1863 104
1864 1379
1867 2359
1870 98
1870 334
1870 2861
1877 92
1878 1988
1879 73
1881 795
1883 300
1883 1269
1886 1147
1888 2136
1891 1665
1893 852
1896 2013
1899 2892
1905 3164
1906 3359
1907 704
1907 927
1909 2503
1911 467
1912 684
1912 1071
1913 2674
1913 3086
1917 210
1918 320
1918 2059
1919 2268
1920 731
1927 2268
1928 2785
1929 3267
1930 1456
1933 3572
1937 1574
1938 614
1940 3067
1944 2105
1945 2828
1948 3054
1950 123
1952 284
1953 1914
1957 2580
1958 1048
1961 1
1963 2062
1964 730
1966 3529
1968 2226
1969 1687
1971 488
1971 1458
1971 2573
1971 3422
1973 51
1973 2140
1974 2093
1974 2375
1976 1083
1977 3210
1978 1069
1978 1403
1978 1459
1983 2917
1984 3331
1990 3519
1992 885
1992 1243
1994 16
1994 3202
1997 893
2001 1921
2001 2184
2002 1275
2002 2171
2002 3289
2004 3216
2005 1458
2007 2778
2010 2110
2011 1257
2013 2088
2017 1143
2025 1202
2026 3530
2026 3572
2028 2840
2032 2575
2035 1582
2037 1905
2037 1974
2039 1679
2042 1162
2043 551
2044 1583
2044 2612
2045 1088
2049 1396
2050 2540
2051 286
2055 2464
2055 2909
2056 1081
2056 1839
2058 1490
2062 2352
2063 238
2063 312
2064 1588
2065 1327
2066 507
2070 1711
2070 2756
2071 3155
2074 1483
2076 2732
2082 2994
2089 488
2090 374
2092 3513
2107 4
2108 3021
2111 2150
2113 761
2113 1663
2114 2035
2117 1935
2121 3334
2122 1515
2123 2183
2123 2238
2123 3523
2124 1986
2128 2454
2129 2100
2130 1959
2132 3303
2135 632
2135 3574
2136 497
2136 570
2137 1107
2139 1485
2140 194
2140 3047
2145 1437
2146 399
2146 1960
2147 2273
2149 1849
2150 1504
2150 3169
2163 60
2163 2002
2164 1097
2165 3539
2170 1599
2172 1423
2175 1382
2175 2772
2178 2310
2183 3327
2184 582
2185 1871
2185 2417
2189 1357
2190 567
2190 980
2190 2582
2192 334
2193 658
2193 1342
2194 318
2194 2670
2194 2997
2196 2199
2197 437
2203 2603
2205 2108
2206 2646
2207 2969
2213 1465
2217 771
2217 1484
2217 3051
2217 3079
2218 3396
2222 1423
2223 1583
2224 2361
2228 3525
2229 781
2230 2605
2233 2596
2235 2650
2236 2016
2237 1820
2238 875
2238 2648
2240 2245
2244 1833
2253 2774
2253 3265
2257 2232
2258 2067
2259 2638
2260 1244
2262 1355
2265 3160
2266 2671
2269 1647
2271 2685
2272 2958
2273 1386
2278 2383
2280 1606
2281 2275
2282 1601
2284 1350
2286 1041
2287 2351
2289 3126
2294 1072
2295 212
2296 1900
2297 1259
2299 1335
2299 2976
2303 3117
2304 298
2304 3470
2306 745
2306 3251
2307 2927
2309 1645
2315 309
2319 139
2319 3246
2320 2450
2324 2601
2328 287
2330 1171
2331 475
2334 2393
2337 1638
2337 2383
2339 2838
2342 2378
2343 374
2346 3508
2348 272
2349 1449
2349 2604
2351 784
2352 1027
2353 12
2353 606
2356 300
2357 787
2359 956
2361 960
2364 527
2364 3025
2369 605
2369 1324
2369 1779
2370 296
2370 548
2371 3443
2376 1347
2379 3413
2383 1193
2385 14
2390 497
2390 2781
2392 2612
2393 468
2395 143
2396 2724
2400 369
2401 1554
2401 1953
2408 1341
2411 504
2412 2194
2415 3535
2421 343
2424 443
2424 2286
2425 2781
2428 550
2436 994
2437 2004
2442 1844
2443 1684
2444 443
2445 1873
2445 3293
2446 791
2447 1417
2449 3323
2454 3368
2456 707
2459 3089
2460 718
2468 339
2468 2678
2470 487
2471 274
2471 2521
2471 3183
2472 370
2474 1011
2475 206
2478 3203
2479 1162
2480 3447
2481 1878
2487 2190
2490 3031
2492 1556
2494 576
2494 3455
2495 2511
2497 533
2497 3476
2499 3298
2505 3089
2507 1164
2510 3264
2511 911
2512 193
2512 1039
2514 1596
2521 1026
2522 294
2522 3147
2524 2349
2525 2627
2526 1435
2535 2519
2537 1388
2538 2013
2541 585
2542 923
2542 1023
2544 916
2544 3145
2545 2675
2545 3058
2547 1757
2550 2943
2550 3156
2552 2521
2553 1495
2554 2039
2556 1629
2557 2819
2565 936
2571 1802
2572 1175
2578 3249
2583 1269
2583 2893
2585 218
2588 243
2588 980
2588 1744
2589 1596
2592 3335
2596 622
2596 1237
2596 1544
2604 2608
2604 2632
2610 3284
2611 2371
2614 184
2614 1228
2614 1787
2615 1032
2615 3527
2617 2853
2618 1514
2619 243
2620 2542
2627 568
2627 2845
2628 1036
2628 2479
2629 1942
2629 2254
2632 283
2638 2329
2639 1255
2639 1947
2642 1558
2643 1840
2643 2868
2644 1492
2645 147
2648 2070
2649 2508
2651 1055
2653 3501
2661 1845
2661 2975
2661 3568
2662 2695
2663 2601
2664 2069
2664 3285
2667 2858
2675 3042
2679 1329
2680 1712
2680 1842
2682 3153
2684 2576
2692 1091
2694 2324
2696 893
2696 2564
2698 2612
2698 2808
2700 1604
2700 1759
2700 2873
2707 2759
2708 742
2708 1897
2720 2472
2722 1514
2724 36
2724 1916
2725 978
2726 2186
2727 3083
2730 1346
2733 1578
2733 1653
2734 1572
2735 2053
2735 2547
2735 3105
2737 810
2737 1659
2737 2993
2738 1120
2741 3119
2742 1705
2743 225
2745 1409
2745 1429
2746 1217
2746 1360
2750 2149
2754 2188
2755 480
2755 1964
2756 2058
2759 1462
2760 115
2761 2370
2762 2901
2766 1141
2766 3291
2768 2001
2771 368
2772 295
2775 1509
2776 3045
2777 801
2779 564
2779 2881
2784 2866
2789 1400
2790 2653
2795 2543
2799 128
2799 1459
2799 1501
2801 3232
2802 827
2802 1377
2802 1555
2802 1824
2811 3210
2812 1861
2822 424
2827 2467
2830 2532
2831 900
2832 1043
2832 1139
2834 1412
2834 1835
2836 2169
2836 2937
2840 3501
2843 830
2844 1549
2844 3150
2844 3331
2851 987
2855 1536
2856 2277
2858 1451
2858 1792
2859 2941
2860 2603
2861 2808
2864 1529
2865 2037
2866 1834
2866 2908
2867 1096
2871 2159
2873 2289
2874 3345
2877 631
2879 1258
2879 1897
2880 3488
2881 1767
2884 939
2887 868
2888 350
2891 2676
2893 2758
2894 981
2894 1407
2895 2701
2899 1581
2899 3282
2904 1851
2906 98
2907 135
2915 175
2916 1111
2917 1701
2920 1281
2921 3022
2923 104
2924 2004
2925 658
2926 2307
2927 99
2931 654
2934 1257
2938 2129
2939 766
2941 2692
2945 2658
2946 2245
2948 2013
2950 3158
2953 447
2954 754
2956 2343
2957 42
2957 1275
2959 774
2961 3252
2970 67
2970 543
2970 1735
2974 143
2974 304
2978 2301
2979 1658
2984 3185
2987 1089
2987 2684
2989 786
2989 1106
2991 969
2992 2132
2993 803
2994 1568
2998 2178
3000 294
3001 961
3001 1690
3001 2216
3002 1806
3003 2459
3004 1676
3005 3238
3006 1230
3006 1595
3007 1400
3008 3448
3009 1495
3009 2807
3010 3542
3011 247
3012 1900
3012 2121
3014 1300
3015 2816
3022 457
3022 1954
3024 3294
3029 293
3029 1541
3030 599
3030 2238
3030 2853
3031 3473
3035 2293
3036 1698
3037 2503
3043 156
3043 2159
3044 130
3045 747
3045 1986
3045 3458
3046 543
3046 1369
3046 2368
3047 1670
3047 2397
3048 2245
3052 478
3055 1487
3055 1670
3056 1704
3059 575
3059 968
3061 1165
3062 1831
3065 3237
3065 3488
3066 1628
3067 2433
3069 548
3071 2057
3072 1677
3075 2605
3075 3506
3076 3342
3079 152
3080 2599
3081 2202
3084 393
3086 502
3087 3163
3092 2137
3092 3201
3094 1208
3096 1911
3097 329
3098 2299
3099 1733
3100 2750
3101 155
3102 2353
3103 2451
3105 531
3105 1630
3106 200
3106 706
3107 2912
3108 2202
3109 1649
3113 2274
3120 1546
3123 2564
3126 102
3126 1064
3127 669
3128 2876
3130 2567
3133 559
3134 2533
3135 1698
3136 3009
3144 876
3146 415
3148 143
3148 2718
3149 2445
3153 566
3154 233
3154 2529
3156 32
3159 1741
3160 3016
3163 2651
3164 860
3165 1294
3165 1566
3166 932
3166 1777
3168 755
3169 6
3170 1189
3172 432
3175 2542
3176 3192
3180 3223
3186 1860
3194 1796
3197 1652
3200 2947
3205 3056
3207 228
3207 702
3210 46
3211 257
3212 1579
3214 392
3217 2641
3218 2350
3218 2398
3220 303
3222 2158
3222 3351
3228 404
3228 1975
3229 232
3232 1909
3233 37
3233 1224
3233 3245
3234 2769
3235 1178
3238 2128
3242 1451
3244 2813
3247 855
3251 868
3251 1984
3251 2491
3251 2836
3253 2110
3253 2651
3256 2624
3259 3550
3260 197
3263 1586
3265 223
3265 847
3265 2177
3270 1000
3270 1749
3272 1175
3273 3023
3273 3256
3276 424
3276 551
3280 1340
3287 380
3288 1765
3290 2089
3290 2748
3294 1857
3297 888
3299 1973
3300 1173
3308 3088
3309 3394
3311 328
3313 1325
3315 3346
3316 1023
3317 42
3317 2758
3317 3059
3320 1010
3320 1646
3322 2425
3323 133
3323 3024
3324 2029
3330 3186
3334 727
3339 2177
3343 2269
3343 2788
3344 1505
3344 3435
3345 3409
3346 2526
3347 3345
3349 666
3350 2252
3351 2693
3356 1610
3361 3203
3363 57
3364 759
3368 1488
3368 3000
3375 1588
3378 1447
3378 3052
3379 2534
3381 3226
3383 3201
3387 1996
3388 136
3388 241
3389 654
3389 2376
3391 1090
3395 1546
3395 3131
3395 3395
3398 63
3398 3392
3400 2118
3405 2834
3409 441
3410 2352
3412 1211
3412 2807
3414 411
3414 809
3414 1718
3414 1881
3418 15
3419 1418
3421 1118
3421 1780
3423 40
3424 433
3425 3369
3426 2989
3429 1630
3435 3126
3436 527
3438 884
3438 1219
3440 2011
3440 3224
3441 619
3442 551
3442 972
3442 3406
3443 2788
3444 731
3445 517
3450 692
3450 1448
3450 3160
3452 1955
3453 1026
3454 182
3455 2577
3456 651
3458 521
3462 2955
3465 3528
3467 1627
3468 60
3468 1287
3469 595
3469 2802
3471 2918
3481 727
3482 2776
3483 978
3483 1634
3483 1806
3484 715
3489 2954
3492 3129
3498 3319
3505 2035
3506 1757
3506 3007
3510 2148
3511 2171
3511 2424
3512 869
3512 1226
3513 2697
3514 1457
3518 582
3518 3457
3519 1305
3523 248
3525 1862
3525 3348
3526 2158
3534 1101
3535 441
3537 3459
3538 2399
3539 1475
3540 2394
3541 1943
3544 895
3547 828
3547 2439
3552 2609
3554 2013
3557 2242
3559 738
3559 1199
3560 172
3561 761
3562 2206
3563 2747
3564 1020
3567 1280
3569 3229
3573 728
3576 271
3585 3501
3586 984
3586 1695
3586 1869
3592 483
3592 3291
3593 1017
3593 1595
3593 2877
3597 2890
3599 1008
3604 3551
3606 1755
3612 871
3612 1883
3613 2790
3615 1464
3617 802
3621 1848
3622 3456
3623 1434
3625 2719
3626 557
3630 1213
3634 2205
3636 619
3636 3025
3640 2673
3648 2271
3651 3246
3652 434
3652 1861
3653 747
3653 2502
3654 2352
3658 270
3661 3
3662 2678
3664 2851
3665 70
3665 2170
3666 2500
3675 1360
3679 1683
3679 2249
3679 3336
3680 996
3681 2554
3686 674
3690 1806
3690 3239
3693 870
3693 1664
3693 1848
3693 2984
3694 1229
3694 2038
3698 2849
3699 1310
3699 1990
3699 3057
3702 541
3705 83
3705 3015
3709 2521
3714 2479
3717 325
3717 2265
3720 881
3720 2655
3720 3085
3721 2859
3721 3380
3721 3395
3723 1631
3723 2673
3724 3157
3724 3534
3726 1351
3727 1892
3728 286
3731 2214
3733 1715
3735 678
3735 1372
3742 2956
3742 3136
3743 883
3743 3536
3744 3050
3745 3027
3750 242
3750 666
3750 740
3753 733
3755 3067
3756 110
3756 345
3757 3558
3758 2841
3759 525
3761 3459
3762 1811
3763 1613
3767 1192
3768 1851
3769 1095
3770 2608
3772 2563
3773 136
3774 1976
3779 726
3782 2905
3786 310
3788 3524
3789 3077
3790 1083
3792 2075
3793 2484
3795 876
3799 1657
3801 3354
3805 2999
3805 3106
3809 379
3810 51
3810 1835
3812 735
3813 3398
3816 228
3816 3215
3818 1676
3819 262
3820 801
3822 2228
3823 955
3823 3497
3824 1091
3824 3387
3827 2819
3827 3172
3833 1994
3833 3322
3835 1591
3839 1312
3841 2384
3842 401
3851 500
3855 186
3857 3049
3857 3113
3862 3181
3863 3576
3867 304
3870 2132
3874 1040
3874 1766
3875 3555
3876 3364
3879 1283
3880 1895
3880 2284
3882 1123
3882 1420
3885 168
3886 3062
3890 1703
3892 3446
3895 333
3898 1657
3900 2538
3901 2532
3903 943
3903 1217
3906 1136
3907 1289
3907 3285
3910 2490
3911 2635
3912 477
3916 3052
3923 1500
3927 2556
3928 3481
3929 469
3931 2819
3932 3547
3933 1081
3934 2087
3936 2348
3945 612
3946 1950
3947 207
3947 1307
3947 1378
3948 2836
3951 1031
3952 3242
3952 3491
3954 2598
3957 1711
3957 2768
3960 652
3960 2125
3960 2480
3961 856
3961 3136
3966 2065
3968 1028
3969 2673
3973 2263
3975 664
3978 2075
3978 2154
3979 2291
3979 2810
3980 2808
3981 2352
3982 986
3982 1205
3983 2826
3985 2793
3986 157
3986 3430
3987 3531
3989 3199
3990 2688
3990 2904
3991 2356
3991 3553
3992 2415
3998 1382
4001 656
4007 1406
4007 1889
4008 2254
4011 369
4015 2479
4018 2149
4025 2533
4027 227
4029 179
4030 2603
4030 3455
4032 3011
4033 2337
4033 3106
4035 1767
4037 787
4038 2830
4042 1127
4045 537
4045 1583
4046 6
4046 35
4046 2995
4049 753
4050 240
4050 1730
4050 2491
4059 1191
4059 2743
4060 2440
4060 3198
4061 2148
4063 1482
4063 3405
4065 1862
4065 3400
4067 3108
4072 443
4072 2598
4073 1856
4073 2539
4077 235
4077 1689
4077 3435
4080 1763
4081 484
4082 1775
4082 2361
4086 2365
4088 2088
4093 2650
4094 3454
4100 1840
4107 3577
4108 1547
4112 653
4113 3110
4122 3514
4128 3385
4131 2217
4132 2228
4132 3038
4134 3098
4135 2757
4136 750
4136 2566
4137 1500
4138 767
4139 819
4140 636
4143 798
4143 3176
4144 2132
4147 2279
4148 3543
4150 1743
4151 969
4155 386
4156 1135
4161 1000
4167 990
4169 730
4176 1338
4179 3264
4180 976
4184 572
4185 2653
4188 1843
4188 3106
4189 1195
4190 2014
4191 3210
4193 1659
4194 2989
4196 2116
4196 2575
4197 3270
4202 2470
4204 1521
4204 2609
4208 2710
4209 593
4210 1701
4211 744
4212 2983
4215 28
4216 1403
4216 3116
4218 2661
4218 3068
4218 3492
4222 969
4224 2042
4226 2378
4230 1376
4235 432
4237 1531
4238 2276
4239 3048
4240 1310
4240 2507
4244 1237
4244 2152
4247 1268
4247 3509
4249 439
4250 1185
4254 711
4255 780
4255 1965
4256 2192
4256 3113
4257 1432
4257 1548
4257 3457
4258 3166
4259 1919
4260 1545
4267 932
4267 3085
4274 231
4276 1376
4278 2886
4285 3092
4288 2227
4291 826
4291 1196
4292 2084
4293 3119
4295 2042
4295 2411
4296 3320
4299 694
4301 629
4303 1549
4304 272
4305 485
4306 740
4312 3123
4314 135
4315 2054
4324 1913
4325 394
4327 84
4327 1132
4328 3209
4329 2594
4329 3024
4330 580
4330 880
4335 595
4335 3151
4340 2199
4342 1741
4343 2126
4345 529
4346 3213
4348 1701
4348 3100
4350 3219
4351 1359
4356 2739
4363 3054
4364 3187
4365 39
4365 3357
4368 348
4368 1257
4369 466
4371 934
4373 1754
4375 585
4375 2942
4377 1254
4379 933
4380 1415
4381 788
4381 3012
4384 1232
4385 345
4387 2685
4388 39
4390 1468
4392 1535
4397 983
4398 523
4402 170
4402 2474
4402 2523
4404 2302
4405 125
4405 3292
4413 2099
4414 755
4415 2978
4417 2084
4419 3073
4422 1630
4424 393
4428 3430
4429 2846
4431 878
4432 3450
4437 171
4438 686
4441 2694
4444 1570
4445 3335
4449 2792
4451 1650
4452 1660
4455 638
4456 63
4456 904
4456 2231
4457 328
4460 1880
4462 2409
4463 1188
4464 3116
4466 37
4467 53
4467 3532
4468 3567
4472 559
4473 1075
4476 2083
4477 483
4484 224
4485 3519
4487 3420
4488 1435
4489 149
4490 1147
4490 2560
4491 2968
4495 671
4495 3464
4496 486
4502 3017
4504 2661
4506 1159
4511 16
4511 1001
4513 2188
4516 2343
4517 1200
4518 3015
4518 3574
4519 2837
4523 2273
4523 3081
4527 984
4528 1706
4529 198
4529 1830
4531 955
4531 1450
4534 1791
4535 220
4537 1489
4544 18
4544 908
4545 2117
4546 593
4546 2183
4549 1334
4549 2455
4549 2706
4550 3081
4553 1269
4555 403
4558 2512
4560 1839
4561 963
4562 1657
4564 1500
4566 2278
4567 3088
4568 2054
4570 3288
4570 3487
4578 1850
4580 23
4580 2597
4582 524
4584 64
4584 1609
4584 1710
4587 1506
4588 1914
4590 500
4593 677
4595 2105
4596 1576
4597 571
4598 2486
4601 723
4607 1602
4611 3376
4613 3414
4615 797
4618 35
4619 1672
4620 2716
4621 948
4622 516
4622 3330
4624 597
4627 2746
4630 832
4630 3472
4634 3251
4636 1927
4636 1952
4636 2530
4639 2555
4642 2031
4644 529
4644 2742
4647 2353
4650 3041
4656 2246
4658 2202
4659 2064
4659 2120
4660 1384
4662 1322
4664 198
4666 1188
4670 1405
4676 590
4681 1589
4681 2398
4684 224
4684 416
4685 1184
4686 3216
4691 3251
4693 1426
4695 2599
4698 500
4698 2273
4699 1917
4700 1902
4700 2262
4701 410
4701 472
4701 961
4701 2518
4703 1110
4704 2175
4706 1363
4706 2795
4706 3275
4712 2440
4719 675
4719 823
4719 2106
4723 2349
4728 1176
4728 3527
4730 2859
4731 3065
4740 1593
4741 1476
4741 1952
4749 152
4755 2502
4756 2208
4760 2782
4762 1987
4765 3259
4766 1215
4766 3440
4768 3392
4769 1611
4770 1265
4774 862
4774 3357
4777 1328
4779 489
4779 2100
4780 306
4781 1057
4786 296
4786 1938
4788 121
4790 231
4794 664
4796 719
4798 2175
4801 2815
4804 523
4805 1644
4808 2535
4809 3074
4811 198
4818 717
4819 3149
4821 1277
4822 445
4824 284
4824 885
4829 2310
4831 1161
4832 2270
4834 2656
4836 1149
4839 166
4846 1121
4848 1980
4853 873
4856 3325
4858 111
4858 1757
4864 1805
4865 894
4865 2695
4867 1599
4868 619
4868 3246
4870 2284
4871 481
4872 1879
4873 2034
4874 1245
4878 2555
4879 519
4883 1973
4887 2105
4890 1055
4892 1250
4892 3363
4894 355
4894 1452
4895 1680
4895 2061
4898 994
4898 3252
4900 2439
4902 359
4903 612
4905 2058
4906 887
4908 1664
4909 256
4909 302
4911 1376
4920 2845
4921 2167
4923 2148
4930 955
4930 2062
4933 98
4934 2465
4937 2193
4942 1033
4943 1073
4944 3402
4945 2089
4949 1458
4949 2747
4951 124
4951 629
4951 848
4952 3326
4953 1183
4954 1606
4956 3038
4957 615
4957 1932
4957 2070
4958 13
4959 3532
4962 3366
4963 84
4963 2851
4965 1174
4965 2591
4968 2580
4969 2176
4970 417
4972 2270
4972 2500
4973 1060
4973 1929
4974 62
4976 496
4977 3307
4982 885
4984 2950
4985 634
4988 558
4991 3530
4993 2103
4993 2119
4995 720
4996 187
5000 1778
5002 2722
5004 3038
5005 1887
5005 1960
5006 1529
5007 2057
5009 128
5010 2547
5011 638
5013 2391
5017 2127
5019 708
5020 1522
5020 2101
5024 2187
5030 1980
5030 2152
5030 2303
5033 622
5033 1583
5034 2762
5036 2729
5037 3286
5039 1716
5039 2175
5040 814
5043 790
5046 3105
5049 2862
5050 3195
5052 1048
5053 1023
5056 1204
5059 3515
5061 2860
5061 3104
5063 257
5063 3025
5065 2663
5067 194
5069 2993
5074 131
5078 2894
5080 1193
5081 3455
5082 1564
5083 1960
5083 3187
5086 288
5086 579
5086 1884
5088 1581
5090 1344
5096 2317
5097 2585
5100 1433
5101 3145
5103 377
5104 1502
5104 3556
5106 2285
5108 625
5108 1358
5110 3426
5110 3533
5111 60
5112 2146
5114 3328
5115 2254
5115 3448
5116 2727
5119 909
5119 2400
5120 1252
5123 1268
5125 1978
5126 1136
5126 2153
5127 757
5128 3511
5129 1861
5132 2562
5135 772
5136 1118
5138 2597
5138 2836
5139 2677
5140 1460
5144 46
5144 959
5145 3038
5146 996
5148 2118
5149 2418
5151 620
5151 688
5151 2064
5152 2333
5159 1798
5160 35
5160 608
5161 2229
5167 1764
5168 2608
5170 863
5171 1965
5172 1087
5177 1598
5177 1630
5178 3314
5180 1597
5181 3125
5184 2179
5189 1764
5189 2476
5190 91
5192 474
5196 1381
5197 1183
5197 1569
5199 2653
5199 3466

