9894 8575 355
1 1
33 527
81 1068
158 4684
171 3977
201 8494
203 3732
266 3968
268 2963
380 5819
385 7369
424 3734
430 6852
443 3963
471 3818
476 3879
509 8508
523 3491
581 6908
662 7851
667 6630
668 2601
684 3668
708 1592
722 7823
737 7887
746 1560
756 8430
860 1898
861 4297
871 1192
879 159
891 2976
900 4433
947 3540
1004 1480
1048 7246
1113 6125
1145 5407
1164 2524
1200 1599
1213 5356
1238 6497
1284 50
1294 1464
1312 2028
1314 2370
1382 3826
1428 741
1437 4780
1543 901
1598 1795
1638 5540
1689 3531
1713 3527
1714 8530
1734 7820
1750 8462
1794 5626
1798 5419
1847 7403
1849 3571
1852 1001
1936 6009
1995 6444
2003 3321
2041 7550
2053 5679
2079 4053
2080 5072
2106 4598
2125 6829
2168 3950
2174 769
2177 1887
2196 2136
2201 2321
2245 1029
2259 6017
2353 7917
2382 3832
2430 4708
2508 7222
2540 6769
2553 3095
2582 3089
2605 5382
2694 1296
2728 1077
2869 5460
2897 1453
2909 2568
2920 4937
2949 5159
2972 4432
2990 3143
2995 2595
3007 7590
3039 2561
3167 895
3174 7130
3273 3732
3278 6130
3294 2121
3369 1383
3369 6840
3381 1710
3414 4680
3444 5450
3455 5891
3502 7069
3513 5948
3520 1414
3533 5121
3536 5198
3542 502
3547 3604
3562 1209
3680 3562
3778 2924
3799 5571
3851 5047
3856 5910
3884 1389
3890 1926
3906 8388
3907 7465
3955 7818
3965 4214
4020 5717
4112 5746
4128 4436
4139 7708
4156 8540
4171 16
4181 7116
4181 7513
4183 6031
4216 6952
4279 146
4343 7069
4404 8486
4406 5586
4444 5627
4454 1205
4471 3892
4487 3205
4536 8248
4545 6719
4594 7581
4608 2592
4617 5470
4637 2292
4672 1000
4675 1620
4712 2906
4754 6601
4780 6124
4814 5625
4852 6733
4873 5247
4911 6010
5012 3970
5030 3420
5031 7469
5052 2892
5060 4025
5108 4722
5115 333
5119 6468
5153 5429
5159 5302
5230 1333
5235 748
5259 7395
5268 858
5290 8217
5311 8186
5343 4757
5364 7264
5373 6134
5375 2914
5388 3292
5420 1492
5430 5962
5440 1734
5463 4994
5495 3042
5566 6995
5590 8446
5603 5281
5630 782
5632 5099
5657 8214
5659 3644
5714 5944
5731 1403
5781 5660
5800 2493
5802 307
5855 5289
5885 5747
5971 7043
6002 5331
6006 3218
6043 2193
6081 6383
6090 348
6091 1349
6132 6898
6149 665
6231 6829
6314 7742
6368 6640
6386 3451
6403 2432
6410 7481
6419 2005
6441 3373
6442 987
6461 4164
6475 1226
6483 1511
6510 4392
6517 1300
6530 7763
6536 434
6613 245
6647 7776
6721 24
6745 7544
6749 2827
6789 2888
6799 2822
6812 2601
6863 3694
6864 604
6871 5524
6883 7094
6946 811
6955 2986
7008 1542
7075 155
7090 7830
7142 5212
7151 7326
7158 4875
7217 8179
7232 526
7238 5532
7249 2878
7259 3222
7319 389
7362 451
7402 7757
7407 1185
7409 6026
7413 2464
7440 5678
7449 6672
7453 1279
7530 5195
7540 1496
7555 3784
7557 3850
7645 8278
7697 5475
7726 2684
7726 5796
7728 3491
7790 858
7821 4650
7823 4301
7824 6032
7844 7604
7873 720
7960 2595
7967 5471
7970 2059
7992 4584
8049 1236
8078 232
8092 1898
8093 511
8119 3963
8126 6800
8144 5375
8190 3861
8223 1250
8284 582
8304 759
8342 1218
8356 1252
8428 1452
8454 4633
8454 6951
8551 4456
8572 3539
8595 3245
8605 1807
8609 8182
8676 987
8734 2224
8759 3834
8783 6757
8786 5887
8795 6637
8908 5108
8920 4383
8921 8513
8941 4514
8959 3084
8980 1053
9045 6107
9047 720
9053 1444
9069 7798
9081 5219
9100 4099
9122 4279
9126 1351
9137 1388
9144 4501
9177 5433
9212 8476
9270 118
9285 2433
9294 749
9342 7207
9385 8527
9388 7147
9390 7370
9411 356
9464 2694
9467 6579
9502 1810
9516 731
9544 5431
9559 5492
9561 4223
9571 2904
9587 1766
9598 7262
9630 4475
9635 6482
9644 5132
9679 3118
9706 7348
9712 7998
9744 6224
9779 1595
9818 7035
9863 7439
9875 3542
9882 64

