2852 3501 2416
1 1
3 1794
4 1974
5 1682
5 2649
6 815
7 1415
8 2403
11 1697
13 3304
14 619
14 720
14 900
14 941
14 2216
16 518
19 1242
24 2213
27 89
27 2787
28 3313
29 3203
31 158
33 2089
34 375
35 819
35 1476
36 1887
37 3228
39 1234
40 1729
40 2757
40 3236
41 2652
44 535
44 970
45 2793
45 2937
46 1837
48 43
49 2094
50 525
51 2370
51 2515
52 36
52 796
53 1590
54 1220
55 2505
56 1566
58 393
59 1412
60 1549
60 1718
60 2075
62 3337
66 181
71 1095
74 1287
78 1738
84 1205
86 2971
91 1727
91 3277
94 442
94 2890
95 1437
95 2854
98 1724
100 3429
101 1892
103 1154
104 2374
107 567
107 2221
108 2979
109 2976
113 2630
114 415
115 2371
115 2498
116 575
117 479
118 1515
121 589
121 3321
123 687
125 2976
126 2204
131 37
132 745
132 2129
132 2562
133 2708
134 2594
135 3030
137 3214
138 1805
139 297
140 568
140 2065
140 2998
140 3154
141 3413
143 2944
145 555
148 1752
148 1948
149 2694
150 656
151 718
152 1495
152 1653
153 1597
153 3236
156 2442
158 1794
159 3044
160 1047
162 2461
163 2445
164 1308
164 2691
164 2799
165 1320
166 3305
168 6
170 2448
172 1023
177 2838
177 3046
177 3172
178 2327
179 510
182 1841
185 819
189 430
189 1859
192 288
192 2998
197 1873
198 717
198 2684
199 160
202 3411
202 3448
204 637
204 3189
206 2340
206 2433
208 2879
209 957
210 1931
211 700
211 925
213 2908
214 3338
215 2066
217 617
219 770
224 1777
225 2174
225 2460
225 3040
226 2620
226 2730
226 3050
227 329
227 986
227 3400
228 3096
229 3094
230 512
233 978
233 2426
233 2919
235 1199
240 2752
240 2919
241 273
241 3064
243 370
244 71
244 2767
245 1024
245 1717
246 2210
247 1688
247 2895
248 1150
248 1661
252 2840
256 1751
256 2266
258 1548
258 2230
261 687
261 2008
263 130
266 3494
268 1885
269 1752
269 2927
270 382
270 1914
271 2854
272 767
272 3227
273 2797
273 3363
277 298
277 1460
279 1546
279 1693
280 45
281 995
282 1650
283 544
285 3446
286 2721
286 3331
289 2787
289 3191
290 610
291 2842
292 2678
293 1387
295 2933
296 1688
296 2551
298 798
298 3065
299 437
301 1071
302 1020
302 2801
303 62
303 547
303 844
304 302
305 314
305 2294
306 3196
307 2083
309 1307
309 2735
309 3094
309 3468
312 537
312 2097
313 1502
313 2255
315 276
315 1473
315 1512
317 2865
319 3154
319 3357
321 2506
322 184
322 2718
325 189
326 65
327 1946
330 124
330 1399
332 194
332 2039
332 2934
335 1720
339 1037
342 2938
342 2955
344 210
344 299
344 1013
344 3060
345 402
346 2336
346 3088
347 507
347 2755
347 3415
348 1222
348 2062
349 2786
350 1128
351 229
352 3140
354 1132
355 1030
356 939
356 3250
357 324
359 171
361 1658
362 291
363 3203
364 2096
365 1155
366 1583
366 3110
366 3447
369 3105
370 2048
371 1735
374 3265
376 1751
376 1891
377 738
377 922
377 1486
378 1998
379 1819
379 2995
380 2285
380 2676
380 3047
381 1929
382 1261
384 3330
385 834
386 614
387 675
387 1277
392 982
392 1069
392 1461
395 98
395 2278
396 1321
401 1111
403 792
404 1232
405 1341
408 3154
409 62
410 2513
410 2857
410 2918
411 2037
411 2480
412 242
415 1472
415 1969
420 1226
421 3469
425 2196
426 1795
427 2495
428 1478
428 2161
430 1785
431 569
431 719
431 1176
431 1330
431 2299
432 3195
435 1594
435 2070
438 307
440 121
440 543
442 2416
444 937
445 202
445 271
446 234
446 1407
447 50
448 468
448 783
449 2785
451 1515
451 1782
451 2185
453 1253
453 2691
454 1222
455 234
455 263
457 403
457 1159
457 2603
458 3065
459 742
460 67
462 3272
464 2377
466 284
468 263
468 907
471 2482
472 1866
472 3323
475 641
475 2186
475 3043
476 3147
478 242
481 67
483 897
486 781
486 1984
487 215
487 982
488 2141
493 76
497 2825
499 1969
500 840
501 641
502 893
503 423
504 1086
505 1427
506 642
506 1625
507 2263
508 3281
510 189
511 325
511 910
511 3137
513 1861
513 2178
515 3007
517 3176
519 3238
522 1246
523 187
524 1842
525 262
525 2146
527 816
527 3375
529 2337
531 474
531 3051
532 429
533 3213
534 1635
535 1269
535 1770
537 2617
538 997
539 3255
542 1649
545 1345
545 2288
546 423
546 772
549 3339
550 2450
550 2682
551 2548
553 1921
554 1591
556 128
556 307
556 3258
559 927
561 33
561 573
561 1495
562 798
564 1239
565 303
566 1678
566 2550
567 1236
567 2359
568 1235
569 1987
571 2037
571 2800
572 909
572 2048
575 2018
575 2990
575 3232
577 19
578 1276
578 3105
578 3328
579 1318
579 2915
581 407
582 383
582 1342
582 1741
582 2717
583 1787
583 3235
584 955
584 1506
585 560
585 1093
587 1479
587 2957
589 2486
590 645
590 1801
592 2434
595 737
596 2803
597 749
597 1821
601 843
601 2785
602 2481
603 210
604 3321
604 3451
608 1586
608 1621
609 1388
609 2031
612 2816
612 2941
614 1218
614 2685
615 1217
615 3415
616 592
616 950
621 2005
621 2706
622 3449
625 763
626 150
633 1937
634 370
634 2981
636 1581
637 2074
639 1718
640 977
640 2447
640 2520
642 3456
646 351
646 1770
648 283
648 1392
650 2319
650 3318
651 797
651 2825
653 2331
654 1806
660 2634
660 3448
662 1954
662 3335
663 79
663 1411
664 2824
665 586
667 1863
668 2593
671 140
671 2567
671 3293
672 2821
673 2516
676 838
676 3442
678 3162
679 363
680 2808
680 3127
681 2913
683 1011
683 2660
684 2058
684 3236
685 730
688 955
688 2587
689 947
689 1034
689 1563
690 410
692 1897
694 821
695 633
695 3366
697 1458
697 2232
699 2732
700 951
705 1940
706 3093
706 3122
707 250
707 752
709 2470
710 2688
711 642
712 352
712 3009
713 2634
713 2798
714 1135
716 2578
718 2863
720 1614
724 16
727 3142
727 3244
728 415
728 2752
730 1092
730 1191
730 3305
732 242
732 1850
733 518
733 1801
734 2375
735 822
735 3292
738 937
739 2245
740 360
743 2765
744 3483
746 1437
749 2230
750 1719
750 3191
751 44
751 2390
751 3064
751 3296
752 711
754 613
755 2754
756 1299
756 1976
758 491
758 1762
758 3390
759 3270
760 68
760 1345
761 2375
763 2764
765 2193
769 86
770 2488
772 1307
773 2704
773 2808
774 2946
774 3341
775 2203
775 3050
776 3126
777 1768
777 2421
777 3248
780 1755
783 571
787 2201
790 3195
793 1839
794 885
794 1334
794 2503
796 2794
796 2984
802 1061
804 3297
805 397
805 2997
806 1427
806 1627
806 3128
806 3244
808 1931
810 10
812 390
812 1789
814 854
817 390
818 1909
818 2564
819 489
819 1037
820 1995
820 2870
822 1089
823 1674
824 206
828 1267
828 2574
828 2623
829 1618
829 3137
832 308
833 1114
834 318
836 1034
836 2018
836 3477
837 1724
837 3103
839 1644
840 2899
840 3447
843 1286
843 2400
845 570
846 2702
846 3219
849 109
849 3452
850 3158
852 2794
854 1639
855 1871
855 3293
856 1168
859 3208
863 2226
864 1314
865 254
865 1065
866 428
866 525
866 2338
867 506
867 1600
868 4
868 74
872 1893
874 2525
876 994
879 1048
879 2575
881 1894
882 453
885 671
885 1929
885 2569
887 3337
889 321
889 2368
890 2409
890 2929
892 1833
896 255
897 924
897 1567
897 2055
900 2009
901 2398
901 2781
902 1996
902 2269
905 3056
908 144
908 585
908 727
908 1943
909 1468
911 203
911 1142
911 1337
911 2739
914 53
914 2707
914 3460
915 428
918 781
920 1952
920 3009
922 2164
924 3105
925 1907
926 1021
929 343
930 74
930 1388
930 2628
933 2592
933 3339
937 149
937 1133
937 1508
937 2658
940 774
940 3153
941 2935
945 1694
945 1785
946 1277
946 2291
947 36
947 1906
947 2498
947 3213
950 1401
952 3391
954 585
955 370
957 3060
958 1776
959 955
962 1267
963 2669
965 2101
965 2635
965 2916
966 2437
968 624
971 544
975 1615
975 1930
976 2429
980 2581
980 3177
981 867
982 1261
982 1971
983 988
984 1333
985 2117
985 3125
986 2130
987 2568
987 3325
989 2525
991 3499
992 528
995 395
997 1031
997 1209
998 614
999 1911
999 2685
1000 703
1003 999
1004 3105
1006 155
1006 2538
1007 2494
1008 2196
1009 2023
1010 3489
1011 3093
1015 2126
1016 3078
1018 2
1019 411
1020 333
1020 397
1020 1752
1021 1342
1021 3270
1022 585
1025 359
1026 1635
1027 152
1029 2418
1030 1603
1031 146
1032 763
1032 1300
1033 19
1034 301
1037 1186
1037 1716
1038 1606
1038 1984
1042 67
1043 1068
1045 459
1045 1124
1047 79
1048 2182
1050 1153
1050 3003
1053 1231
1056 376
1056 2689
1057 420
1060 917
1060 2225
1061 29
1061 3107
1064 781
1067 579
1071 1981
1072 139
1074 3492
1075 1581
1075 1667
1076 2403
1078 3439
1079 712
1079 1242
1079 3332
1080 2185
1081 744
1083 2495
1084 959
1084 1048
1084 2347
1084 2460
1085 1385
1085 3071
1087 765
1088 1340
1088 3252
1089 743
1091 3014
1091 3345
1092 73
1092 728
1093 757
1093 2022
1096 3331
1096 3383
1099 1834
1104 158
1104 2707
1106 1342
1107 1203
1109 2607
1113 299
1113 3361
1114 1431
1116 242
1117 168
1117 2326
1117 3149
1118 420
1118 2593
1119 774
1121 235
1121 261
1122 2235
1123 3246
1124 1768
1125 1199
1125 2705
1127 224
1127 2118
1129 2599
1132 1665
1133 3448
1134 1829
1135 788
1136 3474
1137 700
1138 195
1139 578
1143 121
1143 3299
1145 423
1145 1178
1146 3122
1147 1938
1147 2132
1147 2777
1149 3154
1152 1942
1153 1562
1155 611
1156 1604
1157 2080
1157 3134
1161 954
1161 2404
1164 972
1164 1362
1168 5
1168 1269
1168 2882
1169 1148
1170 1018
1170 2426
1175 1551
1175 3184
1176 156
1177 1947
1178 2655
1180 2289
1182 2889
1183 2279
1183 2671
1184 1092
1186 1130
1186 1540
1187 774
1187 1738
1187 2427
1188 1254
1189 506
1189 1120
1191 976
1191 2940
1192 2323
1193 2221
1194 326
1197 2388
1198 3027
1199 96
1199 2328
1201 3183
1203 1645
1205 39
1207 297
1207 1545
1209 3163
1210 2951
1211 1146
1211 3380
1212 1446
1213 853
1213 1539
1214 72
1216 150
1218 946
1219 195
1219 2410
1221 2204
1221 2525
1222 3348
1224 2727
1225 1952
1227 561
1227 1635
1227 2436
1231 1404
1231 2204
1233 3111
1235 13
1235 2366
1236 3103
1237 1333
1237 2920
1237 3309
1239 584
1240 105
1240 347
1242 274
1243 1112
1244 731
1244 3447
1247 2302
1248 2924
1251 1966
1251 1984
1252 1737
1254 2874
1254 3094
1255 1792
1255 3099
1256 650
1257 1773
1257 2235
1258 1291
1259 1043
1259 1315
1260 2707
1262 113
1262 649
1262 3376
1263 2848
1264 2342
1264 3331
1265 1609
1265 2013
1269 437
1270 76
1270 2444
1271 10
1271 1756
1271 2069
1273 1216
1274 2727
1276 100
1276 957
1276 1562
1278 1719
1278 1881
1278 3393
1279 1588
1281 483
1281 1373
1282 2142
1283 1421
1283 1662
1284 1561
1286 636
1287 1032
1287 1130
1288 294
1289 1406
1289 3120
1291 2741
1292 726
1295 1854
1295 2082
1295 2834
1302 1196
1304 3043
1305 2104
1305 3461
1307 2618
1308 133
1308 1968
1310 1977
1311 1323
1312 1874
1316 3004
1317 1327
1320 1881
1321 2234
1323 406
1324 826
1324 3109
1325 1956
1328 231
1328 2940
1329 1028
1329 1126
1329 2581
1331 142
1333 1162
1333 3362
1337 3015
1339 2762
1340 908
1342 589
1342 922
1343 3070
1346 2174
1349 1641
1350 1899
1352 2503
1352 2849
1352 3067
1355 2607
1358 269
1358 2054
1358 3239
1359 369
1361 1218
1362 573
1362 1666
1364 992
1368 1108
1368 1995
1368 2509
1369 874
1369 3318
1370 502
1370 2106
1371 1556
1373 2258
1373 2481
1374 2027
1375 2921
1378 3165
1380 538
1381 1541
1381 3421
1382 689
1383 814
1385 2038
1385 2597
1386 1765
1387 303
1387 3381
1388 1399
1389 2163
1390 1183
1390 1367
1390 1700
1391 3069
1392 740
1394 2211
1396 2944
1397 2832
1402 1846
1402 3290
1404 3098
1408 2433
1410 2155
1411 2277
1412 3099
1413 11
1417 171
1417 1551
1418 3182
1419 2973
1421 1703
1422 1571
1422 1762
1423 469
1423 2925
1424 2314
1425 3229
1426 2718
1426 3208
1427 247
1428 2626
1429 2800
1430 1787
1432 2093
1432 2561
1433 1071
1434 603
1435 3271
1436 250
1438 17
1438 1006
1438 1265
1438 2547
1439 1060
1439 3337
1442 2908
1443 406
1444 1739
1446 2191
1447 37
1447 927
1447 1498
1449 2603
1450 857
1451 462
1451 1807
1452 1996
1456 2942
1458 429
1458 1685
1458 1707
1460 1897
1460 3184
1461 1088
1461 1994
1462 2875
1462 3025
1463 2914
1464 181
1466 996
1467 69
1469 813
1469 3108
1470 1646
1470 2954
1472 1578
1472 3434
1473 2465
1475 816
1476 2050
1477 1721
1478 850
1478 1663
1479 577
1480 240
1481 1375
1482 433
1482 3043
1484 3358
1487 2922
1488 1823
1488 2109
1490 175
1491 944
1491 1865
1491 2815
1493 1995
1494 1239
1497 1407
1497 3289
1498 536
1498 1178
1498 2192
1498 2248
1498 3216
1499 1009
1499 1114
1501 267
1503 1800
1505 3330
1507 3111
1507 3216
1508 483
1508 2314
1508 2868
1510 3312
1511 1110
1511 1845
1512 1563
1513 1746
1514 1395
1514 1659
1515 220
1515 1760
1516 3189
1517 899
1517 1092
1517 1943
1518 1116
1519 2988
1520 3238
1521 1897
1522 942
1523 1130
1524 397
1524 1022
1528 3123
1530 1898
1530 2423
1531 225
1532 2489
1535 348
1535 3281
1536 2751
1537 1474
1537 1483
1539 1190
1541 426
1541 1608
1544 568
1545 2474
1546 1424
1548 3203
1550 2259
1551 387
1551 2992
1557 1373
1557 1760
1558 2994
1561 2324
1564 3089
1565 228
1565 549
1565 2201
1567 3417
1568 365
1571 84
1572 1508
1573 2732
1574 3430
1575 897
1575 1400
1578 1867
1578 3154
1579 2187
1584 2936
1586 1505
1587 1273
1588 727
1588 2116
1589 3361
1590 636
1591 1404
1591 1564
1594 2653
1595 1596
1600 1949
1600 2877
1600 3148
1602 280
1605 715
1605 2228
1609 255
1609 355
1611 129
1612 2286
1612 2372
1612 2809
1619 1830
1619 2424
1620 1387
1620 2003
1621 1342
1621 2648
1622 7
1624 2097
1625 3137
1626 2817
1630 641
1630 3265
1631 1154
1631 2968
1632 2775
1634 703
1635 2467
1636 2851
1637 1807
1637 2567
1637 2973
1639 3079
1639 3139
1642 2423
1643 522
1643 3322
1644 367
1644 743
1645 2547
1646 2738
1647 1827
1648 3112
1652 806
1654 1427
1654 2676
1655 2879
1659 232
1659 532
1661 2562
1663 84
1665 211
1666 100
1666 2779
1667 3004
1670 608
1670 2955
1671 2659
1674 630
1674 2686
1678 3157
1678 3375
1680 1099
1681 1652
1681 1761
1681 2041
1684 762
1684 1850
1686 375
1686 2345
1687 2934
1688 2947
1689 1899
1689 2620
1691 1497
1692 218
1692 1588
1693 1198
1693 2799
1694 1153
1695 1862
1696 775
1697 818
1700 1830
1702 3165
1703 1659
1705 1861
1707 1906
1711 2999
1712 3207
1713 15
1713 3044
1714 1508
1714 2391
1717 850
1717 1821
1718 2348
1719 1401
1720 1123
1720 2397
1722 1663
1724 2647
1725 3481
1726 2167
1728 3148
1729 516
1729 1116
1730 3035
1731 424
1731 1030
1733 767
1733 3352
1734 400
1735 1136
1735 1456
1736 1588
1738 2641
1739 1705
1741 1351
1741 2307
1742 3403
1743 3183
1743 3231
1744 618
1747 417
1747 825
1752 519
1753 1941
1754 2086
1755 1394
1757 908
1757 1810
1760 2370
1762 216
1763 454
1763 3110
1764 1538
1764 1616
1770 176
1772 296
1772 1160
1776 1389
1776 1963
1776 2372
1776 2599
1776 2835
1778 537
1780 2981
1783 1598
1783 2087
1784 135
1784 794
1785 2660
1789 1832
1789 2815
1791 319
1793 2238
1793 3303
1795 2314
1796 1816
1797 651
1797 1135
1799 3130
1800 781
1807 250
1813 2128
1814 2142
1817 3332
1817 3415
1818 188
1819 549
1820 2760
1822 458
1822 1070
1822 2740
1824 165
1825 1211
1828 2875
1828 3116
1831 58
1831 702
1832 431
1832 3039
1833 2061
1833 2196
1834 2080
1835 2734
1835 2879
1836 653
1840 201
1844 428
1846 1267
1848 2043
1848 2167
1849 477
1850 1870
1853 3361
1856 786
1858 632
1858 1103
1861 233
1861 670
1862 145
1863 1010
1864 1741
1865 2644
1867 2374
1869 1886
1870 66
1870 1117
1870 1413
1872 191
1872 1401
1872 2914
1873 570
1873 2598
1874 2684
1875 1675
1879 2534
1881 779
1883 630
1883 2965
1883 3082
1884 47
1884 3456
1885 2072
1887 108
1887 1070
1891 2546
1891 2767
1895 2581
1896 879
1897 477
1897 848
1898 1412
1898 1572
1899 1379
1899 1581
1900 952
1903 1081
1904 1082
1907 1787
1908 1442
1909 1432
1909 1885
1909 2764
1910 326
1910 1849
1913 669
1915 533
1917 2007
1919 3083
1920 3447
1921 40
1922 868
1923 1415
1924 1926
1925 1998
1926 218
1926 1505
1927 862
1930 2174
1931 99
1932 1422
1933 1346
1934 1459
1937 184
1938 425
1938 992
1938 3288
1941 21
1941 1673
1941 3139
1942 615
1942 2795
1944 336
1944 552
1944 766
1944 2246
1945 2267
1949 2677
1950 758
1950 1988
1951 1690
1951 3116
1953 3357
1954 173
1955 3375
1956 1825
1956 3367
1957 1709
1961 2753
1962 1778
1962 2747
1964 829
1967 709
1967 957
1969 1733
1969 3232
1970 2649
1971 956
1973 2386
1974 2693
1974 3324
1974 3346
1975 2649
1976 15
1976 1599
1980 1884
1981 1916
1981 2095
1983 2320
1983 2690
1984 3045
1986 534
1986 3073
1988 2292
1989 2575
1991 1283
1991 1806
1991 1850
1992 289
1993 385
1993 2005
1993 2589
1994 1719
1995 1259
1997 1103
1998 95
1998 3165
1999 2513
2001 2389
2002 1894
2005 2048
2007 551
2007 1578
2010 2965
2012 11
2013 1325
2015 324
2015 1703
2018 2905
2023 1427
2024 1864
2025 48
2025 3078
2026 1737
2027 1307
2027 2237
2027 2822
2028 1075
2029 3246
2030 569
2032 1634
2032 2674
2033 944
2035 110
2035 1137
2037 595
2038 627
2038 1726
2039 650
2040 574
2042 1184
2046 788
2046 790
2047 1078
2047 2920
2053 939
2053 1602
2054 2625
2056 1760
2056 2658
2058 1550
2058 3115
2059 2528
2060 2639
2060 2871
2063 3384
2064 2249
2065 349
2066 1460
2067 3334
2068 1904
2071 2195
2071 2211
2072 1454
2072 2553
2072 3111
2072 3191
2074 2150
2076 1963
2077 8
2077 2635
2079 423
2079 459
2082 1813
2083 2712
2083 3491
2084 450
2085 697
2085 2378
2087 589
2089 1458
2090 988
2091 3225
2094 916
2094 1041
2094 1219
2096 540
2096 700
2096 2315
2097 396
2097 1684
2097 1748
2098 3302
2099 2150
2101 1731
2102 923
2102 2287
2102 2689
2103 734
2103 2281
2106 3394
2107 688
2107 3122
2115 210
2116 3150
2117 316
2118 1466
2118 2779
2119 790
2120 1211
2121 216
2121 387
2122 1272
2124 3267
2124 3302
2125 3465
2126 886
2129 1191
2130 468
2131 1017
2132 1570
2133 479
2134 3216
2135 2435
2136 2434
2137 3008
2138 2363
2140 1202
2142 2733
2143 1577
2145 974
2145 1494
2146 1253
2148 1802
2149 234
2150 971
2151 3156
2154 276
2154 1954
2155 1665
2156 2728
2157 2824
2158 257
2158 3390
2162 1471
2162 3417
2165 1068
2168 2893
2168 3235
2169 1940
2172 2443
2174 1457
2178 1809
2179 1746
2179 1838
2180 231
2180 2843
2182 1620
2182 1882
2182 2431
2183 979
2183 2157
2184 659
2184 1585
2184 1628
2184 2999
2187 747
2187 2698
2189 564
2191 1356
2191 2403
2192 1386
2193 1426
2197 2213
2198 853
2202 839
2202 1658
2203 2952
2204 1258
2204 1831
2205 64
2208 1543
2209 2005
2212 2126
2212 2997
2216 1805
2218 1397
2219 1632
2219 3042
2220 187
2221 2650
2222 1724
2224 1487
2224 2614
2226 2173
2227 1193
2227 1660
2227 2357
2228 957
2229 2659
2230 621
2230 2855
2231 223
2232 186
2233 2349
2234 490
2235 1915
2236 3283
2238 2145
2240 1646
2241 2375
2245 2739
2245 3025
2249 1166
2249 2932
2250 1688
2250 2808
2253 2132
2253 2202
2253 3257
2255 1282
2255 1549
2255 1879
2256 1651
2256 3145
2257 1070
2258 2738
2259 956
2259 3244
2260 2866
2262 650
2263 1712
2263 1799
2264 1098
2264 3324
2264 3463
2269 2950
2270 2790
2273 517
2275 107
2275 1335
2275 2870
2278 1978
2279 1395
2280 1606
2280 2027
2280 2312
2286 1353
2287 503
2289 1660
2289 2751
2289 3034
2290 2967
2294 921
2294 2400
2294 2998
2297 2813
2298 3035
2301 985
2301 3047
2301 3388
2303 647
2304 2390
2304 2931
2306 595
2307 1253
2307 2803
2308 3387
2309 273
2310 1343
2312 2784
2313 3080
2314 471
2314 502
2316 682
2316 2581
2321 428
2322 390
2327 1788
2328 2831
2329 1243
2332 2580
2333 923
2333 1996
2335 3142
2336 2881
2338 2057
2339 498
2340 2472
2342 404
2342 2459
2345 89
2347 279
2347 410
2347 1758
2347 2490
2349 1810
2349 3430
2350 1371
2350 1853
2351 24
2351 733
2351 2512
2353 2216
2354 798
2356 1105
2357 855
2357 2439
2358 153
2359 2306
2360 1404
2360 3499
2365 1809
2366 1854
2369 378
2369 3132
2370 805
2370 2333
2371 2427
2372 764
2374 590
2376 878
2376 1910
2376 2709
2378 620
2379 206
2381 2984
2381 3399
2382 1816
2382 2229
2383 2490
2385 2455
2387 47
2387 95
2387 1747
2388 1638
2391 1377
2392 334
2392 1458
2394 776
2395 1423
2395 1528
2395 2583
2395 2883
2398 739
2401 1547
2401 3442
2402 3292
2403 2436
2405 1293
2408 1417
2410 844
2410 1495
2410 2029
2414 1229
2419 141
2419 1462
2421 1468
2423 2014
2423 2834
2424 2540
2427 3261
2428 435
2429 1063
2429 1162
2429 2622
2429 3316
2430 312
2430 643
2430 1922
2430 2534
2431 258
2431 1766
2433 1228
2433 2360
2435 2438
2438 1615
2440 882
2440 1128
2440 2413
2443 2653
2444 1862
2446 2413
2447 2381
2448 2523
2450 212
2451 675
2451 1346
2451 3098
2453 1337
2453 1970
2457 1090
2457 1882
2457 2895
2458 2222
2459 767
2459 2139
2462 1930
2463 74
2463 894
2465 2390
2465 2423
2465 2591
2466 638
2470 904
2472 2122
2473 1190
2473 2627
2477 90
2479 571
2481 1062
2481 1688
2481 1941
2481 2867
2481 2908
2481 3017
2482 1155
2482 1907
2483 867
2483 944
2486 1068
2488 1189
2488 1621
2491 1639
2492 286
2494 2713
2495 1140
2495 2289
2497 701
2498 1266
2499 1595
2499 2821
2501 131
2501 474
2501 965
2501 3430
2502 387
2503 2709
2505 2960
2507 659
2508 120
2508 2021
2510 1437
2510 2308
2511 1672
2512 3320
2513 2598
2514 2796
2517 3452
2518 347
2518 700
2521 1147
2521 3417
2523 2356
2525 680
2525 3081
2526 671
2530 3140
2531 888
2531 2468
2533 1251
2534 2231
2535 798
2535 2940
2536 3461
2537 389
2538 2909
2539 3096
2540 469
2540 2076
2541 1432
2541 2762
2543 262
2543 2750
2546 2763
2547 3208
2547 3349
2548 1058
2550 1227
2550 3325
2551 3118
2553 88
2553 144
2553 506
2554 340
2558 1138
2558 1513
2559 714
2561 2801
2562 1462
2562 3497
2563 2427
2567 1115
2567 1749
2567 1994
2571 2924
2573 3032
2575 2745
2578 737
2579 1773
2584 1308
2585 437
2585 2212
2586 2712
2590 3210
2593 1121
2593 1296
2595 3
2595 3069
2596 1859
2597 834
2597 1532
2598 1210
2599 841
2599 2688
2600 562
2601 2098
2602 1254
2602 1332
2602 2542
2602 3015
2603 3381
2608 966
2609 46
2610 1447
2611 3419
2615 145
2616 1023
2617 2769
2618 67
2618 3071
2619 1332
2620 3177
2622 1493
2622 2192
2624 1057
2628 1297
2629 3168
2631 669
2631 1911
2636 835
2637 1581
2639 3088
2640 782
2640 1596
2641 3080
2641 3106
2642 666
2642 732
2644 2236
2645 1546
2645 1647
2646 708
2646 1136
2653 1363
2654 116
2655 2889
2656 3236
2658 275
2659 655
2659 1841
2660 232
2663 2278
2667 2310
2667 2326
2668 664
2668 1138
2670 192
2674 644
2675 476
2675 1840
2675 2955
2676 522
2677 2221
2679 618
2680 1772
2680 2495
2681 406
2682 816
2682 1243
2684 887
2685 2570
2685 2968
2686 1116
2686 1859
2687 1657
2687 2506
2687 2926
2688 950
2690 3358
2691 3474
2693 1902
2697 1649
2699 2592
2699 2674
2700 1360
2700 2021
2702 598
2702 2570
2702 3064
2703 2841
2703 3370
2704 2575
2705 84
2705 1959
2706 1274
2707 338
2709 331
2710 2721
2712 2881
2713 2381
2715 1172
2716 141
2716 431
2716 2807
2719 3206
2721 350
2724 2445
2729 272
2729 508
2729 1590
2730 389
2730 2098
2730 3445
2734 300
2734 1598
2734 1795
2734 2551
2735 825
2735 923
2735 1081
2737 2859
2739 2233
2739 2293
2740 1529
2740 1774
2740 2148
2741 1272
2741 2289
2743 1729
2744 520
2745 2776
2746 2795
2748 71
2748 629
2748 3211
2750 2436
2752 488
2752 2234
2752 3350
2754 3251
2755 658
2755 2651
2756 2388
2758 1739
2758 1932
2758 3196
2760 1537
2762 3212
2763 2574
2765 2361
2765 3445
2766 1093
2768 1451
2768 2212
2768 3179
2770 2195
2770 3028
2772 2213
2772 3159
2774 590
2775 871
2777 3000
2781 884
2782 692
2782 893
2783 2804
2785 983
2786 2037
2787 3416
2789 898
2789 2836
2792 1571
2792 1584
2793 720
2793 3177
2794 2633
2796 1895
2798 1752
2801 2163
2802 2168
2803 285
2805 2128
2807 1432
2808 2173
2810 1672
2812 3073
2813 1498
2815 573
2818 492
2820 122
2820 1273
2820 1424
2822 1963
2822 3138
2822 3231
2824 3220
2825 426
2829 482
2829 768
2829 817
2835 67
2835 2488
2839 1912
2840 2440
2841 506
2842 2158
2844 1516
2846 2213
2846 3331
2847 3483
2849 3410
2851 1496
2852 1049

