960 8676 1736
1 1
1 6239
1 7983
4 1807
4 7162
5 6105
6 233
6 7102
7 4452
7 4509
7 7958
7 8379
7 8467
8 354
9 2342
9 2659
9 7838
11 4540
11 8069
13 3242
13 3894
13 5523
14 595
14 5086
16 5760
16 5793
18 6546
19 1786
19 4458
19 7010
20 5644
20 6404
21 100
21 5320
21 7509
22 1731
22 2705
22 4791
23 7588
23 7943
23 7957
24 1604
24 6087
24 7439
25 440
25 8004
26 5209
26 6648
26 6684
27 5265
27 8503
28 7859
31 7624
31 7732
31 7754
32 2634
32 4079
33 283
33 286
33 796
34 2076
34 6587
36 4212
36 5423
36 6011
36 6854
37 916
37 6450
37 7420
38 1901
39 1224
39 2878
40 3266
41 63
41 2363
41 2755
41 3322
42 1801
42 3245
43 2767
44 1901
45 3962
45 8042
46 522
46 2991
47 2649
48 4070
48 4419
50 2128
50 4532
52 5040
53 1835
53 2176
53 8001
54 7627
55 7930
56 1776
56 5898
57 6329
57 7194
57 7811
60 2811
60 5715
61 834
61 4969
63 1469
63 4587
63 5344
63 5754
64 3685
64 4452
64 8595
65 5077
67 1876
67 4446
68 42
68 6415
70 4654
71 142
71 2970
72 768
72 5823
73 6922
74 1175
74 2903
74 7413
75 3808
75 5635
76 1181
76 6640
77 5188
77 6464
78 4723
78 7003
78 7889
79 3920
79 4859
80 1426
82 2165
82 5421
83 2502
83 5311
83 6694
83 7493
83 8637
84 4791
84 8146
85 100
85 3220
85 8280
86 683
86 4573
87 8673
88 5701
89 1949
89 6236
90 1802
90 6863
91 2759
92 3053
92 5232
93 4956
94 3594
94 7236
95 2746
95 6173
96 7613
97 4871
98 3361
98 7322
99 2377
100 5121
101 4655
101 8054
102 2019
102 3434
102 6538
106 620
107 155
107 6592
107 6742
109 2128
109 2357
109 5161
109 7258
110 6461
110 7547
111 3
112 1408
112 4255
112 7769
113 5847
113 6598
114 4799
115 6308
117 812
118 5555
119 978
119 3055
119 3749
120 1299
121 1308
121 4056
121 7086
121 8359
122 6389
123 1869
123 2858
123 5658
124 7748
126 1130
127 2968
128 3928
128 6271
128 7907
129 2553
129 3269
129 5052
131 7908
133 651
133 3595
135 1681
135 5816
135 6459
136 7311
136 7829
137 2057
137 4775
137 6485
137 6644
138 4374
138 4492
139 639
139 1001
139 4103
139 6032
140 5504
141 1418
141 1612
142 1311
142 5096
143 2233
143 2563
143 5721
143 6489
143 8641
145 1663
145 2752
147 4048
148 1024
148 4899
149 4344
151 6867
153 6525
153 6547
154 1050
154 4982
154 5022
155 50
155 4431
155 4818
156 2865
156 3400
156 4061
156 4793
156 5318
156 7485
157 712
158 2148
160 7915
161 1900
161 7528
162 5952
163 2493
163 5349
163 6630
163 8300
164 7566
165 1550
165 2262
165 5348
165 5878
166 2213
166 3106
166 7450
167 1759
167 2441
167 4674
167 5694
167 5987
168 464
168 1448
168 5124
169 694
169 1140
171 6702
172 2537
172 5839
174 986
174 4040
174 4511
174 5118
174 8254
176 2189
176 3774
176 8308
177 5616
178 240
178 2218
178 2448
178 5223
180 6200
181 330
181 3025
181 3106
181 4280
181 4582
181 7489
182 896
182 3603
182 3733
183 3412
183 5726
183 6987
184 3065
185 6467
186 8387
188 8653
189 5344
189 8277
190 360
191 7423
193 480
193 4505
193 5405
193 8084
193 8492
194 3761
195 1252
195 3573
195 6031
197 3512
198 5808
199 368
199 2288
199 5534
199 7903
200 4427
200 6285
201 5758
202 5118
203 3232
203 4133
204 6184
207 884
207 6534
208 6170
209 2130
211 2650
211 3585
211 4648
212 6808
212 7727
212 8054
212 8237
214 324
214 4268
214 5584
215 2643
215 5237
215 8107
216 4151
217 1481
217 5206
217 6329
217 6815
218 1253
218 2656
219 3337
219 3757
220 7286
220 7564
222 1741
222 1902
222 3988
223 344
223 1291
223 4777
223 5874
223 6766
224 3610
224 5098
225 1912
225 4433
225 5171
227 6268
227 6278
228 1886
228 4815
228 7751
230 666
230 1440
230 4878
230 6441
230 7538
231 1198
231 1771
232 4042
233 3381
233 5373
233 7180
234 2363
235 103
235 6574
235 6667
236 789
236 2070
236 3021
236 4708
236 5329
237 1594
238 8324
239 5618
239 7041
240 2931
240 6154
242 2281
242 3252
242 4698
245 3194
245 7639
246 5001
246 5120
247 3992
247 4439
248 5198
248 6448
249 639
249 1571
250 864
250 3374
250 4494
250 8105
251 3535
251 8471
252 2530
252 3367
253 6827
254 4556
255 4643
256 8588
257 611
257 2096
258 7405
259 2545
259 3503
259 7993
260 8144
261 7984
262 1172
262 7941
263 2667
263 6505
263 7803
263 8348
265 3677
265 3825
265 4519
265 5722
267 7244
268 1885
268 2539
269 3776
269 4077
269 5583
270 1114
270 6218
270 6540
271 900
271 5480
272 6553
272 7051
272 8293
273 104
273 7475
274 6104
275 4337
276 4789
276 5776
277 2570
277 6088
278 4777
278 6936
278 8477
279 890
280 6804
280 7915
281 1148
281 3784
281 4724
281 5683
281 7319
282 484
282 2066
282 2316
282 4588
283 69
283 343
284 5129
287 6391
287 7931
288 5258
289 1677
290 4080
290 7955
291 2612
291 5453
291 6803
293 7635
294 7165
294 7427
294 7765
295 1301
297 2755
297 5747
298 8628
299 2188
300 1453
300 3152
301 2369
301 5486
302 1330
302 5814
305 4023
306 458
306 5146
306 5357
306 6301
308 2265
308 8166
309 2295
309 2841
309 4448
309 7808
310 3638
311 4801
311 5248
311 6906
315 5297
315 5877
315 6057
316 6147
318 2131
318 2396
319 246
319 4369
319 6922
320 4284
321 7744
322 3005
323 4458
323 6415
324 673
324 2610
324 3354
324 5087
326 5605
326 7174
327 1506
328 3235
328 3714
328 5556
328 6938
329 3407
329 5646
330 1670
330 3238
330 7706
331 6688
332 3452
333 7695
334 3143
334 4850
335 5622
336 1071
337 954
337 3630
337 4129
338 930
338 5089
338 5091
339 3879
339 6656
339 7847
339 8420
340 5027
340 7846
341 4035
341 5357
341 6499
341 6908
342 5029
342 5318
344 59
344 1749
344 2868
344 7954
345 367
345 5441
347 379
348 1370
348 1474
348 2187
348 7358
349 3609
349 4426
349 7242
350 2107
350 6007
350 8675
351 786
351 1048
352 186
353 2107
353 2413
353 6857
354 2433
354 7957
354 7970
354 8466
355 429
355 4587
355 8534
358 4262
359 220
359 7476
360 5495
362 962
363 1087
365 3781
365 6780
365 8065
366 3461
366 6034
367 2196
367 2748
367 4465
368 3340
368 3844
370 5783
370 7845
372 5486
373 4133
373 7186
373 8519
374 920
374 4297
374 5170
374 8037
375 6158
375 7203
376 781
377 4665
377 5144
378 8474
380 2083
380 2963
380 4465
381 561
381 2276
381 2631
381 5361
382 7530
382 8048
383 4921
384 1368
385 59
386 97
386 7584
387 33
387 152
387 348
387 2807
387 4417
388 6378
390 2251
390 4835
391 159
391 439
391 1004
391 1741
392 1233
392 4319
393 157
393 1428
394 1329
394 1922
394 6267
394 6371
396 5775
396 8560
397 2384
398 503
398 3439
398 7184
399 828
399 6779
402 2874
402 8318
403 437
404 65
404 4852
405 5707
406 131
407 1721
407 1815
410 3907
410 5999
410 6038
411 3258
411 3857
411 7192
411 7611
411 7809
411 8485
412 2790
412 3606
412 4261
413 1402
413 2647
413 5119
415 171
415 684
418 2562
418 3110
418 7574
419 2228
419 4573
419 8105
420 5660
421 936
421 1848
421 2945
422 3109
422 6550
422 7501
422 8463
423 3223
423 4653
423 5562
424 584
424 846
424 2035
424 2871
425 1835
425 5322
425 5760
425 6177
426 6110
427 1458
427 3479
427 3790
427 6185
428 2408
429 3407
429 5175
431 2804
431 7346
433 1367
434 2262
434 5847
434 6225
434 8021
434 8367
435 155
435 1975
435 8607
436 307
436 8653
437 1803
437 3885
437 7508
438 2273
438 7036
439 1350
439 3827
440 4396
440 4779
440 8403
441 2262
441 3520
441 3822
443 5038
444 715
444 782
444 895
444 4203
445 2053
445 3465
445 8324
446 3619
446 7886
447 191
447 7439
447 7729
447 7733
448 443
448 7817
449 811
449 1199
449 5952
449 6802
450 8433
451 474
452 1107
452 4649
452 5469
452 5644
457 5661
458 1489
458 4114
459 2005
459 2152
460 1004
460 5281
460 8479
462 31
462 992
462 1706
462 4253
462 6486
465 1928
465 3629
466 1152
466 2125
466 2873
466 6499
466 7401
469 5026
470 497
471 4812
471 4917
471 4926
471 5878
471 7575
471 8291
473 2559
473 5448
475 86
475 1540
476 4108
477 1166
477 3310
477 5000
477 5277
478 7013
479 1406
479 3412
479 4617
480 4499
480 4826
480 7136
482 904
485 7478
486 1941
487 811
487 4454
489 4005
489 8514
489 8640
490 3800
491 4108
491 6905
491 8516
493 141
495 7425
495 8648
496 6785
496 6823
498 109
498 625
499 4992
499 6826
500 5599
500 6311
501 6473
501 8507
502 2354
502 7470
503 902
504 7797
505 4344
505 5434
505 7825
506 825
507 2267
507 3014
507 4303
508 2142
508 2511
508 4947
509 7007
510 4020
510 5901
510 7606
511 287
511 1552
511 4566
512 2695
512 5550
513 4419
514 168
514 3086
514 3375
515 6757
516 698
517 6578
517 6992
519 477
519 2144
519 4131
519 5086
520 333
520 1461
520 2560
520 3114
520 3161
520 4331
521 2019
521 3354
521 8186
522 6726
523 5272
524 232
524 1380
525 2989
525 4913
525 6474
525 8069
526 280
526 2136
526 7467
527 4382
528 2476
528 7856
529 984
529 1845
530 7637
532 3539
532 7458
536 3859
536 5730
536 6494
538 4897
539 3922
539 5376
539 5742
539 7979
540 1094
540 1283
540 3418
541 2876
541 5661
541 8473
542 2005
542 2296
542 3193
543 376
543 8516
544 7724
545 1119
545 2380
546 1662
546 6702
546 7722
547 261
547 1647
547 2723
547 3356
549 958
550 2830
550 4509
551 1053
551 6533
551 8105
552 2855
552 4253
553 7296
553 7489
554 2870
556 2388
556 4672
556 5523
557 3228
557 7778
558 4838
558 4856
558 6022
558 6090
558 8641
560 5388
560 5540
562 979
562 8590
563 3875
563 4703
563 7185
564 3644
565 5072
566 1939
566 4409
566 7921
567 7537
569 3473
569 4312
570 2084
571 6256
572 1695
572 7726
573 1107
573 2722
574 2985
574 7116
575 1155
575 2085
575 3599
576 1161
576 1779
576 4335
576 7483
577 3345
577 6895
578 2941
578 3206
580 1296
580 3920
580 3928
580 4241
580 8360
580 8480
581 299
581 3999
582 1891
583 1358
583 2788
583 3907
584 468
584 626
584 4106
585 465
585 5633
585 5862
585 6882
585 8050
586 2887
586 7970
588 853
588 6056
588 6567
588 6754
589 3668
589 4769
590 6012
591 3777
591 7420
592 2541
592 2599
592 2985
592 3498
593 123
593 8143
594 7068
595 298
596 1838
596 2181
596 7534
597 4896
598 1331
598 6162
598 8192
599 1319
599 6320
600 3240
600 6486
601 3688
603 2903
604 592
606 3302
606 4746
607 1975
607 6836
607 7655
609 2037
609 4610
609 5893
610 5961
610 6411
613 2572
614 1940
614 6714
614 6930
615 1650
615 7444
616 7939
617 3475
618 5203
618 6321
620 1627
620 7669
622 5255
622 6961
624 4219
625 111
625 452
627 3756
627 7307
628 5762
628 7334
629 109
629 4411
630 663
630 2010
630 3829
630 4694
631 1077
631 1094
631 2498
631 3346
632 2323
633 1043
633 6342
633 6596
633 7329
634 5510
634 7509
635 108
635 755
635 5179
636 7371
637 1048
637 2102
637 6539
638 1576
638 3193
638 4731
638 5104
638 5142
639 414
639 1771
639 1996
639 2446
639 4232
639 4677
639 7140
639 7467
640 1970
640 3472
641 1378
643 934
643 1349
645 2232
645 5441
646 773
646 2740
646 5412
646 7960
647 5646
648 4311
648 5485
648 6044
649 4804
649 7549
649 7716
650 147
651 8566
654 693
654 7054
656 1930
656 3618
656 4987
657 2860
657 3737
657 3952
657 6313
657 8180
658 1208
658 2767
659 1757
659 2584
660 6297
661 1298
661 2002
663 3091
663 4324
663 4453
664 8396
665 638
666 1177
666 1215
666 8077
667 3337
668 3571
669 4042
669 6154
672 1469
673 1360
673 3442
674 3100
674 3687
674 6416
674 8413
675 3639
676 165
676 1255
676 6855
677 5575
678 551
678 7924
679 2983
680 1337
680 5379
680 7430
680 7527
681 2963
681 3362
681 4180
683 6886
683 7241
684 1337
684 1866
684 4081
685 5250
686 8359
687 4602
687 4693
687 7272
688 6866
689 3900
690 2610
690 4432
690 5781
691 848
691 2588
691 3965
691 4426
691 5026
691 8502
692 882
692 3560
693 2762
693 6242
693 8257
694 1437
695 200
695 5158
697 2275
698 5081
699 3452
700 6086
700 7173
701 6184
701 7453
701 8398
703 4444
703 8153
704 5522
704 6695
706 7050
707 7385
708 465
708 4364
708 5387
708 5578
709 7301
711 5213
711 7712
712 5096
713 7496
713 8163
714 400
714 1425
715 4514
716 959
717 556
717 3418
718 928
718 4015
718 4190
719 446
721 2234
721 6838
722 29
722 797
722 6190
723 4484
723 7532
725 4577
725 7839
726 3164
726 4499
726 6980
727 7158
730 505
730 2661
730 4596
730 6001
731 3412
731 7666
731 8274
732 6980
732 7718
733 3303
733 4270
735 6489
736 913
736 5576
737 4259
738 633
738 2418
739 524
739 7844
741 1131
741 1327
741 4551
741 7172
742 5665
742 6868
742 7156
742 7477
743 1400
744 4595
746 4738
746 5119
746 5583
747 1801
747 4428
747 6849
749 7382
750 3266
751 2670
751 2950
753 3083
754 3317
754 5067
754 5536
755 483
755 690
755 7007
756 5000
757 4636
757 6303
757 7254
758 1770
758 6081
759 67
759 4549
759 8056
760 889
760 1528
760 6381
760 6514
760 6948
762 2534
763 4189
763 5611
764 1239
764 6609
764 7725
765 779
766 5476
766 6104
768 6351
770 1888
770 3806
770 7820
771 1293
771 6511
772 6584
773 2027
773 2511
773 5936
774 7
776 5647
776 6329
776 6508
776 7326
776 8280
777 5560
778 1151
778 1919
780 2183
780 3608
780 6717
780 8240
780 8596
781 1536
781 6130
782 6714
783 265
783 458
783 584
783 4075
783 6063
784 3611
785 7242
785 7738
785 7865
786 166
786 1270
786 1510
786 2330
786 7112
787 7128
788 5905
789 4000
789 5211
790 3522
790 3866
790 4448
790 5056
790 5971
791 1553
791 1682
791 2399
791 8460
791 8462
793 2443
793 3778
795 407
795 772
796 443
796 5843
798 8400
799 4265
799 6384
800 6302
802 2374
803 7808
804 5881
805 3361
805 4795
806 7697
808 5179
809 8378
810 4200
811 6372
812 2095
812 2922
812 3478
813 3385
814 2077
814 3770
814 7943
815 4401
816 463
816 3788
817 610
817 1741
817 2762
817 7799
818 3456
818 7281
819 2277
819 5304
820 3164
821 1978
821 3783
822 278
822 1542
823 2682
824 7001
824 7433
824 8269
825 251
825 1698
825 2196
825 2487
825 2965
825 4628
826 1617
826 2914
828 1845
829 2538
830 4463
830 8224
831 4134
831 4829
832 253
832 3747
833 3893
833 4350
834 2428
834 2832
834 6376
834 8657
835 4386
835 6399
836 7556
836 8568
837 1177
838 2166
839 2225
839 3606
840 3066
840 3320
840 5816
840 8525
841 2802
841 3971
841 6078
842 2707
842 4325
842 6233
843 1800
843 3972
844 2577
844 5989
844 8633
845 2070
845 4605
845 4857
846 6387
848 475
848 1051
848 6246
849 6135
850 2643
850 2822
851 1302
851 2234
851 2908
851 5828
851 6726
851 7262
851 8033
852 1701
852 2182
852 8473
853 1811
853 4198
854 3527
854 4054
855 517
855 2108
855 2352
856 6092
857 2705
857 4490
858 1837
859 5908
860 2661
860 4581
860 7687
861 5725
863 959
863 2090
863 2198
864 1594
864 3229
864 3391
864 7915
865 7420
865 7636
866 2932
866 6768
867 8484
868 1284
868 2492
869 3021
869 6273
869 8047
870 1537
870 2456
870 2661
872 767
872 5965
872 7095
873 2395
874 6246
876 7951
877 2217
877 6228
877 7056
878 4443
879 1996
879 2363
880 11
880 3859
881 681
881 7323
881 8553
883 983
883 2801
883 5534
883 7798
883 8562
884 7268
886 1053
887 1353
887 2455
887 7785
887 8577
888 4195
888 6131
888 7033
890 1637
890 3732
890 8039
893 523
893 4262
893 5057
894 3118
894 4845
894 8055
895 4015
895 4077
895 6891
896 3838
896 5297
896 7734
898 2246
898 5178
898 7482
898 8305
899 187
899 5955
899 7822
900 2113
903 3980
904 4665
904 6677
904 6693
905 2787
906 594
906 1218
906 8605
907 2873
909 2936
910 2122
910 8431
911 4773
912 4137
913 5594
914 2060
915 6521
915 7018
917 7391
917 8349
918 474
918 1975
918 8440
919 2978
919 4496
920 2862
920 6977
920 7777
921 3766
921 5059
921 6931
921 7667
922 1201
923 843
923 6069
925 1802
925 2731
925 5093
926 266
926 2440
927 1591
929 1739
929 4256
929 7624
929 7661
929 8624
930 2273
930 3982
930 4047
930 5050
930 5514
930 7588
930 7644
930 8156
931 4863
932 789
932 1703
932 3436
933 405
933 1060
934 2429
934 6973
934 8007
934 8488
936 3236
936 4005
938 821
938 2520
938 2630
938 6003
939 6532
939 8325
940 2399
940 5147
941 8251
942 7245
942 7290
942 7483
943 2374
943 4004
943 6513
944 4021
944 4903
944 7299
945 1869
946 3313
948 804
948 2048
948 3041
949 1167
949 2315
949 4325
949 4603
950 370
950 1646
951 1239
951 5112
952 581
952 8362
953 6332
954 4208
955 81
955 2833
955 5951
955 7384
956 4615
958 6940
958 8122

