1845 3147 942
1 1
1 449
2 1494
4 898
6 1254
8 2390
11 1993
13 2995
14 958
14 2856
15 189
17 230
19 105
21 1278
23 980
23 1947
25 300
27 987
28 213
31 1763
32 1349
33 1659
34 940
37 1877
39 2219
43 688
46 1665
47 1937
49 723
49 2070
56 1702
56 3048
59 362
59 1689
59 3067
61 62
61 1559
62 3138
63 613
63 982
63 2205
64 511
68 1811
69 1219
69 2660
71 196
72 2667
73 965
77 2122
80 972
86 2039
91 408
91 2118
92 1569
95 2842
96 1119
101 2097
102 1215
103 1975
104 1275
107 2027
109 1474
112 1593
112 3118
114 2919
115 1591
116 442
118 2890
123 306
125 3145
127 2124
129 670
131 1023
140 751
143 870
144 1595
144 1945
145 1027
145 1783
147 2283
150 2957
152 1866
154 936
154 1587
157 144
159 2769
160 592
165 1276
168 2327
168 2437
169 421
170 1648
171 1077
171 1601
172 2355
174 82
174 221
174 1389
182 1882
184 1921
185 1819
190 1339
190 2288
191 694
191 1188
191 2615
192 2004
193 1570
193 3137
195 1870
197 2235
198 1390
200 25
213 336
217 695
219 1276
219 1748
221 255
222 3141
224 1467
224 2399
226 2154
228 1380
229 1265
235 272
240 823
241 618
242 1025
242 1331
243 275
245 2222
246 2578
253 271
253 1368
253 1748
254 1778
256 2669
258 633
261 1854
264 2522
267 1524
269 2572
270 1665
270 1685
270 2369
273 2399
274 973
274 2084
275 19
280 2232
286 835
291 2715
297 1533
301 1916
303 1936
308 715
309 3026
312 504
314 783
314 2776
315 3119
318 1309
318 1536
318 2654
321 24
321 31
323 766
324 2810
328 55
331 615
334 1510
335 3027
336 369
338 509
340 1916
341 903
341 1754
341 1939
343 1515
345 855
346 339
346 2280
347 392
350 2448
351 1111
353 2085
354 2249
356 1809
358 1276
359 1254
363 656
365 2201
368 1214
374 1425
376 2617
378 2272
379 2503
381 2650
387 1829
390 1393
390 1603
392 447
394 2413
395 275
395 630
398 2120
399 2832
400 2027
402 1236
408 725
408 1809
409 279
409 2025
410 2914
411 1802
413 1152
414 2552
416 1094
416 2308
419 1019
419 1483
421 2279
423 2166
424 1644
426 3126
428 2267
429 268
432 285
432 1195
432 1453
434 458
434 2187
436 2925
438 2662
439 2430
439 2527
439 3034
441 2498
442 1646
442 1686
444 2461
446 2846
449 1279
450 1459
451 2209
451 2610
453 911
453 1132
453 2220
453 2831
456 1274
458 2877
461 580
462 936
466 1269
469 958
470 974
472 1435
473 2711
478 3079
481 511
487 3047
491 1715
494 1834
497 554
497 1035
499 2560
501 2657
507 2018
507 3146
509 519
509 3021
510 2331
512 2704
514 2541
514 2724
516 1018
516 2751
517 2822
519 2485
520 436
520 838
521 2353
523 2570
525 2447
528 1417
529 1326
531 2513
532 910
536 1645
537 21
538 2755
541 2879
542 70
546 2693
549 1378
553 2497
558 711
563 871
564 239
566 324
566 831
568 2754
568 2789
569 605
569 2583
574 564
577 333
577 850
577 2592
579 1481
581 1687
582 1954
583 2392
583 2560
585 1943
587 1640
588 1948
589 1509
590 2211
591 817
591 1754
600 570
608 73
608 874
610 216
611 850
611 2895
611 3122
613 1053
614 2115
615 65
615 3041
618 1982
624 940
624 2840
625 823
629 311
629 2656
630 199
630 1980
631 2943
633 1189
635 2465
636 1647
637 190
639 1457
640 2389
641 2988
642 3047
644 2973
645 23
645 855
645 2583
646 3091
650 2468
651 425
653 3104
655 1157
655 1184
656 678
657 1996
657 2334
659 2615
661 1126
670 2242
672 2060
672 2180
673 1786
674 1646
677 2183
680 2195
683 318
683 2500
684 957
686 1165
687 301
688 1379
693 964
693 1546
694 1081
697 1628
701 498
701 559
704 350
706 2494
707 2435
707 2779
712 3128
718 1056
718 2943
724 523
725 309
725 1875
727 725
730 2744
734 1521
734 2325
735 1129
739 1078
740 691
742 654
743 2016
744 123
744 1740
745 919
746 2868
747 2398
748 2228
752 2875
753 1925
756 455
758 637
762 531
762 2427
771 2625
773 675
778 1103
779 2235
781 2446
782 2750
783 2217
784 1976
786 1934
789 672
789 1551
791 1106
792 1361
792 2344
796 1209
801 1867
801 2963
803 1801
803 2423
817 665
817 2811
818 577
822 60
822 3069
827 1613
831 2351
836 1177
840 2852
843 1148
846 2116
847 2368
852 2624
853 2229
855 2503
857 783
860 660
860 1891
864 467
864 3133
865 98
865 767
867 1347
868 1212
868 2736
869 1598
869 1695
870 1454
871 105
872 2779
873 1489
874 922
876 1553
879 425
880 3002
881 1001
883 1435
887 106
887 915
888 28
888 2692
890 1326
891 165
891 1256
894 1421
894 2553
896 1975
897 326
898 274
900 3038
901 213
904 437
904 2321
909 293
909 489
910 2160
913 1779
917 2550
921 1846
922 971
924 568
927 2861
930 1100
932 1545
934 1379
935 1327
943 3065
947 967
953 2129
954 1002
954 2401
958 1206
960 523
961 3103
962 2244
962 2444
963 2085
966 2399
971 2435
975 1151
976 2856
977 510
979 487
979 655
979 727
982 1688
983 3019
985 2315
988 2387
989 2893
989 3006
990 378
993 233
996 867
997 494
997 925
997 1330
999 511
999 1358
1003 1580
1005 3030
1006 552
1006 1779
1009 2274
1011 3116
1012 767
1012 1817
1018 946
1021 578
1021 1417
1027 2134
1028 1992
1028 2222
1030 1367
1031 1131
1032 1217
1036 382
1036 2950
1038 2314
1040 69
1040 1507
1040 2199
1041 1857
1041 1940
1045 2765
1049 1293
1051 173
1054 586
1058 2500
1059 73
1060 2234
1063 478
1063 2596
1066 173
1067 1867
1080 1919
1082 983
1084 2085
1088 508
1090 944
1092 1705
1095 600
1098 2445
1101 589
1102 2646
1104 2235
1106 2378
1107 1020
1107 2796
1110 2500
1115 2457
1116 683
1116 1172
1128 721
1134 122
1136 2642
1137 2269
1139 1331
1144 1907
1148 1637
1151 2889
1154 1734
1155 94
1161 2153
1164 3091
1166 2494
1168 2864
1170 684
1170 1154
1173 3106
1174 1989
1175 1558
1177 2057
1179 1572
1180 29
1181 627
1183 1488
1187 58
1189 533
1189 1531
1193 2719
1199 1131
1202 2417
1206 1161
1207 257
1208 860
1210 2944
1214 2273
1216 2563
1218 2274
1218 2951
1221 2395
1222 2237
1224 2554
1225 2967
1233 369
1233 2910
1236 1794
1236 2361
1241 515
1241 1150
1243 2623
1245 2844
1247 1006
1247 1576
1248 1611
1251 1274
1258 1500
1260 2861
1262 2766
1265 985
1268 2794
1274 388
1275 1708
1276 775
1281 2312
1284 2086
1287 887
1288 1627
1291 2365
1292 547
1298 2761
1301 2793
1303 1239
1303 2896
1304 1774
1306 2466
1308 197
1309 2675
1310 504
1312 811
1312 2893
1313 644
1314 1022
1315 264
1319 1293
1320 160
1320 308
1322 517
1322 1394
1322 2623
1323 780
1323 1904
1327 1125
1330 2086
1335 1458
1338 369
1340 1938
1344 1586
1344 2817
1347 2359
1350 835
1352 219
1354 2436
1354 2626
1354 2847
1355 3009
1357 2525
1357 2845
1359 1647
1362 956
1370 912
1371 1593
1375 2702
1379 1612
1381 1937
1382 763
1386 77
1392 570
1392 820
1394 73
1396 2695
1397 1327
1400 2410
1401 2139
1406 1883
1407 1171
1409 2217
1411 423
1412 62
1412 2091
1412 2363
1419 500
1420 1494
1421 2447
1425 403
1425 3054
1428 548
1429 1859
1431 689
1431 1363
1431 3061
1432 521
1433 2770
1434 1768
1438 947
1439 714
1442 1644
1442 2594
1444 1480
1446 1287
1449 2389
1454 1335
1455 2115
1456 2077
1457 2388
1457 2555
1458 925
1458 1856
1459 2579
1461 1264
1463 1640
1464 2052
1465 2511
1468 2126
1474 1517
1474 1905
1476 210
1478 13
1480 2121
1481 2188
1481 2665
1488 1573
1490 756
1491 1748
1493 1989
1494 440
1495 2737
1496 314
1500 2119
1507 838
1507 2420
1508 814
1510 2022
1515 750
1515 1908
1515 2481
1515 2682
1520 2245
1521 3129
1522 90
1522 2652
1525 2498
1526 3039
1529 1837
1530 2129
1533 2393
1535 2817
1536 2449
1539 2706
1540 833
1540 1127
1541 1899
1543 2626
1543 3111
1546 2099
1557 579
1558 1413
1566 2500
1568 1592
1569 315
1572 1086
1574 571
1574 2148
1575 417
1575 1010
1577 2950
1578 1955
1584 67
1586 157
1586 799
1586 2628
1588 45
1591 152
1591 2258
1592 1850
1593 741
1593 1480
1594 2721
1595 2264
1597 2706
1598 1892
1599 2603
1600 2821
1601 2587
1606 1298
1606 1309
1607 3053
1611 2834
1612 1664
1614 381
1614 812
1619 576
1620 305
1624 3125
1627 2362
1627 3063
1629 2960
1631 937
1634 254
1635 872
1635 2428
1640 1252
1640 3020
1641 2392
1641 2866
1642 2822
1644 137
1646 3029
1648 2422
1651 1589
1652 2902
1652 2957
1652 3074
1655 3075
1656 526
1656 2806
1659 2457
1661 2179
1666 1672
1667 1178
1669 2581
1670 1831
1672 42
1677 320
1678 1011
1679 409
1681 1315
1683 2718
1683 3074
1686 1802
1688 3061
1692 2891
1696 1608
1700 738
1701 2175
1702 1865
1703 324
1705 731
1706 120
1708 126
1708 1488
1711 1110
1712 1509
1713 724
1721 188
1730 144
1732 1673
1732 3114
1734 2421
1734 2593
1735 918
1736 2145
1737 1053
1737 2125
1737 2775
1741 1549
1741 2248
1743 419
1748 183
1748 1790
1749 1690
1755 1930
1755 2754
1758 2526
1759 2155
1760 167
1760 1718
1761 911
1761 3032
1762 63
1767 105
1769 2974
1773 362
1779 1765
1782 528
1783 1164
1786 1053
1788 1561
1794 1649
1794 2312
1795 1554
1796 1825
1798 303
1798 594
1804 1424
1804 1648
1805 1839
1805 2374
1806 1776
1807 2464
1809 1009
1809 1356
1812 2658
1815 1596
1821 617
1822 1745
1831 834
1831 1815
1832 1220
1836 1612
1838 1459
1841 2084
1841 2094
1844 1501
1844 2826
1845 996
1845 2758

