1159 5355 2507
1 1
1 4094
3 4397
4 82
4 3836
5 262
5 2808
5 2877
7 2228
9 656
9 1903
9 2659
9 3554
10 3596
12 731
12 1083
12 2064
12 3546
12 4040
13 1604
13 3035
13 3320
13 5186
14 840
14 1701
14 2696
14 3018
14 3282
14 3328
14 4753
15 112
15 896
15 3074
16 596
16 2096
16 2930
16 5308
17 110
17 1241
17 1993
17 3068
18 1394
18 1769
18 3388
19 4434
20 243
20 4774
21 1150
21 4226
22 960
22 1961
24 2896
24 3430
25 4811
27 2205
28 1812
29 3729
30 2920
30 4401
32 846
33 482
33 1000
33 3666
35 546
36 4340
37 3237
37 4066
38 1009
38 2535
39 1283
39 1535
39 2475
40 3652
40 3947
41 93
41 1252
41 4501
42 101
42 1244
42 2640
43 637
43 3097
43 4352
43 4733
44 4297
44 5049
45 1799
45 2277
45 4547
46 151
46 2391
47 1235
47 1506
47 1753
48 1452
48 2308
49 158
49 2528
50 699
51 812
51 1209
52 688
52 2131
52 2447
54 970
54 1594
54 4828
55 1185
55 1188
55 1323
55 1713
55 2676
55 2842
55 4580
56 3959
57 1614
57 5037
58 3308
59 157
59 1973
59 3224
59 3438
60 2306
60 3359
61 191
62 614
62 1008
63 3962
63 4512
64 1359
64 1489
64 4634
65 39
65 631
65 1543
65 4540
67 3644
67 5095
68 1102
68 2906
68 4817
68 5293
69 1659
69 4814
70 3400
71 3450
71 4060
72 997
73 501
73 3009
74 1072
74 3775
75 1636
76 2765
76 3917
77 2388
77 2887
77 5284
79 2342
80 2444
81 3241
82 2478
82 5192
83 2839
83 4741
85 1816
86 3426
87 2491
87 3996
88 1974
88 4922
89 734
90 955
90 1117
90 3197
90 4129
91 225
91 1481
92 3869
93 2536
93 2838
94 1183
94 3519
95 1400
96 3068
96 4936
97 3059
97 3884
98 417
98 1628
98 3589
98 4636
99 2460
99 3420
99 4692
99 5005
100 636
100 1202
100 1661
100 4199
101 811
101 1111
101 1904
101 2539
101 4704
102 45
102 3610
103 910
103 3003
103 3596
104 1451
104 2467
106 4380
107 3478
107 3880
107 4621
108 2932
109 1581
109 3986
109 4841
109 5114
109 5270
110 3992
110 4408
111 21
111 3847
111 3898
112 3599
113 1907
113 3706
114 1222
114 5162
115 765
115 1485
115 5333
116 1687
116 3882
116 4246
117 3152
118 1186
118 2623
118 2819
118 4194
119 2232
119 3111
120 858
120 2696
121 2628
121 2664
121 2749
121 3320
121 3428
121 5313
122 324
122 1817
124 2680
125 2693
126 246
126 4072
127 3001
127 3614
128 1657
128 1779
128 2213
128 4916
129 875
129 2713
129 2814
129 4410
130 1137
130 3028
130 4181
131 5041
132 4111
133 1543
133 4529
135 530
135 2200
137 2978
138 2425
139 2073
140 1433
140 2399
140 5331
141 5327
142 2592
143 227
143 476
143 3951
143 4713
144 1636
144 2143
144 3444
145 3959
145 4172
145 4834
145 4976
145 5263
146 524
146 4607
147 3352
147 3578
148 3287
148 4902
149 937
150 681
151 640
151 2092
151 5071
152 3157
153 903
153 2527
154 3588
154 4751
155 5058
156 376
156 2180
157 845
157 3858
157 4871
160 650
160 1923
160 2348
161 1309
163 340
163 479
163 2438
164 1761
164 5160
165 546
165 4283
166 2430
167 742
167 1775
167 5099
168 2652
170 4592
171 2024
171 2886
172 1291
172 1413
172 2128
172 2578
173 2112
173 3181
173 3585
175 2632
176 773
176 3168
177 1140
177 4287
178 824
178 4806
178 5215
179 746
179 1340
179 3518
180 3281
181 1262
181 2729
181 5041
181 5149
182 1929
182 5040
183 3052
183 5259
185 1017
185 4440
186 178
186 1068
186 4600
187 4499
188 2962
189 758
190 996
190 2192
190 2760
191 993
191 3256
191 3442
191 5194
192 2143
192 2526
192 4576
193 145
193 4109
194 353
194 1597
195 3707
195 4759
196 1418
196 1597
196 1701
196 2283
196 2513
196 2860
197 5006
198 3289
200 2344
200 4545
203 1805
203 3706
203 4390
204 229
204 3118
204 5311
205 1814
205 4481
205 4588
205 5038
207 5126
208 119
209 1403
209 1663
209 2351
210 494
210 1058
211 707
211 1390
212 1123
212 1325
212 2341
213 1716
213 1943
213 2810
214 277
214 4737
217 4066
218 960
218 1033
218 1069
220 1110
220 3333
221 681
222 337
222 415
225 873
225 5116
226 872
227 157
227 976
227 1073
227 3637
228 552
229 1051
229 3423
229 4864
231 1112
232 3749
233 502
233 1776
233 2753
233 3105
234 5131
236 1523
236 1682
236 4066
237 3756
237 4657
238 790
238 1313
239 729
239 2879
239 4007
240 990
240 2829
240 5085
241 674
241 2372
241 4688
241 5055
242 436
242 988
242 3795
242 4995
243 1777
243 2669
243 3824
245 401
245 1394
245 1668
245 2989
246 3545
246 5038
247 2313
247 4452
247 5315
248 5109
249 581
249 684
249 2726
250 1487
250 2825
250 3124
251 1026
251 3467
251 4179
251 5203
252 1873
252 3181
252 4855
252 5025
253 632
253 2506
253 2853
253 3055
253 3059
253 3323
254 1806
255 1776
256 919
256 2708
256 2981
257 1198
257 1834
258 4954
259 2097
259 3292
259 4902
260 3385
261 919
262 143
262 2360
262 2937
262 4093
262 4257
263 859
264 885
264 1075
264 2074
264 2493
264 4485
265 2558
266 477
266 1325
267 3032
267 4050
267 4299
268 727
269 330
269 696
269 1028
270 1575
270 1998
271 3220
271 4292
272 2807
272 4798
273 1395
275 539
276 5176
277 726
277 1658
278 1572
278 3846
279 95
279 1339
279 1839
280 2327
281 1264
281 2022
281 2717
281 4654
285 664
285 4715
285 4970
286 818
286 1306
286 4510
287 2090
287 3551
287 4472
287 4842
288 1896
288 2557
289 1726
289 3107
290 3058
290 4211
290 4244
290 5257
291 1237
291 3145
291 3221
291 4556
292 1853
292 2121
292 2538
292 2894
292 3070
293 4450
294 2837
294 2986
294 4111
295 5310
296 449
296 567
296 2894
297 4255
298 1566
298 2080
300 1561
301 345
301 1865
301 2971
302 2238
303 1357
303 3069
303 4858
304 2283
304 2406
304 2559
305 374
305 2978
305 3368
306 775
306 3159
306 4131
307 3566
308 1830
309 1832
309 4515
310 163
311 1982
312 3445
312 3810
312 4547
312 4841
313 3377
313 4202
313 5100
314 1972
314 3924
315 2989
315 4967
315 5024
316 2006
316 2945
316 3081
316 4497
317 1100
317 2618
318 1759
318 2929
318 4329
318 4987
319 3605
320 3286
321 3306
322 3098
322 3917
322 5150
323 740
323 3719
323 4295
324 1086
324 2934
325 4604
326 139
326 1591
326 4066
327 1833
327 2115
327 2917
328 4255
329 281
331 544
331 2328
332 1439
332 4224
333 311
333 3134
334 736
334 1761
334 3196
334 3477
335 435
335 2945
336 931
336 1954
337 1590
338 2437
338 4811
338 5047
339 135
339 3490
339 3855
339 4791
339 5135
340 3036
340 4144
340 4744
341 176
341 749
341 2019
341 2768
342 1219
342 1357
342 2009
343 632
343 2886
344 1048
344 2480
344 4111
345 2431
345 2469
345 3771
346 1827
346 2072
346 5052
347 986
347 1927
347 2722
347 3942
347 4578
348 759
348 2575
348 3786
348 4157
350 388
350 1279
350 2778
351 2205
351 3992
352 3028
352 3829
353 1194
354 1083
354 2116
354 2167
355 1183
355 1254
355 2799
356 1380
357 256
358 950
358 1770
359 4926
361 1347
361 2057
361 2975
361 3348
361 4776
363 3261
364 4731
365 633
365 3647
366 114
366 3866
367 155
367 1907
368 394
368 2617
369 1802
369 2759
370 5129
371 992
371 2712
371 3640
371 4327
371 5119
372 1275
372 1779
372 3986
373 3384
373 3745
374 2607
375 480
375 925
375 4014
375 4659
376 1734
376 3675
376 5250
377 3276
377 4854
377 5113
378 3770
379 1320
379 3952
379 4125
380 2883
381 1458
381 2066
381 3554
382 136
382 562
383 1132
383 2432
384 2912
385 1949
385 3126
386 2128
387 4731
388 1550
388 3941
389 2778
389 3390
389 4701
390 314
390 1034
390 3257
390 3896
391 709
391 3449
391 3691
391 3730
391 5007
392 256
392 659
392 2616
392 2969
392 3374
393 726
393 2941
393 3210
393 4135
393 5290
394 669
394 2867
394 3255
394 3538
395 4246
396 3490
396 4730
397 2991
397 5008
398 1665
398 4032
401 1540
401 5084
402 666
403 2875
403 3065
403 3288
404 23
404 419
404 592
404 3068
404 4312
407 1797
407 2418
409 4949
409 5074
412 1364
412 1825
412 3277
412 3304
412 3673
413 2502
414 3063
414 4613
415 572
415 1587
415 1877
417 490
417 4402
418 4213
419 582
419 872
419 3273
419 5333
422 4232
422 4419
424 2100
424 2368
424 4422
425 1983
427 815
427 1067
427 2411
427 3613
427 5181
428 504
428 838
429 577
429 3869
429 5116
430 3487
430 4882
431 1157
431 1587
431 1834
432 374
432 3347
432 3805
433 16
433 1272
433 2978
434 2907
435 3014
435 3976
435 4556
436 912
436 975
436 1515
436 2121
436 2972
437 1713
437 2898
437 3789
437 3986
438 1904
438 3075
438 4082
439 3933
439 4928
440 594
440 651
440 843
440 899
440 1450
441 217
441 3824
442 280
442 4008
443 802
443 1081
443 2480
444 2636
444 3406
445 425
446 1521
447 938
448 1360
448 1569
448 3464
449 1385
449 1387
449 2759
449 3194
450 839
450 2828
450 3728
450 4448
452 483
452 3005
452 3474
452 3888
453 1664
454 629
454 1906
454 3341
455 199
455 3683
455 4437
455 4552
455 5216
458 1638
459 1316
459 1642
459 3967
460 842
460 900
460 4092
460 5107
460 5171
461 393
461 1185
461 1240
462 713
463 335
463 1287
463 1444
463 1667
463 5155
464 1194
464 3147
464 3341
464 4978
465 198
465 2409
465 2764
465 3089
466 150
466 259
467 1658
468 78
468 1159
469 133
469 752
469 4107
470 894
470 1912
470 4053
470 4070
471 643
471 3123
472 3524
473 846
473 4989
474 1941
474 5299
475 1947
475 4854
475 5277
475 5280
476 606
477 3061
477 4265
478 1473
478 4316
479 2832
479 4265
479 4845
480 2260
481 3011
481 3611
481 3631
481 4791
482 296
482 3825
483 2678
483 4821
485 245
485 731
486 2338
486 2846
486 2869
486 5245
487 3261
487 4980
488 686
488 4423
489 2833
489 3298
489 4646
490 1554
490 2262
490 3702
491 2487
491 4334
492 2905
493 3960
494 1054
494 2976
495 2407
495 3317
496 2240
496 2649
497 3223
498 2265
498 2662
498 3108
498 3164
500 406
500 4568
501 5031
504 907
504 1071
505 1208
505 2050
505 5132
506 2503
507 583
507 1431
507 2663
508 3043
508 4195
509 1254
509 2440
509 4024
509 4845
510 241
511 2297
511 3174
511 3293
511 4010
511 4821
511 5101
512 1827
512 3424
513 3932
513 4042
514 443
514 1814
514 4452
515 748
515 2845
516 3913
516 4345
516 4884
516 5291
517 3781
517 4066
517 4887
517 5057
518 2871
519 420
519 4606
520 1666
520 4327
520 4718
520 5063
521 3800
522 583
522 4558
523 1513
523 1839
523 1955
524 2551
524 4535
525 3636
526 3873
527 644
527 2667
528 1126
528 2837
528 5194
529 3276
529 4343
530 224
531 387
531 2074
531 3083
532 2928
533 2074
534 2008
536 3906
536 4480
537 1556
537 5182
538 2555
538 4578
538 5319
539 695
540 124
540 644
540 1383
540 1754
540 3265
540 4352
540 4521
541 469
541 2720
542 815
542 2689
543 1037
544 5136
545 321
545 3450
545 5182
546 1161
546 3510
547 904
547 2131
548 56
548 367
548 1718
548 2513
548 2867
548 4950
549 2953
550 2327
550 4175
551 3725
552 4381
552 5098
553 806
553 4408
554 1978
554 3415
554 5213
555 4179
556 107
556 2418
557 2840
557 4949
558 1699
558 1851
558 3211
558 3603
559 2495
559 3038
559 3739
559 4954
560 250
561 3552
563 1702
563 2446
564 619
564 1139
565 2238
565 2541
566 136
566 3340
568 983
568 1365
568 3764
569 38
569 2405
569 3353
569 3541
569 3712
569 4462
569 4727
570 3506
571 1623
571 5246
573 241
573 1746
573 3866
574 3877
574 4492
575 1980
575 4219
576 3657
576 4353
576 4639
577 1250
577 1668
577 2235
577 5222
578 1
578 189
578 1119
578 5219
579 350
579 3346
579 3959
579 4195
580 2825
580 3547
580 4032
581 1382
581 1570
581 1585
581 2963
582 1751
582 3143
583 2072
583 2122
583 3909
583 4571
584 3667
584 3881
584 4114
584 4788
585 207
585 1083
585 3307
585 4121
586 423
586 644
586 1277
586 1617
587 220
588 304
588 1479
588 1962
588 2465
589 854
590 132
590 304
590 4202
590 4444
591 2569
592 2931
593 3786
594 3771
595 1344
595 1837
595 4900
596 3509
597 5286
598 988
598 1261
598 2451
599 374
599 462
599 3836
600 1430
600 2589
601 3305
601 4197
601 5065
602 122
602 2787
602 4401
603 2043
603 2814
604 2278
604 3444
605 42
605 3664
605 4135
605 4747
605 4884
606 1213
607 1298
607 1324
607 3047
607 3775
607 4444
608 2690
608 4495
609 96
610 4562
610 4653
610 4756
610 4965
611 727
611 3511
611 5246
612 1829
612 2115
612 2952
612 3339
613 5116
614 2601
614 3661
615 236
615 752
615 3739
615 3965
616 362
616 3913
617 1336
617 2847
617 3967
618 3208
618 3592
618 4450
619 2697
620 1043
621 1543
622 911
622 4662
622 5164
623 1131
623 5242
624 1082
624 2581
624 3123
624 3405
624 4592
625 1397
625 1824
625 2858
625 3260
626 334
626 4199
627 1966
627 4101
628 1351
628 2333
628 2942
628 4921
629 2299
630 1020
630 1773
630 4158
630 5314
632 2706
633 3404
634 2605
634 3284
635 4
635 782
635 2514
635 2801
636 547
636 1333
637 2688
637 3925
639 4154
639 4874
640 2574
640 2607
640 4835
641 1109
641 4194
642 203
642 4251
643 740
643 2275
644 537
645 1016
645 3705
645 3969
645 4139
645 5043
645 5298
646 524
646 1365
646 2603
646 2721
647 779
647 3163
647 5189
648 1390
649 512
650 684
650 3648
650 4867
650 5249
651 2069
652 4091
653 3240
654 209
654 4920
655 20
655 353
655 557
655 849
655 1770
655 5247
656 1617
658 3912
660 2243
660 2762
660 3021
660 3025
660 3728
660 4715
661 540
661 1666
661 2597
662 2066
662 3244
664 544
664 4251
665 3028
665 3321
665 5226
666 721
666 2129
666 2206
666 2475
667 3057
668 2187
669 145
669 767
669 1981
670 1050
670 1895
673 284
673 308
673 324
673 1999
673 4357
673 4849
673 4884
674 868
674 3798
674 4726
675 2606
676 238
676 2010
678 4418
680 5243
681 1686
681 2054
681 2879
681 3501
681 4443
681 4733
682 123
682 5021
683 1718
683 4767
684 1574
684 3421
684 3614
685 841
685 1127
685 2321
686 1247
686 3033
687 1247
687 3129
687 3471
687 4471
688 1803
688 4059
688 4892
689 1430
689 4018
690 2997
691 513
691 3227
692 115
692 4351
692 4816
692 5008
693 2080
693 4546
694 1928
695 373
695 940
695 1111
695 3413
695 4969
696 3105
696 4904
697 829
698 407
698 2329
698 5335
699 3923
700 4086
701 877
701 1434
702 435
702 1098
702 3263
703 1039
703 2056
703 3934
704 1121
704 2668
705 5269
705 5316
706 1125
707 431
707 3912
707 5119
708 3247
709 3409
710 4184
711 1933
711 2553
711 4767
711 5126
712 1520
712 2006
713 631
713 4878
714 430
714 1604
714 2315
716 3463
717 3261
717 4585
718 3635
718 4168
718 4257
718 4850
719 690
719 1658
719 1897
719 5259
720 3837
721 3538
721 4242
722 3879
722 4674
722 4829
723 4013
726 225
726 292
726 817
726 1720
726 4332
726 4744
727 1494
727 1568
727 3861
728 2138
728 4371
729 2383
730 416
730 2154
730 3997
730 4199
731 2373
731 3144
731 3152
731 3458
731 3947
731 4611
732 166
732 2870
732 4311
732 5096
733 333
733 1134
733 1762
733 1906
733 2400
734 1647
734 3144
735 1541
735 1839
735 1873
735 4684
736 1059
737 3878
738 5141
739 31
739 2017
739 3507
740 2573
740 4400
740 5090
740 5194
742 1994
742 4692
743 1679
743 2232
743 2698
743 2957
743 3449
744 101
744 504
744 1836
744 4055
745 659
745 1154
745 1342
745 2297
745 3576
745 3759
745 5101
746 2698
746 5349
747 555
747 3998
748 657
748 1084
748 1213
748 3376
749 348
749 1574
750 71
750 146
750 916
750 1622
750 4066
751 1618
752 3381
752 3776
752 4108
754 1427
754 1759
755 1083
756 1384
756 1623
756 3619
756 5037
758 191
758 485
759 307
759 728
759 2568
760 5284
761 703
762 610
762 4445
763 831
764 1822
764 4011
764 4872
765 1354
766 598
766 1560
766 3832
766 4837
766 4933
767 4402
768 4918
769 1924
769 4868
769 4939
770 154
770 1555
771 3334
771 3908
772 1394
772 5234
773 3450
774 2829
774 3261
774 3386
775 5335
777 508
779 319
779 356
779 4401
779 4646
780 3804
780 4320
781 4579
782 862
782 1860
783 3851
785 959
785 3089
786 2204
786 3453
787 798
787 4357
788 1786
788 3899
789 17
789 3652
789 4398
790 2710
792 5083
793 1878
793 3187
793 3264
794 2020
795 1499
795 3488
796 1913
796 3565
798 164
798 3949
800 3843
800 5005
801 4561
802 262
802 5079
803 2811
803 2980
803 3239
804 1989
804 2192
804 3261
805 2240
805 2374
806 584
806 2575
807 987
808 524
808 1375
808 3400
808 4005
811 2024
811 5328
812 2795
812 4117
813 1960
815 1226
815 1276
815 2112
815 3256
816 2253
816 3538
817 2541
818 3185
818 4498
818 5165
819 4738
822 2079
822 2969
822 5180
823 674
823 1503
823 2911
823 3412
824 2443
825 916
825 5337
825 5354
826 1016
826 3710
826 4003
827 429
827 513
827 4976
828 239
828 556
828 1904
828 2224
829 2402
830 2343
831 1321
831 3728
831 4567
832 599
832 1878
834 943
834 1387
834 2418
835 2219
835 2285
835 4471
836 781
836 2725
836 4603
837 1453
837 3802
838 578
838 4191
838 4411
839 823
839 2623
841 553
841 1823
841 2743
841 3295
842 4209
843 4535
844 439
844 815
844 1008
844 1360
844 1421
844 1630
844 1717
844 3482
844 4183
844 4574
845 1819
845 2067
845 2175
845 3949
845 4248
845 4950
846 3318
846 4232
846 4523
846 4883
847 3217
848 1918
849 1824
849 4672
849 4676
850 3258
850 4095
851 5179
852 1240
853 425
853 698
853 2608
853 4123
855 2289
856 3809
856 5348
857 752
857 1437
857 2708
857 3362
857 3510
857 4729
858 610
859 1107
859 4578
859 5172
860 896
860 2038
860 3876
860 4917
861 858
861 2166
862 1283
862 2557
862 2559
863 2386
863 2854
863 3666
863 5229
864 497
864 4599
865 4939
866 1567
866 1769
867 465
867 2437
867 3943
868 755
868 1423
868 1745
868 3229
870 1744
871 694
871 3113
871 3635
871 5029
872 1336
872 3422
872 4682
872 4699
873 218
873 1513
873 4974
873 4977
873 5066
874 2698
874 4869
875 3263
876 170
876 790
877 4666
878 120
878 1766
879 2151
879 4082
880 2199
880 3675
881 1167
881 2667
882 716
882 1855
882 3987
882 4126
884 193
884 289
884 3899
885 427
886 1853
886 3392
887 5107
889 619
890 2511
890 3441
890 4008
890 4511
892 246
892 1617
893 2059
893 2648
894 103
894 1132
894 4388
895 2166
895 4878
896 856
897 2945
898 533
898 2113
898 3953
899 2050
899 2577
899 4270
901 1503
901 3587
902 1866
902 3495
903 774
903 1438
903 3906
904 1053
904 1076
904 4190
904 5035
905 235
905 1961
908 963
908 4218
909 1069
910 1704
911 486
911 1105
911 2235
911 4884
912 1243
912 5330
913 260
913 3635
913 3851
913 4797
914 2747
914 4510
914 4720
915 343
915 2703
915 4998
915 5226
916 50
916 1480
916 1584
916 2763
917 3285
917 3305
918 126
918 1898
918 2447
918 4588
919 1096
920 1314
920 3905
922 421
922 2637
923 3880
923 4626
923 5235
924 1020
924 1861
924 2329
926 2174
926 2888
927 2704
927 3267
928 414
928 1400
929 4456
930 2847
930 3433
933 3120
934 595
936 2708
938 3690
938 4045
938 4179
939 2876
940 3019
941 707
941 2620
942 485
942 919
943 2760
943 3518
943 3905
943 4449
944 2039
944 2915
944 3355
944 3894
944 4773
944 4891
945 2195
946 1419
946 1909
948 558
948 3107
949 2799
949 4368
951 2532
952 137
952 464
952 535
952 4003
952 4049
952 4980
953 4087
954 2007
954 2562
954 4688
955 3999
955 4019
956 4218
957 2822
957 5124
958 787
958 3138
958 3594
959 2578
960 3902
961 1742
961 1853
961 4436
962 2645
962 4486
963 1036
963 1253
963 4684
964 2803
964 2890
965 1456
966 3510
967 1401
967 1818
967 2491
969 952
969 1480
969 4876
969 4912
970 1486
970 3557
970 4186
970 4213
971 775
971 2371
971 3343
971 3581
972 1493
972 2204
972 2582
972 3461
973 1920
974 1579
974 2666
974 4005
974 4984
975 1842
977 157
977 2992
977 3362
977 4632
978 1045
978 4908
979 2274
980 1295
980 1556
980 2331
981 1083
981 1537
981 3769
982 194
982 1530
982 2925
982 3620
983 2468
983 2651
983 3271
983 4910
984 2851
984 4144
987 2992
987 4770
987 5279
988 1022
988 4290
989 4999
990 533
990 1744
991 914
991 1543
991 1908
991 2197
991 4224
991 5002
991 5064
991 5189
992 3881
993 156
993 4220
994 5343
995 4882
996 2135
996 4042
997 4550
998 2862
998 3012
998 3586
998 4917
1000 758
1000 1416
1000 2187
1000 2797
1000 3803
1000 4156
1001 568
1001 1337
1001 2607
1001 4878
1002 2269
1002 2761
1003 138
1003 2348
1003 3398
1004 4321
1004 4915
1005 680
1005 1099
1006 3623
1006 4821
1006 4833
1006 5117
1008 777
1008 1266
1008 4062
1009 250
1009 757
1009 1281
1009 2267
1009 4614
1009 5002
1010 1787
1010 3238
1011 219
1011 1156
1011 3095
1011 3850
1013 328
1013 1129
1013 1479
1013 5198
1014 840
1015 1613
1015 2605
1015 4487
1016 2955
1016 3513
1016 5328
1018 1000
1018 1835
1018 2863
1018 4715
1019 320
1019 372
1019 4160
1019 4283
1020 683
1020 3997
1021 417
1021 935
1021 3392
1022 194
1022 2011
1022 2975
1024 4058
1024 4415
1025 588
1026 2727
1026 4146
1028 2219
1029 38
1029 2866
1029 5150
1030 3159
1030 4844
1031 2806
1031 4993
1032 1777
1032 1895
1033 4298
1033 5218
1034 4988
1035 1271
1035 4290
1035 5058
1036 639
1036 4257
1037 3440
1037 4736
1037 4757
1038 46
1038 1361
1038 1789
1039 540
1039 1520
1040 2408
1041 548
1041 1398
1041 3713
1042 1034
1042 1994
1042 2963
1042 3130
1042 4921
1043 749
1043 1540
1043 2467
1043 2834
1043 3530
1043 5167
1044 1485
1044 2640
1044 3905
1044 4705
1045 3217
1045 5085
1045 5302
1047 366
1047 1048
1047 4366
1047 4549
1048 676
1048 2406
1048 4671
1050 44
1050 143
1050 3744
1050 3948
1050 5170
1050 5246
1051 2393
1051 2628
1051 4582
1052 1343
1052 3846
1053 367
1053 651
1053 1576
1053 2657
1053 5045
1054 4057
1054 4131
1055 5042
1056 381
1056 4913
1057 4585
1058 499
1058 2102
1058 4622
1059 161
1059 4831
1060 3846
1060 4211
1061 3032
1061 3889
1062 1283
1062 2273
1062 2562
1063 581
1063 2548
1064 866
1064 1639
1064 1874
1064 2897
1064 2916
1064 4222
1066 1987
1066 2200
1066 2743
1066 4118
1066 4396
1068 4389
1069 909
1070 4024
1071 858
1071 3361
1071 5340
1072 192
1072 3934
1073 2915
1073 3982
1073 4843
1074 1727
1074 3511
1075 4170
1077 2676
1078 316
1078 5196
1079 1333
1079 3572
1080 3036
1080 5222
1081 2046
1082 2880
1082 3490
1082 3684
1082 4811
1083 68
1083 3416
1083 3503
1083 4911
1083 5178
1084 4191
1086 557
1086 2925
1086 3739
1086 5324
1087 4127
1087 5100
1088 1760
1088 1952
1088 4202
1089 1455
1090 575
1091 886
1091 2482
1091 3009
1091 4911
1092 5226
1093 225
1093 722
1093 3683
1093 5058
1094 609
1094 1990
1095 1823
1095 2300
1095 2905
1096 910
1096 2652
1096 4026
1097 759
1097 3677
1097 4199
1097 4250
1097 5056
1097 5198
1098 2558
1100 195
1100 3905
1102 891
1102 5351
1103 402
1103 1548
1103 4223
1104 4443
1104 4663
1105 3124
1105 3313
1105 5257
1106 1666
1106 3243
1108 539
1108 1003
1108 1187
1108 4307
1108 4666
1110 2148
1111 1485
1111 1876
1111 2166
1111 2505
1111 5182
1112 768
1112 1020
1112 4481
1113 1513
1113 1800
1113 4091
1114 4521
1115 1618
1116 240
1116 1981
1117 80
1117 1988
1117 3052
1117 3063
1118 2376
1118 2485
1118 2612
1118 4180
1118 4737
1119 1221
1120 2140
1120 3685
1120 4058
1120 5233
1121 298
1121 1312
1121 2976
1121 3291
1122 93
1123 1940
1124 367
1124 372
1124 444
1124 3568
1125 333
1125 2504
1125 5055
1125 5295
1126 1092
1126 2549
1127 1494
1127 3235
1127 4470
1127 4579
1128 893
1128 3724
1128 4047
1129 1524
1129 3525
1130 879
1130 966
1130 1945
1130 3358
1130 4459
1132 1341
1132 2531
1132 4653
1133 81
1133 2025
1133 3370
1136 1705
1136 4671
1137 2936
1137 4450
1138 2015
1138 3210
1139 211
1139 1665
1139 1987
1139 4733
1140 2848
1140 3210
1140 4338
1140 5099
1141 1071
1141 2729
1141 3708
1141 5141
1142 2272
1142 3507
1143 1960
1143 4464
1144 1617
1144 5219
1145 3748
1145 3860
1145 4568
1146 767
1146 1442
1146 5208
1147 1555
1147 2600
1147 2843
1147 3099
1148 1114
1149 2606
1149 3299
1149 3595
1150 1180
1150 1927
1151 482
1151 502
1151 2479
1152 4525
1153 4754
1154 1218
1155 587
1156 1998
1156 2442
1157 459
1157 1476
1157 4046
1157 5084
1158 2485

