5891 7351 2358
1 1
3 2797
3 6222
4 3852
4 4932
12 1010
15 3297
17 2021
18 4530
20 5127
21 1539
21 7318
25 2969
29 2177
30 5888
31 7062
35 4609
43 5013
45 4311
48 1415
49 56
50 3988
55 1464
66 3653
69 1544
70 5888
71 6883
74 3046
79 3521
83 6828
84 6629
86 3835
89 3025
90 1732
90 2101
90 6346
95 2992
99 3159
101 2976
101 4578
106 4107
109 1133
109 3610
111 2122
115 3016
118 2014
121 2261
121 6107
122 5173
124 5649
125 2135
126 1203
131 339
131 810
134 1205
136 4533
138 6731
140 1810
142 4219
146 5462
147 6397
149 5388
150 63
155 2142
156 2395
156 5595
157 7060
158 3000
160 5736
161 1536
171 2208
174 2851
177 4622
181 4629
184 2479
185 6775
191 1059
191 2860
192 1876
194 1079
203 4059
206 6129
208 5169
214 5877
215 2276
215 2619
219 1224
219 5679
220 2653
221 4688
222 501
223 4022
225 5075
226 2234
227 1810
227 2679
228 4284
232 3936
239 1657
242 2032
243 5746
247 4579
250 2194
251 251
254 3405
254 4219
258 3827
260 3692
261 7328
262 6789
264 1373
264 6664
266 5807
268 6643
272 2629
273 2665
273 3412
274 4169
277 2429
280 2305
284 4130
289 4340
290 6274
291 2180
291 7345
296 141
298 1638
298 2932
298 3835
301 6162
302 3306
303 1221
304 2444
306 3453
306 4450
309 830
311 5999
313 5200
315 2940
316 4051
317 5358
318 6452
323 333
324 3377
324 4443
325 5053
326 1627
327 4942
329 3476
329 4005
330 2837
330 6946
331 2872
332 1280
332 7072
334 2557
338 7335
342 902
348 405
351 4236
353 6331
354 1688
356 2116
357 7206
360 2145
367 4350
368 1178
368 6205
368 6512
369 5680
372 6792
373 4473
374 2791
376 1654
383 4486
386 250
388 5020
388 5360
388 6970
390 2739
390 4054
390 5241
395 386
396 918
400 1732
401 1838
401 5881
402 2822
402 4745
403 5877
404 4659
404 5327
407 1417
410 2129
414 1188
419 4874
423 1826
426 4679
429 7212
436 3808
443 1216
443 4493
444 5540
445 4815
450 2827
450 2939
452 253
454 928
464 4776
465 5776
466 5811
471 5117
473 6512
474 4795
476 3163
476 3840
476 6553
477 1657
481 5195
483 220
489 5772
491 3914
494 1188
496 5917
499 2154
502 3220
502 5923
503 2398
504 3871
507 2917
507 4138
509 1402
511 5586
513 5772
519 1727
519 2226
520 122
523 3250
530 2241
532 1849
532 3035
533 4962
537 2088
542 4597
545 6677
556 3506
556 3532
557 3092
564 6585
565 2597
566 6815
570 1943
571 5271
572 3065
573 891
573 1561
577 751
582 1757
582 2749
584 3485
589 1930
590 3214
590 6012
593 2905
595 345
597 2670
598 7283
605 5070
606 6788
607 93
610 1471
611 6921
620 5766
629 6778
634 3944
649 876
651 4287
653 3501
654 1474
654 3487
654 5625
654 6352
660 6655
662 3577
665 5950
667 815
668 2062
669 497
669 3128
673 6748
675 5573
676 727
677 3976
678 4157
682 1197
683 855
685 877
687 6742
690 5611
692 1959
698 648
698 1113
699 5444
700 5136
707 1843
710 1468
713 2552
724 1179
728 1272
730 3618
732 1343
733 2000
734 2501
739 2042
739 3121
745 5975
747 482
754 5833
756 1212
758 1048
759 5632
761 5397
765 2318
766 5903
770 7043
771 4267
775 4803
778 6859
780 2051
781 2073
781 6172
782 5996
785 705
790 5925
798 1633
801 1902
801 2454
802 3014
803 389
804 7314
807 7125
811 85
812 1759
815 3485
817 5539
826 528
827 6251
829 4988
831 6913
834 4422
834 6388
838 4271
839 1355
839 5561
844 3255
844 5453
850 614
860 4332
861 3861
862 6452
863 2085
867 5275
867 6434
871 6534
875 3645
879 6924
881 171
886 2239
892 111
893 6307
900 6818
901 795
902 3399
904 4457
906 5998
909 1807
910 5965
911 917
912 5307
913 2057
915 1008
916 6436
917 5383
918 3752
919 4151
921 1543
921 6247
922 7121
925 938
925 2728
926 4373
926 4643
927 1652
931 5314
932 257
933 5801
938 1076
939 3659
939 4132
942 19
945 2070
948 1202
948 2889
949 7154
950 1920
950 2955
951 2013
956 290
972 1139
977 2314
977 3781
979 3200
980 2002
984 6536
986 2810
989 2639
990 1374
992 5982
996 7260
999 5767
1000 3131
1003 695
1008 2022
1012 324
1017 3782
1021 5213
1022 6138
1023 5165
1032 3685
1032 4379
1038 3036
1038 4165
1040 2125
1044 6913
1052 5281
1057 562
1057 7046
1058 3379
1059 2208
1061 1840
1064 2017
1073 1460
1075 5816
1078 5455
1083 66
1083 3520
1083 3987
1083 5959
1085 5321
1087 1924
1091 6811
1093 4871
1093 6727
1099 1790
1099 2491
1101 6465
1102 5057
1103 3777
1106 2469
1110 5267
1110 6041
1111 5176
1117 4462
1120 6432
1121 4748
1123 2709
1125 5709
1130 6066
1135 163
1136 4677
1141 5515
1142 2917
1143 4084
1143 5760
1146 1568
1146 6275
1152 6359
1157 2952
1168 4415
1170 5492
1170 5498
1171 7050
1172 7183
1173 4144
1173 6971
1175 2434
1178 6096
1181 6596
1183 6777
1184 6700
1193 4759
1197 4979
1200 1965
1204 7261
1210 267
1212 494
1214 5012
1218 834
1218 6150
1219 7021
1221 77
1227 3960
1227 6293
1230 3325
1232 146
1233 5071
1238 5428
1239 922
1239 3822
1240 6506
1243 5271
1244 1752
1244 5314
1257 2260
1258 5362
1260 4996
1263 2279
1265 7148
1266 6823
1267 4538
1267 5945
1269 2295
1270 4052
1270 6718
1274 7278
1279 3024
1279 4786
1279 5117
1285 6443
1286 879
1288 1694
1294 4676
1296 5681
1303 2674
1308 1921
1308 6388
1314 3974
1318 1604
1322 5155
1325 5208
1326 1031
1329 480
1332 2995
1332 6613
1338 2351
1344 800
1345 5796
1348 887
1348 7051
1350 223
1351 5213
1356 6241
1357 2295
1358 4073
1359 2351
1360 4254
1360 5027
1362 4845
1362 6675
1363 3119
1364 3867
1367 2655
1374 3925
1374 4693
1378 2706
1382 769
1382 2964
1387 4924
1388 2228
1390 2402
1395 1420
1397 6665
1400 6090
1408 3119
1410 4139
1414 1619
1415 1874
1415 5693
1419 3881
1420 1548
1420 6957
1422 479
1427 5230
1427 5934
1431 141
1432 1177
1432 1191
1433 2842
1434 4739
1439 4649
1439 6312
1441 2347
1441 4726
1441 6624
1442 3493
1442 4628
1444 2112
1445 764
1449 5026
1450 204
1450 3782
1450 3861
1453 1458
1454 5624
1456 2172
1456 7301
1460 2045
1460 3457
1463 5807
1469 5615
1477 6029
1483 1953
1488 6605
1491 4226
1495 6072
1495 6452
1499 4347
1500 2840
1506 276
1506 4983
1511 4406
1513 3168
1516 6121
1517 2946
1522 692
1528 550
1530 3719
1534 3755
1538 2830
1539 328
1540 5769
1545 53
1546 4801
1547 4593
1550 4704
1552 4464
1554 829
1554 4794
1554 5050
1557 6647
1563 6714
1566 396
1568 22
1568 4167
1569 1983
1571 1398
1575 3597
1580 1124
1584 910
1585 1463
1588 286
1590 3111
1593 7275
1595 3393
1598 4626
1601 5689
1603 3614
1604 2181
1604 5000
1604 6273
1605 3748
1606 4784
1609 937
1613 3434
1615 3348
1619 6237
1623 2746
1625 1225
1639 6918
1641 4248
1643 2743
1643 7341
1649 225
1649 2946
1657 6077
1666 5918
1669 392
1670 5043
1673 4474
1674 2471
1676 2991
1681 6872
1682 663
1682 2669
1686 1796
1686 6193
1687 1051
1690 3146
1690 5597
1691 517
1694 316
1697 906
1700 1663
1708 6669
1709 4422
1712 1325
1712 6582
1715 3194
1718 5438
1719 4285
1721 5984
1726 6995
1732 1592
1732 2000
1735 5734
1736 4096
1744 3032
1750 2241
1760 3215
1763 5577
1775 2319
1776 5008
1778 1130
1782 3513
1782 5612
1784 4290
1787 2472
1790 3270
1794 6441
1795 3537
1803 6477
1807 6926
1810 6258
1812 5627
1813 3002
1814 4220
1815 711
1817 3485
1819 44
1820 3558
1822 717
1822 6520
1826 185
1827 923
1829 5120
1830 3558
1832 6706
1836 4789
1837 3426
1839 7140
1842 559
1842 1703
1846 172
1846 2634
1851 1840
1853 4765
1856 4610
1858 6678
1859 3823
1860 5282
1861 1416
1862 5158
1864 49
1865 5793
1867 1531
1870 1567
1870 4176
1875 785
1877 2174
1880 1667
1881 2279
1884 1016
1884 5900
1889 1528
1892 6182
1894 2363
1902 3870
1905 5419
1908 5562
1911 1928
1911 4148
1912 1763
1920 5093
1926 2039
1930 2527
1932 5564
1934 104
1934 4189
1937 412
1940 4438
1943 4045
1944 3107
1953 1303
1956 3410
1956 3575
1956 4271
1960 195
1960 2098
1964 5760
1967 544
1968 871
1970 4860
1971 7203
1974 4401
1978 2137
1978 6879
1979 157
1981 2919
1990 6382
1992 4018
1994 3782
1997 5551
2000 6127
2003 3129
2003 4267
2005 5588
2008 3929
2017 2776
2019 1410
2024 6928
2026 2173
2027 1856
2030 5964
2037 607
2041 33
2045 876
2045 3999
2045 4437
2049 1328
2054 2670
2055 7090
2058 10
2059 6972
2062 2037
2064 2587
2066 2602
2069 1319
2069 4214
2077 1087
2081 3006
2081 5677
2082 5297
2084 339
2085 1416
2086 3076
2086 5840
2090 1961
2093 2917
2097 51
2102 4951
2108 3290
2108 6231
2122 6881
2124 685
2124 6714
2125 2894
2125 6847
2126 6310
2129 364
2129 5686
2133 3169
2134 4148
2136 3612
2137 5956
2143 1817
2144 4431
2147 437
2153 5930
2154 2933
2155 34
2156 6732
2157 1547
2159 2093
2159 4632
2161 3805
2163 2408
2166 2364
2166 4901
2166 5528
2167 6924
2168 5098
2170 735
2176 2752
2179 7235
2181 1900
2183 2646
2184 4551
2190 3277
2190 6911
2191 699
2198 3951
2199 563
2199 4727
2200 2122
2200 7310
2202 2788
2203 1587
2203 4592
2204 2091
2204 3426
2205 4163
2211 7191
2213 876
2213 7193
2214 6456
2217 6631
2221 4281
2222 1020
2223 5829
2224 5936
2226 571
2226 3366
2227 1992
2238 6374
2242 7321
2243 2883
2245 2460
2249 6930
2252 4597
2268 4125
2268 6835
2275 5969
2282 730
2298 7048
2299 2258
2306 6289
2308 6264
2309 4019
2310 4400
2311 5607
2316 3133
2318 1480
2323 1383
2323 3184
2331 4624
2334 3386
2336 4986
2337 5146
2340 4729
2344 5014
2344 7249
2347 6818
2348 1326
2355 2351
2355 2508
2357 4279
2365 2531
2366 3153
2366 5916
2369 7141
2376 2627
2378 6565
2379 5699
2383 1233
2387 308
2387 2632
2389 3157
2389 5654
2391 6308
2393 2532
2393 2851
2394 2387
2395 6959
2398 320
2404 3982
2410 2801
2414 2714
2417 5371
2418 962
2418 7200
2419 1017
2421 1243
2424 5146
2424 6143
2433 6083
2435 4189
2436 991
2446 1977
2448 1656
2449 6542
2457 1087
2459 4601
2464 4282
2480 36
2480 2194
2480 4550
2482 859
2485 3777
2486 2412
2488 3658
2489 2875
2489 6931
2489 7344
2490 7172
2491 2446
2495 1053
2495 3205
2499 71
2500 301
2500 6255
2501 446
2504 2075
2506 4243
2513 730
2513 2967
2518 1655
2521 2959
2521 4392
2521 6108
2523 1094
2523 4093
2528 4849
2529 5438
2532 1745
2532 5521
2537 2841
2537 5430
2538 3158
2538 4878
2539 6651
2540 4451
2540 6335
2546 2113
2556 3055
2556 6932
2557 379
2563 4397
2570 156
2574 3305
2574 5331
2578 5672
2580 3512
2581 2796
2581 4692
2584 2457
2585 6752
2587 7011
2593 5944
2593 6989
2595 3662
2599 6282
2605 2649
2610 2300
2616 5156
2623 989
2629 2150
2636 7197
2637 5506
2637 6110
2640 6616
2643 7093
2645 5686
2646 162
2650 4657
2660 4038
2661 6339
2666 2201
2672 3966
2674 476
2676 3264
2681 4207
2688 3854
2692 2205
2692 6733
2694 7121
2699 3564
2701 1470
2701 1727
2705 6974
2707 844
2715 4025
2716 4594
2717 2621
2717 3923
2717 4379
2723 2318
2723 4924
2725 7272
2726 4989
2726 5373
2727 545
2728 2239
2732 4738
2733 2817
2733 3637
2734 2235
2735 1320
2739 4901
2741 6440
2744 1633
2746 659
2749 5269
2750 3763
2753 795
2755 606
2755 7152
2756 5830
2757 700
2758 811
2762 5232
2768 1187
2769 5191
2774 6255
2776 6666
2777 1755
2780 5979
2785 5568
2788 4464
2788 5903
2789 1760
2797 3336
2800 7093
2805 322
2808 4092
2819 3305
2824 2924
2826 1152
2838 3577
2840 2193
2858 5193
2860 1657
2862 921
2864 4490
2873 117
2875 1161
2878 4797
2882 5854
2884 5508
2885 710
2887 1519
2887 6229
2888 5775
2889 5994
2892 2136
2892 2953
2892 6080
2893 3409
2899 959
2901 3674
2903 5203
2904 4818
2909 6675
2913 6856
2916 2648
2918 2390
2919 6246
2922 505
2924 2717
2925 5114
2932 2382
2932 5577
2932 7118
2936 1940
2937 485
2944 884
2948 912
2950 2347
2956 43
2957 2299
2959 1871
2962 1475
2965 882
2966 2203
2966 3902
2968 6399
2974 2525
2975 1003
2977 3568
2980 5823
2981 3151
2982 2316
2986 921
2987 7163
2991 3580
2992 2816
2997 4032
3005 5550
3011 3367
3011 3897
3012 2195
3012 2228
3013 4408
3021 607
3026 3948
3027 2266
3030 2908
3033 3866
3035 4905
3041 6130
3042 1115
3049 6577
3054 4952
3056 1124
3056 1948
3057 841
3057 4145
3058 6369
3060 299
3062 4889
3062 5138
3066 6911
3067 6949
3069 996
3069 7037
3070 1446
3073 3093
3079 6925
3079 7109
3080 3184
3080 4715
3081 4192
3085 3496
3087 3263
3092 419
3094 2699
3097 6841
3101 7322
3102 1529
3107 5863
3109 3779
3110 6261
3111 4943
3114 3369
3114 4437
3115 4480
3116 1180
3119 5436
3121 1682
3121 6678
3121 7303
3122 2136
3123 4905
3128 3358
3128 3989
3130 5480
3131 1519
3133 5470
3136 1191
3136 6851
3137 509
3139 6619
3143 102
3145 6770
3146 3647
3150 6181
3154 2697
3155 299
3156 4830
3159 4001
3159 6286
3162 2435
3163 2404
3164 4353
3167 3940
3169 185
3174 77
3174 2345
3175 6693
3175 6702
3180 1233
3181 4864
3182 939
3186 969
3186 1266
3195 481
3197 7015
3203 5074
3206 4115
3208 3307
3209 7245
3212 222
3219 6208
3221 5178
3227 2853
3227 4157
3227 4402
3228 6899
3234 2862
3234 4480
3236 1889
3236 3141
3240 4875
3241 2145
3243 2517
3245 3197
3246 5360
3251 268
3253 1816
3268 1233
3268 2416
3273 113
3273 6275
3275 2889
3277 4687
3280 128
3280 6255
3286 5686
3292 2644
3299 3198
3303 3234
3306 2726
3309 4472
3310 3132
3310 3749
3312 1378
3313 420
3319 4172
3321 2279
3323 6989
3327 5945
3330 2106
3336 3053
3340 6983
3341 3337
3342 2512
3343 2123
3343 4265
3349 2772
3352 257
3357 6227
3361 5863
3362 1462
3364 3953
3367 3811
3368 2959
3369 2017
3370 1536
3378 3390
3379 4952
3381 4241
3384 7046
3387 175
3388 217
3396 367
3400 3800
3401 5315
3402 854
3402 1919
3404 5063
3405 250
3408 4931
3409 5153
3410 3732
3413 5608
3417 736
3422 7116
3423 4059
3427 760
3435 3548
3435 4762
3436 565
3438 545
3441 638
3441 4052
3442 301
3442 6408
3443 6739
3445 1316
3445 6049
3446 1507
3450 2220
3450 6461
3455 790
3459 5138
3461 2314
3461 7146
3462 3412
3469 4445
3469 5781
3470 6517
3474 813
3475 7224
3480 2028
3486 3395
3487 4111
3488 5275
3489 1232
3492 999
3493 3100
3497 5898
3499 6791
3508 5952
3508 6992
3512 6015
3513 500
3514 5177
3515 2468
3516 384
3521 4348
3522 2143
3522 6617
3525 4649
3527 1821
3527 3041
3530 6831
3534 1183
3536 922
3536 2303
3539 405
3541 4560
3543 4916
3544 3057
3547 6694
3554 2838
3566 6172
3573 6079
3575 2863
3577 6411
3583 1149
3583 4254
3595 7204
3598 6404
3600 3064
3600 3323
3600 3745
3603 4318
3605 3316
3605 6480
3608 6100
3609 3205
3609 4258
3609 7096
3613 2940
3613 5526
3615 2064
3618 455
3618 6495
3623 1872
3623 4323
3625 3803
3626 111
3632 3544
3636 6646
3643 2346
3646 6262
3650 5048
3650 5127
3651 1090
3651 4544
3652 4960
3653 4821
3658 1972
3663 6166
3665 1644
3666 5771
3669 3644
3670 6751
3675 6205
3677 6528
3678 239
3682 5040
3683 1331
3683 5160
3684 6865
3687 4895
3687 4900
3690 6473
3692 5708
3693 1648
3693 6485
3699 6954
3703 2920
3704 5693
3705 1173
3709 813
3710 6368
3710 7311
3715 1855
3716 2303
3723 3357
3723 3829
3727 2073
3731 3729
3734 4162
3735 6070
3736 5152
3739 3420
3743 2470
3743 6042
3751 592
3751 6252
3751 6366
3759 7134
3763 59
3765 42
3765 3073
3766 2015
3767 3144
3775 2296
3775 7248
3779 2430
3781 551
3781 6479
3782 4562
3782 5091
3783 957
3784 2358
3784 5409
3786 3327
3787 5217
3788 4994
3789 4763
3790 6819
3792 5322
3794 4134
3796 4369
3797 6244
3798 762
3800 4331
3804 1960
3805 4429
3809 6521
3810 1985
3814 6144
3818 1649
3819 557
3822 6686
3825 7187
3826 6837
3830 257
3838 1615
3838 2089
3840 4586
3841 4039
3842 4287
3845 481
3852 5344
3854 6663
3855 659
3855 6317
3857 6570
3859 1734
3863 6364
3865 3112
3867 5461
3868 2256
3868 6253
3878 4395
3878 6485
3878 6612
3880 6910
3885 83
3886 1601
3886 4321
3886 5834
3889 1395
3889 3703
3891 5188
3893 3051
3895 541
3896 4507
3896 4813
3900 6738
3908 5594
3913 4917
3916 2444
3916 4624
3916 5578
3920 5092
3923 3829
3924 4167
3926 2689
3933 1199
3938 1761
3938 3829
3940 455
3940 6266
3941 4306
3941 5036
3941 7068
3944 3471
3944 5586
3947 5984
3948 1753
3950 1317
3952 3317
3952 4540
3955 584
3956 2239
3957 4046
3957 4189
3960 2269
3963 1510
3966 2752
3968 4744
3970 1689
3970 3628
3971 2088
3975 697
3984 1238
3985 3031
3986 524
3987 4700
3987 6289
3988 3417
3990 3274
3990 6755
3993 2320
3994 5290
3995 5785
3999 928
3999 2414
4000 7297
4002 370
4002 5724
4003 5426
4004 1608
4004 3237
4005 3135
4006 6585
4011 331
4016 5731
4016 6450
4017 5251
4018 1503
4026 289
4028 5451
4029 4483
4030 3264
4034 5462
4036 5065
4036 6307
4039 606
4039 3138
4042 278
4049 2128
4050 2788
4052 2000
4053 5815
4058 2375
4058 3523
4061 1606
4064 555
4064 621
4064 6861
4065 932
4069 4363
4070 1081
4070 2016
4074 3475
4076 5752
4086 422
4087 2400
4087 5599
4088 4001
4090 2705
4091 4818
4091 6329
4093 2760
4096 5077
4097 5240
4102 3300
4106 3214
4107 7125
4110 1864
4112 7058
4116 4474
4118 2182
4123 514
4123 4136
4127 3747
4128 5898
4128 6701
4130 365
4131 5808
4136 4839
4138 51
4140 6391
4143 1483
4144 2179
4144 3306
4144 3799
4152 5942
4153 142
4163 3806
4164 3391
4165 3722
4168 2952
4169 560
4170 5793
4171 6630
4173 4684
4174 4621
4176 4788
4180 2255
4182 1601
4183 4391
4184 1124
4187 1451
4191 3487
4192 4860
4193 55
4193 1847
4193 2194
4193 5102
4194 1748
4196 2308
4202 3870
4203 7225
4205 939
4206 1921
4206 3129
4207 5227
4209 1302
4209 6746
4210 3860
4212 4787
4215 1776
4215 5541
4216 4822
4223 113
4227 5942
4234 6542
4236 5831
4239 4480
4239 5250
4243 2839
4243 5045
4245 5410
4246 3870
4248 5561
4253 6041
4256 3648
4257 3265
4260 2787
4264 1671
4264 5062
4272 594
4273 3268
4276 4522
4279 6323
4293 1454
4293 5487
4302 3535
4305 6433
4306 972
4306 5913
4315 6994
4318 6796
4319 3919
4321 2439
4323 1234
4329 613
4330 3519
4334 2486
4337 1437
4343 3453
4345 6193
4350 1133
4350 1397
4353 3828
4360 4040
4360 6875
4361 5319
4364 7301
4368 3755
4371 2633
4371 4788
4373 5894
4373 6743
4374 6723
4379 5247
4381 1474
4383 3374
4388 3916
4390 1135
4390 1440
4390 6890
4390 6968
4391 6714
4392 5731
4405 6069
4413 1950
4413 3912
4418 6814
4419 1586
4429 856
4431 5577
4432 1181
4437 4075
4442 726
4445 4287
4446 830
4446 5484
4448 4815
4457 970
4457 1391
4457 4555
4458 4458
4461 741
4463 3871
4463 6112
4468 3970
4471 1622
4473 1880
4476 110
4476 6878
4478 3252
4485 7289
4487 4068
4493 5513
4495 969
4496 1263
4499 1793
4499 4236
4501 1034
4501 1618
4514 7332
4515 1560
4520 4035
4521 466
4522 544
4526 5018
4526 6235
4527 3722
4529 571
4529 1084
4529 7053
4531 94
4531 6853
4532 1503
4535 448
4542 1420
4542 4634
4549 4299
4552 799
4554 263
4555 2044
4556 4841
4557 5453
4560 1343
4563 1929
4567 1756
4568 3395
4572 1266
4575 2781
4581 146
4584 5228
4585 2076
4589 3805
4590 1835
4592 1371
4593 6804
4595 1483
4596 5883
4597 3590
4597 6125
4600 7248
4601 3877
4601 6335
4610 4808
4611 5799
4613 2683
4614 4229
4614 4917
4619 4842
4630 3747
4632 5013
4637 1015
4640 2750
4643 421
4646 4425
4653 1263
4654 5939
4659 2097
4659 5300
4660 3061
4677 940
4678 359
4678 5642
4680 4734
4681 3234
4696 4596
4696 5572
4697 605
4697 1281
4698 1100
4700 6035
4702 6762
4705 2647
4709 4087
4710 5279
4710 5799
4710 5883
4711 6600
4721 1195
4721 5111
4721 6049
4723 5978
4729 6248
4730 3019
4731 82
4733 4719
4736 3995
4742 1068
4745 6021
4746 1648
4746 6465
4749 3679
4751 1240
4752 2852
4753 1081
4753 6904
4755 6497
4763 5188
4764 1887
4768 773
4772 3691
4780 3048
4789 993
4789 2704
4789 5927
4790 693
4791 242
4792 3323
4793 1930
4793 4523
4796 5028
4805 5410
4808 2785
4813 3709
4816 1100
4821 3475
4822 1022
4824 5479
4829 3770
4829 4629
4831 5504
4832 3226
4832 5510
4832 6598
4835 3006
4836 6499
4837 4503
4843 6033
4845 781
4845 5511
4851 1079
4853 2302
4859 3800
4863 2109
4870 7021
4873 3863
4875 2914
4881 2898
4881 5986
4888 3517
4896 6484
4898 6125
4898 6500
4899 3044
4901 5666
4903 1983
4905 4235
4908 3484
4910 4335
4910 4414
4912 4859
4913 2716
4914 5967
4917 741
4924 115
4926 5390
4927 1797
4931 3831
4933 835
4933 2735
4935 1347
4937 2177
4940 2181
4946 4762
4948 3438
4949 1421
4949 4873
4951 2528
4957 1892
4960 5509
4965 1831
4965 4415
4974 4867
4979 3892
4980 5353
4982 3144
4984 1966
4988 6346
4990 4136
4993 4635
4993 6861
4996 4139
4997 3109
4998 2443
4999 2301
5000 5618
5006 6515
5008 3612
5008 5106
5011 5268
5020 3585
5021 947
5021 3031
5022 6351
5027 674
5028 4043
5030 5617
5033 2654
5036 1128
5037 4449
5038 5594
5046 3568
5046 4405
5046 6809
5048 7078
5057 2535
5058 4424
5059 4667
5063 4478
5063 5155
5063 6421
5075 2162
5077 4863
5080 5879
5081 330
5081 6926
5083 5477
5083 6039
5085 2466
5091 5077
5093 3173
5094 4352
5094 5054
5095 38
5095 5027
5097 3118
5098 2160
5098 6252
5106 3345
5109 5295
5110 2341
5117 2880
5117 3179
5118 7093
5124 7142
5125 3926
5129 2750
5137 513
5138 968
5140 5378
5148 3803
5150 6026
5152 5873
5153 4057
5154 351
5154 4878
5156 6397
5160 3181
5162 7051
5165 1545
5165 5637
5166 1361
5166 6638
5168 1164
5169 2226
5171 4458
5171 7085
5171 7235
5172 1948
5173 594
5173 2990
5173 4910
5183 1418
5186 6801
5188 234
5189 1040
5194 3652
5196 1021
5196 5071
5197 2774
5197 4154
5198 3986
5199 2963
5202 968
5203 145
5203 5529
5205 2008
5208 3876
5208 6856
5210 6918
5213 2983
5217 951
5223 709
5228 6365
5228 7260
5229 72
5231 1250
5231 3947
5231 5109
5234 5023
5234 6763
5239 6598
5240 5419
5246 1949
5251 6655
5252 6946
5253 1088
5258 6430
5260 3966
5265 1804
5265 6662
5268 3591
5269 6157
5270 5559
5271 3218
5273 603
5273 5118
5275 4804
5276 2971
5278 1551
5279 7023
5280 6207
5280 6506
5282 774
5287 5021
5294 330
5294 4608
5296 6365
5298 394
5298 1003
5299 827
5300 699
5300 3519
5301 6463
5317 4247
5320 283
5321 7060
5324 6878
5326 5892
5331 839
5332 5748
5334 360
5335 3601
5337 1230
5344 986
5346 7174
5349 2044
5351 5726
5355 6298
5363 1296
5364 7302
5367 1661
5368 4433
5371 913
5372 2833
5373 1170
5375 5713
5381 3576
5386 2514
5388 3188
5390 1165
5390 2532
5391 1915
5391 4205
5392 3023
5396 4112
5397 1921
5399 726
5400 274
5402 1983
5403 59
5407 354
5407 2945
5411 2429
5412 1383
5419 4720
5420 6060
5421 7136
5422 7115
5424 5365
5425 5657
5427 1670
5427 6883
5430 4348
5437 98
5440 1830
5440 5419
5444 5577
5445 2226
5447 110
5448 3649
5448 5043
5449 4181
5451 480
5457 2220
5462 3850
5466 139
5478 4206
5480 7316
5486 4563
5488 3895
5490 990
5493 2022
5496 846
5498 658
5501 6343
5503 2661
5503 5871
5503 6269
5509 1085
5513 7266
5515 5050
5516 691
5516 3352
5517 5223
5522 136
5522 5668
5523 4533
5525 5156
5526 4297
5527 4220
5528 1418
5531 3631
5531 4418
5532 1812
5533 802
5533 1248
5533 3528
5537 2153
5538 2239
5541 5682
5544 4589
5544 7149
5548 3701
5550 6234
5559 4823
5560 4975
5572 3441
5573 73
5578 5036
5579 4790
5582 3950
5584 1579
5585 4714
5586 3624
5588 3735
5591 514
5591 1172
5592 3931
5592 5697
5597 5611
5598 2586
5600 2461
5602 1151
5602 1376
5602 2350
5602 3513
5602 5242
5603 5314
5609 5479
5619 1896
5620 5581
5621 2291
5623 700
5625 1222
5625 5624
5627 5565
5631 5112
5638 4380
5638 6003
5640 2151
5643 1391
5645 600
5647 4416
5647 7312
5648 1931
5649 1158
5649 6071
5653 2714
5657 6753
5658 1928
5663 6879
5666 408
5672 143
5679 1345
5686 6364
5689 3068
5694 291
5695 7050
5699 4432
5700 4411
5704 6673
5705 2326
5707 5881
5708 4843
5708 5836
5711 1076
5718 1332
5725 1888
5727 7211
5731 4816
5731 5389
5733 4719
5736 925
5736 1649
5737 3692
5741 981
5743 3589
5744 5591
5751 3546
5751 4485
5752 6584
5755 542
5755 1596
5755 2983
5762 3967
5765 712
5765 6831
5766 3729
5769 7202
5774 2049
5775 3835
5775 3926
5776 3592
5779 3498
5780 2383
5782 1366
5784 5445
5784 6889
5786 389
5786 4952
5789 1451
5793 735
5794 7337
5797 451
5797 6981
5799 1122
5800 3197
5803 4528
5805 4895
5807 5799
5811 3934
5812 2736
5816 3852
5818 3659
5821 6879
5826 1779
5831 5498
5831 5937
5831 6112
5841 5231
5841 6731
5842 5932
5843 3799
5844 201
5844 626
5848 1439
5853 3017
5853 5510
5856 430
5860 798
5862 7291
5864 7235
5869 794
5871 6827
5873 17
5873 1949
5877 6300
5879 123
5879 2398
5887 214

