6305 9394 4019
1 1
1 2363
1 3049
1 8780
6 4822
8 997
8 9169
8 9341
9 4374
9 4915
10 1378
11 8597
17 848
17 9093
20 7252
21 8676
22 4166
23 1511
23 3736
24 654
26 2343
28 5515
31 4118
31 4851
31 7251
36 4661
37 5334
40 3467
43 7231
47 3188
47 4731
47 5872
49 3437
50 6063
52 1969
54 8675
55 4862
56 1602
56 7978
59 18
59 6476
61 5900
62 205
63 3994
66 4454
66 6720
68 1949
71 3158
72 294
74 918
76 6112
77 2143
79 8579
81 3919
82 9272
83 2100
84 3407
85 7385
86 2794
88 8993
90 6466
91 3943
91 6457
92 150
93 9111
94 2361
96 8627
97 2833
98 4649
100 2181
101 5732
102 1861
104 1201
104 6600
104 7515
107 3379
107 6563
107 6574
108 8589
110 9358
111 7067
112 1269
112 5237
112 9178
113 840
116 9119
118 3737
118 5394
119 3249
119 9084
120 6887
121 542
122 8968
123 7840
126 1608
126 3399
127 8328
128 7147
128 8346
129 2608
129 6776
130 3726
130 5669
131 1445
133 4502
133 5465
136 7012
137 7692
140 4917
147 1694
147 2245
147 8953
152 4092
154 7800
157 9145
161 2489
161 5990
162 2429
163 8065
165 2596
167 4773
168 8641
175 3649
175 8240
176 563
178 2852
185 7852
186 4410
189 2523
190 4246
192 8630
201 7128
202 7421
203 4172
203 4899
203 8426
204 6835
204 9097
207 152
207 7074
208 5474
208 6069
210 5276
210 6037
211 5470
211 5556
212 3857
212 4826
213 7113
213 8994
214 6213
216 7848
225 1846
225 6888
226 4665
227 8559
228 5632
229 779
232 4178
232 5043
234 8189
235 917
238 3737
239 8540
241 5758
242 2518
245 5288
246 7568
252 4057
254 2576
255 552
266 4890
268 3142
270 1686
270 5229
270 6650
272 1282
273 2952
274 9301
275 1847
276 6116
276 9012
277 9177
278 4916
279 7726
281 189
284 8419
285 3630
286 5428
288 8308
290 6707
292 6866
293 4072
294 1215
295 4937
297 3826
303 5389
303 6163
304 1746
306 2068
310 1535
316 2755
319 2338
321 6115
321 6616
322 653
322 5231
324 5002
326 3002
330 6136
330 6545
332 4894
334 7051
335 7807
340 1781
341 2646
341 5886
343 8529
347 9271
351 2066
351 2185
352 1854
352 6840
354 4767
357 8074
357 8162
358 7787
364 8518
366 3878
370 7027
376 5000
376 8070
378 7397
383 6301
385 7387
388 5891
389 1634
391 1521
392 5456
392 9148
394 3950
395 9029
396 1819
397 4825
397 7045
398 3056
399 8881
400 8062
400 8918
401 680
406 19
410 1334
410 4196
410 6008
413 4439
413 4807
415 4891
417 3093
417 6773
419 2949
419 6872
421 7023
423 9009
425 4527
425 8547
426 7135
427 3113
427 7048
428 7542
428 9317
430 6767
431 3413
431 5954
433 292
435 31
439 464
440 1339
441 442
443 2005
447 212
448 5192
448 9190
451 6362
457 3400
457 4353
459 1049
459 5577
462 207
462 557
462 2607
463 8914
464 8823
465 6175
466 8631
466 8672
468 3658
469 6299
470 7579
472 9216
474 2857
474 8727
476 1822
476 2238
480 399
482 3730
484 366
484 7683
490 5375
491 8453
492 1321
492 2743
493 4037
493 8724
499 5918
500 558
502 2974
502 3576
502 8547
503 7725
504 8713
504 9251
505 6020
505 6982
507 2217
510 7304
513 4496
514 7721
515 6835
516 1180
519 6353
521 3971
521 8046
522 4943
522 7632
523 2546
524 9342
526 647
526 7276
534 4118
535 3607
535 6391
535 7919
539 3489
539 5182
542 432
545 8030
546 5668
552 2190
552 2377
553 3909
554 2172
557 9351
558 135
561 1383
563 1094
563 3053
563 8693
564 8632
565 1625
567 673
572 8612
573 737
573 8974
574 5105
576 5417
578 2161
580 3212
581 854
581 6822
581 7561
582 1639
585 4896
589 4733
590 6616
591 3908
594 5466
594 9037
595 7614
598 6811
599 3218
600 3214
600 5104
600 9282
601 1131
601 1197
601 2244
601 3083
601 8886
602 916
602 6356
605 2167
605 7769
607 3840
607 4337
609 5981
610 9383
613 7637
615 2267
615 4435
616 5654
616 6371
626 2844
631 4122
632 1278
632 8623
634 2172
636 1930
639 2601
641 2594
641 7283
644 5121
648 1871
648 5158
651 8384
652 1802
653 4552
654 4799
655 469
664 482
665 3344
665 8305
669 5173
670 3666
671 9081
675 4000
675 4457
675 6379
676 4425
677 5518
681 4717
683 4151
688 137
689 2557
689 7900
691 7657
694 5557
697 3045
697 3255
698 1742
698 3952
700 2307
700 8320
700 9015
702 8716
703 3564
707 6483
710 1787
712 4756
713 1540
713 4263
713 8004
714 3036
719 3304
724 8207
729 8187
731 131
732 7231
732 7751
733 231
734 1060
738 6871
739 7365
744 3691
745 7875
745 8614
748 5869
752 7683
754 528
755 5419
759 3815
760 4787
760 7304
760 8474
761 2853
762 8380
764 856
772 3960
772 7667
772 8511
777 3167
777 4302
778 5198
778 7825
781 494
781 6025
783 35
783 3463
784 293
786 9327
787 7273
791 4800
797 4732
799 8045
801 1608
803 4968
804 7380
809 109
810 6195
811 2558
811 6735
812 3665
812 3806
813 2244
813 2402
814 78
816 1912
816 5461
817 2043
819 5839
822 8864
824 8676
825 1190
826 967
826 2428
826 6204
826 7605
827 3832
829 2184
829 3174
830 3608
832 2124
833 3188
835 2268
836 1218
836 8820
838 3706
838 4948
840 3887
842 774
843 8837
844 503
844 2264
844 2980
844 5680
845 2505
846 5990
846 6488
847 1701
847 1932
849 3402
850 1389
850 3249
850 8117
851 4902
853 5642
853 9089
854 4640
855 3049
857 2791
861 2484
862 5374
863 3684
863 6931
863 9232
865 5132
865 6482
866 3112
867 4134
867 6267
868 5473
868 8223
872 6202
873 4937
875 4905
879 3479
881 7128
881 7207
882 5142
883 3813
883 6854
884 6534
884 9236
889 8387
891 2218
891 7291
896 3350
896 5529
896 8525
897 3659
897 6065
898 2186
898 2552
898 4598
899 6234
900 2557
902 2162
902 5612
904 5362
907 134
909 4248
910 5276
911 3212
911 4297
911 8809
912 8978
913 5959
915 7196
916 1616
917 5168
917 6097
918 3446
919 5183
920 6452
920 8669
923 3923
926 2861
929 8551
933 8255
935 4620
937 9156
938 4551
942 1104
942 7691
946 6359
948 7849
949 741
950 2721
950 3190
953 2568
954 57
954 4539
956 2347
957 7362
959 7989
960 2091
960 6776
961 2385
963 4857
964 2866
966 6599
967 1890
973 4101
975 5827
977 3116
977 7915
979 8977
982 5586
982 8313
983 8170
986 5356
989 7762
989 8977
990 179
992 1956
993 8532
998 975
998 1517
998 7453
999 9319
1006 8645
1008 8359
1010 130
1010 1056
1010 3898
1011 6017
1015 4995
1016 2981
1016 6993
1020 7442
1024 7333
1024 8314
1030 1879
1032 5702
1034 604
1034 3910
1034 8436
1035 5295
1037 8306
1038 4863
1039 8759
1039 8966
1040 5232
1041 113
1041 3168
1041 6595
1042 6316
1046 7514
1047 1239
1047 5187
1047 5785
1047 8518
1048 1968
1049 4293
1049 7062
1050 7039
1051 1693
1056 1388
1058 2859
1064 3344
1065 6134
1065 7211
1069 9223
1072 4522
1073 6510
1081 4631
1082 3686
1082 9060
1087 6576
1088 4471
1092 1623
1092 2632
1092 8844
1095 5696
1098 8101
1099 8250
1100 7017
1103 2276
1105 4625
1107 4243
1108 8688
1109 508
1109 7857
1111 4390
1112 5721
1113 1568
1114 6664
1116 6449
1121 7579
1126 2049
1128 3148
1128 7013
1129 2580
1132 1266
1134 2662
1135 222
1135 7756
1135 8643
1137 7742
1140 1281
1140 9261
1141 235
1141 7407
1144 2192
1147 1311
1147 3673
1155 6239
1157 7482
1159 7852
1160 8685
1162 3974
1162 9077
1164 4804
1165 7348
1166 2118
1166 5431
1167 7638
1170 942
1170 2365
1171 7152
1173 693
1174 537
1174 7502
1175 1921
1176 924
1178 4212
1180 5640
1181 3112
1182 5531
1185 7402
1186 1680
1186 5179
1186 6869
1192 3353
1193 2129
1196 20
1198 9025
1201 4760
1201 8896
1203 4550
1203 8449
1207 885
1207 2620
1208 5109
1209 2889
1209 9373
1212 3459
1213 436
1216 6673
1222 1201
1222 1320
1222 7318
1223 108
1223 4672
1224 1560
1226 9388
1230 41
1230 2921
1230 8313
1247 5205
1247 6324
1249 564
1249 7030
1250 2602
1250 3486
1251 4279
1253 3399
1257 7344
1258 1478
1258 6854
1259 1446
1260 1488
1264 1921
1265 9057
1266 4078
1267 256
1267 7024
1268 8863
1269 4680
1273 2390
1273 8867
1274 4330
1276 4302
1278 557
1278 575
1278 5754
1280 108
1280 5922
1283 3374
1284 5088
1287 7632
1291 2742
1291 4901
1292 8551
1293 834
1293 2825
1294 722
1296 1376
1296 8485
1298 2405
1298 5728
1298 7242
1298 8176
1299 3329
1299 9247
1300 597
1302 2367
1305 5469
1309 8684
1310 2514
1310 4060
1311 4667
1311 8573
1313 3682
1314 167
1315 1886
1316 6617
1320 4311
1332 1315
1333 78
1334 3064
1336 1092
1337 1952
1338 2277
1341 9309
1344 6537
1344 8216
1346 6815
1346 7763
1347 185
1348 3720
1348 9387
1354 8660
1358 3558
1359 3806
1360 3545
1361 6072
1362 3722
1363 477
1363 1765
1363 5246
1364 4348
1365 6126
1365 6212
1366 6757
1366 9057
1367 1322
1369 3766
1371 7346
1372 2253
1372 2956
1373 8578
1376 7072
1377 723
1378 3382
1379 1922
1383 4635
1384 4769
1388 5998
1392 1779
1392 7689
1393 2837
1395 4287
1395 7416
1397 4492
1398 2099
1398 6294
1400 5676
1401 3028
1401 4711
1401 7356
1402 8607
1403 7601
1404 231
1404 4621
1408 9359
1409 371
1411 2901
1411 6384
1412 6913
1412 9095
1414 2071
1418 6987
1422 2093
1426 2800
1430 5362
1431 1521
1431 6162
1433 1372
1434 1811
1435 7438
1437 4286
1439 6512
1439 9390
1442 8244
1443 7318
1444 7748
1445 1851
1446 6579
1447 2696
1448 8046
1449 4112
1449 4134
1449 8395
1450 5148
1451 1350
1452 720
1452 2069
1453 4627
1454 2267
1459 2486
1461 2447
1463 4254
1463 5161
1465 6303
1466 3491
1466 4564
1467 3355
1468 3930
1469 3849
1470 2664
1470 8717
1471 5801
1472 5151
1474 689
1478 1653
1480 3507
1480 5273
1481 4171
1483 7863
1484 7803
1492 3919
1493 8557
1494 3362
1494 7850
1500 1229
1502 6246
1507 890
1507 2205
1509 1941
1513 7044
1514 1776
1516 89
1517 2260
1518 1135
1518 7465
1523 2997
1523 5178
1524 6663
1525 7489
1526 4332
1528 2396
1529 7800
1531 6378
1531 8541
1534 5014
1535 4354
1536 3705
1537 3544
1539 3978
1540 6327
1541 973
1541 4540
1544 6574
1545 8441
1546 5504
1546 8490
1547 2594
1548 7409
1549 2049
1550 8265
1553 5773
1553 7596
1554 6333
1557 1743
1559 275
1559 943
1559 5824
1559 8591
1563 6015
1563 6658
1566 880
1566 4347
1566 6182
1567 6520
1568 8568
1569 2390
1570 1430
1571 5296
1576 5692
1577 7532
1577 8820
1580 4101
1581 355
1581 8471
1584 307
1584 403
1584 2767
1585 4982
1587 2012
1587 7626
1593 5408
1594 1473
1599 1863
1600 3537
1603 5090
1605 6291
1606 3053
1608 277
1609 367
1609 438
1609 4421
1610 3442
1610 5985
1612 227
1613 3173
1613 5597
1615 2261
1615 9262
1616 3626
1617 1205
1618 4938
1619 121
1624 4692
1624 5449
1627 7140
1629 3356
1631 3247
1632 5594
1634 150
1634 9051
1635 8383
1638 8053
1639 2686
1639 7121
1640 1670
1640 4533
1641 2313
1642 4749
1643 264
1645 4816
1648 1877
1649 7723
1651 2063
1651 9017
1652 5429
1657 812
1658 744
1658 2824
1659 3718
1659 4017
1659 7766
1659 7986
1660 3686
1664 1861
1664 6083
1666 8933
1668 8900
1670 8124
1670 8261
1671 2791
1673 3111
1674 3110
1674 7283
1677 8177
1680 600
1683 89
1683 5170
1684 5106
1686 107
1687 2207
1688 6047
1689 8004
1695 982
1696 5659
1696 7890
1697 874
1700 860
1700 7032
1704 5533
1706 7175
1707 432
1707 1678
1707 2855
1707 3290
1708 7436
1710 2714
1714 5340
1718 9208
1720 5931
1722 7273
1723 1364
1724 5540
1725 772
1725 3116
1726 7302
1728 133
1728 8380
1730 8897
1731 5033
1734 3242
1736 1612
1736 8220
1740 2466
1742 2821
1748 6720
1748 7214
1750 2818
1750 7054
1751 2881
1754 4832
1756 8098
1757 1045
1757 5611
1758 2956
1758 3367
1758 4579
1758 5187
1759 7070
1762 3029
1763 4313
1763 6327
1767 6475
1767 8889
1768 860
1774 1684
1778 4603
1780 1297
1780 7728
1782 5361
1785 4991
1786 5114
1786 9374
1787 464
1791 7204
1791 8886
1796 5479
1797 1176
1798 4093
1802 6791
1802 8587
1804 3821
1805 1887
1806 7730
1811 2465
1811 4385
1811 7443
1813 6866
1817 3091
1820 2142
1822 4680
1823 6714
1825 1348
1827 527
1827 4507
1828 7450
1831 6474
1835 5147
1838 369
1838 4306
1839 6691
1845 757
1850 6434
1850 7275
1850 9258
1851 8426
1852 7373
1854 3623
1854 5911
1856 883
1857 1259
1859 4904
1860 1902
1861 5635
1862 1101
1864 2858
1866 4957
1867 8063
1868 599
1868 5790
1869 7853
1870 7303
1871 5078
1872 8927
1873 7880
1875 720
1875 1456
1875 4630
1876 9143
1878 349
1879 5371
1880 2000
1880 8625
1881 793
1881 2264
1886 7582
1887 4137
1889 506
1890 6068
1890 7010
1894 9325
1895 817
1904 130
1904 3823
1907 3756
1907 6561
1909 7693
1911 7817
1912 63
1914 4753
1914 4832
1916 51
1917 9226
1919 2021
1919 4137
1919 4404
1920 1194
1920 8516
1922 513
1922 3595
1925 5246
1925 8678
1927 3169
1929 3573
1931 8715
1932 3909
1936 7073
1944 1098
1946 2565
1947 5314
1952 8734
1956 4630
1956 6355
1957 3345
1958 9343
1960 2503
1961 5936
1961 8499
1962 8864
1964 9251
1967 7362
1971 2609
1975 1356
1979 5919
1980 899
1980 3103
1980 8194
1981 4498
1982 1152
1986 3614
1987 5611
1991 3083
1995 6962
1996 5690
1996 7550
1997 1560
1997 4667
1999 1407
2000 7391
2002 5368
2003 27
2003 650
2004 6316
2007 9127
2008 1262
2008 4546
2010 4216
2011 8145
2012 3172
2012 3907
2012 8122
2017 6494
2019 162
2021 4736
2022 1074
2022 1140
2022 4099
2023 1227
2023 3541
2023 7486
2030 324
2031 2797
2032 6846
2033 6821
2035 4273
2035 5981
2038 8965
2039 4795
2040 5543
2045 2871
2045 8287
2046 5758
2048 283
2048 2796
2052 1626
2052 8647
2056 2058
2056 4711
2059 18
2060 128
2060 7779
2061 2997
2062 9236
2070 6411
2070 7163
2071 5260
2073 6316
2074 716
2074 1051
2075 417
2076 2148
2077 2374
2083 388
2083 4829
2083 4929
2084 2509
2086 7682
2090 705
2091 5936
2092 5984
2094 5530
2094 8022
2100 453
2102 7532
2102 8808
2106 5972
2111 2216
2112 1856
2112 4972
2112 7044
2113 797
2113 7983
2115 3773
2118 5552
2122 8801
2124 4941
2125 7011
2126 5088
2128 8151
2129 8517
2132 3996
2133 2544
2133 4299
2133 5962
2133 6927
2133 8993
2137 4495
2138 433
2139 5310
2141 4917
2144 1104
2146 6886
2148 7068
2152 2952
2154 8802
2157 2285
2159 2713
2159 2855
2159 5133
2160 1720
2162 2222
2163 8299
2164 1890
2166 3401
2166 8397
2169 216
2169 4313
2170 6369
2172 539
2173 805
2173 5180
2173 7977
2174 3689
2177 3539
2178 2458
2180 4629
2185 2634
2186 5347
2188 4946
2189 866
2189 2634
2190 421
2191 6710
2193 4352
2196 6132
2198 6088
2201 2767
2202 7173
2203 8499
2208 925
2213 3393
2214 1644
2217 1103
2218 5964
2221 3365
2223 434
2227 8913
2229 379
2233 8493
2233 8939
2234 4013
2234 8602
2236 1240
2237 3022
2238 9174
2239 4311
2240 3950
2243 4382
2246 1928
2246 3909
2246 7731
2248 8230
2249 4794
2250 5268
2250 5539
2251 2676
2251 4424
2253 6609
2254 6130
2254 6844
2256 2015
2257 4132
2262 3755
2263 5302
2265 8623
2268 1984
2268 5713
2269 1519
2270 7886
2275 1731
2276 1263
2277 6769
2277 9348
2278 6300
2278 6763
2280 6678
2283 369
2285 3480
2286 1965
2286 8739
2292 5764
2294 6962
2294 7235
2295 1128
2297 3167
2299 6387
2300 8960
2301 4304
2301 9190
2303 8244
2304 996
2310 7046
2311 4496
2311 5900
2315 8413
2316 4492
2316 7670
2319 6034
2320 456
2322 5188
2324 1828
2326 4744
2326 6163
2326 8191
2328 7077
2330 5816
2331 131
2332 6303
2333 1147
2334 1414
2337 9312
2340 8227
2344 7793
2344 8839
2348 8835
2348 9103
2350 422
2351 1775
2352 1793
2353 6077
2354 1775
2354 4471
2356 2153
2356 3435
2356 4127
2357 2512
2358 4259
2359 1895
2359 6306
2361 2860
2364 6200
2365 9328
2366 8116
2378 7776
2380 9022
2382 1706
2382 2115
2386 6071
2387 1098
2387 8555
2388 2784
2390 8026
2393 525
2393 3416
2395 3945
2399 685
2399 3263
2399 7347
2399 7561
2402 662
2402 2784
2402 7570
2404 1260
2404 3684
2404 7222
2406 4812
2408 5834
2409 6961
2410 747
2412 8
2412 4452
2414 8309
2418 4433
2420 3861
2420 5662
2421 8474
2422 7478
2422 7604
2422 7703
2423 565
2426 3174
2426 3674
2427 8659
2431 1401
2432 7049
2434 8366
2443 71
2443 6329
2447 7878
2448 2489
2449 98
2450 3460
2452 8008
2454 668
2456 2032
2458 326
2461 5810
2462 3568
2462 7276
2463 219
2463 3145
2465 7353
2467 9364
2469 7002
2470 3093
2470 4563
2471 5843
2472 341
2475 3257
2478 7132
2480 6498
2481 2622
2481 8342
2484 6901
2486 1747
2486 8846
2491 6301
2492 395
2492 9344
2494 7538
2497 5724
2498 3216
2499 1490
2499 6976
2500 8103
2502 3754
2504 3284
2507 812
2507 3635
2507 4596
2509 2024
2510 8539
2513 376
2513 8924
2514 1820
2515 8428
2517 2757
2518 5724
2519 1769
2520 7453
2524 1058
2524 4877
2526 992
2526 8743
2527 7056
2528 6519
2529 5129
2531 1300
2531 6283
2533 244
2533 3076
2535 1654
2537 1804
2545 557
2546 3146
2547 3640
2548 7391
2550 5779
2550 7780
2553 796
2553 3896
2555 7786
2557 5044
2559 6923
2559 8521
2560 329
2561 4687
2563 570
2568 8172
2570 5778
2572 8438
2575 6058
2577 1602
2577 1823
2577 2034
2580 4860
2584 315
2587 7140
2588 2857
2590 6783
2593 1317
2594 3227
2594 3422
2595 7408
2597 5619
2598 8476
2599 6933
2600 6134
2600 8662
2602 1627
2603 2849
2605 4627
2608 6247
2610 136
2611 5663
2612 7954
2613 996
2613 5586
2614 7143
2615 1105
2615 7623
2617 4071
2619 295
2619 6885
2623 7226
2624 2952
2625 6429
2625 9101
2627 4135
2629 2978
2629 8206
2629 9140
2630 1968
2633 5377
2635 2091
2636 8
2640 4965
2641 5635
2642 8801
2652 1066
2653 5665
2653 7505
2654 1581
2654 6005
2656 1751
2658 815
2659 403
2660 8574
2664 4077
2667 4263
2667 6098
2669 5670
2671 3036
2671 8238
2671 8986
2673 820
2673 1228
2676 6575
2677 1074
2679 4930
2681 1080
2681 7608
2682 4009
2682 4967
2684 5630
2687 3496
2688 3178
2688 6295
2689 8800
2690 2089
2690 2723
2692 782
2692 6681
2692 7999
2693 2528
2694 908
2697 8996
2698 560
2699 1253
2700 1038
2700 2565
2700 2637
2700 6142
2700 6549
2700 7780
2703 76
2704 5159
2704 8031
2705 3863
2707 5397
2708 6481
2711 3253
2712 355
2712 7485
2714 1453
2714 2267
2715 8762
2716 628
2716 6455
2718 7026
2720 925
2722 7795
2723 736
2723 783
2723 5200
2724 1198
2726 2414
2726 6291
2728 6313
2729 3194
2731 1628
2731 3053
2731 4804
2732 6718
2734 4440
2740 4025
2743 2760
2745 3826
2746 6301
2747 3112
2751 3742
2753 8521
2755 2912
2755 4265
2756 6769
2758 4746
2759 8476
2761 1191
2766 3925
2766 7567
2769 5698
2770 4400
2770 9321
2771 3236
2776 1174
2777 2768
2781 8494
2782 7838
2784 1685
2784 1955
2785 4014
2789 5412
2792 1019
2793 2286
2793 3100
2795 475
2797 1923
2799 209
2799 669
2804 6050
2804 9350
2806 4203
2807 7728
2809 4562
2809 8806
2810 8851
2811 1812
2812 6487
2817 5486
2818 5748
2818 7830
2819 221
2821 1231
2822 8362
2822 8477
2823 6522
2824 6147
2826 9214
2828 5933
2830 7822
2832 1004
2832 2591
2832 6501
2832 7044
2833 3980
2833 4755
2836 4020
2839 2790
2841 9154
2842 3186
2844 3006
2845 7892
2848 1950
2848 7908
2852 3053
2854 5998
2856 2548
2857 5752
2857 5834
2857 6142
2859 828
2859 8997
2862 1441
2863 8990
2865 1473
2865 2568
2866 4534
2866 8328
2870 8395
2872 8574
2873 5
2875 7344
2876 7648
2878 4284
2878 7634
2879 8502
2880 4405
2881 2481
2881 5858
2883 8955
2884 6689
2885 7267
2885 7741
2886 146
2887 1543
2887 4184
2889 6455
2890 741
2890 4216
2890 6407
2892 7043
2894 4261
2894 4412
2895 5607
2896 1053
2897 414
2898 5855
2899 7272
2900 1939
2900 4853
2901 1334
2905 6723
2907 887
2912 973
2912 5260
2917 3368
2919 5030
2919 7136
2920 9218
2923 5910
2925 8246
2927 4333
2928 4012
2931 6007
2932 1778
2933 4488
2935 8448
2939 4547
2940 821
2941 8049
2943 4212
2946 7189
2947 5476
2947 8537
2950 1139
2950 8591
2952 5538
2954 7040
2955 4907
2955 9070
2956 7229
2959 3015
2959 3552
2959 4277
2960 359
2960 6380
2960 9140
2961 586
2963 453
2966 521
2969 4764
2969 5384
2969 5602
2970 3747
2970 5817
2970 9227
2971 6737
2973 5854
2974 448
2974 554
2974 6612
2975 4460
2977 9285
2980 3773
2982 1335
2984 1865
2984 5486
2986 6286
2987 7882
2991 1610
2993 3807
2993 3917
2993 8974
2994 1977
2994 2814
2994 6810
2996 6610
3002 7432
3003 8604
3004 3681
3005 341
3009 6871
3013 5711
3020 4283
3021 2751
3022 1347
3022 3777
3024 6460
3027 2941
3027 5392
3028 4950
3029 946
3031 1336
3032 2896
3032 5613
3036 7261
3037 8365
3039 8348
3039 8405
3041 2111
3042 6007
3044 6460
3045 1616
3045 7543
3050 1104
3057 6569
3058 693
3059 7479
3060 4535
3061 2618
3062 554
3062 619
3063 1744
3066 944
3066 1523
3067 7169
3068 3171
3071 2992
3071 4829
3073 2723
3074 4296
3076 2750
3078 1794
3079 441
3079 4651
3079 5472
3081 2872
3081 3560
3082 2408
3082 3528
3082 7122
3085 708
3085 1957
3085 5184
3085 5330
3086 4814
3088 9147
3089 1813
3089 6706
3090 6617
3092 4216
3092 5934
3092 8411
3094 5635
3095 5282
3095 6771
3096 993
3096 9109
3105 2296
3106 4587
3108 504
3112 5375
3113 8267
3115 2457
3116 7430
3118 8313
3119 7368
3119 9278
3120 6102
3121 895
3122 5481
3122 8471
3123 2515
3126 2237
3127 5960
3127 7714
3132 662
3133 393
3133 3667
3135 6380
3137 3674
3137 9342
3138 8469
3139 2378
3139 4777
3140 9325
3144 3885
3145 1117
3146 2007
3147 8
3151 4216
3153 2582
3157 2987
3160 8702
3161 7707
3163 7928
3165 7329
3166 4945
3166 5802
3167 2384
3167 5268
3168 3390
3170 2827
3170 5023
3170 8482
3171 570
3171 8769
3177 3980
3178 2809
3178 3556
3179 4147
3181 649
3183 4410
3186 6575
3189 6572
3192 3723
3196 4045
3196 5179
3200 1827
3200 5063
3207 874
3208 7729
3211 3024
3212 1549
3213 9134
3214 6782
3216 5064
3216 5609
3218 3102
3219 5407
3219 7606
3220 2558
3220 5879
3222 2221
3224 627
3224 4653
3225 5555
3226 3174
3226 6349
3226 7642
3229 3878
3229 5172
3231 5909
3232 2334
3232 2661
3233 5613
3234 729
3235 3228
3235 4094
3237 6700
3239 7302
3240 6228
3242 3483
3244 8750
3246 6807
3247 10
3248 5488
3249 1389
3249 5561
3249 6004
3249 8058
3251 5430
3255 2319
3255 2573
3256 4633
3256 6013
3257 5240
3259 4230
3261 2188
3264 6383
3267 4831
3267 7623
3268 6553
3270 5573
3273 687
3273 3776
3276 2188
3277 5670
3280 5273
3282 61
3283 6629
3283 8317
3284 3379
3285 1804
3285 2725
3290 8636
3291 9311
3293 2595
3300 7103
3302 7160
3303 4268
3305 2876
3307 7187
3308 8744
3311 1302
3311 4365
3313 9096
3316 3533
3317 4120
3317 6241
3318 9174
3320 215
3323 3058
3323 7810
3324 7550
3325 2055
3330 4802
3330 8334
3331 892
3331 1435
3333 3846
3333 6882
3335 9141
3337 2109
3340 1122
3341 3065
3344 1769
3344 8323
3347 8375
3348 4247
3350 9366
3351 2584
3352 3704
3354 4473
3356 3780
3356 9147
3358 2777
3358 4325
3359 2704
3360 5459
3361 8601
3363 5864
3364 721
3365 4072
3365 5074
3365 5804
3370 2948
3371 537
3371 8159
3373 6188
3377 3539
3379 6752
3380 1921
3387 6347
3388 6066
3390 6402
3391 8887
3392 4865
3393 4669
3393 6133
3395 4859
3396 6483
3398 7807
3399 2374
3400 2465
3400 4162
3406 6239
3406 6396
3407 5600
3408 7293
3409 3219
3409 5804
3410 8260
3411 7666
3412 4333
3413 4078
3414 652
3417 535
3418 2491
3419 6587
3419 7826
3420 9294
3421 1380
3421 4064
3421 5980
3422 2001
3422 7483
3426 2800
3426 5644
3431 2251
3434 8711
3436 5528
3437 5727
3438 5296
3440 2761
3440 8616
3441 5584
3445 4072
3448 7692
3450 1647
3451 9011
3453 7647
3453 8789
3461 1160
3461 5102
3462 3227
3467 1982
3474 6154
3475 561
3481 861
3482 3259
3483 1946
3483 2515
3483 8448
3485 6913
3488 1452
3489 1915
3489 2264
3491 8165
3494 6441
3496 4367
3498 1334
3500 9016
3502 7326
3504 2791
3505 8173
3506 6252
3508 7491
3509 2351
3510 3576
3511 6109
3520 156
3522 4344
3523 2827
3524 4007
3524 8163
3528 4075
3530 5546
3531 3049
3531 5117
3531 6910
3532 1849
3532 4779
3532 7833
3533 3191
3534 1075
3534 5369
3535 3802
3536 199
3536 8485
3537 2198
3541 3820
3543 7616
3544 5981
3545 2535
3551 6448
3553 6886
3554 7349
3554 8973
3556 315
3556 1290
3563 5255
3564 1504
3569 7240
3570 8442
3572 8370
3574 1846
3574 4528
3574 4822
3576 6440
3577 3001
3577 3373
3577 7775
3579 2904
3580 2273
3580 3506
3580 8811
3582 8074
3582 8579
3584 5287
3585 143
3585 4122
3587 3337
3588 7989
3589 5030
3590 4899
3594 7843
3595 9324
3596 6157
3599 7580
3600 8087
3603 3127
3605 6532
3605 7238
3610 3740
3610 6357
3611 5704
3612 4159
3612 5573
3613 4807
3615 3601
3618 1519
3619 168
3621 7345
3622 27
3622 3351
3622 6710
3623 6395
3627 2735
3627 7759
3632 5044
3634 5134
3636 7638
3638 1735
3638 7738
3640 3760
3640 5991
3642 4424
3643 4237
3643 6734
3643 8848
3644 3168
3647 6138
3647 6794
3647 8372
3648 3526
3648 6138
3649 3343
3649 4015
3653 749
3653 2093
3655 2093
3656 5660
3657 7418
3658 8647
3661 1414
3661 2813
3661 6134
3663 3994
3668 2894
3669 4470
3670 8306
3671 909
3674 880
3676 2889
3676 5288
3677 5567
3678 5870
3679 4945
3679 5534
3680 7682
3682 1918
3688 1890
3690 5826
3691 473
3691 7342
3691 8096
3694 837
3695 4747
3696 1041
3696 1697
3697 888
3700 6746
3704 1536
3704 4947
3706 2786
3707 3294
3708 3130
3711 5254
3715 3730
3718 2330
3719 4485
3722 3041
3722 8550
3724 8044
3726 8162
3732 3777
3732 4988
3732 7538
3735 5205
3736 8820
3738 124
3739 7097
3739 8673
3740 5216
3741 5059
3741 8151
3742 7682
3743 2905
3744 4762
3747 3254
3747 4150
3748 5466
3752 3451
3753 6244
3754 490
3755 276
3757 7132
3760 8869
3762 1338
3764 3117
3766 6253
3766 9214
3767 2419
3767 2709
3768 3448
3772 9232
3778 4307
3779 3130
3783 171
3784 8551
3786 3941
3788 3278
3790 5750
3792 3514
3792 8667
3794 5271
3795 9359
3796 7924
3797 9386
3798 6776
3799 3135
3799 5818
3802 3987
3805 9316
3811 1703
3811 3812
3813 3846
3819 6419
3820 7547
3821 487
3822 5170
3822 6751
3824 710
3824 6220
3825 7822
3826 1044
3826 8650
3827 754
3827 5845
3828 2580
3830 6599
3835 8044
3836 1700
3836 7480
3839 7827
3841 6583
3848 1570
3850 6177
3852 560
3852 1838
3852 3657
3852 6180
3855 1822
3857 287
3857 2703
3859 5639
3859 7125
3859 9333
3860 6075
3861 6978
3863 488
3864 4854
3864 7227
3869 2785
3870 6157
3870 6854
3871 8586
3874 8783
3875 4600
3877 362
3881 859
3882 6132
3883 1116
3884 734
3884 6881
3884 7021
3886 8556
3890 8603
3901 4023
3903 5049
3903 8011
3909 4659
3913 1577
3914 499
3917 4798
3917 5443
3919 7694
3921 4086
3924 3831
3924 8512
3925 5886
3926 2441
3927 548
3927 6766
3928 9307
3929 4887
3929 7358
3929 7523
3932 981
3933 165
3933 4383
3940 4619
3942 8953
3944 261
3944 2101
3948 9127
3950 4080
3950 5774
3956 1735
3957 7928
3960 5818
3962 691
3962 8663
3964 1835
3969 5143
3973 2251
3973 8462
3976 2796
3981 3757
3981 3950
3982 5914
3982 7117
3983 616
3985 5476
3989 1420
3989 7471
3993 6577
3995 9049
3998 4192
3999 1710
4000 6976
4001 6903
4002 3307
4003 3489
4005 6711
4006 6267
4007 2548
4010 3355
4010 8750
4016 6533
4018 3835
4023 6284
4024 1644
4024 4677
4024 8726
4026 6253
4026 6800
4027 94
4028 157
4028 3408
4031 3103
4032 6084
4034 5697
4035 3458
4035 6080
4036 208
4036 1865
4038 8422
4040 1622
4041 2016
4042 841
4043 1542
4044 5735
4044 7386
4045 6125
4045 7854
4046 555
4048 7315
4050 3231
4050 4999
4053 157
4054 5358
4054 8853
4055 860
4055 2990
4056 5753
4057 767
4057 6223
4058 1633
4059 2310
4061 280
4061 5877
4062 1335
4063 7840
4067 7586
4070 2833
4070 3084
4071 5545
4074 840
4074 6420
4075 6223
4076 1105
4076 6649
4080 4567
4085 4141
4087 8497
4088 7645
4089 6790
4089 8726
4092 3424
4095 8728
4096 7976
4097 12
4097 5423
4098 7394
4099 2553
4100 5528
4101 7060
4101 7809
4103 9350
4104 7383
4108 7198
4110 6371
4113 902
4113 4626
4116 5242
4119 5819
4120 5828
4122 9285
4128 392
4128 1816
4128 6142
4131 3519
4134 9354
4135 5726
4137 7232
4139 1987
4139 2489
4139 5241
4140 7551
4141 6066
4144 318
4151 6425
4152 5536
4152 8052
4153 2139
4154 4763
4155 4078
4155 8159
4157 877
4158 8515
4160 3993
4163 1428
4164 5086
4165 1533
4169 3522
4171 867
4171 6196
4172 1467
4173 3401
4175 5676
4176 8208
4179 6030
4182 7031
4182 8146
4183 690
4191 4040
4193 866
4194 1911
4198 8123
4199 6358
4200 1475
4203 3860
4205 9370
4206 3571
4206 7708
4207 7776
4208 6588
4208 8075
4208 8888
4211 4014
4215 9190
4216 9240
4217 1582
4218 776
4218 4700
4219 645
4219 3481
4219 8005
4221 3363
4221 3806
4222 7727
4225 7617
4226 4159
4227 8331
4228 1850
4228 2119
4229 8863
4231 6232
4233 4572
4234 3707
4235 1613
4239 2362
4241 5083
4248 9061
4250 3981
4251 8782
4252 9094
4255 792
4256 459
4257 6929
4260 6207
4264 6412
4267 622
4268 5341
4272 2910
4281 3777
4282 2290
4282 4435
4282 7048
4282 7334
4282 8604
4284 8652
4285 3612
4286 4271
4286 7771
4286 9182
4287 2066
4288 6571
4292 6734
4293 536
4293 4347
4295 6518
4298 8709
4302 3220
4302 6662
4302 7113
4303 6408
4309 3607
4310 666
4310 3809
4311 9224
4314 5736
4316 8830
4317 2471
4319 8436
4320 7151
4320 9336
4322 7961
4324 294
4327 2108
4338 4718
4341 3113
4341 5803
4342 6812
4343 6724
4344 3679
4344 4605
4347 3808
4347 4293
4347 4525
4352 3580
4352 4564
4362 5620
4364 1417
4365 5397
4365 6621
4365 7300
4367 5756
4369 7213
4369 9336
4373 4268
4373 5286
4375 2389
4375 2592
4375 4572
4376 9205
4377 4955
4378 2127
4379 594
4379 1910
4380 2057
4380 8129
4381 2896
4381 5607
4383 2530
4383 4250
4384 4469
4388 4875
4389 6675
4394 4000
4395 2124
4396 384
4400 4924
4400 7903
4401 904
4402 4874
4403 4324
4406 4756
4407 4007
4408 7037
4410 10
4410 6585
4411 380
4413 2812
4417 833
4418 981
4419 8906
4422 3797
4422 8348
4423 4451
4423 8665
4425 802
4428 5817
4429 3681
4429 7828
4430 31
4430 4492
4432 6493
4441 1360
4441 5166
4444 7184
4446 2272
4448 1668
4450 1492
4455 8468
4456 8123
4457 1757
4459 1764
4460 2533
4460 8179
4463 2564
4464 4778
4464 6477
4466 727
4471 1475
4471 3688
4474 6067
4478 6603
4481 3941
4483 1711
4485 4442
4487 2350
4492 184
4492 6537
4492 7962
4497 8065
4499 61
4500 1271
4501 9126
4502 4634
4502 4890
4504 8206
4505 2688
4505 5677
4506 6099
4516 19
4517 5765
4518 7075
4518 7628
4521 2389
4523 5307
4524 6709
4525 1148
4527 3068
4527 3129
4531 7621
4534 4017
4535 1367
4535 6389
4536 9380
4537 8973
4538 6075
4538 6967
4539 904
4539 4317
4542 4954
4545 1338
4546 1042
4547 4212
4548 4564
4549 1341
4549 2907
4552 1543
4554 536
4554 1210
4556 8626
4558 3665
4559 2960
4560 5432
4561 2699
4563 2648
4563 4511
4563 7040
4566 593
4568 6752
4568 8301
4570 2619
4571 4955
4572 6396
4573 7325
4574 4415
4574 7188
4574 8770
4575 2809
4575 3077
4576 3212
4577 9379
4580 1921
4580 4968
4581 7632
4583 9159
4585 3689
4587 5872
4588 2434
4589 1672
4589 4653
4589 8504
4595 4990
4598 398
4598 3573
4602 2356
4606 5048
4606 7529
4609 5159
4610 7287
4616 6337
4618 7738
4626 7990
4627 5637
4628 6369
4632 3624
4633 5351
4634 6455
4635 7502
4641 1877
4646 1246
4647 205
4648 6185
4650 6627
4652 1169
4654 1505
4655 8830
4656 238
4656 5261
4657 3367
4657 5497
4659 1522
4660 4223
4660 5398
4662 4353
4663 1624
4663 6724
4664 3009
4664 8907
4667 4158
4668 4160
4668 8527
4669 5056
4671 8489
4673 4843
4674 1404
4675 1425
4676 2143
4678 6407
4680 6050
4680 6355
4681 2534
4681 4862
4683 3483
4684 5697
4685 6334
4690 807
4691 4395
4695 8512
4698 175
4698 556
4699 5125
4701 850
4702 7058
4706 3564
4706 6254
4709 995
4710 9231
4711 7373
4712 1298
4714 8472
4717 6329
4718 8079
4719 1317
4720 3403
4720 7319
4721 3025
4724 6398
4726 3971
4727 8533
4729 9240
4732 4680
4732 6858
4733 4439
4733 8660
4736 3294
4741 8011
4743 554
4746 4623
4747 5256
4749 3271
4750 72
4757 2035
4758 2357
4764 4739
4768 7792
4770 5596
4770 7213
4773 6458
4777 1591
4777 5606
4779 4335
4780 8624
4781 2097
4781 3457
4781 4452
4783 5550
4784 3297
4784 7429
4786 1194
4791 4085
4794 2301
4795 374
4795 8752
4800 4337
4801 7165
4801 7638
4803 2232
4803 8664
4807 2382
4808 544
4809 1213
4813 199
4814 4745
4814 5793
4815 232
4816 2806
4818 965
4819 5910
4820 2411
4826 5903
4830 4969
4831 9106
4832 459
4833 136
4835 540
4836 4889
4836 5435
4840 509
4844 571
4848 4288
4848 7924
4852 6168
4854 4571
4855 8361
4859 875
4859 6558
4861 7131
4862 4328
4862 6414
4863 2219
4864 1415
4867 7541
4869 4246
4872 512
4875 1624
4876 9305
4877 3294
4878 1173
4878 2768
4878 7076
4879 4857
4880 1061
4883 9115
4889 4039
4889 8750
4892 5505
4892 8827
4893 4306
4894 6379
4897 1494
4898 761
4898 6580
4900 471
4903 343
4906 1816
4908 6792
4908 8814
4909 6971
4910 4160
4911 7620
4915 3437
4917 2268
4917 5537
4917 6361
4917 7123
4918 186
4920 9216
4922 8548
4924 2486
4924 4271
4925 6288
4926 4154
4928 3036
4928 6498
4931 2467
4931 4094
4931 8172
4932 555
4934 2475
4937 4242
4937 6556
4938 5112
4942 797
4942 2037
4944 6942
4945 304
4945 874
4947 5042
4948 1148
4948 7032
4949 9032
4952 8623
4953 580
4954 8699
4957 7802
4958 5883
4960 5019
4961 4007
4963 2989
4964 714
4964 3956
4965 7970
4966 7443
4966 8972
4968 1026
4968 8836
4969 144
4974 3754
4975 4739
4976 3109
4976 7549
4977 2831
4979 2091
4984 2990
4984 3941
4985 9280
4986 4662
4987 3428
4992 7822
4993 8071
4995 183
4999 3992
5001 3332
5001 3362
5004 926
5005 1546
5005 4266
5006 1487
5012 6273
5012 8789
5013 2988
5015 42
5015 4646
5015 4742
5017 2460
5018 5168
5018 7951
5019 4822
5020 774
5021 6595
5022 6891
5023 3120
5025 3394
5025 6948
5028 1301
5032 288
5032 1644
5040 6172
5045 4941
5052 3751
5055 1316
5058 5208
5058 7714
5064 7763
5065 2548
5068 7971
5072 4561
5075 3351
5076 4589
5076 8448
5077 8614
5079 6465
5081 1948
5082 7223
5082 7430
5084 7782
5084 7818
5086 871
5087 8076
5088 855
5088 947
5094 6711
5099 1440
5099 4007
5111 8523
5114 4659
5116 5687
5117 585
5117 4786
5119 6770
5122 2974
5122 6015
5124 5458
5125 3571
5126 7453
5127 3294
5130 1446
5134 3626
5138 8820
5139 2411
5141 2471
5145 922
5146 2708
5146 4338
5146 4968
5147 4343
5149 8460
5152 3416
5155 8247
5157 5579
5158 1205
5158 6478
5159 2726
5160 3812
5162 4632
5162 5154
5163 3963
5163 8775
5165 6317
5166 2853
5166 3848
5168 3086
5172 4049
5174 1024
5174 4669
5176 849
5176 8031
5181 2890
5181 5214
5183 1361
5186 4724
5187 1833
5189 6485
5190 419
5192 7963
5193 803
5195 5798
5195 9021
5196 1224
5199 1372
5200 7356
5202 1781
5203 4463
5203 4721
5204 3312
5204 9250
5207 303
5207 7601
5210 4026
5214 6790
5217 4475
5220 5340
5222 2034
5223 133
5223 2984
5223 3327
5224 2218
5227 1369
5231 3259
5232 8889
5234 3122
5239 9251
5244 621
5244 1592
5245 251
5249 3983
5249 8088
5252 7056
5254 8031
5256 2895
5257 2150
5257 7240
5262 6613
5263 7453
5264 6829
5264 7971
5265 2188
5266 3252
5267 6502
5269 6076
5271 7780
5273 2534
5273 8694
5274 6989
5277 396
5278 2930
5283 2767
5283 7695
5284 7043
5285 3328
5285 3551
5287 4209
5287 6516
5288 2712
5288 7442
5290 1427
5291 8152
5294 2552
5294 3824
5297 9357
5299 6163
5300 3031
5302 7763
5303 6328
5305 6853
5309 8373
5312 6344
5314 304
5315 7638
5317 5872
5319 4555
5322 2397
5322 5647
5325 3587
5326 6067
5326 6798
5326 7486
5329 9358
5334 4653
5335 5850
5337 1622
5338 6434
5340 9147
5341 5314
5346 4077
5346 5172
5347 5176
5348 8105
5350 128
5350 3668
5352 4982
5352 8732
5353 2424
5354 6871
5357 7139
5358 4064
5360 7583
5364 8812
5365 7754
5368 406
5373 4490
5375 6708
5376 1647
5376 3663
5376 8567
5378 6701
5383 3825
5384 3757
5386 1030
5387 5283
5388 662
5389 9299
5390 7362
5391 4721
5391 5126
5393 1071
5394 410
5399 4137
5400 8301
5401 5704
5401 7057
5402 9225
5403 1760
5403 2323
5404 2452
5405 6318
5407 1508
5407 7911
5410 4312
5410 7023
5412 7363
5416 1217
5417 3895
5418 8985
5421 4562
5421 5884
5423 5904
5427 3140
5427 7339
5430 492
5432 3791
5432 8958
5434 8480
5436 3244
5441 2950
5443 3462
5449 305
5449 1651
5453 4797
5455 6844
5456 615
5457 6721
5459 8022
5465 4080
5465 4307
5468 2321
5468 9239
5469 4530
5470 7352
5471 2997
5471 7666
5472 986
5473 3987
5478 3960
5480 6545
5481 1544
5483 5067
5485 3726
5485 7676
5487 6784
5488 3394
5489 5370
5490 5121
5492 1627
5493 1019
5495 5408
5496 2103
5497 1974
5500 5929
5500 6152
5502 3846
5503 1415
5503 7246
5504 8690
5505 8071
5507 3365
5509 6903
5509 8707
5512 526
5512 4458
5514 1579
5517 6306
5524 1401
5524 5514
5526 3499
5526 5908
5526 7345
5526 8067
5529 4802
5529 8854
5530 6452
5531 2917
5533 1311
5533 8621
5534 1636
5535 6194
5539 1286
5541 5028
5541 6094
5542 5697
5543 4361
5544 5087
5545 4210
5547 3361
5547 5290
5547 5426
5547 6099
5549 4208
5551 6291
5553 4466
5553 7031
5556 6520
5557 5228
5559 6105
5560 6935
5561 6088
5562 5771
5566 7121
5566 8174
5567 3528
5568 3086
5568 6784
5569 3375
5569 7108
5572 3215
5574 9051
5578 3723
5579 1379
5580 9211
5582 8132
5583 1495
5583 7797
5585 6368
5585 6752
5586 7938
5590 2621
5592 2797
5594 4346
5594 7640
5594 9383
5597 3721
5599 5974
5600 2141
5601 7201
5601 8233
5604 4034
5604 4930
5607 2655
5607 5158
5607 8729
5608 2537
5608 9390
5610 7041
5611 6038
5612 1259
5612 5357
5613 3853
5613 6802
5614 4141
5618 1756
5619 3410
5621 360
5621 1934
5621 2286
5627 7223
5630 5922
5632 2871
5632 3475
5634 964
5635 6325
5636 3402
5636 5366
5637 1300
5639 3048
5639 5465
5639 8707
5643 3491
5643 4307
5645 8491
5646 1433
5647 5985
5647 9380
5649 8235
5651 8069
5652 8463
5653 2474
5654 2376
5654 5076
5656 604
5657 6718
5659 10
5660 1749
5663 8889
5664 53
5664 3135
5664 3773
5666 698
5668 3736
5669 1423
5671 5464
5677 569
5678 6541
5679 4596
5683 5016
5687 1180
5691 8078
5695 8308
5698 7899
5700 2505
5700 8119
5700 8961
5701 2763
5701 4388
5704 5690
5705 1633
5706 5415
5706 5555
5708 7359
5709 6482
5715 3665
5716 6493
5722 7088
5723 5090
5726 6870
5727 3697
5728 2679
5728 3578
5729 94
5729 6495
5730 1232
5730 4658
5731 6284
5733 7035
5734 4644
5736 1467
5736 2590
5736 2604
5736 6789
5738 6939
5738 8693
5740 1321
5740 1624
5741 6000
5746 4499
5748 1987
5748 5625
5748 5822
5753 8115
5754 1825
5756 1441
5758 3585
5759 1568
5759 3306
5759 3845
5761 1475
5761 4122
5763 4270
5767 1199
5769 471
5769 4322
5769 8243
5771 6518
5773 457
5773 2036
5773 8767
5775 6997
5775 8960
5779 7468
5780 9226
5781 6081
5783 2056
5786 722
5786 1643
5793 3331
5795 3074
5795 7062
5796 4472
5797 4321
5798 6008
5800 77
5800 2192
5800 5227
5802 6632
5804 3890
5804 7519
5811 3274
5814 1749
5814 8658
5816 7201
5820 1802
5820 5663
5821 4604
5822 1806
5822 8908
5824 646
5824 5296
5825 3194
5826 1444
5826 2915
5832 5586
5835 7058
5836 6659
5837 6603
5839 2259
5839 7875
5840 4568
5841 6822
5842 7130
5845 1178
5845 4944
5846 2011
5850 6390
5855 1647
5856 3006
5859 8579
5862 5889
5864 8677
5865 3190
5868 683
5868 8325
5870 2512
5870 3384
5872 1673
5872 2018
5872 6350
5872 8814
5876 5637
5876 6396
5877 8586
5881 3997
5883 2284
5886 4178
5888 217
5895 2732
5898 7508
5899 4495
5900 8394
5901 4231
5904 5572
5904 7984
5907 8067
5908 4468
5910 2961
5910 9012
5911 5701
5912 8560
5914 41
5914 303
5919 173
5920 2773
5921 6404
5923 2177
5925 8410
5926 132
5926 4049
5927 6372
5928 43
5928 1133
5930 4677
5930 5248
5931 7042
5933 3616
5935 3081
5937 3682
5937 5692
5938 661
5938 882
5938 3516
5940 494
5940 5070
5940 9220
5941 5972
5943 3076
5945 6861
5948 7930
5950 7475
5952 6412
5953 109
5953 7835
5957 740
5958 6568
5961 5868
5967 2880
5967 6969
5971 4241
5972 8977
5974 3267
5975 1398
5975 5498
5978 8291
5978 9001
5979 3767
5981 1493
5981 6962
5984 8821
5986 273
5986 5762
5989 3544
5992 7246
5992 8807
5993 2386
5993 8765
5994 8928
5995 2169
5995 6753
5997 8317
5998 3304
6001 3807
6002 1139
6002 8317
6003 7871
6007 1415
6011 802
6013 792
6017 8379
6019 70
6020 5098
6021 3426
6022 4403
6026 3407
6027 401
6029 3558
6030 2655
6030 4750
6032 2713
6033 375
6033 4606
6034 4669
6036 3328
6040 8863
6041 3678
6042 1132
6042 5179
6044 5131
6044 7536
6045 6651
6047 2461
6048 8791
6049 3201
6050 7766
6052 1248
6056 2321
6057 2788
6058 8453
6059 9214
6060 311
6060 2341
6062 4871
6062 8382
6063 712
6066 8062
6066 8740
6068 1863
6070 201
6072 1329
6076 3874
6079 4126
6079 6066
6080 7865
6084 8057
6085 756
6086 3552
6093 486
6093 4820
6094 3186
6095 6326
6096 1079
6096 7414
6100 2334
6102 4002
6104 9218
6105 6252
6106 711
6108 4486
6110 6545
6110 6891
6113 3985
6115 5227
6115 6971
6116 5294
6120 2767
6121 9349
6122 1336
6127 1699
6128 2340
6128 8763
6130 2208
6130 5141
6131 363
6132 940
6132 2489
6133 7653
6135 985
6135 7188
6139 5008
6140 2521
6143 6334
6143 7005
6143 7103
6144 266
6145 2019
6148 3283
6150 3431
6151 1486
6152 3383
6153 2877
6153 5240
6155 8259
6155 9353
6158 5688
6161 783
6166 3644
6169 4777
6169 7252
6170 5015
6170 5257
6172 6076
6181 1967
6181 2509
6183 6621
6186 309
6187 4246
6187 6251
6188 8312
6189 285
6189 2211
6191 3787
6196 3863
6196 4498
6196 5444
6197 6865
6198 8270
6199 1760
6199 8335
6200 7148
6203 6377
6205 5226
6205 6953
6205 9285
6208 4263
6218 3079
6219 2176
6220 7347
6222 7162
6225 8500
6226 432
6226 7145
6226 8613
6227 1134
6228 7022
6231 3816
6235 1897
6235 5804
6237 2823
6237 4058
6238 1763
6240 913
6242 6728
6248 3317
6249 920
6249 8599
6253 841
6253 6825
6254 4344
6258 5928
6259 117
6260 1485
6260 6656
6265 6622
6265 7679
6266 194
6269 2788
6269 7915
6270 3255
6277 7071
6277 7091
6279 410
6279 5747
6279 5906
6281 3141
6281 6315
6284 4374
6285 7678
6288 8389
6290 5350
6291 1092
6295 6264
6296 8995
6298 9174
6302 3190
6302 6930
6303 7736

