1088 4511 3402
1 1
1 2902
1 3369
2 863
3 34
3 443
4 1462
4 2111
4 4110
4 4215
4 4462
5 2628
5 3252
6 658
6 2044
6 2414
7 2632
7 2789
7 2981
8 168
8 325
8 3729
8 4459
8 4462
9 716
9 910
9 3297
10 1153
11 1183
11 1639
11 1726
11 1842
11 4220
12 374
12 2997
12 3647
13 72
13 2651
13 3393
14 4198
14 4432
15 721
15 1386
15 1684
15 2480
16 962
16 4279
17 1311
17 3094
17 4243
18 2767
18 3871
18 4129
19 1994
19 2116
19 2922
20 605
20 2615
20 3494
20 3778
21 1501
21 1684
21 2865
21 3358
21 3910
21 4396
22 1053
22 1338
22 2355
22 2495
22 4459
23 495
23 624
23 1211
23 1932
23 3672
23 4325
24 1693
24 2351
24 4187
24 4346
25 363
25 3204
25 3368
25 3915
26 1820
26 3245
26 3739
27 1788
27 1819
28 2375
30 895
30 2815
30 2876
30 3561
31 1337
31 1766
31 3293
31 3772
32 2780
32 2993
32 3877
32 4047
33 47
33 1300
33 1755
33 3743
34 2698
34 3556
34 4343
35 766
35 2879
35 3403
36 3572
37 891
37 4099
38 360
38 1667
39 806
39 3816
40 3412
40 3420
40 3599
41 19
41 631
41 1864
41 3323
41 3523
42 24
42 982
42 1048
42 1426
42 1634
42 2851
42 4179
43 1639
43 2998
43 4094
44 535
44 1036
44 3065
44 3201
44 3650
45 454
45 1838
45 2466
45 2590
45 3215
45 4138
45 4469
46 156
46 2394
46 3599
47 447
47 1506
47 2798
48 1375
49 1834
49 1965
50 550
50 2180
50 2629
50 3558
50 4216
50 4369
51 293
52 80
52 424
53 540
53 1054
53 2238
53 2832
53 3021
53 3190
54 234
54 734
54 2983
54 3649
54 4041
54 4271
55 548
55 1533
56 422
56 1112
56 2336
56 3484
57 3609
59 451
59 1780
60 22
60 1400
60 1850
60 2508
60 4009
60 4386
62 501
62 723
62 2599
62 3638
63 1292
63 3867
64 1398
64 3435
64 3967
64 4284
65 1275
65 1445
65 1825
65 2285
66 359
66 1798
66 4231
67 3874
68 463
68 2715
69 465
69 718
69 2347
69 2601
70 1325
70 1675
70 2099
70 3130
72 333
72 620
72 969
72 1414
72 3638
73 634
73 1796
73 3558
73 3652
74 431
74 1682
74 3175
75 604
75 1635
75 1915
75 2039
76 1425
76 1429
76 2120
76 2834
76 3453
77 509
77 736
77 1201
77 2392
78 898
78 2999
78 3082
79 374
79 1714
80 472
80 3269
81 1004
81 1563
81 4085
81 4291
82 33
82 2009
82 2655
83 703
83 927
83 3508
83 3996
84 437
84 602
84 1281
84 2238
84 3682
84 3995
85 249
85 1707
85 3226
85 4251
86 3725
87 296
87 1808
87 2835
88 1327
88 4317
90 574
90 759
90 1285
90 3049
91 578
91 2352
91 3274
91 3931
92 338
92 461
92 525
92 652
92 2574
92 3944
92 3968
92 4233
93 2072
93 2197
93 2431
93 3528
94 717
94 1660
94 2324
94 4443
95 567
95 2734
95 3290
95 4017
95 4172
96 801
96 2185
96 2555
96 3501
97 1209
97 1942
98 2335
98 2646
98 2905
98 3721
98 4413
99 2736
99 4252
100 141
100 1284
100 1841
100 2039
100 2217
101 830
101 2025
101 3359
101 4327
102 223
103 4511
104 2365
104 3163
105 2900
105 3052
105 4349
105 4370
106 1013
106 2060
106 2260
106 2419
106 3200
107 1767
107 2171
107 2339
108 25
108 115
108 694
108 1451
108 4410
109 2003
109 2160
109 2425
109 2749
109 3056
109 3778
110 1150
110 3361
110 3840
110 4358
110 4493
111 2651
111 2786
111 3432
113 2023
114 1636
115 3012
115 4215
116 166
116 875
116 1804
116 2321
116 2347
116 3460
116 3964
116 4353
117 1443
117 1698
117 2644
118 818
118 1484
118 3361
119 57
119 1683
119 1755
119 1983
119 3362
119 3407
119 4209
120 518
120 565
120 1519
120 3601
120 4269
121 50
121 195
121 1784
121 2439
121 2643
121 3114
121 3448
122 41
122 1643
123 702
124 956
124 1536
124 3211
125 636
125 985
125 1011
125 1755
125 4418
125 4435
126 1615
127 312
127 3797
128 1306
128 1685
129 133
129 1093
129 2549
129 3691
130 189
130 2386
130 4240
131 248
131 703
131 2037
131 4059
132 439
133 3024
134 3448
135 1611
136 2233
136 3197
137 1353
137 1546
137 3465
138 311
138 847
138 1341
138 2930
138 3264
138 3407
138 4261
139 591
139 669
139 1377
139 3784
139 4196
140 28
140 1862
140 4117
141 71
141 2890
141 4023
142 2404
142 3150
142 3360
143 903
143 2543
143 3004
144 327
144 833
144 1057
144 3958
144 4152
145 395
145 401
145 3548
145 4172
146 2172
146 3937
146 3999
147 93
147 1812
147 2598
147 3491
147 3763
148 459
148 1408
148 1631
148 2743
148 3216
148 3508
148 4346
150 232
150 946
150 1395
150 1515
150 2167
151 1564
152 3191
153 1977
153 3066
153 3933
154 1529
155 1576
155 1981
155 3473
155 3581
155 3743
156 1828
157 2407
157 2503
158 791
158 3846
159 2858
160 547
160 814
160 3717
160 4118
161 508
161 1461
162 1403
162 3877
162 4323
163 1097
163 1806
164 2010
164 2868
164 3531
164 3673
165 3279
165 3408
165 3521
166 2924
166 4239
167 1324
167 1350
167 1395
167 1521
167 2542
167 3687
168 279
168 1161
168 2666
168 3262
169 3722
170 357
170 724
170 1885
172 1026
172 1853
172 2032
173 1566
173 1780
174 524
174 1160
175 489
175 1780
175 3439
175 4324
176 698
176 2280
177 404
177 1570
178 4246
178 4377
179 1676
179 3879
180 744
180 1423
180 4123
181 1741
181 3939
182 2067
182 2560
182 3387
183 3138
184 772
184 1720
184 1737
184 2676
184 2774
185 23
185 707
185 2768
187 2608
187 3171
189 3516
189 3587
190 108
191 1937
191 2843
192 1760
192 1846
192 2253
192 2314
193 4278
194 1870
195 523
195 3316
195 4134
195 4257
196 903
196 1619
196 1956
196 3733
197 681
197 957
197 1497
198 1923
198 1941
198 3307
199 115
199 914
199 1062
199 1240
199 2778
199 3906
199 4169
200 2762
200 3796
201 25
201 1208
201 2064
201 4331
202 2881
202 2962
202 3383
202 3493
202 3656
202 3975
203 27
204 516
204 1351
204 1552
204 2898
204 4337
205 756
205 1758
205 2052
205 2359
205 2385
206 317
206 864
206 2590
207 1258
207 3136
207 4206
207 4494
208 1323
208 1620
208 1989
209 2911
209 2960
210 1954
210 2374
210 2835
210 3668
210 3899
211 712
211 1543
211 1940
211 2182
211 4324
213 909
213 1929
213 2116
213 4150
214 1080
214 3966
214 4474
215 2418
215 2879
216 1889
216 2385
216 2696
217 2213
219 331
219 1073
219 1990
220 1885
220 4257
221 860
221 2553
221 2817
221 2918
221 3154
221 3598
221 3741
222 946
223 3121
224 3281
225 179
225 766
225 2919
226 676
226 2381
227 408
227 1056
227 4195
227 4302
228 908
228 973
228 3360
228 4231
229 744
229 1699
230 997
230 3522
230 3934
230 4461
231 2163
231 2821
232 2771
232 3732
232 3779
232 4312
233 188
233 3258
234 2469
234 3548
234 3679
234 3718
235 1959
235 2677
235 2970
235 4087
236 2957
236 3538
237 233
237 1968
238 179
238 1574
238 1964
238 2333
238 3498
238 3716
240 255
240 1571
240 2830
240 2848
241 2
241 3149
241 3871
242 989
242 2363
242 3719
243 2200
243 2306
243 2524
244 4369
245 544
245 671
245 1690
245 2246
245 3732
246 3657
246 3986
247 2121
247 4312
248 237
248 308
248 2455
248 3802
249 962
249 3114
250 2340
250 3613
250 3947
250 4200
250 4261
250 4409
251 394
251 897
252 940
252 1891
252 3176
252 4265
252 4283
253 872
253 1186
253 1265
253 1594
253 2681
253 4153
254 939
254 2470
255 1639
255 2404
255 2618
255 4099
256 1693
256 1912
256 2118
256 4325
257 170
257 2365
257 2371
258 2933
259 1260
259 1681
259 3923
260 915
260 1909
260 2238
261 197
261 624
261 850
261 2325
261 3548
262 876
262 1386
263 474
263 824
263 2278
263 2479
263 2673
264 2113
264 2207
264 3622
265 1196
266 192
266 2549
267 2015
267 2020
267 2992
268 561
269 701
271 2353
271 3651
271 3851
271 3916
271 4491
272 314
272 1951
272 3049
272 3891
273 323
273 1038
273 2192
273 3819
275 611
275 811
275 869
275 3261
275 3794
276 350
276 3300
276 3637
276 3749
277 1130
277 3150
278 975
278 3262
278 3935
280 1629
280 3208
280 4039
280 4359
281 3436
282 485
282 714
282 3034
283 303
283 536
283 1229
284 325
284 2937
284 3763
285 453
285 2562
285 3268
286 1492
286 2363
287 1003
288 439
288 1225
288 2068
288 4272
290 3182
291 464
291 518
291 3998
292 120
292 877
292 2819
292 2916
293 670
293 1225
293 1975
293 3135
294 2032
294 3245
294 4410
294 4443
295 1876
295 3080
296 1083
296 2786
297 602
297 2442
297 3898
298 919
299 2311
299 2632
300 176
300 4307
301 236
301 3408
301 3443
301 3476
302 454
302 1724
303 1640
303 2719
303 2837
304 156
304 2697
305 2942
306 2310
307 505
307 1973
307 3053
307 3571
308 230
308 2101
308 2200
308 2326
308 2457
308 2666
308 2683
308 3616
309 2161
309 3985
310 1410
310 3177
310 3334
310 3498
310 3904
310 4107
311 1065
311 2778
311 3318
312 1124
312 2508
312 3407
313 11
313 578
314 947
314 3604
314 3754
315 862
315 1737
316 430
316 706
316 1250
316 1386
316 2693
316 3516
316 4047
317 540
317 3214
318 957
318 1899
320 2633
322 743
322 2296
322 2622
323 200
323 1591
323 2882
323 3261
324 2683
325 1530
325 2605
325 3104
325 4150
326 1384
326 1608
326 1877
326 3635
327 788
327 1011
327 1447
327 1742
328 476
328 793
328 824
328 2574
328 4067
329 808
329 2746
329 4267
330 1817
330 2079
330 3395
331 464
331 2572
331 2586
331 2965
332 245
332 2701
334 2113
335 253
335 2002
335 3295
336 218
336 1001
336 3477
337 130
337 197
337 771
337 1771
337 3165
337 3327
338 176
338 817
338 1861
338 1887
338 1977
338 2511
338 2903
339 2947
339 3761
339 3859
340 1871
340 1954
340 2017
340 3991
340 4111
341 666
341 1367
341 1971
341 2228
341 2935
342 682
342 1385
342 2809
342 2848
342 3171
343 450
343 3886
344 2279
345 2099
345 3269
345 3307
346 2500
346 3740
347 1247
347 3163
348 506
348 583
348 1200
348 1773
349 2247
349 2423
349 3256
350 1683
351 1382
351 2625
351 2784
351 4373
352 3579
353 1834
354 380
354 1595
354 3073
354 3481
354 4045
355 491
356 1036
356 1039
357 1170
357 4276
357 4422
358 270
358 634
358 1545
358 4278
359 1143
359 1447
359 3983
360 489
360 1630
360 3020
361 513
361 2426
362 32
362 40
362 347
362 802
362 1494
362 1766
362 4387
363 262
363 1061
363 1763
363 2430
363 2818
363 3965
364 978
364 1091
365 921
365 1246
365 2158
366 233
366 2862
366 3331
366 4493
367 1469
367 2510
368 3537
370 429
370 3305
371 2829
371 3540
371 3908
372 205
372 2521
372 3097
373 1895
373 2673
374 300
374 891
374 2066
374 2085
374 2402
374 2844
374 2936
374 3680
374 3948
375 1446
376 361
376 535
376 611
376 1110
376 1319
376 1401
376 2234
376 3655
377 1934
377 3280
377 3885
378 303
378 2175
378 2602
378 2759
378 3321
379 2203
379 2483
379 2503
379 3983
380 4110
381 162
381 2464
382 140
382 555
382 1494
383 87
384 197
384 3414
384 3811
385 901
385 1511
385 3437
387 2695
387 3099
387 3178
387 3958
387 4160
387 4328
388 966
388 1475
388 2060
388 2269
388 2401
388 3040
388 3436
388 3444
389 876
389 2410
389 2912
389 3969
389 4249
390 662
390 878
390 1555
390 2369
390 2724
391 552
391 889
391 1255
391 3834
391 4425
391 4451
392 1339
392 1873
392 3291
392 3887
393 861
393 1566
394 2786
394 3673
394 3753
394 4449
395 1957
395 3988
396 645
396 1723
396 1758
396 4304
397 986
397 2134
397 2264
397 3406
397 4111
398 1756
398 3795
399 170
399 827
399 1025
399 2173
399 3235
400 868
400 3124
400 3369
400 3960
401 43
401 4174
402 108
402 2136
402 3492
403 1
404 845
404 2048
404 2116
404 2630
404 2797
405 1479
405 2259
405 2300
405 2496
406 1381
406 2831
406 3607
407 1680
407 3630
408 1596
408 3018
408 3684
409 3660
410 1646
410 2113
410 2769
410 3536
410 3819
411 80
411 3158
412 1871
412 3569
413 15
413 4471
415 478
415 988
415 4417
416 1492
416 3614
417 2872
418 1943
418 2375
418 2662
419 60
419 1709
420 4041
421 1233
421 1478
421 3367
422 684
422 1809
423 628
423 904
423 2353
423 3184
423 3952
424 906
424 1078
424 1508
424 3211
425 1400
425 1756
425 3436
426 471
426 1136
426 1637
426 2809
426 3269
426 3822
426 3906
427 84
427 299
427 571
427 3647
428 351
428 930
428 2324
428 2664
428 2973
428 3099
428 3548
428 3989
429 257
429 2484
429 2835
429 2925
429 3344
430 157
430 968
430 3863
430 4094
430 4283
431 244
431 898
431 1304
431 3025
431 3405
432 886
432 958
432 1868
432 2149
432 2860
432 3445
433 717
433 816
433 3759
434 1064
434 3416
435 350
435 1002
436 358
436 660
436 2986
436 3161
436 3421
437 502
437 2595
437 4119
438 878
438 2500
438 2634
438 3650
439 648
439 1146
439 1622
439 1902
439 1962
439 3068
440 1140
440 2029
440 4219
441 103
441 1327
441 1689
441 3119
441 4327
442 125
442 215
442 1389
442 1805
442 2113
443 1844
443 1928
444 1129
445 1193
445 1331
445 2884
445 3429
445 3852
446 422
446 2234
447 2670
447 3649
448 1094
448 2464
448 2602
448 2889
448 4202
449 766
449 1797
449 1921
449 2064
449 3892
449 4201
450 2370
450 3771
451 1381
451 1909
451 2748
453 1251
453 2563
453 3425
453 4351
454 189
454 655
454 733
454 1693
454 2339
455 309
455 1902
456 1135
456 1139
456 3785
457 1226
457 1777
458 1465
458 2917
459 154
459 1278
459 1523
459 2610
459 2804
459 3446
459 4147
460 1563
460 2661
461 763
461 1869
462 192
462 3055
462 3772
463 963
463 2536
463 2559
463 3732
464 1029
464 4415
465 1807
465 1854
465 3891
466 788
467 257
467 360
467 595
467 1742
467 3763
468 113
468 626
468 963
468 2067
468 2702
468 2724
468 3683
469 2406
469 2905
469 3477
469 3586
469 4103
469 4164
470 1465
470 2058
471 365
471 3007
471 3057
472 631
472 720
472 2017
472 3109
472 3450
473 1328
473 3031
473 3655
474 2497
475 3267
475 3907
475 4374
476 3607
477 1929
477 2980
478 790
478 3079
478 4384
478 4400
479 708
479 769
479 1411
479 3264
480 470
480 2982
480 4118
481 1066
481 1952
481 2577
482 640
482 1139
482 2453
482 4348
483 1218
483 1423
483 1599
483 2217
483 3899
483 3972
483 4164
484 1884
484 2364
484 2508
484 3021
484 3599
485 3216
485 3689
486 648
486 823
486 829
486 4041
487 925
487 1111
487 1570
487 1812
487 2713
487 2725
487 3925
487 4137
487 4336
488 22
488 498
488 768
488 1990
488 4038
488 4270
489 572
489 2994
489 3328
489 3661
489 3881
490 3582
490 4196
491 904
491 981
491 1349
491 1369
491 1785
491 2884
491 3776
491 4015
492 1428
492 2851
493 1290
493 3111
493 3118
494 2
494 1903
494 2248
495 285
495 1173
495 3407
496 686
496 2903
496 4511
497 1517
497 1846
497 3128
497 4403
498 507
498 1781
498 3709
499 136
499 137
499 2437
499 3181
500 4091
501 2049
502 354
502 3094
502 3960
503 2500
503 3179
504 1556
505 294
505 1046
505 2365
505 2568
505 3286
505 3938
505 4054
506 792
506 1163
507 49
507 3438
507 3702
507 4023
508 145
508 255
508 883
508 3859
508 3996
508 4011
509 1556
509 1935
509 3339
509 3671
509 4240
510 1286
510 2988
510 3733
511 1060
511 3300
512 430
512 582
512 2638
512 4027
513 1033
513 1071
514 491
514 2813
515 96
515 931
515 2425
515 2430
515 2853
515 3597
516 664
516 1781
516 2979
517 1709
517 2875
517 3373
517 4460
518 227
518 972
518 2653
519 129
519 266
519 2175
520 824
520 1923
520 1970
520 4271
520 4295
521 135
521 1780
521 2585
521 2892
522 1194
522 2419
522 3935
522 3946
523 334
523 1109
523 1364
524 3829
525 403
525 883
525 923
525 4120
526 216
526 374
526 1073
526 3060
526 4094
526 4452
527 1224
527 1949
528 398
529 161
529 289
529 1791
529 4364
530 2753
530 3234
530 3371
530 3823
531 1523
531 3310
532 1655
532 1789
532 2131
532 3162
532 3284
533 53
533 931
533 3217
534 270
534 271
534 901
534 1758
534 2804
534 4137
535 1298
535 1710
535 1764
535 3416
535 4212
536 1248
536 3154
536 4369
537 1840
537 1932
537 4286
538 1823
538 3679
538 4352
539 493
539 3372
540 282
540 884
540 3966
541 3040
541 3543
541 4181
542 1501
542 3916
543 1255
543 2540
543 2815
544 1710
545 2780
545 4057
546 479
547 860
547 1627
547 2401
548 1898
548 2812
549 852
549 1595
549 2172
549 3439
549 3565
549 3573
550 1677
551 506
551 605
551 2063
551 2408
551 2874
552 330
552 1180
552 1215
552 1530
552 2498
552 2616
552 3254
552 3794
553 731
553 1097
553 2063
553 3519
554 561
554 1953
554 2520
554 4188
555 2349
555 2458
556 2759
556 3325
556 3678
557 342
558 892
558 1200
558 1411
558 1427
558 2459
558 3079
559 1141
559 2956
559 3666
559 4294
559 4330
560 452
560 1006
560 1377
561 1035
561 1344
561 1866
561 2595
561 3489
561 4433
562 3177
562 3474
563 962
563 1660
563 1928
563 2549
563 3086
564 1165
564 1567
564 2081
564 3732
565 307
565 1706
566 40
566 82
566 1080
566 1287
566 2848
566 3032
567 1540
567 2630
567 3005
567 3950
570 1813
571 394
571 1759
571 2156
571 3681
572 327
573 4159
573 4422
574 939
574 4288
575 321
575 747
575 1583
575 2364
575 2561
575 4457
576 1032
576 1700
576 1838
576 2168
576 3244
576 3426
576 3657
577 2674
577 3057
578 3583
578 3605
579 1445
579 1668
579 3149
580 675
580 2212
580 2217
581 1068
581 1207
581 1440
581 1862
581 2958
581 3927
582 738
582 941
582 1993
582 2408
582 3887
583 941
583 1561
583 2869
583 3602
583 4328
583 4509
584 1962
584 2855
585 841
585 2238
585 2416
585 3472
585 3781
585 4195
586 717
586 2243
586 2394
586 2755
587 2269
587 2373
587 3021
588 150
589 879
589 1203
589 2675
589 3985
590 679
590 2151
590 2186
590 3810
590 3893
591 147
591 194
591 448
592 875
592 1446
592 2041
593 744
593 1030
593 2373
594 1833
594 3107
594 3644
595 754
595 1013
595 3158
595 3424
596 298
597 514
597 710
597 2431
597 2856
597 3331
598 340
598 959
598 2843
598 3847
599 1311
599 2095
599 2557
599 3111
600 601
600 1175
601 2227
602 561
602 684
602 3279
603 835
603 1184
603 1837
603 2395
604 2985
604 2986
604 3247
604 3590
605 959
605 3697
605 4489
606 1466
606 1668
606 3858
607 2355
608 3193
608 3451
608 3964
609 1041
609 1321
610 284
610 889
610 1861
610 2476
610 2932
610 3437
610 3631
610 3647
611 1666
611 2826
611 4305
612 1400
612 3143
613 458
613 929
613 1150
613 1862
613 2794
614 1035
614 3702
615 1327
615 3170
615 3966
615 4287
616 830
616 1032
616 1726
616 2097
617 978
617 3100
618 1530
618 1992
618 2963
619 637
619 991
619 2604
619 2847
619 3266
620 2319
621 78
621 2715
621 3174
622 722
622 1289
622 3263
622 3307
622 4173
623 248
624 784
624 1036
624 3610
624 3680
624 4043
625 2700
625 4086
626 93
626 1008
626 1875
626 2031
626 2362
626 3050
626 3484
626 3774
626 4404
627 21
627 1236
627 2073
627 4056
628 181
628 2018
628 4091
629 1485
629 1820
629 2873
629 3038
630 1254
631 3059
631 3074
631 4133
632 163
632 1493
632 2577
632 2972
632 3360
632 3977
633 1030
633 3449
633 4479
633 4484
634 1325
634 2606
634 2844
635 2209
635 2399
636 1665
636 3146
636 4209
636 4384
637 731
637 3640
638 1716
638 2660
638 4331
639 996
639 1301
639 2701
639 4427
640 384
640 909
640 1721
641 1102
641 4230
642 457
642 2954
642 4194
642 4307
643 680
643 1061
643 1640
643 2427
643 3682
644 483
644 3946
644 3947
644 4457
645 1477
645 1894
645 2578
645 3382
645 3951
645 4503
647 3511
648 1251
648 4022
648 4243
649 3166
650 1211
650 1764
650 2280
650 2548
651 1855
651 4188
652 2315
652 2485
652 3797
652 3936
653 877
653 1103
653 1952
653 2017
654 3976
654 4410
655 2202
655 3778
656 1049
656 1831
656 2160
656 3203
656 3687
657 268
657 840
657 2344
657 3918
658 442
658 4046
659 1409
659 3507
660 2307
660 3668
661 757
661 925
661 4085
662 181
662 719
662 4096
663 1726
663 2287
664 429
664 823
664 873
664 2861
664 2971
664 3512
665 113
665 1039
665 2513
665 3725
666 383
666 422
666 1661
666 2077
667 908
667 4413
668 536
668 2668
668 3226
670 80
670 1280
670 1546
670 1927
670 2783
670 3339
670 3521
671 2189
671 2968
672 783
672 1131
672 3297
672 3833
672 3897
672 4255
673 290
673 2750
673 2970
673 3613
674 2372
674 2426
674 3940
674 4458
675 323
675 1872
675 2014
675 2793
675 2853
676 1285
676 1868
676 3154
676 3496
676 4144
677 721
678 877
678 2151
678 2403
678 3241
679 683
679 961
679 3962
680 203
680 1985
681 911
682 2397
682 3827
682 3930
682 4299
683 1847
683 3997
684 965
684 3271
685 1393
685 2248
686 979
686 4335
687 738
687 1175
687 1224
687 2482
687 2697
687 2714
688 3075
688 4065
688 4366
689 379
689 1706
689 2870
690 1219
690 2194
690 3631
691 2998
691 4201
692 3598
692 3601
692 3838
692 4302
693 169
693 2693
694 124
694 1385
694 1669
694 1910
695 559
695 1106
695 2829
695 2899
695 3155
696 2497
696 3067
697 936
697 1569
697 2660
698 573
698 1903
698 4173
699 1414
699 2355
699 2413
699 4015
700 1044
700 1145
701 1217
701 1842
701 3429
701 3860
702 1226
703 2079
704 121
704 823
704 1509
704 2289
704 2838
704 3554
705 3557
706 2628
706 3471
707 723
707 2916
707 3855
707 3903
708 492
708 3904
709 2431
710 1774
711 467
711 1612
711 2454
711 2509
711 3422
711 4276
712 1496
712 4509
713 23
713 2147
713 2176
713 2390
713 3430
713 4058
713 4064
713 4103
714 2405
714 4048
715 131
715 938
715 1392
716 2559
716 2833
717 986
717 1606
717 2669
717 2948
717 3229
718 467
718 948
718 1183
718 1730
719 938
719 2254
719 3653
720 541
720 1250
720 1298
720 4309
720 4460
721 210
721 849
721 1118
721 1483
722 1385
722 3667
723 196
723 322
723 700
723 1576
723 1855
723 2916
723 4044
724 440
724 580
724 890
724 1137
724 3110
725 1039
725 1221
725 3443
726 813
726 1603
726 1839
727 485
727 532
727 2254
727 4078
728 264
728 3318
728 3861
729 409
729 2472
730 546
730 818
730 1621
730 1754
730 3566
731 1205
732 318
732 845
732 1846
732 2550
732 3340
732 4252
733 206
734 374
734 1170
734 2156
735 1914
735 3781
736 82
736 1197
736 2297
736 4113
737 1200
737 1331
737 4091
738 2984
738 3383
738 4161
739 2981
739 3473
739 3673
740 1783
740 3548
741 240
741 1715
741 2886
742 302
742 479
742 1724
742 1829
742 3331
742 3888
743 13
743 935
743 1766
744 2286
744 3479
744 4479
745 1933
745 2443
745 2746
745 3147
746 131
746 774
746 1838
746 2169
746 2587
746 2693
746 3342
747 954
747 3001
747 3219
750 1109
751 2260
751 2387
751 3037
752 105
752 2396
752 3169
752 3899
753 2602
754 570
754 2156
754 3758
754 4074
755 699
755 1344
755 1826
755 3213
755 3301
755 3330
755 4017
756 562
756 4382
757 254
757 1342
757 1738
757 2001
757 3098
758 2623
758 3924
759 1029
760 1313
760 1993
760 3145
760 4118
761 871
761 1863
761 2055
761 3497
762 438
762 1385
762 1845
763 417
763 755
763 955
763 3651
764 3607
765 1417
765 2269
765 3056
765 3278
765 3557
765 4457
766 570
766 2345
766 2962
766 3097
768 369
768 4033
769 205
769 1410
769 1818
769 3890
770 2795
770 3062
770 3675
771 3324
771 3924
772 2186
773 172
773 473
773 3356
773 3585
773 3944
774 30
774 788
774 3775
775 2087
776 1249
776 1296
777 1308
777 1461
779 87
779 4320
780 1265
780 2791
780 2994
780 4007
780 4012
780 4218
781 1650
781 2524
781 3991
782 1907
782 3765
783 3013
783 4113
785 1211
785 2217
785 2853
785 4283
786 3517
787 907
787 1437
787 1541
787 3652
787 4203
789 452
789 805
789 2196
790 2648
790 2941
790 3017
790 3718
790 4106
791 216
791 302
791 1297
791 2111
791 2520
791 2791
792 4025
793 1006
793 2719
793 4332
794 2062
794 3871
794 4368
795 1209
795 1960
795 3103
796 1497
796 3185
797 1458
797 2878
798 1810
798 1884
798 4471
798 4490
799 2563
799 2882
800 8
800 412
800 2605
800 3179
800 4001
801 337
801 1054
801 3185
802 704
802 776
802 1599
802 2117
802 3561
802 4171
803 246
803 398
803 736
803 748
803 1127
803 1314
803 1777
803 3369
805 739
805 1565
805 2601
805 2790
806 1023
806 1880
806 2314
806 2660
806 3866
806 4464
807 1420
807 1911
807 2556
808 1814
808 2450
808 3411
809 2934
810 682
810 4431
811 363
811 1754
811 2902
812 639
812 718
812 2461
813 2243
813 2986
813 3339
814 409
814 2663
815 3872
816 115
816 2055
816 2702
816 2729
816 4347
817 1689
818 2794
819 894
819 1601
819 3374
820 1180
820 3270
820 4257
821 872
821 906
821 1650
821 1850
821 2986
821 3024
823 1891
823 2250
823 4427
824 2648
824 3256
824 4118
825 361
825 1577
825 3721
826 2817
826 2877
826 3813
826 4411
827 1906
827 2676
827 3762
828 140
828 182
828 437
828 1595
828 3996
829 3813
830 1064
830 1556
830 2697
831 217
831 271
831 1053
831 1494
831 1633
831 2830
831 2945
831 3248
831 3321
833 746
833 1363
833 1457
833 1524
833 2763
833 4490
834 187
834 3182
834 4077
835 1040
835 1580
835 2136
836 245
836 1404
836 2248
837 154
838 2067
838 2512
839 198
839 1735
839 4214
840 1380
840 1455
840 1591
840 4433
841 1029
841 1611
841 1688
841 3068
842 4100
843 1596
843 1777
843 2347
844 81
844 1147
844 1945
845 1918
845 3105
845 3666
845 4211
846 560
846 942
846 1225
847 373
848 223
848 1808
848 2662
848 4267
849 445
849 3812
850 1100
850 3442
850 4026
851 1787
851 1957
851 2701
852 1510
852 1519
852 2734
852 4272
853 3249
853 4479
854 983
854 2549
854 3022
854 3768
855 4511
857 1455
857 2265
857 3414
857 3673
857 4356
859 922
859 1397
859 4485
859 4489
860 2786
860 3215
861 492
861 1622
861 2074
861 2487
861 2721
861 3489
862 572
863 534
864 295
864 1600
864 2518
864 2879
865 3361
867 1097
867 1204
867 1477
867 3656
868 1170
868 4142
869 1714
869 4195
870 136
870 377
870 1912
870 2270
870 3647
870 4461
871 1220
871 1238
871 1407
872 2727
872 3002
872 3193
872 3566
872 4003
873 2911
873 4197
874 1857
874 2742
874 4454
875 2648
875 2836
876 1785
876 2969
877 890
877 994
878 1041
878 1378
878 3174
878 4260
879 148
879 901
879 1225
879 2220
880 4255
881 2755
881 3056
882 535
882 584
882 2633
882 2981
883 906
883 1381
883 3706
884 38
885 3011
885 3087
885 3618
886 1099
887 4026
887 4192
888 45
888 1557
888 1631
888 2316
888 2771
888 4422
889 329
889 1077
889 1224
889 1322
889 2413
889 4064
890 2551
891 293
891 3514
891 3882
892 646
892 1021
892 1548
892 1681
892 4273
893 447
893 2088
893 2780
893 2883
893 3449
893 3942
893 4006
894 1998
894 3511
894 3783
894 3956
895 1018
895 3236
895 3519
896 252
896 939
896 4159
897 645
897 3911
898 2741
899 3717
899 4075
899 4361
900 241
900 1997
900 3032
901 3318
901 3656
902 946
903 1108
903 2222
903 3947
904 1349
904 2439
905 1161
905 1728
905 3314
906 547
906 1010
906 1751
906 1800
906 2775
906 3250
906 3976
907 8
907 620
907 2410
907 2795
907 4360
908 875
908 2371
908 3355
909 2682
909 2698
909 2827
910 550
910 1680
910 3108
910 3990
910 4254
912 1413
912 2055
912 2234
912 2837
912 4355
913 355
913 463
913 701
913 1414
913 3194
914 200
914 2324
914 3339
914 4510
915 3155
915 4439
916 575
916 720
916 825
916 2728
916 3567
917 3580
918 1298
918 1953
918 3492
918 4415
919 1742
919 3418
919 3828
919 4165
919 4179
919 4241
920 3031
920 3538
920 4099
921 3365
923 2665
924 1619
924 2055
924 3256
924 4369
925 2981
926 3935
926 4210
927 869
927 2149
928 480
928 733
928 3701
929 4415
930 504
930 742
930 890
930 1269
930 2411
930 2653
930 3484
931 1232
931 2708
931 3775
932 1303
933 60
933 396
933 2292
933 2620
933 4293
934 1873
934 2387
934 2449
935 2321
936 585
937 1715
937 3857
937 4192
938 1354
938 3363
939 18
939 391
939 482
939 2671
939 3268
939 4066
940 251
940 439
940 721
940 1397
940 1633
940 2210
941 136
941 1733
943 80
943 2659
944 548
944 668
944 1542
944 3146
944 3638
945 665
946 2602
946 4001
947 352
947 401
947 1644
947 3155
947 3160
948 1483
948 1635
948 3234
948 3383
949 35
949 398
949 740
949 1272
949 1490
949 2381
949 3623
949 3818
950 3050
950 3788
951 4487
953 632
953 1860
953 3295
953 4109
954 249
954 256
954 320
954 4318
955 633
955 994
955 995
955 4098
957 430
957 1109
957 4503
958 1441
958 1975
958 3642
959 1975
959 2414
959 2885
959 4050
960 685
960 1902
960 2087
960 3814
960 4119
960 4295
961 389
961 987
961 2362
961 2910
961 2923
961 3334
961 4005
962 2687
962 4506
963 23
963 641
963 1208
963 1427
963 2627
963 3251
964 1286
964 2642
964 3034
964 4262
965 2003
965 2216
965 3533
965 4237
966 3426
966 3687
966 4229
967 2838
967 2901
968 579
968 1316
968 1567
968 1840
968 2831
968 3487
968 3491
969 626
969 1795
969 2169
969 3023
969 3153
969 3496
969 3691
969 4436
970 4180
971 853
971 925
971 1479
971 1795
971 2956
971 3835
972 952
972 1129
972 1392
972 2872
973 77
973 1105
974 1957
974 3678
975 621
975 1160
975 1847
975 3379
976 1116
976 2624
977 1745
977 3683
978 2330
978 3121
978 3795
979 442
979 1775
979 2145
979 2377
979 3306
980 2134
980 3518
981 1296
981 3847
981 4106
981 4343
982 1912
983 936
983 1073
984 330
984 496
984 1884
984 3556
985 1617
985 1852
986 2944
986 4487
987 1455
988 628
988 3278
988 3486
989 483
989 787
989 2575
989 3729
989 4053
989 4188
990 153
990 220
990 1139
990 1377
990 2735
990 2775
990 3425
990 3510
990 3932
990 3936
991 264
991 2805
991 3595
992 1134
992 1338
992 2093
992 2360
992 3380
992 4350
993 734
993 1248
993 1596
993 2514
993 2722
993 4220
994 2058
994 2664
995 1244
995 1363
995 3525
996 193
996 597
996 2639
996 3098
997 3417
997 4484
998 763
998 3666
998 3728
998 3982
999 3870
1000 2559
1001 2967
1001 3627
1001 3672
1001 3701
1002 1368
1002 2851
1003 1841
1003 2205
1003 3212
1003 3518
1004 2606
1004 3323
1005 424
1005 2101
1005 2848
1005 4295
1006 180
1007 2045
1007 2890
1007 3735
1007 4424
1008 2878
1009 1246
1010 1068
1010 2566
1011 4102
1012 2072
1012 3128
1012 3407
1012 3867
1013 4375
1014 232
1014 486
1014 513
1014 2592
1015 1951
1015 2954
1015 3647
1015 4339
1016 2270
1016 3709
1017 2004
1017 4065
1018 374
1018 854
1018 2318
1018 3855
1019 1966
1020 481
1020 3213
1021 2521
1021 4202
1022 2998
1022 4071
1023 2532
1023 3507
1023 4202
1024 743
1025 1586
1025 3103
1025 3960
1026 511
1026 2055
1026 3591
1028 37
1028 2797
1029 2460
1030 891
1030 1603
1030 2425
1031 2989
1031 3946
1032 141
1032 643
1032 988
1032 1538
1032 2334
1032 3322
1033 1788
1033 3622
1034 2288
1034 3737
1034 4108
1035 769
1035 921
1035 1200
1035 1722
1035 1857
1035 4434
1036 483
1036 1062
1036 1466
1036 2293
1036 2989
1036 3945
1037 98
1037 669
1037 3969
1037 4143
1038 3151
1039 339
1039 423
1039 2919
1039 3083
1039 3295
1040 1865
1040 2872
1040 3478
1041 2780
1041 3299
1041 4438
1042 45
1043 428
1043 516
1043 1092
1043 2355
1043 3221
1043 3602
1044 1480
1044 2227
1045 2490
1046 43
1046 74
1046 2431
1046 2775
1047 226
1047 1833
1047 1980
1047 3664
1047 3908
1047 4230
1047 4390
1048 957
1048 2281
1048 2454
1049 2530
1050 1577
1050 2299
1050 2437
1050 2574
1050 2872
1051 2741
1051 4018
1051 4250
1052 622
1052 1640
1052 1871
1052 2348
1052 2385
1053 1007
1053 3146
1053 4180
1054 1380
1054 3016
1055 1559
1055 3950
1056 1635
1056 2362
1056 3091
1057 1509
1058 90
1058 577
1058 2140
1059 87
1059 1446
1059 3230
1059 3505
1060 536
1060 2623
1060 4172
1061 1016
1061 3262
1062 688
1062 1170
1062 1702
1062 1930
1062 3717
1063 493
1063 2012
1063 3912
1064 2371
1065 752
1065 2966
1066 260
1066 626
1066 2275
1066 3119
1066 3636
1066 3654
1066 4076
1067 1279
1067 1472
1068 3180
1068 3521
1068 3531
1069 413
1069 1656
1069 2242
1069 3344
1069 4300
1070 938
1070 1910
1070 2458
1070 3987
1071 1464
1071 1955
1071 3314
1072 414
1072 1647
1072 3054
1073 803
1073 850
1074 2001
1074 2791
1074 3637
1075 187
1075 1088
1075 2580
1075 3908
1075 4433
1076 617
1076 2278
1076 4422
1077 458
1077 1236
1077 1420
1077 1614
1077 2667
1077 3997
1078 259
1078 772
1079 1020
1079 1493
1080 3985
1081 2404
1081 4091
1082 4445
1084 828
1084 1197
1085 1122
1085 2403
1085 3904
1085 4039
1085 4386
1086 1369
1086 2441
1086 3079
1087 1381
1088 161
1088 2081
1088 3273
1088 4006

