1949 8384 5755
1 1
1 2501
1 7561
2 1039
2 3142
3 5716
4 5907
4 7857
5 1230
6 7457
6 7564
7 5482
7 6717
7 7658
7 7734
8 812
8 3795
8 4293
8 5970
9 7134
10 7164
11 4979
13 3946
13 4698
13 5537
13 6275
13 6359
13 6965
13 7806
14 115
14 2462
15 7577
16 1265
16 4955
17 554
17 4809
18 1366
18 1565
18 3961
18 6404
19 275
19 2753
19 4562
20 1520
20 2124
22 55
22 2992
23 2105
23 2176
24 668
24 1669
24 2208
24 2424
24 3559
24 7362
24 8365
25 1389
25 4040
25 4874
25 7993
26 1716
26 5878
26 7802
27 2194
27 4124
28 371
28 5425
28 5568
28 7598
29 2547
29 2828
29 6528
29 7941
30 4640
30 6776
30 7061
30 7267
31 2225
31 3954
31 7366
32 2111
32 2623
32 4832
32 5238
32 7924
33 996
33 2629
33 6813
34 2029
34 6282
35 133
35 3836
35 4255
35 8097
35 8157
36 6497
36 7757
37 1691
37 1963
37 3362
38 238
38 2426
39 575
39 961
39 3916
39 8012
40 6396
40 6994
40 7279
40 8351
41 728
41 1366
41 2466
41 2579
41 5248
41 7306
41 8301
42 1415
42 2358
42 2888
42 3042
42 5607
42 5769
42 7932
43 618
43 1372
43 3711
43 3756
43 7029
43 7705
44 754
44 2868
44 3277
44 3485
44 4635
45 1020
45 4219
45 5110
45 5527
46 7010
46 7170
46 8185
47 1845
47 4017
47 7677
48 5095
48 8075
49 4826
50 3557
50 6896
51 693
51 836
52 3455
52 5379
53 185
53 7518
54 7538
55 1949
55 4913
55 6248
56 663
56 1739
56 1994
56 6867
57 2595
57 7730
57 8023
58 836
58 8014
59 1796
59 6251
59 7154
60 93
60 1758
60 3034
60 3158
60 4701
60 6364
61 836
61 4773
61 6531
61 7395
62 783
62 5357
62 5511
62 5577
62 6357
63 939
63 6219
64 7381
65 3196
65 3994
65 5427
66 280
66 1456
66 1839
67 2945
67 5497
68 396
68 4545
68 6259
68 6298
68 6604
69 1683
69 6021
70 792
70 3526
71 268
71 308
71 2466
71 5833
71 6149
71 8170
72 3697
72 3981
72 4856
72 4982
72 6141
72 6185
73 1262
73 5562
73 7095
73 8359
74 2397
74 2577
74 4154
74 6617
75 459
75 501
75 853
75 5161
75 5950
75 6279
75 8134
76 3097
77 2290
77 6927
78 2757
78 7036
79 7272
79 7296
80 1678
80 1884
80 4185
80 8292
81 3198
81 3425
81 4178
81 7252
82 5426
82 6361
83 1720
83 4311
84 1842
84 4509
85 2512
85 4595
86 620
86 4783
86 5997
87 460
87 1937
87 2971
87 4215
87 8205
88 2111
88 3937
88 5014
89 1893
89 2468
89 6937
90 5106
91 804
92 2782
92 6005
93 5050
93 7532
94 1267
94 6592
94 6970
96 2696
96 2780
96 3092
96 4820
96 5435
97 3727
97 4341
98 1019
98 2614
98 3750
98 7500
99 261
99 2239
99 4587
99 5200
100 2759
100 6687
101 30
101 1829
101 3227
101 3648
101 3861
101 4763
101 5690
102 3202
102 3364
102 7311
103 2543
103 5509
104 2502
104 3306
104 5209
104 7150
105 2346
105 2760
105 3380
105 3404
105 6772
105 6804
106 8172
107 5933
107 7885
107 8081
107 8217
108 812
108 2516
108 4662
108 5894
108 7630
109 2441
109 4859
109 7326
110 947
110 3044
110 5579
111 1176
111 1558
111 3916
111 6868
112 1134
112 2626
112 5900
113 729
113 3483
115 97
115 4094
115 5927
116 6979
117 3269
117 5995
117 6885
117 7114
117 7480
118 2242
119 1232
119 4433
119 5285
119 7538
120 2840
120 3385
120 4700
120 5355
120 5365
120 5534
120 7263
120 8195
121 2486
121 2994
121 3544
121 4708
122 1981
122 2391
122 3997
122 5332
123 1097
123 5674
123 6521
123 8054
124 171
124 3424
124 3588
124 7681
124 7905
126 2510
126 3987
126 4734
126 5423
126 7864
127 5285
128 1083
128 3138
128 5350
128 7197
128 8313
129 1409
129 6895
130 771
130 1165
131 1704
131 3209
131 7657
131 8132
132 3481
132 6177
132 6561
133 149
133 1949
133 7038
133 7982
134 5552
134 5681
134 5815
134 6705
134 7370
135 246
135 840
135 1088
135 3516
136 3136
136 3889
136 7253
137 820
137 4210
138 1731
138 3248
138 6108
138 7183
138 7708
139 5215
139 6351
139 7884
140 6062
140 6380
141 2652
141 7213
142 2790
142 3260
142 5172
142 7559
142 8273
143 1537
143 1614
143 2355
143 3100
143 5955
143 6210
144 3573
144 3925
144 6451
145 442
145 2125
145 2682
146 766
146 5859
146 7623
147 1711
147 5307
147 6472
148 86
148 588
148 1973
148 2847
148 3563
148 5442
149 2186
149 2452
149 2728
149 5184
149 6655
149 7361
149 7682
150 555
150 4897
150 5388
150 6307
151 2318
152 56
152 5094
152 6422
153 3268
153 6398
153 8118
153 8272
154 4442
154 4458
154 6121
155 707
155 4675
155 5021
157 1206
157 4515
157 4682
157 7588
158 2170
158 2828
158 5281
158 5886
158 6740
159 845
159 5778
159 8277
160 669
160 5288
160 7758
160 7930
161 4451
161 5326
162 2377
162 4976
162 5317
162 8109
162 8198
163 3022
164 3254
164 5480
165 1940
165 2207
165 2954
165 3066
165 8005
166 2181
167 4660
167 6144
168 3483
168 4709
168 7122
168 7474
169 5714
169 7886
170 1329
171 2719
171 5327
172 515
172 796
172 896
172 1134
172 4746
173 3611
174 5569
174 5982
176 3307
177 1095
177 7991
178 1682
178 1749
178 2680
178 3085
178 6384
178 7517
179 3984
179 6526
179 7045
179 7127
180 8021
181 5005
181 8023
183 1576
183 1841
183 5631
185 906
185 4877
185 6782
185 8260
185 8351
186 1445
186 7089
187 638
187 1075
187 1480
187 1702
187 5450
188 6475
189 1331
189 2322
189 5615
190 143
190 458
190 1119
190 3285
192 632
192 841
192 1668
192 5657
193 4125
193 8183
194 132
194 3746
195 7561
196 591
196 906
196 2187
196 7989
197 607
197 4791
197 6707
198 4633
198 5196
198 5824
198 6902
198 8102
199 1054
200 66
200 1081
200 1113
200 1121
200 1595
200 1620
200 4489
200 5640
200 7554
201 641
201 3283
202 2572
202 4414
202 6840
202 7269
202 7377
203 1249
203 1559
203 4369
203 6527
204 1766
204 3460
204 4452
204 5320
204 5899
205 1334
205 2355
205 3971
206 4691
206 5244
206 6464
207 1404
207 1892
207 4936
207 8284
208 1287
208 4884
209 4368
209 5487
209 6178
212 3246
213 2680
213 4410
213 4636
213 8306
214 521
214 3239
214 4386
214 5050
215 171
215 1882
215 6221
215 8356
216 577
216 3582
216 3773
216 4469
216 4614
217 854
217 2916
217 5320
217 6123
218 2439
218 8359
219 1372
219 7213
220 686
220 2074
220 3201
221 2097
221 2459
221 2717
221 7415
222 4281
222 8142
223 2935
224 732
224 3717
224 7393
225 2604
225 2709
225 3105
226 618
226 1248
226 6554
227 2260
228 3590
229 4952
229 7144
230 3452
230 3864
230 5777
231 1543
231 6728
231 7671
232 59
232 1620
232 3524
232 7732
233 220
233 5230
233 5799
233 7806
233 7942
234 1469
234 2048
234 2708
234 4250
234 8204
235 164
235 2683
235 5780
235 6936
235 8140
236 839
236 1021
236 4376
236 7469
237 1078
237 1468
237 2452
237 7617
238 6768
238 7436
240 1490
240 6102
241 1575
241 3557
241 4172
242 360
242 5406
243 418
243 1896
243 4273
243 7941
244 6513
244 6760
245 3109
246 4777
246 5909
246 7326
247 2694
247 2773
247 6244
248 2858
248 3675
248 5467
248 6568
248 7426
249 7274
249 8341
250 1977
250 6962
251 2610
252 1257
252 1506
252 7499
253 2581
253 2629
253 4171
253 5069
253 7759
254 517
254 6765
254 8162
255 2436
256 1930
256 3464
256 7421
256 8257
257 901
257 2593
257 4355
257 4449
257 4778
257 6027
258 480
258 510
258 4345
258 4554
258 4592
259 979
259 1946
259 3170
259 3657
259 5080
259 5092
259 8097
260 463
260 1462
260 5733
260 6512
260 7045
261 358
261 2435
261 4551
261 4889
261 7345
262 3325
262 5884
263 1095
263 2741
265 1225
265 5593
266 2089
266 4507
266 5486
266 6959
267 664
267 1568
267 4917
267 7794
267 8046
268 712
268 2368
268 2979
268 5479
268 5506
269 1102
269 3150
269 4774
269 7062
269 7694
270 22
272 5124
273 3346
273 4033
273 4986
273 7234
274 4145
274 5156
276 3204
276 5065
276 7422
277 1092
277 2286
278 2326
278 2541
278 2897
278 5182
279 3489
279 3898
279 4721
279 8281
279 8330
280 2246
280 4651
280 5856
280 8231
281 1242
281 2719
281 4399
281 5426
281 8015
282 6694
282 7444
282 7731
283 1467
283 3783
283 4208
283 4276
283 6850
283 6888
284 2377
284 3150
284 5757
285 2227
285 2263
285 3229
285 3328
285 3685
285 5157
286 742
286 1693
286 3528
287 4517
287 6645
287 7180
289 2550
289 3136
289 6461
290 1875
290 7778
291 2001
291 2514
291 2744
291 4136
291 7006
292 4269
292 4407
292 6175
292 8030
293 4746
293 4990
293 7306
293 7496
294 3613
294 5409
295 935
295 4014
295 4210
295 4282
295 6638
296 4507
297 2830
298 5835
298 6617
298 8043
298 8275
298 8383
299 2382
299 3198
300 855
300 4937
301 1790
301 4629
301 6091
301 7652
301 7883
302 2763
303 2545
303 5104
304 6111
304 6762
305 8148
305 8371
306 322
306 1678
306 6626
306 7880
307 688
307 882
307 5841
307 7773
308 3530
308 5566
309 98
309 3870
310 1495
310 2875
310 4063
310 7220
311 705
311 2242
311 3279
311 3415
311 3846
312 2175
313 282
314 1453
314 1693
316 1073
316 2627
316 3095
316 6952
317 3994
317 4338
318 737
318 3685
318 6297
318 6600
318 6670
319 4620
319 6196
319 7727
320 2481
320 2507
320 3356
321 977
321 1538
322 4470
322 5487
322 6298
323 3583
324 1329
324 3223
324 5510
324 7935
325 266
325 2168
325 2483
325 3047
325 3237
325 4209
326 3551
326 5719
327 4673
327 7511
327 7996
328 5213
328 6560
329 1897
329 2255
330 4501
330 4978
331 180
331 5573
331 8208
332 4699
332 4713
332 7096
332 7251
333 974
333 1560
333 4034
333 5719
334 3260
334 6589
334 7345
335 2254
335 3724
335 4242
335 4360
336 233
338 1523
339 5114
339 5124
340 6123
340 6297
341 1203
341 5523
342 1147
342 4327
343 1025
343 5488
344 4087
344 5443
344 6483
344 7352
345 5042
346 2238
346 5570
346 5856
347 781
347 3642
347 7068
348 197
348 2520
348 5273
348 6488
348 7317
349 612
349 5474
349 6204
350 1636
350 3819
350 4258
351 734
351 2761
351 6124
351 7697
352 2733
352 4297
352 5832
352 6126
352 6723
353 628
353 1788
353 2837
353 5365
353 6230
353 7562
354 765
354 1391
354 1768
354 1855
354 2658
354 5734
354 5775
355 3282
355 3422
356 2141
356 3254
356 7550
357 5605
357 7570
358 1604
359 5554
360 1595
360 2020
361 3138
361 5305
362 2112
362 3350
362 4488
362 5267
362 7694
362 8249
363 2596
363 3923
363 4841
363 7315
363 8369
364 58
364 1728
364 4322
364 7505
364 7666
365 206
365 2433
365 3840
365 8038
366 1222
366 2047
366 2241
366 3752
366 8096
367 7393
368 3153
369 2022
369 2815
369 4187
369 7072
370 2545
370 4429
371 1671
371 4924
371 5665
371 7305
371 8381
372 2181
372 5105
372 6016
372 6173
372 7125
373 3564
373 6550
373 6879
373 7761
374 1512
375 564
376 2101
376 3396
376 8038
377 5542
378 149
378 7862
379 263
379 3091
379 6521
380 6175
380 6588
380 7511
381 3315
381 5472
382 478
382 1355
382 1885
382 3104
382 7080
382 7846
382 8352
383 4166
384 6222
384 6627
384 8034
384 8187
385 2319
385 7026
386 1435
386 5882
386 6887
387 1060
388 2932
388 2987
388 3308
388 6998
389 1632
389 3975
389 5500
390 8123
391 299
391 1128
391 1614
391 7105
392 432
392 877
392 2847
393 761
393 1674
393 2051
393 2938
393 3110
394 1876
394 2476
394 2674
394 4217
395 4004
395 6041
395 6142
395 7721
395 8276
396 9
396 3573
396 5090
396 6566
396 8310
397 429
397 644
397 2660
397 3452
397 3475
397 4446
397 5757
398 1578
398 3031
398 3099
398 4304
399 863
399 6485
400 2400
400 4472
400 6167
401 394
401 1102
402 463
402 476
403 2715
403 5604
404 2240
404 2382
404 2608
404 6002
404 7626
405 313
405 2388
406 5251
407 2648
407 6056
408 3921
409 3007
409 4496
409 4945
409 5197
410 5126
410 6285
411 2777
411 7625
411 7963
412 1437
412 4081
412 6941
412 7786
412 8232
413 509
413 582
413 6236
414 4133
414 4241
414 5530
415 7409
417 1441
417 2431
417 4951
418 3234
418 3623
418 3917
418 7425
418 7723
418 8377
419 841
419 1427
419 1767
419 2668
419 4021
420 2875
420 4998
421 5488
422 1548
423 2727
423 4626
423 8380
424 1006
424 2990
424 6026
425 1407
426 7763
427 2084
427 7477
428 523
428 2792
428 5657
429 1355
429 5114
429 7199
430 1279
430 2723
430 5862
430 7244
430 7946
431 35
431 78
431 6167
432 7674
433 149
433 2228
433 4338
433 6376
434 3980
434 4257
434 4863
434 7330
435 4488
435 7040
436 2666
436 3270
436 4009
436 6195
437 3361
437 5268
437 6197
437 7345
438 3882
438 6575
439 424
439 1066
439 7335
440 1366
441 4730
442 1839
442 7169
443 853
443 5711
443 5855
443 8150
444 2013
444 4094
444 5277
445 3780
445 5930
446 1143
447 813
447 1843
447 6159
448 445
448 1991
448 7463
448 7547
448 8328
449 197
449 3604
449 3776
450 1022
450 3311
450 5681
450 6870
451 655
451 8143
452 3146
452 3155
452 3932
452 4000
452 4834
452 5757
452 7213
452 7406
453 865
453 2946
453 7008
453 7548
454 7651
455 5461
455 7063
456 6467
456 7351
457 1101
457 3992
457 6594
458 1727
458 3423
459 691
459 7070
460 4833
460 5667
461 1867
461 3247
461 3812
461 4386
461 5347
461 5881
461 6100
461 6212
462 2399
463 2218
463 6848
464 3599
464 7243
464 7778
465 2985
465 7186
466 344
466 2124
466 2567
466 2953
467 645
467 651
467 2935
467 3242
467 6805
467 7341
468 2104
468 5133
469 815
469 1859
469 2020
469 5245
470 2980
470 3347
470 4889
470 6717
470 7445
471 430
471 2234
471 2755
471 6645
471 8369
472 2091
473 770
473 5372
473 8050
474 797
474 7185
475 1281
475 3168
475 4191
475 4795
475 5423
475 7638
476 536
476 4531
476 4707
477 7665
478 2121
478 3026
478 5507
480 4499
481 8240
482 3620
482 5151
482 7792
483 2967
483 3104
483 3806
483 6306
484 6176
484 8249
485 4119
485 5485
485 5987
486 842
486 5523
487 3580
487 6217
488 4001
488 5017
488 5058
489 615
489 5000
489 5670
489 8298
490 1790
490 4282
491 99
491 2336
491 2521
491 7232
492 407
492 2246
492 3225
492 3680
492 7931
492 8221
493 466
493 1611
493 1702
493 1788
493 2481
493 3241
494 6460
495 2119
496 312
496 2478
496 4794
496 7130
497 7246
497 7598
498 2004
498 2703
498 4386
498 5045
498 5601
499 3466
499 7700
499 8040
500 555
501 1896
501 2124
501 8094
502 218
502 446
502 8216
503 1007
503 4469
503 6256
503 7455
504 553
505 2790
505 6925
505 7218
506 854
506 926
506 6145
506 8019
507 2311
507 3642
507 4161
508 6781
508 7880
509 785
509 1112
509 4360
509 6711
509 8235
510 3197
510 3773
510 6276
511 6211
512 3731
512 5967
512 7865
513 387
513 4205
513 4454
514 5420
514 6881
515 1027
515 5525
516 4723
516 5791
516 7582
517 3578
518 398
518 3692
518 4238
518 4330
520 2704
520 7913
521 857
521 3822
521 5143
521 8160
522 3750
522 4500
522 7529
523 4659
524 1277
524 1838
524 4117
524 4652
524 6384
525 1788
525 2676
525 2698
525 2842
525 3601
525 3798
525 5560
525 5614
526 2265
526 6401
527 612
527 3082
528 581
528 2621
528 2801
529 5162
529 5415
530 3305
530 5488
531 6159
531 6683
531 7083
531 8210
532 4693
532 5395
532 7408
533 180
533 4118
533 4201
533 5125
533 5365
533 5534
534 2787
534 6513
534 6545
535 1817
536 2782
536 4126
537 1507
537 2251
537 4181
538 3821
538 7084
539 947
539 8030
540 604
540 5300
541 832
541 1511
541 1893
541 3423
541 5843
541 6380
542 987
542 1578
542 2079
542 4070
542 5982
542 7359
543 195
543 438
543 1414
544 1866
544 6445
545 654
545 3066
545 3721
545 4637
545 5909
546 2276
546 3320
546 4978
546 5398
546 6181
546 6524
546 7062
546 7308
546 8142
547 1375
547 1420
547 1478
547 7994
548 2729
548 3270
548 3403
548 6158
548 6832
549 6213
549 6995
549 8323
550 92
550 2626
550 7737
551 686
552 3139
552 8227
553 3483
553 6906
554 2100
554 2353
554 4719
554 5439
554 5991
554 7302
555 1756
555 4858
556 751
556 7947
557 1330
557 7501
557 8110
558 5799
559 1504
559 3630
559 4510
559 4615
560 6591
560 8315
561 7381
562 2545
562 4061
562 7778
563 1177
563 4471
564 1507
564 8201
565 7327
566 200
566 460
566 4455
566 5801
566 6824
567 4344
568 511
568 3429
569 312
569 5804
570 1964
570 2069
570 4698
570 5151
570 6896
571 4238
571 5554
571 6809
572 1468
572 2545
572 2670
573 4852
574 4171
575 1849
575 2216
575 5164
576 3710
576 7015
577 3375
577 5574
577 5845
577 6748
578 2739
578 6944
580 109
580 2333
580 6251
580 6672
581 1500
581 4502
582 4108
582 8209
583 143
584 4854
584 7709
585 535
585 2876
585 6644
585 7105
586 16
586 5379
587 2360
587 4346
587 6511
588 4147
588 5036
588 5739
588 6378
589 4132
590 1347
590 4677
590 5850
590 6597
591 2302
591 3276
591 5044
591 5526
591 5944
591 7142
592 297
592 3601
592 7160
593 2942
593 3402
593 7468
594 2194
594 6366
594 6654
595 280
595 2669
595 5892
595 6202
595 7798
596 311
596 4707
596 7071
596 7088
596 8280
599 389
599 1497
599 4365
600 364
600 5560
601 1859
601 2030
601 3387
602 4146
602 7553
603 3113
603 5442
603 6364
603 6831
603 7209
603 7512
603 7652
604 4655
604 4744
604 5830
604 8102
605 1827
605 1919
605 2404
605 7918
606 360
606 2295
606 5705
606 8235
607 1131
607 1927
607 5385
607 6480
608 6727
609 1861
609 2186
609 3821
609 6706
609 7638
610 1251
610 4425
610 4923
611 3740
611 4276
611 5377
612 1260
612 2139
612 2777
612 3487
612 3941
612 6090
612 6241
612 6402
613 2676
613 6463
613 7515
614 4471
614 4804
614 6585
615 5433
615 7579
616 231
616 1430
616 7081
617 4676
618 5923
619 1352
619 2194
619 2588
619 2709
619 6296
620 1396
620 5251
621 2345
621 5784
621 6411
622 800
622 1632
622 4274
622 7771
623 146
623 8103
624 3967
625 555
625 6342
625 7370
626 2676
627 870
627 4298
627 7682
628 1626
629 527
629 2062
629 6095
629 6867
630 2622
630 2733
630 2934
631 220
631 4030
633 1588
633 5523
634 573
634 7248
635 93
635 3788
636 1634
636 6293
636 6953
637 6845
638 597
638 2836
638 7853
639 642
639 2249
639 5482
640 6977
641 1516
641 1662
641 7724
642 6146
643 7319
644 1181
644 2314
644 2813
644 3802
644 4246
644 6323
645 4929
645 6862
646 224
646 1968
646 4569
647 1806
647 4930
647 4938
647 5997
648 4491
649 10
649 4080
649 4245
649 7197
649 8374
650 35
650 6478
651 633
651 1252
651 2921
651 2982
651 5611
651 8097
652 1841
652 2066
652 2207
653 1044
653 1472
653 1985
653 7299
654 1259
654 4364
654 4575
655 4065
656 1301
656 1414
656 7002
657 1111
657 2624
657 3546
657 6533
657 7626
658 156
658 1880
658 3998
658 4127
658 5910
659 3292
659 6434
659 7110
659 7141
659 8036
660 505
660 604
660 2202
660 5627
661 1209
661 2675
661 3017
661 7358
662 1862
662 5930
662 7409
663 2466
663 7725
664 466
664 2440
664 2662
664 6461
664 7004
664 7483
665 4434
666 1136
666 6902
667 11
667 304
667 7817
668 395
668 638
668 3388
668 7069
669 4572
670 1764
670 2176
670 3651
670 6608
671 970
672 1084
672 1610
672 4076
672 4234
672 7103
673 3147
673 5923
673 6887
674 429
674 1505
674 2399
675 7482
675 8139
676 458
676 3969
677 1930
677 3945
677 7991
678 3286
678 6917
679 3552
680 6305
680 7789
681 2730
681 3623
681 5081
681 6053
681 6593
681 7455
682 528
682 3043
682 4254
682 6396
683 165
683 1902
683 6989
683 7845
684 2124
684 4692
684 5776
684 5785
684 6574
684 7616
684 8183
685 1462
685 2895
685 5824
685 6661
686 8176
687 294
687 3716
688 7095
689 390
689 6100
690 5132
691 1555
691 3785
691 4635
691 8350
692 566
692 820
693 627
693 1716
693 5394
693 7291
694 4030
694 4663
694 6851
694 8247
696 2611
697 304
697 6166
698 535
698 820
698 2426
698 4869
698 7258
699 69
699 4186
699 7419
700 1825
700 2654
700 3114
701 1157
701 4734
701 5752
701 6648
701 6705
702 1752
702 2728
702 5652
702 6442
702 7044
702 7407
703 1883
703 1933
703 1941
703 2521
703 4294
703 4359
704 2250
704 7053
705 595
705 1887
705 1971
705 3477
705 3544
705 7653
706 2982
706 4392
706 5689
706 6481
706 7261
708 2945
708 4105
708 5473
708 6245
708 6258
708 8075
709 644
709 2845
709 4534
709 5328
710 1705
710 2736
710 3813
710 7425
710 7631
711 1519
711 1690
711 2989
711 6183
712 6865
713 2998
713 4181
713 6025
713 6405
713 6851
713 7641
714 4758
715 4658
716 909
716 5680
717 2820
717 3111
717 5806
717 6257
717 8181
718 5198
719 1396
719 2665
719 6579
719 7668
719 7910
720 267
720 1787
720 4141
720 4172
720 6537
720 6732
721 7112
721 7841
722 3424
723 261
723 3093
723 7206
724 8136
725 1978
725 6499
726 130
726 6718
727 2042
727 2146
727 2686
727 7339
728 430
728 4529
728 5767
728 6964
729 5306
729 5797
729 7755
729 7872
729 8198
730 3906
730 7421
731 3489
731 3647
732 1186
732 2592
732 3013
732 6197
732 7614
733 3894
733 5404
733 7096
733 7268
735 3516
735 5335
735 6808
735 7727
737 1147
738 5262
739 990
739 3663
739 4844
740 485
740 3860
741 1572
741 6619
741 7665
742 4203
742 4899
742 5839
742 7356
743 3030
743 5341
743 5990
744 2064
744 2412
744 2656
744 4471
745 3578
745 4370
745 6135
745 6251
746 432
746 3560
746 3695
746 4953
746 5121
747 3341
747 7397
748 4695
748 5970
749 4147
749 5845
751 1542
751 6813
751 7272
752 1783
752 1954
752 3393
752 5888
753 4564
753 6050
753 7075
754 235
755 183
755 2562
755 3825
755 3886
755 5311
756 7283
756 7446
757 6410
758 3241
758 6238
758 7590
759 915
759 2256
759 2600
759 3738
759 5919
759 5970
759 6274
761 1110
761 2456
761 4104
761 5943
761 6715
761 6850
761 8315
762 4331
763 4002
763 6575
763 6904
764 809
764 1335
764 2100
764 5395
764 6133
764 6542
766 1673
766 2126
766 2585
766 4378
766 5151
767 1572
767 3021
767 5267
767 5410
767 7477
768 573
768 7009
769 487
770 316
770 7251
771 228
771 811
771 1408
771 6616
772 1246
772 4839
773 1558
773 2098
773 4209
774 7149
774 8234
775 584
775 6816
776 4968
777 3612
777 6153
778 1430
778 1448
778 1521
778 2535
778 3007
778 3458
778 7843
778 7966
779 728
779 1913
779 2541
779 3404
779 5213
779 5962
779 7529
779 7650
780 1262
780 1434
780 2666
780 6666
780 7988
781 928
781 1424
782 4499
782 5129
783 890
783 2934
783 3340
783 3415
784 3913
784 4847
785 2502
785 3059
785 3332
786 1781
786 7632
787 712
787 2554
787 3489
788 4244
789 1299
790 2531
790 6225
791 6181
791 6693
792 1581
792 7785
793 375
793 3293
793 4653
794 1093
794 2220
795 7124
796 1391
796 6880
797 2671
797 4155
797 5655
797 8225
798 1418
798 4518
799 4110
799 5761
800 2091
800 6503
800 7584
800 8145
801 1174
801 5043
803 3498
803 5627
803 8287
804 2872
804 3052
804 3346
804 6163
804 7254
804 7342
805 1179
805 1505
805 1871
805 5686
805 7055
806 1011
806 5498
807 1417
807 2811
807 3928
807 6432
807 6559
807 7688
808 7895
809 2467
809 3753
809 5068
809 7530
810 101
810 3778
810 3858
810 7372
811 5332
812 81
812 773
812 4627
812 8371
813 6473
813 7460
814 2449
814 6210
815 1460
815 2107
815 5671
818 103
818 555
818 6111
818 7931
820 178
820 372
820 437
820 2725
820 5298
820 7621
822 6437
822 6942
823 115
824 4132
824 5399
824 6181
824 7412
824 7545
825 7406
825 8082
826 1411
826 1595
826 3188
826 7943
827 2630
827 4685
827 5079
827 7355
828 4959
829 606
829 969
829 2845
830 5757
831 3733
832 4602
832 5646
832 7043
833 5611
834 1494
834 5469
835 2144
835 5798
836 578
836 3761
836 3877
836 4926
836 4977
836 5708
836 5811
837 583
837 2621
838 2785
838 3433
839 1044
839 3769
839 5405
839 5690
840 1566
840 1920
840 4079
840 4795
840 4958
841 4299
841 4672
841 5317
841 6201
841 7080
842 1381
842 2598
842 4029
842 6149
842 6220
842 7314
843 529
843 1017
843 1025
843 3750
843 4484
844 1405
844 4301
844 5067
844 8374
845 4234
845 4932
845 5212
846 702
846 1633
846 4380
846 6501
846 7282
847 163
848 1445
848 7254
849 2146
849 5804
849 7874
850 3770
850 7492
851 1824
851 5485
851 6551
851 7480
852 232
852 256
852 1484
853 786
854 3541
854 3949
854 6572
855 2030
855 5071
856 3141
856 6705
857 1903
857 3573
857 6778
858 544
858 5001
858 6077
858 7533
858 8053
859 3078
859 3530
859 4191
859 5942
862 3291
863 1051
863 4023
863 7256
864 1760
864 2736
864 2964
866 3069
867 764
867 1772
868 5222
869 2149
869 2472
869 3699
869 7852
869 8374
870 449
870 4557
870 5392
871 1158
871 2186
871 5143
871 5604
871 5842
871 6408
872 6280
873 4437
874 856
874 1702
874 3894
875 1081
875 2626
876 2839
877 411
877 628
877 4707
877 5401
877 7526
878 6956
878 7649
879 3956
879 5385
879 5663
879 7714
880 35
880 85
881 2775
881 3456
881 3693
881 5329
882 1659
882 5619
882 5657
883 1064
883 2665
883 6935
884 3302
884 5634
884 5927
885 4891
886 3459
886 5038
886 6056
886 7819
887 1322
887 1515
887 4440
887 7303
887 7872
888 4170
888 5143
888 8048
889 1862
889 7455
890 3062
890 3659
890 5021
890 5457
891 2481
891 4493
891 7623
891 7713
892 3278
892 4620
892 5228
892 6305
892 7806
893 4861
894 1555
894 5607
894 6447
894 6835
895 2404
895 2481
895 4320
895 5201
896 3154
896 4699
896 4792
897 276
897 1216
897 6917
898 4754
898 5178
898 7925
899 1833
899 7814
900 5657
900 6127
900 6651
900 7606
901 453
902 604
902 8318
903 401
903 1493
903 5044
904 2088
904 2375
904 3484
904 6999
905 1293
905 2539
905 7658
906 1916
906 6507
907 5790
907 6069
908 1176
908 3639
908 4109
908 4677
908 5071
908 5361
908 8267
909 2478
909 3138
909 6006
909 6588
909 8220
910 1008
910 2989
910 3827
910 3934
910 4929
910 6068
911 4
911 1670
911 3289
911 4969
911 6736
911 7535
915 843
916 4756
917 168
917 904
917 4148
917 4272
917 5329
917 8330
918 1215
918 1898
918 6022
918 8196
919 338
919 1224
919 1493
919 2427
920 4681
921 983
921 2068
921 4386
921 4683
922 1223
922 3155
922 4963
923 2924
923 3486
923 3594
924 2264
924 6390
925 1501
925 2710
925 6906
925 6935
926 1461
926 4075
926 6635
926 8110
927 3372
927 3781
927 5264
927 5318
927 6109
927 8088
928 536
928 2222
928 6166
928 6800
928 7925
929 4981
929 5806
929 6143
929 7857
929 7949
930 6829
931 1043
931 1354
932 251
932 3830
933 5469
933 5941
934 40
934 759
934 856
934 891
934 2029
934 2640
934 2652
934 3116
934 5112
934 5949
934 7414
935 3588
935 5023
935 5142
935 8073
936 323
936 1961
936 5578
937 2490
938 159
938 2295
938 7664
939 4809
940 2228
940 4084
940 4113
940 4992
942 7391
943 207
943 3553
944 1526
944 2033
944 2342
944 2532
944 7051
944 7763
945 5147
946 4839
946 5534
947 4078
947 6788
948 64
948 5961
948 6909
948 8032
949 484
950 1793
951 2662
951 3590
951 3625
951 6766
952 2246
952 3441
952 4567
952 6871
952 7069
953 4800
953 5207
953 6008
954 3719
954 5142
954 7889
955 2143
955 8167
956 5969
956 7182
957 2324
957 2408
958 1164
958 2165
958 4972
959 1851
959 2320
959 3062
959 5203
959 6713
959 6862
959 7639
960 1436
960 2115
960 4944
960 5091
960 5624
960 6139
960 6997
960 7116
961 2213
962 2098
962 2221
962 2269
962 2947
962 8243
963 2613
963 5099
963 7430
963 7821
964 3873
964 6571
964 6608
965 911
965 6658
965 7967
966 1189
966 1497
966 1933
966 7031
967 3797
967 7552
967 7791
968 2652
968 5297
969 2688
969 4345
970 554
970 560
970 5955
970 7224
971 173
971 1892
971 5307
971 6295
971 6436
973 1992
973 7682
974 4151
975 14
976 1350
976 5375
976 8131
976 8336
977 1390
977 1780
977 4672
979 2190
979 2201
979 5132
979 5405
980 72
980 1593
980 2912
980 4053
981 5596
982 4667
982 7409
983 3190
983 5377
983 7229
984 1792
984 5969
984 8022
985 4434
985 4701
986 5308
986 7514
987 1142
987 6071
987 7950
988 2698
988 3668
988 6319
989 1185
989 5754
990 4394
990 5677
991 3293
991 3900
991 6441
991 7990
992 1914
992 2874
992 5999
993 3225
993 7417
994 3589
994 4994
996 3032
996 3793
996 5099
997 2772
997 2835
997 4662
997 5084
997 6422
998 1755
998 3705
998 3707
998 3925
998 4435
998 6115
998 7392
999 2929
999 3751
999 6070
999 6420
1000 1522
1000 1673
1000 3837
1000 4218
1001 764
1001 3032
1001 5268
1002 113
1002 2083
1002 3301
1002 4948
1002 6859
1003 6022
1003 6337
1003 6955
1003 8082
1004 103
1004 1018
1004 1127
1004 3546
1004 4296
1005 2415
1005 4323
1005 6042
1005 8149
1006 515
1006 997
1006 1365
1006 2976
1006 6605
1006 7939
1006 8317
1006 8345
1007 5805
1007 8103
1008 332
1008 7190
1009 1070
1009 1304
1009 4317
1009 4723
1009 5700
1009 7725
1010 6410
1011 6388
1011 7061
1012 2384
1012 5992
1012 6270
1012 6525
1012 7393
1013 888
1013 3575
1014 841
1015 7636
1015 7872
1016 1379
1017 69
1017 1762
1018 1029
1018 1157
1019 127
1019 3386
1019 8100
1020 3435
1021 5020
1021 5270
1021 5959
1021 7669
1022 4643
1022 5960
1022 6189
1023 806
1023 6345
1024 5455
1025 57
1025 716
1025 2279
1025 7211
1026 7673
1026 8196
1027 2089
1027 3267
1027 3743
1027 4062
1027 4076
1027 6315
1028 608
1028 2834
1029 6788
1029 7056
1031 578
1032 774
1032 4753
1032 7919
1033 5595
1033 5902
1034 313
1034 2005
1034 2950
1034 4387
1034 5628
1035 3070
1035 3106
1035 6970
1035 7268
1036 1162
1036 3500
1036 6430
1036 7701
1037 581
1037 741
1038 1687
1038 7248
1039 257
1039 4348
1039 4585
1039 4754
1039 6709
1040 1230
1040 4366
1040 6550
1040 6883
1041 7862
1042 671
1042 1198
1042 3301
1042 5815
1043 3251
1043 7265
1044 267
1044 2061
1044 5798
1044 7880
1046 4320
1046 5374
1046 6772
1047 5514
1047 7887
1047 8139
1048 2734
1048 5971
1049 6521
1049 6603
1049 6763
1049 7689
1050 5885
1050 7074
1050 7586
1051 2543
1051 4382
1051 6938
1051 7325
1052 2617
1052 2973
1053 3286
1053 4837
1053 6257
1054 2206
1054 4191
1054 7950
1055 4466
1055 7087
1057 175
1057 1107
1057 3380
1057 5436
1058 89
1058 4027
1058 4346
1059 1836
1060 1901
1060 3395
1061 6328
1061 6693
1061 6740
1062 3393
1062 4495
1064 1182
1064 2039
1064 5643
1066 1327
1066 3173
1067 524
1067 645
1067 2288
1068 6842
1069 1145
1069 3533
1069 5337
1069 6763
1071 1756
1071 3206
1071 8362
1072 1177
1072 1597
1072 2121
1072 3333
1072 4174
1073 6780
1073 7062
1074 2521
1074 3314
1075 177
1076 2806
1076 3775
1076 3859
1076 6997
1077 8124
1078 3606
1078 4720
1078 5119
1078 7261
1078 7443
1079 2435
1079 3128
1079 4867
1079 5763
1080 2351
1080 4812
1081 6337
1081 7436
1082 1264
1082 1342
1083 618
1083 2061
1083 4409
1084 6980
1085 1576
1085 2586
1085 6484
1085 7238
1085 7479
1086 3857
1086 4049
1087 1797
1087 4796
1087 4991
1087 6074
1088 187
1088 5951
1088 6576
1088 7345
1089 2224
1089 3495
1089 5682
1089 6004
1089 6202
1090 350
1090 2871
1091 3343
1092 4449
1092 5297
1093 1302
1093 2854
1093 6067
1094 1151
1094 1851
1094 2291
1094 5923
1094 7444
1095 4572
1095 5881
1096 4149
1096 5386
1098 842
1098 867
1098 3820
1098 6944
1100 762
1100 2155
1100 4181
1100 4340
1101 480
1101 1356
1101 2098
1101 7334
1102 2171
1102 2605
1103 713
1103 4434
1104 359
1104 3623
1104 4885
1105 2552
1105 2994
1105 8218
1106 771
1106 3335
1106 5093
1106 8039
1107 352
1107 2968
1107 6253
1107 7404
1108 3056
1108 4685
1109 3675
1109 3794
1109 7006
1109 7219
1110 2539
1110 4342
1110 4781
1111 2772
1111 4070
1112 539
1112 2037
1112 3330
1112 4916
1112 6643
1112 6649
1112 7141
1113 1043
1113 1786
1113 3156
1113 6556
1113 7173
1113 7186
1113 7844
1114 319
1114 996
1114 4445
1114 8115
1115 1316
1115 1964
1115 3927
1115 5772
1115 7114
1116 2255
1116 4014
1116 5785
1116 6066
1117 392
1117 4636
1117 4753
1117 4895
1117 5014
1117 7626
1118 2982
1118 5119
1118 6571
1118 6634
1119 766
1119 4575
1119 5230
1119 5976
1119 6365
1120 351
1120 1081
1120 3373
1120 3597
1120 5562
1120 5625
1120 6420
1120 7809
1120 8218
1121 5247
1122 57
1122 2057
1122 2556
1123 6631
1123 8256
1124 1763
1124 4266
1124 5462
1125 1404
1125 3230
1126 5827
1127 446
1127 3077
1127 6084
1127 6718
1127 7286
1127 8269
1128 2865
1128 3983
1128 4463
1128 5226
1128 6482
1129 4007
1129 4636
1129 6447
1129 7578
1129 7847
1130 3626
1130 6454
1130 6512
1131 3456
1131 4758
1131 6006
1131 7775
1132 13
1132 3701
1132 4685
1132 6949
1133 3866
1133 8346
1134 4747
1135 2845
1135 3692
1135 4532
1135 6170
1136 3092
1136 5605
1137 624
1137 1757
1137 2630
1137 2898
1137 3165
1137 3562
1138 244
1138 2180
1138 2898
1138 3921
1138 4829
1138 6099
1139 3904
1139 5945
1139 6876
1140 6668
1140 7472
1140 7906
1141 2287
1141 3983
1141 4754
1141 4990
1142 1628
1142 7784
1142 7960
1143 1819
1143 7100
1144 1354
1144 1879
1144 3757
1144 3859
1144 4439
1144 5285
1145 1562
1145 6553
1145 7672
1146 5382
1146 6721
1147 1636
1148 3533
1148 5691
1150 3981
1150 6685
1150 6994
1150 6995
1151 204
1151 1434
1151 3433
1151 3801
1151 4642
1151 6258
1152 3744
1152 4066
1152 5803
1152 6113
1153 921
1153 2600
1154 2293
1154 5101
1155 3910
1155 5544
1155 7509
1156 139
1156 4157
1156 5512
1156 7130
1157 5063
1158 231
1158 1716
1158 4488
1158 7736
1158 7781
1159 1100
1159 3319
1159 6322
1159 8346
1160 4923
1160 6456
1161 2506
1161 5607
1161 6288
1161 7631
1162 325
1162 4596
1162 7652
1163 4032
1163 4599
1164 1389
1164 5092
1165 923
1165 3106
1165 6120
1166 3558
1166 5068
1166 5782
1166 7515
1168 2986
1168 3473
1168 6544
1168 6842
1168 7331
1169 973
1169 2252
1172 6683
1172 6853
1172 7319
1173 895
1173 7362
1173 7685
1173 7885
1174 914
1174 1171
1174 1752
1174 7376
1175 4214
1175 4396
1176 1560
1176 5082
1176 5988
1177 3760
1177 3878
1177 4256
1177 5434
1177 8319
1178 2897
1178 5146
1178 5350
1179 2029
1179 2463
1180 3863
1181 478
1181 2719
1181 4883
1183 2162
1183 4413
1184 1468
1184 3242
1184 4676
1184 7788
1185 4439
1186 4222
1186 5048
1186 5737
1187 1341
1188 584
1188 2259
1188 3038
1188 8336
1189 28
1189 5476
1189 7268
1191 2074
1191 4389
1192 44
1192 2130
1192 2814
1192 3891
1192 4042
1192 5818
1192 5949
1193 1639
1193 4872
1193 6729
1194 711
1194 1721
1194 4115
1194 4152
1194 4857
1194 4927
1195 418
1195 2320
1195 3143
1195 3691
1195 4276
1195 6428
1195 8193
1196 257
1196 4155
1196 7006
1196 7611
1197 1342
1197 3101
1197 7057
1198 6811
1199 1203
1200 3181
1200 5065
1200 8097
1201 1325
1201 3095
1202 1161
1202 1519
1202 1978
1202 5477
1204 4127
1204 5399
1204 6543
1204 6657
1204 7960
1205 6602
1206 412
1206 1358
1206 4802
1206 6522
1207 1564
1207 6836
1208 313
1208 2762
1208 6144
1208 8241
1208 8379
1209 411
1209 1148
1209 3218
1209 5952
1211 2138
1211 2590
1211 4257
1212 4395
1212 4544
1212 5448
1213 1635
1213 2015
1213 6700
1214 1902
1215 220
1215 730
1215 4413
1216 228
1216 1781
1216 3344
1217 200
1217 1272
1217 2560
1217 4927
1218 375
1218 2142
1218 2467
1219 5571
1219 5911
1219 6303
1219 7102
1220 175
1220 714
1220 2640
1220 7108
1220 7132
1221 205
1221 333
1221 1753
1222 1843
1222 3463
1222 4821
1222 8352
1223 627
1223 7246
1224 1261
1225 709
1225 1109
1226 423
1226 854
1226 2622
1226 3663
1226 6881
1227 2063
1227 8131
1228 2729
1229 861
1229 1566
1229 2147
1229 5715
1229 8192
1230 3685
1230 4319
1230 5178
1230 5333
1230 6852
1232 1937
1232 6074
1232 7613
1233 1574
1233 2347
1233 7152
1233 7919
1233 8019
1234 1590
1234 2566
1234 3843
1234 5120
1235 312
1235 6710
1236 2177
1236 3197
1236 4162
1236 6370
1237 3635
1237 5284
1237 5499
1237 6425
1237 7842
1238 3976
1238 7996
1239 6015
1240 2387
1240 4255
1241 1372
1241 2142
1241 8088
1241 8295
1242 196
1242 3552
1242 4789
1242 5527
1242 5921
1243 130
1243 1019
1243 3042
1244 898
1244 979
1244 4640
1244 5725
1244 6013
1244 6475
1245 3779
1245 6455
1245 6569
1246 3039
1246 4481
1246 5262
1247 1981
1247 2928
1247 5085
1248 3014
1248 5338
1249 4246
1249 4605
1249 6149
1249 6498
1249 8293
1250 191
1250 496
1250 603
1250 1352
1250 4005
1250 4203
1250 8050
1251 241
1251 3551
1251 4771
1251 8278
1252 540
1252 3137
1252 8016
1253 4838
1253 6158
1253 6506
1253 7752
1254 861
1254 4098
1254 5430
1254 5679
1255 3553
1255 6142
1255 8054
1256 423
1256 3343
1256 4100
1256 7127
1257 1083
1257 2117
1257 3190
1257 4022
1257 4601
1258 1893
1258 2291
1258 2927
1258 4038
1258 4823
1259 3048
1259 6863
1259 7012
1260 3088
1260 4738
1260 5134
1260 7428
1260 7787
1260 7835
1261 3175
1261 5088
1261 6386
1262 1142
1262 3741
1262 4674
1262 4765
1262 6899
1263 312
1263 1216
1263 8234
1264 1340
1264 4801
1264 5203
1264 5228
1265 7298
1265 8159
1266 3816
1267 5100
1267 7918
1267 8160
1268 3041
1269 7589
1270 415
1270 1962
1270 5822
1270 6876
1271 4153
1271 4998
1271 6120
1271 7313
1272 5002
1273 1700
1273 3802
1274 744
1274 2784
1274 4066
1275 1139
1275 3004
1275 4762
1275 7108
1276 2407
1276 2618
1276 5603
1276 7576
1277 270
1277 4217
1277 8239
1278 3709
1279 2804
1279 4275
1279 5721
1280 7089
1281 2379
1281 5537
1282 5963
1283 282
1283 5237
1283 5305
1283 7894
1284 2014
1284 8377
1285 832
1285 1771
1285 1865
1285 3814
1285 6922
1286 5776
1287 1143
1287 5662
1288 7231
1289 363
1289 3771
1289 7991
1290 3459
1290 4981
1290 6200
1290 7925
1291 1095
1291 4492
1291 4555
1292 2360
1292 3809
1294 3053
1294 5213
1295 715
1295 2241
1295 2761
1295 4280
1295 7071
1296 118
1296 1954
1296 3357
1296 4455
1296 5770
1296 7860
1297 1897
1297 2367
1297 5781
1297 6317
1297 6938
1298 1161
1298 2993
1298 4515
1299 2807
1299 3743
1299 5301
1299 5698
1300 1748
1300 3141
1300 5464
1300 5987
1301 2101
1301 3987
1301 6385
1301 6405
1301 7614
1302 3717
1302 5841
1302 7075
1303 7161
1304 3664
1304 4516
1304 5936
1304 6697
1305 23
1305 3449
1305 6334
1306 6772
1307 2000
1307 4787
1307 5880
1307 7553
1307 7873
1308 1663
1308 3298
1309 3181
1310 6542
1311 1302
1311 1366
1311 5066
1311 6685
1311 8192
1312 948
1312 1525
1312 1684
1313 181
1313 2060
1313 2337
1313 2996
1313 4436
1313 8030
1314 686
1314 2302
1314 2410
1314 3674
1314 6617
1315 1642
1315 5451
1315 7503
1316 1629
1316 5221
1317 2436
1317 4908
1317 5434
1317 5828
1317 7146
1319 4574
1319 4599
1320 682
1320 1196
1320 5949
1321 7089
1322 2826
1322 5477
1323 2854
1323 8286
1324 4811
1325 6970
1326 638
1326 6203
1327 898
1327 4961
1327 6660
1328 1510
1328 1742
1328 6395
1329 655
1329 4881
1329 5558
1329 8019
1330 2549
1330 3426
1330 6169
1330 6251
1330 7095
1331 2184
1331 4372
1331 5688
1331 7116
1331 7289
1331 7743
1332 312
1333 1626
1333 4940
1334 1311
1334 5717
1334 5809
1334 7234
1334 8280
1336 616
1336 5118
1336 8218
1337 1701
1338 3405
1338 7526
1339 1257
1339 4443
1339 4588
1339 6285
1339 6621
1339 7582
1339 8205
1340 642
1340 3797
1340 6639
1340 7778
1340 8280
1341 3278
1341 4994
1341 5132
1341 5793
1341 7398
1341 7797
1341 8086
1343 185
1343 2457
1343 2880
1343 3325
1343 4434
1343 4989
1343 5728
1343 6514
1343 7227
1343 7455
1344 2089
1344 3210
1344 4453
1344 4630
1345 970
1345 1651
1345 7230
1346 5732
1347 4059
1347 4703
1347 5160
1347 7190
1347 7298
1348 528
1348 1291
1348 7884
1349 1045
1349 2055
1349 2702
1349 5087
1349 6396
1350 675
1350 3364
1350 4113
1350 6714
1350 8368
1352 3094
1352 3416
1352 5934
1353 1477
1353 2264
1353 2759
1353 4732
1353 5535
1353 6240
1353 8222
1353 8328
1354 7683
1355 1160
1355 1406
1355 3892
1355 4589
1355 4676
1355 5028
1355 6341
1356 28
1356 781
1356 4547
1357 1343
1357 2285
1357 3462
1357 6142
1357 6913
1358 1567
1359 1520
1359 1659
1359 3337
1359 6668
1360 1471
1360 3736
1360 6274
1360 6377
1360 6401
1361 3412
1361 4908
1361 5136
1361 8078
1362 2589
1362 4034
1362 4713
1363 2073
1363 8021
1364 5022
1364 5707
1365 3331
1366 810
1366 1509
1366 2946
1366 3168
1366 4431
1366 6001
1366 6760
1367 3626
1367 4533
1367 4956
1367 5803
1367 6138
1367 6649
1367 7419
1369 53
1369 883
1369 1001
1369 2795
1369 6319
1369 6546
1370 1283
1370 4704
1370 7753
1371 4290
1371 6822
1372 216
1372 2103
1372 2147
1372 2882
1372 3701
1372 7368
1372 8142
1373 98
1374 829
1374 6210
1374 6809
1374 7813
1375 468
1375 2322
1376 325
1376 846
1377 105
1377 876
1377 1248
1378 7057
1379 791
1379 6688
1379 6915
1380 3247
1380 3845
1380 6856
1380 7682
1381 6940
1382 195
1382 6651
1383 1213
1384 407
1384 892
1384 6927
1385 257
1385 1788
1385 3231
1385 4270
1386 1654
1386 2261
1386 5220
1386 5545
1386 6823
1387 281
1387 7520
1388 1080
1388 1194
1388 2557
1388 2894
1388 8250
1389 1050
1389 1799
1389 1816
1390 3033
1390 5995
1390 8146
1391 347
1391 1215
1392 955
1392 5480
1393 618
1393 3105
1394 3814
1394 4400
1394 5008
1394 6563
1395 4333
1395 7228
1396 3821
1396 6922
1397 6381
1398 910
1398 2546
1399 4383
1399 4903
1399 7712
1400 114
1400 2546
1400 5808
1400 7254
1401 2026
1401 2323
1401 2908
1401 4100
1402 90
1402 1183
1403 1634
1403 2489
1403 3589
1404 2972
1404 3050
1404 4122
1405 5014
1405 5571
1406 2448
1406 3199
1406 4765
1406 5876
1406 7407
1407 159
1407 566
1407 4141
1407 4341
1407 4683
1407 6249
1407 8047
1408 991
1409 5639
1409 5712
1410 2992
1411 13
1411 2427
1411 3390
1411 6462
1411 6825
1411 7020
1412 1233
1412 4884
1413 324
1413 5357
1413 5383
1413 6795
1414 3590
1414 5287
1415 2406
1416 3890
1417 7335
1417 8256
1417 8270
1419 1942
1419 3838
1419 8182
1420 416
1421 2507
1421 3464
1421 4911
1424 7584
1425 2667
1425 6992
1425 7434
1426 5740
1426 6351
1426 6561
1426 8026
1427 1457
1427 4292
1427 4828
1427 5466
1427 5625
1427 8060
1429 2622
1429 3709
1429 8196
1430 920
1430 2082
1430 3368
1430 4552
1430 8152
1431 270
1432 2214
1432 3926
1432 4521
1432 5638
1432 6675
1432 6725
1432 7072
1433 6189
1434 1018
1434 3036
1434 7443
1434 8288
1435 1458
1435 3734
1435 4856
1435 7591
1436 5419
1436 6878
1437 6786
1437 7774
1439 1609
1439 6242
1439 7624
1440 6588
1441 563
1441 2469
1441 6605
1442 1232
1442 3747
1442 6751
1442 7039
1443 7773
1443 8137
1444 752
1444 1570
1445 2664
1445 4076
1446 6234
1448 766
1448 2232
1448 3513
1449 1685
1449 2619
1449 3832
1449 4379
1449 6358
1450 20
1450 6893
1451 1545
1451 2087
1451 4688
1452 1613
1453 1362
1453 4909
1453 5077
1453 7085
1453 7694
1453 7877
1454 3205
1455 1916
1455 3381
1455 3975
1456 3992
1456 4850
1456 5205
1457 1118
1457 6380
1457 6629
1458 4964
1458 5425
1459 740
1459 1199
1459 2297
1459 4838
1459 5530
1460 715
1460 4439
1460 6394
1461 2055
1461 7564
1461 8043
1462 1811
1462 3090
1462 3979
1462 5115
1463 1755
1464 8302
1465 836
1465 4010
1465 5460
1465 5800
1466 428
1466 2787
1466 7708
1466 8098
1466 8204
1467 2745
1467 3034
1467 3504
1467 4250
1468 2841
1469 2921
1469 3781
1470 6315
1471 1183
1471 6815
1472 4051
1472 4148
1473 1237
1473 2038
1473 2047
1473 6543
1473 7534
1473 7767
1474 591
1474 1515
1474 3530
1474 8294
1476 651
1476 4013
1476 5500
1477 538
1477 1690
1477 6386
1477 7369
1478 4373
1479 1143
1479 1824
1479 4990
1480 4256
1480 7938
1481 1014
1481 2219
1481 7390
1481 8355
1482 1881
1482 3912
1483 157
1483 8302
1484 4657
1484 5187
1484 6710
1484 7593
1485 2903
1486 486
1486 1280
1486 2316
1486 4265
1486 6297
1487 932
1487 2656
1488 740
1488 1461
1488 2450
1488 5471
1489 3503
1489 4865
1489 7121
1489 7691
1489 7803
1490 369
1490 3385
1490 7361
1491 1422
1491 5843
1491 6954
1493 5533
1493 5949
1493 6562
1493 7576
1494 1317
1494 2321
1494 3443
1495 1309
1495 2013
1495 5943
1495 7978
1496 7257
1497 1225
1497 3174
1498 5795
1499 789
1499 2475
1500 7828
1501 118
1501 918
1501 5593
1501 7779
1501 7838
1502 84
1502 460
1502 519
1502 989
1502 2951
1502 4566
1502 7472
1503 657
1503 3342
1503 7254
1504 3435
1504 4148
1505 2065
1505 4424
1505 5933
1505 8216
1505 8376
1506 2608
1506 4325
1506 7552
1507 758
1507 2492
1507 6122
1508 444
1508 810
1508 4380
1508 4927
1508 6503
1508 7444
1510 166
1510 2226
1510 2733
1510 6103
1510 8061
1511 811
1511 5482
1512 2442
1512 7218
1512 8379
1513 1749
1513 1920
1513 2923
1513 3474
1513 5683
1514 2742
1514 3825
1514 4750
1514 8204
1515 5637
1515 7434
1516 2996
1516 5383
1516 6340
1516 8060
1517 889
1517 1662
1517 3309
1517 3625
1517 6842
1518 1264
1518 2763
1518 7959
1519 3825
1519 4598
1520 3968
1520 5020
1521 581
1521 6527
1522 1098
1522 2536
1522 5044
1523 5563
1523 6855
1524 4433
1525 1901
1525 2263
1525 3246
1525 3261
1525 5491
1526 1009
1526 1170
1526 1350
1526 5004
1527 5356
1528 158
1528 938
1528 1487
1528 1845
1528 3569
1528 8070
1529 669
1529 3033
1529 4253
1529 8287
1530 3664
1531 4940
1531 4961
1532 879
1532 2714
1532 7492
1533 3986
1533 8266
1535 2191
1535 2891
1535 3999
1536 1899
1536 2785
1537 1890
1537 2463
1537 2518
1537 5043
1538 3052
1538 8106
1539 440
1539 1039
1539 6774
1541 3027
1541 5427
1542 2143
1543 5286
1544 3878
1544 3954
1544 6270
1545 6636
1545 7831
1546 1141
1546 2287
1546 5814
1546 6032
1547 1326
1547 6447
1548 399
1548 2338
1548 5317
1548 7141
1550 8144
1551 2627
1552 562
1552 7268
1553 1072
1553 5795
1554 1952
1554 3712
1554 6708
1555 10
1555 2644
1555 5581
1556 1074
1556 1486
1556 1598
1556 4304
1557 271
1557 3047
1557 5893
1557 8247
1558 2033
1558 5346
1558 7358
1559 6955
1560 945
1560 1072
1560 1538
1561 318
1561 871
1561 3289
1561 5421
1561 6533
1562 4520
1562 5439
1562 6395
1562 7574
1563 3598
1563 5294
1564 2431
1564 3615
1564 7821
1565 425
1565 941
1565 993
1565 7265
1566 1778
1566 2676
1567 214
1567 437
1567 1507
1567 2254
1567 2330
1567 6324
1568 57
1568 1722
1568 2142
1568 3205
1568 3471
1568 4840
1568 6000
1569 2837
1569 5266
1569 6353
1569 6626
1570 900
1570 2614
1570 4534
1571 6139
1572 64
1572 239
1572 4238
1572 6447
1572 7972
1573 2469
1573 8090
1574 36
1574 7364
1575 1717
1575 4083
1575 6369
1576 3535
1576 5778
1576 5967
1577 1743
1577 2690
1577 4877
1577 6161
1577 7072
1578 2173
1578 2321
1578 5647
1578 6863
1578 7474
1579 1848
1579 3849
1579 4804
1580 3440
1580 5372
1580 6024
1581 828
1581 1536
1581 5090
1581 6039
1583 2666
1583 3413
1583 3560
1583 4384
1583 6248
1584 433
1584 1130
1584 4513
1584 4535
1584 6130
1584 6693
1585 5792
1586 4740
1586 6132
1586 7583
1587 2098
1587 3074
1587 4181
1587 6758
1587 7941
1588 6040
1588 6651
1589 342
1589 2479
1589 8262
1590 6189
1590 6292
1591 2402
1592 1294
1592 3830
1592 6543
1593 6751
1593 6918
1595 362
1595 866
1595 1892
1595 2293
1595 2907
1595 7305
1596 4251
1596 6226
1596 8317
1597 1011
1597 1645
1597 8083
1598 4331
1598 5902
1598 6442
1599 428
1599 1089
1599 1572
1599 2331
1599 5005
1599 5106
1599 5273
1599 6094
1600 3530
1600 4539
1600 5278
1600 6935
1601 8313
1602 424
1603 2723
1603 2931
1603 3806
1605 995
1605 1422
1605 2307
1605 3007
1605 5397
1605 5818
1606 3021
1606 8035
1608 524
1608 580
1608 1821
1608 5868
1608 5932
1608 8376
1610 233
1610 1725
1610 2526
1610 7232
1612 3312
1613 64
1614 1396
1614 1951
1614 3465
1615 6365
1615 7097
1616 1960
1617 1447
1617 3380
1617 6658
1618 4869
1618 7697
1619 311
1619 4922
1619 6221
1619 8052
1620 3091
1620 5435
1620 6174
1621 572
1621 6695
1621 8258
1622 1933
1622 3841
1623 6818
1624 3075
1624 3341
1624 5562
1624 6038
1624 7060
1624 7773
1624 8024
1625 3241
1625 6422
1625 8193
1626 920
1626 1827
1626 4364
1627 1439
1627 5029
1628 3279
1628 4333
1628 6608
1628 8169
1629 4751
1629 5115
1630 4762
1630 5558
1630 5711
1630 6260
1631 3973
1631 4280
1632 4300
1632 6848
1632 8080
1633 5998
1634 5937
1635 317
1635 4865
1635 6350
1636 3329
1637 5166
1637 5179
1637 7163
1637 7265
1637 7327
1637 7345
1638 3327
1639 5960
1639 6638
1640 479
1640 2502
1640 4332
1640 5494
1640 7062
1641 1217
1641 2578
1641 3015
1641 6812
1641 8190
1642 2528
1642 5891
1642 7343
1643 674
1643 3935
1643 8279
1644 941
1644 6066
1644 7637
1644 7939
1645 211
1645 3876
1645 4546
1646 1123
1647 4626
1647 7721
1648 4713
1648 6436
1648 7140
1649 1907
1649 8006
1650 2824
1650 4417
1650 6602
1651 1881
1651 1913
1651 5177
1651 6662
1651 7769
1651 7841
1652 1028
1653 3394
1653 5415
1653 8097
1654 1696
1654 7861
1655 728
1655 956
1655 1574
1656 6387
1657 4639
1657 7550
1658 2179
1658 4617
1658 5168
1658 5302
1659 5673
1660 365
1660 3919
1660 5243
1661 2386
1661 2849
1661 3073
1661 4032
1662 2163
1662 7675
1663 2170
1664 1604
1664 1931
1664 3815
1665 682
1665 3600
1665 5240
1666 94
1666 1667
1666 3741
1666 5698
1666 6628
1666 7961
1667 2888
1667 6635
1667 6776
1668 3028
1668 3125
1668 6550
1668 8050
1669 488
1669 4450
1669 6829
1670 1232
1670 3586
1670 6995
1670 8031
1670 8314
1671 1126
1671 2247
1671 3049
1672 207
1673 6525
1673 7420
1674 7340
1675 2910
1675 3675
1675 4053
1675 4202
1675 5525
1675 6141
1677 1407
1677 2965
1678 469
1678 572
1678 5692
1679 3802
1679 3876
1679 7501
1680 3086
1680 5761
1680 6400
1681 928
1681 1514
1681 2261
1681 3419
1681 3829
1681 5127
1681 6802
1682 4664
1682 7893
1684 3349
1684 6680
1684 6887
1685 5078
1685 7189
1686 2974
1686 7562
1686 7854
1687 1440
1687 4074
1687 5453
1688 944
1688 1033
1688 3631
1688 4877
1688 7175
1689 1251
1689 4243
1689 6561
1690 4909
1691 1028
1691 4163
1691 6927
1692 450
1692 5376
1692 7779
1693 812
1693 3224
1693 3232
1693 4261
1693 5712
1693 6489
1693 7090
1694 4756
1695 3653
1695 7400
1696 2780
1697 261
1697 1751
1697 4529
1697 5777
1698 2425
1698 3323
1698 6000
1698 8288
1699 1256
1699 3063
1700 653
1700 6221
1700 8037
1701 6686
1702 2621
1702 2783
1702 6327
1702 6776
1702 8252
1703 4727
1703 6938
1704 6459
1705 1358
1705 5169
1706 650
1706 5874
1706 6648
1706 8150
1706 8162
1707 902
1707 2477
1708 4851
1708 6413
1709 5667
1710 609
1710 1952
1710 6588
1711 3499
1711 3688
1712 2157
1712 2869
1712 3418
1712 4134
1712 4430
1712 4872
1712 5727
1712 5784
1713 446
1713 8052
1714 204
1714 4592
1714 5571
1715 652
1715 6988
1715 7127
1715 7322
1715 7378
1716 1859
1716 3816
1716 5365
1716 5903
1716 6410
1717 3066
1717 4847
1717 6568
1718 3960
1718 4496
1719 941
1719 1785
1719 6094
1719 6385
1721 2269
1721 2875
1721 5359
1721 7838
1722 2083
1722 3439
1722 7423
1723 540
1724 1354
1725 5568
1725 5610
1726 186
1726 1012
1726 6846
1726 7834
1726 8059
1726 8279
1727 7274
1728 943
1728 2277
1729 397
1729 423
1729 1303
1729 2265
1730 4338
1732 3608
1732 4418
1732 5526
1732 5870
1733 543
1733 2781
1734 2496
1734 2991
1735 1225
1735 3050
1735 6945
1735 7177
1735 7430
1736 1137
1736 4504
1737 1578
1737 3007
1737 5657
1738 932
1738 3731
1738 4859
1738 6541
1738 7599
1739 6702
1739 7137
1740 147
1740 3697
1740 4434
1741 2603
1741 3853
1741 4876
1741 6059
1741 7960
1742 134
1742 8250
1743 2120
1743 6228
1744 122
1744 1403
1745 322
1745 4147
1746 765
1746 6615
1747 1368
1747 1738
1747 3211
1747 3287
1747 4742
1749 688
1750 7432
1751 200
1751 272
1751 1578
1752 3525
1752 5220
1753 3227
1753 4673
1753 4984
1754 337
1754 5523
1754 6908
1754 7626
1755 2009
1755 5241
1755 5390
1756 4129
1756 5646
1756 5833
1757 4217
1757 6934
1758 129
1758 1329
1758 3161
1758 5176
1759 329
1759 1293
1759 4635
1759 4688
1759 6484
1759 7318
1760 3272
1760 7994
1761 631
1761 7818
1762 3
1762 948
1762 1297
1762 1845
1762 1890
1762 4059
1762 6672
1763 1679
1763 2594
1763 3010
1763 6201
1765 673
1765 6708
1766 378
1766 2535
1766 7954
1766 8191
1767 40
1767 672
1767 3491
1767 4059
1768 1142
1768 1560
1768 1965
1768 2150
1768 3042
1768 5261
1769 1239
1769 1907
1769 4024
1769 4389
1770 211
1770 5129
1770 7218
1771 2015
1771 2938
1772 377
1772 484
1772 578
1772 3077
1772 5152
1772 8180
1772 8373
1773 755
1773 4849
1773 7828
1774 977
1774 1278
1774 2765
1774 3347
1774 5931
1774 7893
1775 2122
1775 6082
1776 134
1776 2496
1776 3072
1776 6887
1776 7947
1777 1078
1777 4418
1778 881
1778 1134
1778 2190
1778 5955
1779 2534
1779 3029
1779 4121
1779 7294
1779 7808
1780 510
1780 3023
1780 6548
1782 5693
1783 311
1783 1712
1783 2452
1783 2701
1783 5620
1784 5739
1785 3741
1785 4200
1785 4539
1785 7518
1786 1573
1786 1835
1786 2884
1786 4175
1786 4267
1786 8047
1787 374
1787 842
1787 5789
1788 665
1789 1045
1789 5234
1789 6015
1790 5620
1790 7259
1790 8089
1791 2031
1791 3558
1791 4326
1791 7837
1792 896
1793 964
1793 5749
1793 5861
1793 7546
1794 3946
1795 4350
1795 5034
1795 6733
1796 3722
1798 1081
1798 5788
1799 4025
1799 6020
1799 6173
1799 6517
1799 7481
1800 1299
1801 2366
1801 4494
1801 5672
1801 6852
1802 705
1802 806
1802 1206
1802 1646
1802 4448
1802 7647
1803 2183
1803 2522
1803 5246
1803 5736
1804 293
1804 1041
1804 1650
1804 6873
1805 849
1805 854
1805 4083
1805 5670
1807 1485
1807 2538
1807 4905
1807 5851
1808 430
1808 1147
1808 3546
1808 5676
1808 8178
1809 1264
1809 2583
1809 6312
1809 7314
1809 7809
1810 2064
1810 3672
1810 4967
1810 6399
1811 5302
1811 5352
1813 2730
1813 5088
1813 7814
1814 3278
1814 4253
1814 7301
1815 323
1815 2422
1815 2506
1815 2596
1815 4343
1815 6403
1816 3051
1816 5016
1816 6931
1817 1500
1817 3978
1817 6357
1818 342
1818 3038
1818 3504
1818 4670
1819 1950
1819 3562
1819 6202
1820 6817
1820 7629
1821 7500
1822 901
1822 4371
1822 7063
1823 2069
1823 2748
1823 4389
1823 4978
1823 6021
1824 2843
1824 8079
1825 1318
1825 1483
1825 1607
1825 2324
1825 4011
1826 4153
1826 7338
1826 8366
1827 7219
1827 7590
1828 1171
1828 1876
1829 7537
1829 8227
1830 907
1830 3851
1831 340
1831 501
1831 1453
1831 1826
1831 2063
1831 2734
1832 33
1832 333
1833 4288
1833 6342
1834 1882
1834 2868
1835 329
1835 1617
1835 1649
1835 1829
1835 5233
1836 1426
1836 4998
1836 7762
1836 8232
1838 3117
1838 5100
1838 5119
1838 6101
1838 7076
1839 1235
1839 1871
1839 5302
1839 5661
1839 6109
1839 7298
1840 157
1840 2438
1840 4799
1841 2847
1841 3030
1841 6699
1842 3757
1843 2718
1843 3522
1843 4358
1843 6886
1843 8009
1844 586
1844 2078
1844 6401
1845 4137
1845 4914
1845 6221
1846 660
1846 2177
1846 3991
1847 497
1847 5643
1847 6363
1848 260
1848 277
1848 3350
1848 4974
1848 5062
1848 5801
1849 6836
1849 7355
1850 4288
1850 6175
1850 8136
1851 506
1851 1817
1851 3135
1851 4508
1851 7361
1851 7594
1852 1126
1852 1749
1852 2568
1852 4338
1853 1919
1853 2060
1853 3611
1853 5918
1854 575
1854 1075
1854 3154
1854 3255
1854 7163
1854 7377
1855 550
1855 3428
1855 4320
1855 6937
1856 1242
1856 2626
1856 2828
1856 5046
1856 5403
1857 404
1857 2950
1858 3167
1858 3513
1860 2436
1860 4396
1860 8147
1861 2866
1861 4986
1861 7144
1862 679
1862 3872
1862 4218
1862 6126
1862 7541
1863 2257
1864 656
1864 4267
1865 4220
1865 7529
1866 1280
1866 4475
1867 4378
1867 5816
1867 5827
1867 6825
1868 1652
1868 1998
1868 3965
1869 4271
1869 5120
1869 5846
1869 6222
1870 2738
1870 3688
1870 7859
1871 365
1872 3737
1873 570
1873 3696
1875 2671
1875 3158
1875 3165
1875 3796
1876 4713
1876 7099
1876 7192
1877 4229
1877 8232
1878 3259
1879 3668
1879 4733
1879 6702
1880 6643
1881 322
1881 2372
1881 5297
1881 5398
1881 5408
1881 6538
1882 620
1882 1460
1882 2328
1882 2539
1882 5602
1883 944
1883 3716
1883 4164
1883 4910
1883 4932
1883 6004
1883 7009
1883 7923
1884 1586
1884 3856
1884 6775
1885 2353
1885 3577
1885 7620
1886 3784
1886 7807
1887 7633
1888 3383
1888 5244
1888 7205
1889 4265
1889 5661
1889 6741
1890 4416
1890 7252
1891 51
1891 1776
1891 3137
1891 4916
1891 5316
1891 7355
1891 8193
1892 936
1892 3508
1892 6154
1892 8370
1893 7895
1894 1142
1894 3027
1894 3336
1894 3641
1894 7420
1894 7480
1895 5185
1895 5281
1896 202
1896 2912
1896 3950
1897 6314
1898 2259
1898 4167
1898 4295
1898 6240
1899 4157
1899 4261
1899 5041
1899 6156
1899 6360
1900 7035
1900 7648
1901 2295
1902 267
1902 2016
1902 3600
1902 7575
1904 3390
1904 4475
1904 5335
1904 7576
1904 7787
1905 1682
1905 3296
1905 5125
1905 6125
1905 6266
1905 6275
1905 6766
1906 2219
1906 2678
1906 2682
1906 3903
1906 4373
1906 6308
1906 6777
1907 3669
1907 4777
1907 5249
1908 1092
1908 2472
1908 3712
1908 3790
1909 3619
1909 4000
1909 5083
1910 4685
1910 5300
1910 7235
1911 769
1911 1566
1911 3600
1911 6025
1911 6545
1911 7855
1912 1628
1912 3552
1912 3760
1912 4770
1912 7712
1913 1159
1913 5733
1914 3586
1914 5199
1914 8147
1915 863
1915 1232
1915 2127
1915 2863
1915 7255
1916 1019
1917 533
1917 3394
1917 4143
1917 4290
1918 2155
1918 2588
1918 6952
1918 8014
1919 5883
1919 6522
1920 2731
1920 3226
1920 3327
1920 4143
1920 4713
1920 6761
1920 8083
1920 8271
1921 787
1921 846
1922 1450
1923 3320
1923 7836
1924 3500
1924 6551
1925 3802
1925 6074
1926 3020
1926 6335
1927 8016
1928 6412
1929 3335
1929 3685
1929 6082
1930 3122
1930 3689
1930 4489
1931 3707
1931 4545
1931 4733
1931 6609
1932 2098
1932 8154
1933 855
1933 6392
1934 5473
1934 6997
1934 7595
1935 3193
1935 4321
1935 4436
1935 7036
1937 323
1937 3266
1937 6040
1937 6162
1937 7035
1937 7721
1937 8332
1938 3016
1938 3069
1938 4505
1938 7877
1938 8299
1939 8082
1940 336
1940 6598
1941 2151
1941 7851
1942 481
1942 2951
1943 487
1943 7003
1944 5845
1945 2656
1945 5509
1946 1544
1946 3983
1946 8190
1947 1538
1947 1922
1947 2684
1947 6286
1947 7679
1948 5849
1949 183
1949 794
1949 6715

