9678 6307 678
1 1
6 1008
19 4789
62 2379
65 3554
94 3170
126 1713
144 1691
148 2153
151 2434
162 82
220 2945
220 4337
244 5028
252 5871
287 3942
322 720
324 4365
326 1769
337 5619
338 3215
341 5933
358 3810
368 716
368 1416
436 2860
449 2832
490 5248
534 4144
543 1568
572 1780
573 4887
586 4908
609 4132
647 2293
647 5350
652 22
673 1215
695 2111
700 4241
712 4434
736 6244
753 1898
769 4154
822 1193
830 5467
838 3102
878 2528
909 593
934 3021
946 3495
946 3627
954 5035
956 651
957 6138
1009 5703
1012 5229
1028 4048
1035 6257
1040 1620
1044 6119
1046 3179
1046 4380
1060 2608
1081 2270
1081 3246
1090 1308
1127 1504
1127 5356
1149 3209
1151 6100
1177 20
1207 5486
1209 2674
1217 3403
1238 2536
1243 4615
1264 566
1269 5198
1296 979
1304 3855
1307 5718
1324 2215
1329 653
1329 1595
1329 3419
1368 2180
1373 35
1380 1178
1381 1325
1388 733
1429 2389
1443 4541
1444 2100
1458 3275
1490 4225
1527 5160
1574 5381
1593 6126
1600 2667
1637 3723
1689 1868
1772 2021
1777 6029
1795 3100
1796 688
1820 1770
1820 5675
1825 3899
1841 3660
1846 3067
1848 4819
1857 1446
1869 4777
1880 4392
1892 760
1907 5377
1910 4947
1925 3238
1949 2800
1977 5977
1988 2750
1992 817
1999 2114
2016 5694
2044 242
2108 6085
2123 58
2124 4306
2124 5172
2136 1276
2162 2767
2174 1617
2181 2890
2189 5337
2193 5376
2204 454
2207 1318
2226 1400
2258 5742
2260 1895
2264 3049
2301 5082
2312 2454
2318 1064
2320 2353
2332 4598
2333 2602
2339 1875
2345 3701
2358 2086
2358 5018
2416 1569
2420 4011
2422 1816
2438 2367
2439 3594
2467 500
2469 871
2484 4812
2491 801
2500 1968
2504 3446
2512 6274
2523 3635
2539 2819
2558 3444
2574 181
2602 5576
2605 5714
2626 3349
2635 2782
2639 3091
2654 4863
2659 4736
2674 5457
2688 2450
2691 1518
2692 3065
2697 5173
2707 4928
2715 4310
2733 4924
2739 6
2749 1740
2764 1430
2785 1100
2806 2743
2810 695
2827 765
2831 5668
2834 3183
2837 3881
2866 2346
2870 4430
2873 4061
2875 1828
2876 591
2885 183
2891 5133
2897 1293
2919 4695
2923 6032
2932 2228
2954 2282
2957 6193
2960 5924
2966 5398
2980 2504
2986 5225
2997 2684
3000 1731
3015 295
3062 253
3092 841
3093 2538
3096 6051
3100 2155
3103 3211
3119 925
3135 5454
3182 308
3187 4025
3227 3743
3234 5686
3236 4650
3247 4088
3247 4726
3250 3584
3267 2608
3268 1706
3271 4104
3276 5936
3294 3077
3308 331
3323 5166
3329 5845
3332 833
3335 3495
3339 4930
3340 5782
3350 1001
3352 3621
3376 874
3378 669
3403 4941
3413 5294
3414 3941
3426 3022
3438 795
3450 471
3451 132
3462 4582
3464 1951
3507 3180
3512 3487
3527 6292
3542 222
3546 2018
3546 4812
3563 5758
3580 3942
3588 756
3596 1419
3605 3517
3610 3178
3616 1557
3619 3839
3636 1996
3648 1166
3661 4833
3670 5804
3675 1173
3682 5132
3689 6180
3692 592
3710 3464
3714 2471
3725 5946
3729 1609
3751 3224
3779 2999
3785 6187
3786 3752
3804 3445
3827 1392
3860 4296
3861 427
3863 3326
3864 2804
3864 4531
3896 239
3903 5230
3905 2831
3918 4514
3931 798
3944 4400
3966 5038
3971 4370
3976 664
3997 3218
4017 3539
4018 5194
4041 6071
4042 3831
4065 6177
4071 2885
4089 3567
4102 3131
4133 5024
4141 3181
4142 2170
4173 710
4209 16
4218 3309
4250 186
4263 2610
4269 2050
4277 396
4278 643
4283 2221
4342 4722
4351 1130
4352 1623
4354 3653
4363 4239
4376 123
4376 1869
4385 1360
4391 1637
4395 837
4414 5318
4454 2466
4490 3632
4497 1684
4517 5551
4524 1014
4558 4731
4560 2853
4561 1577
4589 3274
4612 136
4631 1763
4632 4184
4633 4413
4670 2232
4679 5080
4683 2482
4692 1225
4698 1949
4711 2843
4712 356
4733 4977
4740 5483
4741 123
4766 588
4774 3033
4790 5800
4792 585
4813 157
4850 2825
4892 69
4906 5622
4922 3254
4933 3411
4937 3659
4943 3126
4960 5275
4961 1919
4962 3181
4970 4242
4974 4941
5025 3469
5026 3793
5031 3899
5047 249
5064 4283
5086 2187
5094 4111
5098 4556
5109 2791
5125 1993
5129 4595
5190 2946
5207 1901
5219 5243
5222 3072
5232 3303
5238 4229
5248 2919
5250 5506
5257 5025
5266 5054
5280 108
5332 6278
5350 1668
5391 3949
5437 6285
5474 968
5478 6233
5479 3887
5487 4749
5518 607
5542 5484
5543 4860
5551 4025
5612 5543
5630 4044
5638 4444
5654 4816
5680 6117
5698 300
5708 2665
5715 2433
5735 4227
5755 1650
5757 1940
5758 5195
5783 6220
5811 2698
5816 1657
5907 3572
5936 5065
5946 2861
5966 548
5968 708
5986 3859
5990 496
5991 3939
6069 4254
6117 5287
6119 1023
6132 5911
6137 2001
6148 5912
6192 4933
6233 6119
6298 3871
6317 1054
6325 611
6347 1282
6358 4403
6362 3230
6368 4789
6406 4230
6429 901
6442 5337
6449 532
6471 542
6480 2430
6484 5893
6492 3183
6504 4413
6513 3148
6515 3367
6542 3133
6546 4051
6547 210
6585 4576
6665 4369
6669 2905
6677 3126
6697 5028
6707 5798
6710 2146
6763 2437
6765 2329
6780 1363
6789 4094
6791 4096
6794 955
6802 1695
6877 5242
6893 1187
6905 2020
6940 4484
6951 5459
6952 2100
6955 4524
6957 5677
7006 4828
7023 1389
7038 4380
7051 4603
7077 4163
7101 4996
7103 21
7116 4034
7123 5599
7142 3680
7142 4108
7156 1513
7161 6267
7185 227
7195 3610
7199 4167
7202 5080
7210 4159
7223 2729
7254 5414
7270 3498
7296 5951
7329 3824
7358 2473
7368 4935
7393 2939
7400 4150
7402 2423
7404 4727
7408 2467
7431 4884
7438 5933
7455 5748
7529 4375
7542 3191
7557 20
7585 4752
7588 6003
7614 3614
7621 4235
7644 1356
7669 3937
7703 2556
7732 3412
7735 2148
7769 2444
7781 3861
7782 2918
7814 4382
7818 5400
7845 3269
7873 791
7897 2529
7901 3565
7901 6300
7910 469
7933 5699
7963 3224
7964 1160
7973 6121
7985 3469
7986 4034
7989 562
8026 447
8046 1575
8073 4654
8076 3694
8078 4862
8079 2351
8085 300
8098 224
8126 6147
8135 2291
8177 2819
8188 5332
8192 3121
8194 4364
8199 571
8213 445
8213 3501
8219 1880
8222 6142
8223 3671
8239 4971
8258 2637
8259 484
8284 1222
8351 518
8351 3072
8352 2818
8394 1359
8410 1208
8417 2314
8426 5466
8428 4657
8460 242
8472 2357
8488 634
8489 1317
8501 4967
8509 2438
8517 1197
8539 4644
8571 6127
8588 1364
8599 2279
8627 3276
8631 5288
8634 5157
8638 1962
8649 3225
8653 96
8653 3086
8659 3222
8661 3222
8662 3626
8667 5831
8683 2778
8689 5896
8698 5139
8701 4806
8704 3823
8705 1460
8705 3875
8728 3857
8734 4089
8736 4111
8755 4675
8778 5453
8789 1889
8813 3719
8822 291
8826 3683
8856 935
8857 288
8858 4143
8861 3899
8866 602
8870 2192
8879 6297
8881 1365
8888 2728
8892 5807
8944 6302
8996 3751
9001 2525
9002 1537
9019 5416
9024 5121
9032 2276
9043 175
9045 5755
9075 1974
9080 982
9081 4742
9096 2473
9114 562
9136 4574
9140 1348
9189 6267
9207 1301
9226 1283
9243 3613
9249 973
9256 4434
9268 129
9272 4559
9320 5469
9327 3052
9340 5627
9341 3725
9352 6306
9374 5055
9397 5177
9397 6273
9399 535
9404 4371
9411 5085
9415 484
9422 1484
9441 5768
9478 3204
9480 5554
9490 2049
9503 1167
9515 2456
9518 158
9531 4903
9533 1743
9534 5700
9543 5753
9578 4583
9582 1208
9631 2322
9632 3340
9633 1603
9655 4076
9676 73

