8168 1569 2785
1 1
4 1231
6 519
6 1184
7 1543
10 366
11 925
13 1224
14 288
24 551
25 189
28 27
33 415
33 1182
34 533
35 1193
36 506
37 1044
40 1190
47 525
55 840
57 1372
61 348
61 1228
61 1444
69 994
75 764
80 8
83 863
84 1121
88 164
88 1387
91 1273
92 603
106 1556
108 1524
110 1113
113 641
113 867
114 796
115 271
119 112
125 1090
140 436
143 881
144 491
146 274
147 839
148 949
155 1231
156 807
156 942
157 1416
158 1418
162 527
163 1533
170 469
170 1150
176 385
181 69
182 504
183 664
184 418
185 1268
189 1194
191 953
196 113
197 638
198 63
200 402
201 1400
209 1370
210 354
212 650
218 418
219 531
225 1398
233 159
233 480
233 1347
239 272
240 725
244 260
249 379
250 943
251 99
252 1314
258 1091
259 293
259 1091
261 1106
264 1383
265 846
265 985
265 1227
266 603
267 847
272 818
275 293
276 656
277 1127
285 910
285 1466
288 335
292 1513
293 1288
300 1379
305 491
308 541
309 810
313 1273
321 742
327 150
331 66
334 1359
336 815
337 828
339 955
341 991
344 7
349 454
351 1183
361 1475
365 1514
370 620
381 704
382 1009
386 1163
390 528
400 587
400 1044
406 1539
415 391
421 278
422 677
424 1511
426 280
429 600
432 990
435 528
437 1242
439 466
444 397
444 584
446 387
454 259
458 471
458 1512
459 313
463 1134
464 673
466 329
468 912
471 1411
478 1496
480 966
483 76
486 677
490 972
495 995
498 252
502 791
509 1119
515 1107
521 100
521 653
525 959
526 256
527 1487
532 271
537 674
542 1283
543 1219
544 152
556 8
563 295
567 73
569 780
573 546
575 665
576 1344
580 76
587 56
587 1523
588 853
591 1463
605 1526
606 180
606 1501
608 233
614 487
614 1425
617 1244
618 252
622 394
622 412
624 327
625 142
625 522
626 1533
629 202
629 1045
641 185
651 868
653 494
653 911
653 1051
654 890
656 237
662 1409
663 1227
664 518
667 1065
671 608
675 257
678 1407
679 1538
682 220
688 172
688 903
693 588
693 764
694 86
696 122
696 164
706 373
708 1340
710 739
711 1285
713 1359
718 579
722 1102
723 74
729 1078
731 484
732 645
741 205
741 1066
743 834
745 106
746 1201
750 3
752 58
758 1290
760 362
761 283
767 1220
769 1296
771 565
784 1314
791 1290
796 866
796 916
798 747
807 150
813 173
816 875
817 1533
819 681
821 328
828 1054
830 1000
833 846
834 1019
837 1219
840 83
841 543
842 352
844 414
845 928
846 64
851 850
851 1509
852 1083
856 1219
860 1508
863 664
865 1509
868 390
868 1441
870 859
871 864
876 908
880 715
884 392
885 1335
895 1430
898 669
898 1049
898 1177
900 197
901 1538
905 1156
920 436
923 152
923 1139
932 799
933 196
936 271
936 1109
941 913
943 528
945 362
945 1334
948 1139
949 909
950 860
956 1137
956 1340
956 1355
964 661
967 1444
968 166
969 166
972 565
976 960
979 538
992 25
992 1411
997 1242
997 1495
1000 459
1005 813
1005 869
1008 1220
1015 769
1019 313
1020 1388
1023 740
1023 893
1027 1312
1034 444
1036 1557
1040 674
1047 858
1051 1055
1058 71
1062 1521
1063 301
1063 1159
1067 170
1076 823
1079 847
1085 1500
1086 193
1088 1020
1090 952
1096 929
1099 421
1100 1138
1103 607
1104 827
1108 174
1113 701
1115 1180
1116 1519
1123 380
1124 1081
1125 408
1125 1152
1127 1278
1131 1281
1134 1351
1136 1318
1138 56
1142 1485
1145 331
1145 667
1146 1432
1151 270
1152 730
1159 686
1159 1142
1160 1406
1169 1503
1171 141
1174 254
1174 692
1178 887
1179 233
1180 1265
1185 269
1189 1517
1194 358
1196 963
1197 704
1199 1071
1203 24
1203 928
1206 75
1206 278
1211 816
1215 774
1224 225
1232 1010
1233 1096
1241 288
1242 74
1243 605
1246 420
1247 772
1248 867
1250 791
1251 1524
1252 229
1259 849
1261 1016
1263 1554
1266 1185
1269 959
1270 497
1271 1476
1272 1090
1278 210
1287 792
1287 906
1287 1267
1289 256
1291 924
1291 1142
1291 1344
1294 1114
1300 1214
1304 197
1306 763
1306 854
1308 1120
1308 1500
1310 1480
1322 705
1326 19
1327 1268
1330 902
1331 1009
1341 296
1344 632
1345 1403
1352 860
1353 223
1354 737
1355 222
1356 343
1356 1294
1358 578
1358 1076
1364 1177
1365 1030
1366 583
1367 82
1370 367
1373 192
1373 833
1379 1441
1380 447
1381 1422
1389 1335
1395 741
1395 1080
1396 1089
1407 1334
1408 389
1408 512
1410 1414
1414 611
1417 188
1422 1310
1424 24
1429 392
1429 1567
1438 682
1439 290
1439 844
1446 609
1449 142
1449 1252
1454 452
1455 892
1455 946
1461 1566
1467 402
1471 446
1474 1018
1476 279
1477 232
1484 758
1486 967
1489 474
1491 1294
1492 760
1494 1223
1497 852
1497 947
1498 944
1498 1324
1501 1096
1504 94
1507 648
1510 968
1515 208
1519 1558
1522 233
1522 1563
1526 1463
1534 1167
1538 971
1539 442
1544 1074
1545 87
1548 110
1550 482
1552 300
1558 979
1558 1198
1559 1359
1560 925
1561 502
1563 1375
1570 725
1580 1567
1592 633
1597 464
1598 1109
1599 1476
1600 337
1602 1393
1606 1057
1607 876
1608 733
1615 1403
1619 1044
1623 157
1629 1421
1631 1208
1632 684
1633 167
1636 784
1637 1328
1641 946
1645 700
1645 1523
1649 586
1651 286
1653 258
1654 864
1656 961
1656 1308
1665 568
1665 1282
1670 631
1671 772
1676 532
1695 1214
1706 312
1706 1469
1707 1270
1709 965
1710 140
1710 1287
1711 595
1713 80
1726 1105
1728 1349
1729 778
1729 787
1732 415
1733 544
1734 836
1734 1229
1739 1287
1740 1242
1741 1057
1745 689
1746 11
1748 681
1750 1121
1755 840
1759 1467
1769 701
1771 815
1771 905
1772 1506
1776 1191
1778 980
1780 75
1781 863
1783 324
1787 1458
1789 620
1789 726
1790 585
1792 1143
1800 1156
1803 1047
1806 813
1810 452
1812 681
1812 1081
1812 1245
1814 1279
1815 834
1816 144
1818 1254
1819 1244
1826 999
1829 1136
1830 574
1843 1077
1845 330
1849 1424
1857 418
1857 1019
1859 420
1860 1163
1863 1539
1864 1455
1865 625
1868 231
1872 1451
1881 1147
1885 463
1892 700
1893 502
1893 1426
1893 1519
1899 732
1904 1286
1907 134
1908 1541
1910 891
1913 595
1923 292
1926 530
1926 831
1932 51
1934 498
1937 1418
1939 555
1940 534
1942 756
1945 1482
1950 1176
1952 1272
1953 202
1954 63
1956 27
1962 1071
1969 786
1970 45
1970 1470
1975 392
1975 1511
1977 908
1977 954
1979 572
1982 1009
1995 747
1998 11
2002 1351
2003 1133
2006 1356
2007 484
2014 1409
2018 380
2020 174
2020 882
2021 760
2024 1223
2028 1243
2033 1473
2034 1339
2040 1550
2045 1487
2046 1504
2048 449
2048 1008
2060 1275
2064 771
2066 1309
2072 1420
2072 1450
2085 711
2085 1024
2087 163
2090 187
2090 1569
2092 1472
2099 115
2099 927
2102 1007
2103 203
2104 227
2105 285
2106 820
2107 1442
2109 429
2110 1075
2113 310
2116 625
2122 1377
2125 356
2128 723
2130 243
2136 969
2137 1214
2138 849
2139 1202
2140 29
2143 914
2148 1207
2152 851
2153 810
2154 346
2155 1449
2157 1298
2160 226
2160 1501
2163 1029
2164 1191
2166 889
2166 1223
2166 1531
2171 1505
2172 52
2173 190
2176 1170
2177 861
2180 179
2180 603
2180 1276
2186 549
2191 607
2194 937
2195 1128
2201 1152
2202 1026
2205 1247
2209 497
2212 108
2220 389
2222 232
2223 453
2223 806
2229 510
2232 287
2234 1058
2234 1100
2241 607
2242 715
2246 1
2249 802
2250 161
2251 318
2260 222
2260 579
2261 1405
2265 263
2266 166
2271 953
2274 422
2276 1555
2282 964
2283 199
2284 1499
2285 805
2294 1535
2295 221
2296 1210
2303 403
2306 835
2310 1161
2310 1165
2314 102
2315 1476
2317 254
2318 516
2319 12
2323 768
2329 1159
2329 1457
2329 1523
2332 1545
2335 1321
2340 1403
2343 958
2344 655
2344 1063
2345 47
2347 679
2350 726
2352 40
2353 255
2356 1346
2357 1160
2363 1320
2365 777
2367 1401
2371 895
2371 1190
2372 1027
2374 490
2376 93
2377 630
2380 1263
2385 231
2388 1130
2389 579
2395 1536
2396 899
2398 1098
2402 142
2402 1138
2409 818
2427 1482
2430 1015
2435 1415
2438 877
2439 1360
2440 56
2440 1242
2443 993
2444 1025
2445 1382
2448 876
2456 864
2457 186
2467 949
2468 558
2470 1215
2471 1442
2480 1
2480 470
2481 1021
2484 1041
2489 999
2490 1203
2494 1009
2497 334
2503 373
2505 1496
2507 1516
2510 353
2510 1390
2511 1016
2513 1003
2513 1378
2516 1429
2520 1518
2522 1243
2525 1208
2529 469
2532 624
2533 95
2535 907
2539 638
2540 24
2540 215
2540 796
2549 215
2552 1359
2555 1291
2560 277
2561 262
2568 729
2569 594
2569 1437
2571 513
2574 806
2574 1493
2575 1048
2576 1098
2579 800
2583 320
2584 794
2585 604
2586 948
2591 1330
2593 1033
2594 156
2596 600
2596 778
2596 1460
2597 1372
2598 1005
2599 575
2600 169
2610 589
2610 723
2611 195
2616 985
2621 56
2623 932
2625 1332
2630 190
2632 1514
2642 607
2647 296
2652 1216
2653 644
2653 947
2654 1436
2660 315
2660 1093
2661 1489
2662 346
2663 582
2664 202
2667 1320
2668 807
2669 583
2669 1041
2672 138
2673 1318
2682 1259
2683 1103
2685 754
2688 982
2688 1000
2693 228
2693 723
2696 1463
2699 162
2699 911
2699 1320
2700 1026
2701 1210
2708 219
2711 700
2713 1005
2713 1182
2715 75
2717 589
2720 777
2722 733
2726 1019
2729 250
2730 95
2740 270
2742 1204
2744 1032
2746 402
2746 840
2746 1159
2748 1081
2749 1100
2751 724
2754 649
2756 348
2757 1184
2760 1119
2760 1561
2762 146
2764 1081
2764 1422
2767 774
2778 1368
2783 820
2785 487
2790 57
2791 70
2793 68
2795 1326
2796 582
2804 1121
2808 271
2814 1115
2814 1510
2818 46
2818 354
2818 1064
2819 1059
2821 55
2823 1204
2830 1095
2832 1324
2836 948
2839 362
2839 423
2841 1418
2847 727
2847 875
2854 990
2854 1320
2855 1412
2858 386
2858 777
2859 1379
2863 1312
2870 941
2876 1308
2886 909
2887 1528
2889 1058
2890 1337
2891 1109
2892 1374
2894 450
2895 1141
2896 1121
2896 1310
2899 1384
2904 1312
2905 1375
2906 1291
2906 1450
2909 359
2912 1183
2920 89
2925 2
2925 1223
2928 998
2932 1389
2934 1029
2940 163
2940 331
2944 731
2945 1383
2952 1163
2954 1510
2956 181
2957 68
2962 970
2966 1243
2967 1327
2970 284
2971 389
2972 159
2972 378
2976 1103
2978 1460
2982 1558
2984 752
2989 34
2991 343
2991 1523
2995 978
2997 882
3001 863
3002 202
3007 994
3008 113
3016 531
3019 746
3024 681
3024 1225
3026 216
3026 650
3030 621
3031 355
3032 38
3032 81
3032 725
3033 160
3042 1204
3045 917
3049 11
3051 53
3051 1063
3053 1333
3056 1320
3057 1273
3062 93
3062 1312
3063 1079
3075 338
3078 735
3079 18
3091 614
3092 355
3093 978
3093 1391
3095 449
3099 67
3099 1358
3101 280
3101 1469
3106 32
3107 552
3107 1138
3109 874
3111 938
3114 1115
3115 1344
3120 1327
3121 930
3123 802
3125 390
3130 1390
3131 28
3131 1155
3132 281
3132 998
3137 1292
3139 894
3146 1071
3149 329
3150 115
3150 801
3156 968
3157 765
3170 471
3171 1301
3176 90
3184 737
3184 1275
3186 1130
3187 83
3187 823
3188 510
3189 665
3190 1054
3194 1452
3199 816
3203 48
3206 9
3206 1224
3210 1501
3216 623
3217 341
3218 1189
3220 305
3223 1138
3235 281
3236 41
3237 742
3242 639
3244 406
3244 546
3244 572
3251 528
3265 63
3267 1187
3271 1469
3275 927
3277 1318
3280 827
3280 1009
3281 1015
3288 1467
3289 828
3292 420
3300 149
3300 1467
3304 560
3304 1009
3310 328
3313 1390
3316 768
3319 135
3321 362
3321 1304
3326 107
3329 1011
3344 190
3347 985
3348 1024
3348 1508
3353 1091
3364 969
3369 650
3370 962
3371 1260
3372 1212
3374 1151
3375 505
3376 777
3377 683
3380 126
3380 308
3382 1010
3382 1135
3382 1224
3393 395
3402 906
3403 1270
3409 1443
3410 974
3411 767
3412 316
3414 1371
3423 564
3424 583
3431 1373
3435 425
3448 146
3461 198
3461 810
3461 936
3467 498
3473 1041
3473 1170
3475 1253
3477 347
3477 1076
3477 1134
3478 75
3483 220
3484 364
3494 1038
3504 536
3506 971
3508 585
3509 1004
3510 1313
3514 1360
3515 138
3515 664
3521 243
3522 1371
3525 217
3526 691
3527 1274
3530 1516
3531 1450
3533 36
3533 1176
3535 1028
3535 1405
3538 580
3540 1008
3540 1021
3541 1417
3546 634
3546 688
3546 1055
3548 753
3551 1342
3561 447
3563 563
3565 1355
3566 376
3571 555
3573 23
3581 21
3583 952
3584 187
3588 50
3591 1477
3592 507
3592 1556
3593 34
3593 497
3596 1005
3597 965
3602 890
3606 265
3606 427
3607 1425
3612 870
3617 406
3618 212
3618 225
3618 944
3618 1302
3625 551
3631 164
3634 321
3638 1250
3640 336
3642 1
3646 40
3652 1021
3660 26
3660 1273
3661 423
3662 193
3668 1237
3669 412
3671 1488
3673 226
3674 173
3674 488
3679 1027
3682 441
3683 322
3684 573
3690 788
3694 1054
3706 616
3708 32
3714 1226
3715 496
3717 425
3717 1330
3721 1274
3722 56
3722 1543
3723 1354
3731 609
3731 965
3732 328
3735 97
3735 434
3739 790
3742 866
3746 1125
3746 1411
3747 1446
3756 818
3759 1549
3760 1562
3763 885
3767 784
3768 870
3774 300
3784 792
3788 678
3790 1546
3792 1492
3793 19
3794 776
3794 1177
3796 1449
3798 740
3802 417
3805 252
3813 411
3815 115
3817 487
3817 1296
3821 562
3821 1093
3823 1563
3832 708
3834 367
3836 549
3837 629
3837 928
3837 971
3838 716
3838 719
3839 686
3839 969
3842 416
3847 349
3848 687
3852 269
3853 1214
3855 368
3860 1016
3865 48
3867 755
3873 194
3873 1546
3883 1468
3886 741
3888 525
3891 97
3891 748
3904 408
3906 954
3906 1559
3917 294
3917 1180
3919 254
3928 263
3932 939
3933 1246
3934 1265
3937 967
3938 722
3943 838
3946 53
3951 701
3953 1199
3954 536
3955 1488
3958 507
3962 1129
3963 548
3964 1013
3968 285
3970 47
3971 199
3974 92
3981 1353
3982 1464
3984 861
3985 959
3990 858
3995 537
3998 129
3999 131
4000 69
4006 733
4016 448
4020 1403
4021 156
4044 266
4053 33
4053 1483
4056 419
4063 598
4063 1130
4064 1390
4064 1522
4069 94
4069 246
4072 69
4074 1296
4075 1320
4076 662
4082 243
4082 287
4082 1210
4082 1435
4092 1558
4103 1195
4105 583
4115 550
4116 1202
4116 1247
4117 1566
4122 1124
4124 987
4126 1537
4137 1124
4139 294
4139 901
4141 940
4149 733
4149 1545
4150 785
4150 1214
4153 1213
4169 484
4170 75
4173 344
4174 1451
4177 1106
4178 1142
4184 124
4185 820
4187 705
4187 1129
4187 1158
4187 1515
4191 1126
4195 281
4196 1083
4197 600
4197 1389
4199 166
4213 652
4216 352
4225 316
4228 62
4230 859
4232 551
4241 1022
4243 643
4243 1256
4248 1315
4249 706
4252 788
4258 1019
4263 484
4269 767
4271 292
4277 410
4279 876
4280 253
4283 313
4283 415
4283 1046
4283 1065
4284 1284
4287 715
4288 298
4294 678
4296 1350
4298 634
4301 100
4302 255
4306 261
4307 616
4308 890
4309 1231
4311 921
4315 764
4316 212
4317 569
4319 1457
4322 990
4325 1401
4326 910
4327 1513
4328 1170
4335 601
4336 518
4336 859
4336 1001
4348 1201
4355 935
4357 537
4358 292
4359 203
4366 281
4373 869
4378 933
4380 213
4384 20
4384 528
4389 1505
4392 70
4398 1249
4400 728
4403 1353
4414 413
4422 1252
4424 624
4427 26
4435 720
4437 90
4437 439
4438 1002
4439 994
4440 391
4441 1112
4442 1402
4443 775
4446 1498
4447 525
4450 251
4450 1294
4452 1339
4454 1460
4455 734
4457 1138
4460 1199
4461 123
4467 286
4469 1497
4473 706
4474 184
4474 364
4480 974
4484 26
4486 44
4487 389
4488 1455
4491 1230
4495 198
4495 494
4495 968
4497 203
4498 1373
4502 794
4507 974
4507 1348
4512 1232
4515 18
4517 289
4517 1131
4522 752
4522 1060
4526 1518
4529 1438
4532 266
4533 891
4534 1107
4535 405
4539 997
4540 1515
4541 704
4542 627
4543 1065
4547 897
4552 204
4552 1017
4553 616
4557 22
4557 466
4559 296
4559 814
4560 729
4561 1457
4563 1059
4566 1163
4568 1379
4569 594
4571 1524
4572 673
4574 1251
4576 628
4576 1438
4578 394
4582 382
4588 1145
4589 313
4589 1230
4592 981
4597 141
4597 1423
4606 332
4606 1499
4608 517
4608 1053
4613 1548
4617 446
4620 1197
4625 274
4625 1557
4626 1106
4628 319
4628 1252
4631 1092
4633 724
4633 1346
4636 403
4639 1425
4641 50
4642 1120
4643 846
4646 348
4652 1525
4658 858
4662 1101
4662 1499
4664 810
4668 361
4670 407
4670 1412
4670 1496
4674 172
4681 1149
4695 80
4695 253
4698 1421
4699 22
4700 540
4705 1313
4714 87
4715 143
4715 368
4720 910
4733 108
4735 1477
4739 268
4741 1455
4747 643
4752 1148
4761 1473
4762 1112
4764 1013
4765 640
4765 952
4767 1239
4768 1322
4771 465
4776 1219
4779 1053
4782 735
4792 532
4804 14
4814 486
4815 348
4825 750
4827 1407
4828 1476
4829 1495
4830 384
4831 364
4831 1552
4832 1007
4833 199
4834 1022
4835 1064
4840 1335
4842 990
4847 463
4848 1399
4851 186
4854 1212
4856 1162
4860 268
4865 449
4866 1
4877 880
4882 955
4882 1291
4890 43
4892 793
4897 1392
4899 1117
4905 585
4905 995
4908 1358
4909 1428
4910 1209
4910 1474
4917 65
4917 133
4917 981
4918 683
4923 1295
4927 101
4930 375
4931 1092
4937 330
4939 1443
4940 893
4940 1506
4946 767
4953 1162
4954 150
4958 33
4968 28
4968 170
4968 540
4969 123
4973 346
4973 1499
4974 783
4974 886
4974 1066
4979 284
4980 1297
4986 1012
4987 984
4990 1164
4999 1125
5000 976
5000 1383
5001 211
5004 165
5006 1541
5008 1162
5014 155
5028 361
5033 251
5041 995
5043 1183
5051 494
5054 814
5056 11
5060 408
5061 1303
5067 260
5069 459
5073 1281
5075 798
5076 509
5078 352
5078 636
5079 299
5080 652
5080 921
5080 1240
5088 411
5088 489
5091 1419
5096 1031
5097 670
5098 1504
5102 719
5105 611
5107 1111
5108 96
5117 218
5123 505
5124 626
5125 696
5138 1442
5140 217
5140 531
5140 1526
5146 188
5147 415
5147 759
5153 1566
5155 1256
5157 1457
5158 72
5159 593
5159 900
5165 674
5166 789
5166 1526
5167 666
5168 999
5169 1325
5170 1526
5179 1175
5180 188
5186 69
5186 205
5195 993
5200 1265
5203 501
5203 1252
5204 1467
5210 1337
5216 630
5217 313
5218 590
5221 366
5223 385
5226 239
5229 626
5232 938
5235 213
5235 643
5239 579
5239 1356
5240 226
5240 371
5241 1480
5247 1483
5250 1004
5252 677
5255 779
5263 135
5264 287
5264 1254
5265 865
5266 1423
5267 1441
5273 1294
5283 78
5283 1060
5288 1194
5303 275
5303 1137
5304 946
5306 1036
5309 789
5311 1081
5316 1323
5317 404
5318 880
5320 1036
5322 246
5324 1148
5325 390
5328 820
5330 1161
5335 686
5339 1409
5343 158
5351 734
5358 1223
5361 258
5369 292
5369 1526
5378 561
5381 786
5387 1366
5389 851
5389 1369
5391 271
5394 602
5396 739
5396 802
5397 423
5402 1361
5403 836
5412 1413
5413 74
5417 463
5421 153
5422 1317
5426 385
5429 584
5431 415
5433 1156
5434 1081
5438 1047
5444 338
5447 1294
5450 1569
5451 1270
5454 662
5455 1382
5457 144
5461 211
5467 820
5467 1363
5479 101
5479 491
5481 748
5484 250
5485 289
5488 206
5490 1081
5503 1281
5504 1391
5507 238
5514 756
5514 1100
5516 215
5516 309
5516 367
5520 145
5528 1498
5531 341
5532 301
5534 1458
5542 208
5545 46
5548 228
5551 254
5554 454
5554 1434
5559 646
5560 445
5564 1237
5565 1
5576 143
5594 126
5599 1336
5600 1313
5610 850
5612 1406
5613 949
5615 105
5620 1257
5621 404
5628 1024
5636 256
5637 931
5639 599
5640 41
5640 1002
5644 227
5645 544
5645 842
5657 1516
5660 770
5673 957
5674 360
5679 1022
5680 249
5681 636
5681 1198
5683 524
5684 1303
5685 1406
5688 137
5688 1119
5691 958
5693 499
5696 24
5698 1178
5699 887
5702 910
5711 1060
5715 420
5718 1374
5720 472
5729 1031
5730 772
5733 1459
5746 504
5750 137
5757 582
5759 1304
5760 128
5766 193
5766 295
5768 1345
5772 62
5779 1040
5793 578
5802 532
5803 736
5807 1510
5808 852
5810 194
5810 471
5812 398
5813 178
5813 991
5814 1023
5815 710
5816 1300
5819 884
5821 1224
5822 303
5824 1031
5829 505
5835 49
5836 1419
5837 1100
5838 761
5839 1095
5840 112
5841 1494
5846 1308
5848 896
5848 1265
5850 63
5850 535
5857 253
5857 1454
5858 87
5860 211
5869 344
5873 287
5875 694
5879 933
5879 1382
5884 949
5891 329
5893 1267
5895 1270
5896 848
5898 1177
5903 499
5904 509
5906 121
5906 763
5908 385
5908 605
5911 1415
5914 1038
5915 551
5920 175
5925 1279
5932 302
5932 1363
5935 1167
5936 27
5937 121
5939 36
5939 821
5940 872
5941 419
5943 140
5945 880
5949 1096
5954 93
5955 1357
5957 137
5958 1210
5959 215
5968 649
5970 1115
5973 1331
5977 120
5978 395
5988 837
5989 508
5991 47
5994 1168
5998 716
6001 365
6006 203
6007 307
6011 539
6012 763
6016 289
6022 387
6023 534
6025 404
6025 532
6027 1269
6028 154
6029 1404
6030 978
6031 737
6033 198
6036 1021
6036 1471
6037 1352
6040 1214
6045 486
6050 1537
6053 1502
6055 313
6055 841
6063 32
6064 978
6064 1439
6069 228
6071 572
6072 1181
6076 28
6077 1323
6087 385
6092 264
6100 1337
6101 791
6102 883
6102 997
6104 1257
6108 46
6111 1490
6115 1226
6119 971
6120 186
6120 423
6124 1069
6124 1178
6127 407
6137 448
6142 593
6145 290
6146 734
6146 1316
6148 1515
6149 219
6152 1210
6155 377
6155 511
6160 862
6161 1095
6161 1482
6163 1438
6166 329
6173 688
6176 107
6182 253
6184 1004
6189 846
6202 579
6205 523
6207 212
6207 617
6223 27
6223 768
6226 209
6230 986
6231 323
6232 47
6240 1005
6240 1163
6248 926
6253 260
6253 1384
6254 1535
6257 307
6257 498
6265 833
6275 233
6275 929
6277 1432
6278 898
6288 414
6288 1218
6291 908
6293 156
6296 768
6297 1359
6302 763
6313 207
6314 968
6323 600
6326 994
6326 1250
6334 836
6339 25
6347 1409
6353 1213
6357 1511
6358 675
6359 67
6365 1245
6368 455
6368 1398
6368 1428
6370 35
6373 115
6373 1199
6395 79
6396 678
6398 593
6402 57
6403 567
6407 1184
6410 393
6419 1156
6420 1516
6422 311
6431 1237
6436 1159
6437 1000
6437 1268
6445 701
6445 728
6448 1097
6452 117
6454 195
6461 244
6462 613
6463 886
6464 1557
6467 241
6472 1126
6475 1518
6478 706
6481 737
6482 156
6485 1135
6485 1189
6487 327
6487 977
6496 1404
6496 1550
6500 393
6501 1543
6507 464
6509 848
6511 1263
6515 93
6524 341
6528 68
6528 889
6528 1398
6528 1414
6533 1506
6534 941
6536 1539
6543 556
6544 46
6545 846
6548 78
6549 547
6551 489
6554 896
6555 210
6564 1073
6567 413
6567 1341
6569 843
6569 1229
6571 1206
6576 133
6579 242
6580 671
6583 280
6583 888
6586 1125
6591 680
6595 1375
6596 322
6600 1011
6601 1379
6603 108
6603 1033
6604 1436
6616 1231
6625 1251
6632 661
6641 1222
6642 1164
6645 1133
6648 1375
6653 619
6654 566
6655 1060
6660 559
6663 1316
6664 442
6664 874
6664 1387
6667 708
6667 813
6668 473
6675 206
6677 1091
6683 716
6684 814
6686 43
6689 355
6690 115
6692 1119
6698 563
6701 1569
6703 5
6704 784
6706 108
6711 577
6711 745
6712 337
6712 648
6712 1408
6715 801
6716 1226
6721 746
6725 190
6731 45
6736 400
6737 288
6739 1306
6740 291
6740 338
6741 1018
6743 1480
6745 863
6747 7
6748 1366
6749 71
6749 1173
6753 504
6754 178
6754 624
6755 1469
6762 1289
6777 179
6780 1521
6782 159
6785 911
6785 1381
6787 1046
6787 1174
6793 239
6797 900
6801 778
6802 490
6802 902
6806 1337
6809 744
6810 387
6816 1240
6818 817
6823 1038
6827 1345
6828 1333
6830 478
6833 790
6834 705
6839 1048
6842 1028
6843 307
6844 1355
6850 467
6851 1338
6857 1113
6859 123
6862 335
6862 1489
6871 1568
6873 1465
6877 1012
6879 779
6881 1533
6882 1181
6887 5
6887 930
6890 912
6898 1179
6902 363
6905 1410
6909 1368
6911 196
6913 227
6920 761
6926 203
6930 759
6933 411
6934 686
6937 1310
6941 1241
6948 167
6951 1467
6952 450
6956 1081
6961 961
6962 1275
6967 710
6968 1418
6972 702
6977 153
6984 589
6990 1138
6991 59
6992 201
6993 863
6994 1235
6995 1061
7000 511
7001 1264
7002 1103
7003 126
7003 969
7004 3
7008 990
7009 1154
7012 101
7013 256
7014 936
7022 1012
7024 34
7028 873
7032 747
7035 176
7038 596
7043 544
7044 1531
7045 1170
7047 431
7047 1425
7049 954
7051 1513
7052 725
7056 964
7061 1075
7068 774
7069 993
7070 103
7078 1169
7078 1328
7083 204
7084 737
7086 1256
7087 1332
7091 793
7093 592
7094 759
7096 187
7096 832
7097 1243
7097 1297
7097 1320
7100 1086
7105 903
7112 1034
7114 904
7119 67
7129 37
7132 1086
7135 554
7141 325
7143 198
7144 1441
7151 366
7151 1482
7162 66
7163 1114
7164 1099
7165 142
7167 89
7167 1188
7171 917
7172 988
7175 818
7179 669
7185 351
7186 1454
7187 578
7189 368
7196 602
7196 1175
7201 1297
7205 10
7206 595
7210 175
7210 200
7211 118
7217 1013
7218 1022
7220 202
7221 61
7224 1134
7225 99
7225 579
7225 1286
7226 358
7227 1565
7229 1308
7234 732
7235 583
7242 877
7245 361
7250 508
7255 1176
7256 788
7260 843
7263 1074
7268 631
7271 374
7276 90
7279 1372
7281 255
7282 11
7283 1017
7286 592
7287 156
7288 633
7294 962
7294 1427
7295 249
7295 302
7297 773
7299 146
7300 613
7301 859
7302 842
7303 834
7305 1548
7308 1065
7309 908
7310 130
7310 770
7323 1320
7330 22
7330 1012
7331 1323
7335 231
7337 339
7339 581
7340 63
7341 393
7343 1067
7347 338
7352 208
7356 1236
7358 171
7358 1115
7363 942
7363 1006
7365 1059
7368 823
7369 403
7371 972
7373 1530
7374 1111
7376 1482
7377 415
7378 170
7384 231
7390 63
7390 1498
7394 1339
7395 144
7399 58
7399 709
7402 147
7414 188
7416 1082
7417 1125
7419 252
7419 919
7420 285
7423 1229
7426 433
7431 502
7431 1327
7434 727
7435 278
7440 446
7445 76
7445 744
7450 273
7450 970
7450 1403
7452 1408
7455 954
7458 851
7458 1054
7460 265
7463 428
7465 1200
7468 955
7468 1564
7470 433
7476 784
7477 593
7479 600
7484 1157
7485 147
7491 431
7491 1348
7495 363
7498 825
7498 1280
7509 36
7513 108
7514 1227
7516 1171
7519 1181
7523 264
7525 62
7528 340
7532 584
7534 193
7535 1040
7536 1021
7542 414
7542 1307
7544 977
7545 39
7545 123
7545 1214
7547 358
7549 792
7549 1121
7550 529
7550 1276
7556 868
7556 1395
7557 1556
7560 422
7561 681
7562 1373
7565 1016
7569 105
7569 610
7573 1130
7575 66
7578 1521
7581 770
7585 724
7587 249
7589 245
7594 1499
7596 365
7596 1544
7597 38
7603 868
7606 978
7606 1379
7608 893
7609 1207
7609 1484
7610 688
7612 426
7615 732
7619 153
7624 694
7625 1118
7627 495
7629 328
7632 824
7640 1532
7642 426
7642 989
7649 1466
7652 477
7657 142
7667 231
7670 1145
7670 1501
7676 615
7676 984
7680 297
7683 73
7683 243
7690 814
7697 857
7703 869
7704 711
7706 963
7706 971
7706 1458
7710 361
7712 1129
7713 882
7719 259
7719 1534
7723 706
7725 367
7725 697
7727 1434
7729 1050
7730 1215
7731 959
7732 538
7733 935
7734 75
7736 604
7739 1167
7740 251
7740 1512
7742 1023
7745 462
7748 610
7750 736
7766 619
7767 520
7767 578
7768 1213
7772 1347
7778 751
7779 1428
7780 1238
7782 145
7786 603
7787 1122
7788 1353
7789 901
7792 1102
7795 1533
7808 1064
7811 386
7815 177
7823 1252
7833 227
7834 973
7836 1410
7841 438
7844 1347
7848 671
7848 1411
7850 524
7851 275
7851 985
7853 628
7855 287
7855 1154
7862 791
7862 1136
7865 1069
7872 1371
7878 615
7880 1468
7881 1009
7895 1134
7895 1448
7903 203
7908 1458
7913 988
7914 1307
7914 1316
7916 1287
7925 919
7928 1003
7929 1499
7936 85
7936 144
7937 165
7939 44
7939 729
7942 1127
7945 1391
7950 1531
7970 1029
7972 457
7975 1079
7977 1292
7989 1186
7993 476
7998 656
7999 1306
8010 1507
8012 249
8012 480
8018 878
8018 1329
8033 834
8033 1022
8035 1456
8037 1535
8038 886
8041 780
8043 476
8048 793
8050 835
8053 690
8059 492
8060 1033
8063 101
8066 1477
8069 73
8070 384
8071 916
8081 560
8082 405
8084 330
8089 285
8096 1333
8099 579
8106 257
8106 599
8108 549
8109 1141
8110 1412
8112 342
8114 703
8119 443
8126 1305
8128 1063
8131 591
8134 601
8139 427
8142 1503
8145 656
8146 384
8147 835
8151 446
8151 859
8152 818
8154 1248
8168 56
8168 808

