5068 9583 3676
1 1
2 9385
3 7953
4 807
4 7397
4 8360
5 9235
6 511
7 1021
7 5522
8 2387
10 1298
10 4160
12 6102
15 9316
18 1657
18 4543
18 6279
20 2845
20 8816
21 5065
22 1057
30 967
30 9043
31 6935
31 8220
32 1426
35 1018
39 5832
41 179
41 1992
43 4164
44 7175
50 2437
51 7024
52 5541
53 4241
55 4034
56 5785
57 5050
57 7834
64 5346
65 7665
66 2479
66 3438
69 3879
70 5466
70 9527
71 2676
72 2148
76 6188
78 5839
79 9007
80 6310
82 1668
82 1994
82 5099
84 9254
85 1420
88 5494
89 4011
89 5405
89 9290
91 5193
92 8199
92 9152
93 1879
97 742
102 2649
104 5267
104 7382
106 368
111 8633
115 4664
117 1706
118 5897
120 3939
121 7155
124 4104
124 4527
124 8989
125 7672
125 8408
126 1734
126 8706
127 367
127 9219
128 6932
131 6928
131 8347
132 2463
132 6316
133 5958
136 4958
137 7639
142 3013
143 4412
145 2610
145 6700
145 7234
146 4338
147 8393
148 6707
151 6726
153 4771
154 2668
154 7458
155 5851
157 2923
160 6113
161 1815
162 2637
164 5666
165 3927
168 3502
168 7981
173 2678
173 6444
180 1797
181 5581
182 1595
183 4041
183 5276
184 7845
185 4945
187 4121
187 6297
187 8569
188 1361
188 5264
190 4793
192 8067
194 1206
194 3724
195 5146
196 5566
197 3672
197 8257
198 4740
198 6812
200 1318
201 3477
201 6012
204 5458
206 3577
206 3599
209 1299
210 4741
211 7203
214 6202
215 3499
216 9421
217 1560
219 3399
219 5508
220 1608
220 7831
221 848
221 4852
226 8366
227 4291
228 2330
229 8639
231 2926
231 4500
231 5675
232 7033
234 7390
235 1099
242 7174
246 732
247 4915
248 8022
250 5752
251 6861
252 2914
252 6084
257 6895
258 4540
260 3199
265 2551
269 367
270 2855
271 4238
273 6361
276 3015
277 3758
278 2652
279 1634
279 4702
280 5100
281 6865
284 623
284 3831
288 3276
289 2000
291 844
291 9116
294 7348
297 1391
297 3637
300 2457
300 5565
300 5986
301 6331
302 4946
302 7582
313 1071
314 1673
314 8117
315 2494
318 5435
322 5764
323 360
323 1269
324 131
325 7473
327 5819
328 4535
329 967
330 7369
330 7915
332 6830
335 1621
335 1837
336 3870
336 5111
337 2215
337 5138
339 262
340 4890
340 6170
341 6009
344 5562
345 1689
345 9287
346 6520
347 3463
348 3173
349 6840
351 4971
351 5444
353 208
354 9017
354 9270
355 3577
355 5230
357 308
358 926
358 6556
358 7261
359 2231
360 2401
361 7462
361 8400
362 7209
363 547
363 9307
364 2324
367 6342
367 8860
369 3324
377 1124
380 1754
382 5981
384 4377
385 828
385 1712
387 6567
388 2556
392 5938
393 5227
394 841
394 7427
394 7795
394 9012
395 7886
397 487
399 4362
400 4831
401 3653
403 5381
404 3818
410 2813
410 3687
410 7254
410 8395
414 3321
416 3396
417 7012
418 8253
421 5106
421 8418
421 8789
423 3857
424 8932
425 3582
426 944
427 976
427 8465
428 3633
428 8769
429 7667
433 1417
433 5434
435 1467
435 3295
436 3284
436 6470
437 3619
437 5144
438 8820
439 1666
442 5534
444 1822
445 3986
446 1900
446 3897
448 2740
450 8696
453 7506
454 6295
455 4335
457 4640
457 6971
458 674
458 9482
459 5957
460 6889
465 4724
470 8653
475 3483
478 3829
480 1580
481 2877
481 8141
484 2810
487 4986
488 179
489 1756
490 2161
491 1129
492 199
496 1674
496 8028
497 6311
498 3925
498 5522
499 8261
500 238
500 2415
502 9216
503 4511
505 5294
506 6418
509 1249
510 1160
512 9211
512 9454
513 218
513 3176
516 2833
517 9447
518 2988
519 287
519 1285
519 6933
520 7649
521 1211
524 3950
525 9309
528 4256
529 976
530 824
530 6003
530 6100
530 6773
532 920
534 569
534 6743
536 6228
538 2149
538 8505
540 6400
542 3395
543 1551
544 7315
546 1955
547 1506
550 654
550 4505
552 1782
552 8330
553 8716
557 4712
558 337
560 5871
561 2115
561 9278
562 6197
565 8777
566 6326
567 408
567 8512
569 291
570 409
571 229
572 7628
573 4612
573 7098
574 7444
579 1150
580 9266
582 9148
583 2981
583 9420
584 3666
589 5075
592 9374
593 2206
594 1382
595 6419
600 3357
603 7239
611 987
612 8352
614 5285
617 612
618 288
620 4187
621 303
621 7987
623 1723
623 2391
626 4075
626 8525
627 735
628 8512
629 4262
630 4927
630 9536
631 3663
634 4648
635 5143
636 6602
638 4013
640 1081
640 1148
640 7192
641 2469
643 2028
643 4339
647 5434
648 707
650 1663
650 1720
650 8932
652 3743
653 4707
654 5009
655 9206
659 3347
659 6918
663 4764
667 8737
668 8221
669 5347
676 2381
676 7846
677 8056
679 233
679 7353
679 9237
680 5918
682 5786
685 1544
686 3424
687 8725
689 3354
689 6810
690 411
690 9293
693 796
694 4913
695 3031
696 4008
699 2518
700 5714
701 8875
703 2440
707 2327
707 2587
711 6711
712 874
714 1481
714 3653
717 4789
718 4496
719 3346
721 6408
722 5857
726 1246
726 3122
728 7096
729 1083
729 1987
729 5587
730 8
730 484
733 4963
735 2207
736 4903
737 8575
739 939
741 7827
742 4618
742 6933
742 8959
743 3929
744 338
744 2202
745 429
745 1699
745 7388
747 3438
748 633
748 5234
749 1948
749 5080
751 7381
752 4812
755 5314
759 5201
760 5414
761 364
762 856
762 3260
768 4338
770 3086
775 3084
775 6814
777 5485
777 6990
778 3622
781 5055
784 3185
788 8673
789 1994
793 496
794 7457
796 8194
798 2498
798 3065
798 7831
799 3803
799 6431
804 34
805 242
805 4990
805 6374
805 8632
807 4480
808 6113
809 4120
810 3124
812 3956
814 10
815 2701
818 567
818 1234
818 8482
819 4595
821 736
821 3091
824 6580
825 3851
826 80
826 9464
827 373
827 919
828 5732
830 6310
830 6867
831 4974
833 9503
834 1133
835 1506
838 6106
842 1334
844 4080
845 5849
846 3598
846 5828
847 3992
848 9521
849 20
850 7623
851 6601
852 3100
853 6070
854 4962
856 1216
856 8233
857 3327
857 6632
864 1634
865 1189
865 8459
867 8815
868 5357
868 7973
872 8220
874 3371
874 3822
875 2399
877 4759
878 9474
879 1621
881 4328
882 9548
883 2412
883 9200
884 4886
886 9457
888 1806
888 5160
888 7024
889 8008
890 5000
893 5299
893 8257
896 8863
897 4970
900 2257
900 7233
902 839
905 2783
910 440
910 5391
910 8877
918 4484
919 3133
922 7685
922 8506
923 4917
923 5720
924 2334
924 2358
924 8163
925 868
926 5700
926 6724
928 7691
930 2685
933 5994
937 3011
937 8579
938 4098
940 7691
944 3946
949 6648
950 2698
950 3608
950 5516
951 6410
954 6852
955 1264
955 6947
957 1219
957 1833
957 3847
957 6070
957 8376
959 2817
960 3498
961 8098
965 2802
965 8430
966 6335
968 2356
968 4710
969 1305
969 4076
971 4628
973 523
975 8316
979 431
979 712
979 2747
980 6731
980 9230
981 2755
982 5978
984 7761
987 8627
989 7406
989 7756
992 3593
992 8737
994 1823
994 1928
995 6277
996 8016
998 4854
1000 3513
1000 4805
1000 7565
1002 8391
1004 7627
1005 3385
1005 7201
1006 6860
1007 1377
1008 6904
1009 1913
1009 2473
1009 2808
1010 2083
1013 1904
1014 7114
1019 5313
1019 6332
1021 5983
1022 1435
1022 5664
1023 715
1023 9544
1024 4355
1025 236
1025 350
1025 1913
1028 8552
1029 5467
1030 4032
1033 2311
1033 4006
1034 441
1034 5121
1034 8789
1035 8520
1036 7300
1037 95
1037 1322
1038 1720
1038 8163
1039 5386
1045 6874
1045 8954
1047 5969
1047 8091
1048 3776
1048 7913
1049 3482
1051 1827
1053 4613
1056 3874
1058 5182
1058 6076
1061 3161
1062 1598
1062 3801
1065 6815
1066 2294
1066 7082
1066 8556
1066 9048
1067 4139
1068 6720
1068 8065
1069 5044
1069 9111
1070 5091
1073 4380
1073 5237
1073 5879
1076 344
1076 3789
1076 7688
1078 1180
1079 962
1081 9340
1084 864
1085 2125
1085 5705
1086 8365
1087 6201
1090 6064
1091 2406
1092 926
1093 5057
1093 6836
1094 93
1096 38
1096 2617
1099 721
1101 3035
1102 7767
1112 4848
1112 8924
1113 548
1113 6388
1113 8567
1114 3510
1115 1836
1117 5471
1119 1493
1120 3018
1122 1303
1122 7057
1125 3966
1127 4452
1128 3092
1128 4059
1129 3334
1133 864
1134 9444
1135 62
1135 4373
1135 8651
1135 8923
1138 683
1139 1906
1139 6878
1142 71
1142 9013
1143 2289
1143 6678
1150 254
1150 1684
1151 8934
1152 6356
1152 7605
1155 6477
1156 1158
1156 3579
1157 5654
1158 7343
1159 5686
1160 9113
1161 2269
1163 483
1163 6502
1165 5552
1165 8386
1165 8625
1170 1653
1170 7655
1170 8825
1171 4843
1171 6498
1173 4321
1176 2299
1178 303
1179 7996
1180 3672
1182 4618
1183 8987
1185 125
1188 2944
1188 8688
1189 7350
1191 7763
1198 5142
1199 7528
1200 1304
1200 2984
1200 4528
1201 3734
1205 6010
1207 9386
1212 4398
1212 5195
1214 9172
1217 1464
1221 6869
1221 7487
1225 4612
1226 1370
1226 3155
1226 6607
1227 7993
1228 4088
1230 8054
1232 8486
1234 8878
1242 2557
1245 9298
1246 6871
1247 8426
1249 9383
1251 2362
1251 4555
1252 3460
1252 3980
1257 4065
1257 4365
1258 8012
1259 2331
1261 9029
1266 187
1266 4870
1267 7334
1267 7790
1269 8886
1271 2596
1272 736
1277 481
1277 3556
1280 1286
1285 4656
1286 439
1286 6058
1286 9286
1287 995
1289 355
1289 4196
1289 6763
1290 6234
1291 5218
1293 3200
1294 4250
1296 4442
1299 4908
1299 6668
1300 952
1300 5479
1304 1235
1304 4947
1305 950
1306 4339
1306 5652
1307 2761
1309 7003
1309 8993
1310 5866
1311 2654
1311 6587
1312 899
1312 2348
1316 1303
1316 4507
1316 8933
1317 5883
1318 6719
1319 4298
1321 4002
1324 6287
1326 4097
1327 4063
1328 1530
1340 2646
1341 8491
1344 7053
1345 1945
1345 5209
1347 6118
1347 6348
1348 7258
1350 9396
1351 3247
1353 2803
1353 6967
1354 2447
1355 5641
1356 2308
1357 4056
1358 3039
1359 2077
1359 3671
1362 6806
1365 9145
1366 3829
1367 2118
1367 2606
1367 5179
1367 8107
1370 3484
1370 8446
1371 5911
1373 2491
1373 6825
1376 5968
1378 2186
1379 7083
1379 7888
1380 2363
1380 4397
1382 2647
1383 902
1386 3590
1386 9191
1390 1757
1391 4322
1391 8683
1392 7919
1393 6997
1393 8488
1394 1632
1395 1686
1396 7644
1397 3185
1399 8208
1401 1114
1402 172
1402 8487
1403 8416
1403 9253
1407 4088
1408 379
1410 22
1410 300
1410 1014
1410 2478
1414 4414
1415 5859
1415 8842
1417 626
1417 1860
1417 2432
1424 2637
1424 3415
1424 5019
1426 4300
1427 3942
1427 7969
1429 3407
1429 4313
1430 8981
1431 9288
1433 469
1434 8143
1435 6448
1435 8811
1435 9391
1436 7180
1436 7627
1437 6639
1438 9493
1440 1824
1444 7190
1445 3150
1446 8642
1446 8903
1448 3384
1449 1437
1450 6530
1451 295
1457 8276
1459 1323
1459 3395
1459 6089
1461 507
1461 738
1461 6626
1461 8747
1463 2302
1464 8344
1464 9420
1466 5648
1467 2987
1467 4025
1470 1796
1472 555
1472 1684
1472 5745
1473 938
1477 2306
1478 5157
1479 2182
1479 5244
1480 3615
1482 6884
1483 1107
1485 9194
1486 4815
1486 9289
1489 4102
1489 6020
1490 2396
1491 5542
1491 8616
1494 5493
1494 7450
1495 996
1495 5354
1496 2065
1498 2063
1498 7887
1499 475
1499 2183
1500 7411
1501 311
1501 6159
1504 8944
1505 850
1505 1929
1506 8232
1509 4819
1511 8700
1512 5431
1512 8223
1517 6767
1518 1812
1521 9273
1524 7522
1530 7336
1530 8139
1532 3831
1532 6881
1534 428
1535 4570
1537 7642
1540 7678
1541 7275
1543 3724
1544 2518
1544 5447
1545 8947
1551 5158
1551 7827
1554 1959
1555 2903
1558 8727
1559 1474
1561 1113
1561 1431
1562 512
1562 3941
1563 3494
1564 2454
1564 4766
1564 9361
1566 7522
1567 8813
1569 3443
1569 3475
1575 554
1578 5452
1579 763
1579 3525
1579 6498
1580 60
1580 8801
1582 3630
1583 5137
1585 8516
1586 219
1586 3518
1586 6023
1586 6314
1588 5506
1588 5915
1589 4454
1589 6428
1590 2821
1590 6427
1594 7496
1595 1330
1595 8402
1596 3090
1597 468
1597 4489
1599 5709
1602 1062
1603 6573
1604 6754
1605 1637
1608 3489
1609 4675
1610 1651
1610 3285
1612 3760
1612 5583
1614 9005
1617 1767
1618 7484
1620 5403
1621 5555
1623 487
1626 1621
1626 5187
1630 1502
1630 5876
1631 7704
1634 3520
1635 4346
1638 2960
1640 3220
1640 3520
1643 8893
1644 3432
1645 1755
1646 5003
1646 5722
1649 1438
1651 4785
1653 882
1653 7907
1655 6606
1656 6865
1656 7116
1657 2013
1659 2413
1660 891
1663 4096
1666 8822
1668 688
1668 6107
1669 1250
1669 1611
1676 6792
1677 3203
1678 783
1678 8905
1679 5026
1680 1834
1683 1503
1683 3228
1684 9406
1687 461
1690 8780
1695 5324
1696 4814
1697 214
1698 6526
1700 2001
1700 3581
1700 8946
1701 3920
1703 6399
1703 7473
1707 5116
1713 5082
1718 2513
1719 7174
1721 5480
1721 5889
1722 6392
1723 2544
1725 1390
1726 8623
1729 3090
1730 662
1730 4975
1731 2467
1735 6051
1735 6229
1736 4506
1737 9291
1738 6082
1738 6208
1738 9499
1740 8343
1746 8587
1748 3983
1749 4799
1750 5920
1751 6390
1752 1630
1752 5321
1754 1163
1754 7311
1755 6029
1755 6124
1755 6347
1756 5803
1758 2341
1759 8291
1763 7034
1766 4428
1766 6053
1770 2608
1770 5930
1772 8192
1777 3476
1778 7975
1780 6003
1783 561
1785 857
1790 7767
1793 2323
1793 8656
1794 1966
1794 7016
1799 3281
1800 3251
1801 6388
1802 247
1806 2827
1806 4458
1811 1124
1811 9133
1812 3496
1814 5810
1815 4031
1815 5120
1817 4101
1819 564
1819 6711
1823 8770
1824 1587
1824 6372
1825 3663
1825 3774
1827 2435
1827 4462
1827 4615
1828 3390
1829 6598
1829 7020
1831 4375
1832 7117
1833 2585
1834 290
1834 8537
1836 7948
1836 8146
1837 6885
1838 8831
1840 2120
1840 5161
1840 7199
1841 3683
1843 989
1844 7853
1844 9460
1847 5346
1848 7620
1849 6579
1851 2625
1851 7541
1851 8898
1854 5744
1855 9233
1858 261
1858 1153
1859 928
1859 8403
1860 3313
1860 4254
1861 4233
1863 5197
1865 9357
1866 2702
1870 194
1870 9262
1872 6909
1873 1393
1874 8428
1876 8604
1877 7904
1878 1893
1878 1992
1879 3010
1879 3687
1881 8117
1883 7576
1884 5456
1887 772
1887 8406
1888 8406
1890 1262
1890 5807
1890 6476
1891 1257
1894 9310
1895 4338
1895 7742
1897 5523
1900 8250
1901 20
1903 1216
1904 62
1905 7812
1911 6782
1915 2333
1915 7581
1916 5097
1916 5747
1917 4875
1918 794
1923 5725
1924 3883
1926 8230
1930 1485
1930 4356
1935 623
1936 7039
1937 2891
1937 8918
1940 8823
1941 4661
1950 1640
1952 6531
1953 3595
1956 816
1956 6256
1957 3993
1958 4211
1960 5338
1960 6940
1961 2402
1964 976
1967 4177
1968 441
1970 6511
1971 8636
1972 1868
1972 2842
1975 3121
1975 7540
1976 4732
1977 8165
1978 2443
1978 6439
1980 1488
1980 6521
1981 5521
1982 3960
1984 107
1986 1951
1986 6684
1987 9167
1988 6218
1990 515
1992 1961
1992 6418
1994 5961
1996 391
2000 611
2000 1961
2000 3762
2000 7242
2001 1959
2003 358
2004 4560
2005 5825
2007 9063
2009 6189
2009 6569
2012 4372
2014 5027
2015 6420
2017 1615
2018 3975
2020 750
2024 6759
2025 590
2025 8859
2026 6546
2027 5711
2029 1692
2031 3301
2031 4714
2033 3135
2038 7111
2040 1698
2040 7905
2041 3748
2041 4532
2041 4543
2041 8864
2042 4109
2042 9266
2043 2520
2045 7760
2046 4521
2046 5438
2049 7941
2052 14
2052 166
2053 9116
2056 8296
2058 441
2059 5719
2060 4441
2061 7512
2065 3997
2066 789
2067 8592
2068 9459
2073 470
2073 7697
2074 2907
2075 7774
2076 2858
2076 8318
2077 186
2081 660
2082 8184
2082 9527
2083 7365
2085 7172
2086 5309
2086 9183
2088 3294
2088 5219
2088 6772
2088 9116
2089 5475
2090 7889
2091 7075
2092 1271
2093 291
2095 892
2095 3061
2095 5833
2096 5518
2097 2807
2098 7220
2099 8441
2103 2820
2103 3231
2103 5015
2104 6823
2105 6910
2107 318
2107 6254
2107 7334
2109 940
2115 8028
2116 7032
2119 8498
2121 1675
2121 3756
2121 6581
2122 1066
2122 9316
2123 243
2125 5395
2126 788
2127 6021
2128 8762
2129 3142
2130 2501
2132 8431
2134 8922
2136 2637
2137 188
2137 4796
2142 6062
2143 8329
2143 9172
2145 2308
2145 3618
2145 9146
2147 9251
2149 3420
2150 4659
2150 8168
2151 8386
2154 523
2154 1153
2154 1801
2154 4504
2154 5672
2156 8847
2157 7455
2158 789
2159 3275
2159 5706
2160 2963
2161 6728
2164 6724
2165 3581
2165 8102
2166 3348
2167 6029
2169 7136
2171 2559
2175 922
2176 266
2176 1120
2176 1887
2178 186
2178 8529
2179 2208
2180 908
2180 2471
2180 6604
2180 8633
2183 246
2183 3702
2183 8122
2183 8397
2188 359
2188 5600
2188 8036
2190 8416
2191 2282
2191 8761
2193 8663
2195 2236
2197 2124
2197 4892
2198 3583
2199 183
2201 2118
2203 7918
2204 294
2205 2637
2210 4685
2211 3235
2213 244
2213 2220
2213 9524
2216 6003
2217 6343
2219 6904
2220 7352
2221 1232
2221 1858
2222 5510
2224 7185
2225 1167
2225 4031
2227 7566
2227 8189
2228 6415
2230 545
2230 9492
2231 5433
2231 6001
2233 91
2233 1949
2233 7047
2238 921
2238 6838
2239 6103
2240 7
2240 1357
2240 1453
2243 9006
2244 2116
2244 2267
2244 5306
2245 6903
2246 2411
2247 2082
2247 3066
2248 9086
2249 7361
2253 7360
2254 5401
2257 3027
2258 2045
2258 2593
2260 3024
2260 7243
2260 8569
2262 9075
2263 4376
2264 5922
2265 6534
2266 1287
2268 222
2270 801
2273 4624
2273 5160
2274 5944
2278 598
2279 1187
2279 2418
2279 8075
2280 5962
2282 5851
2283 1114
2283 4197
2284 1661
2284 7280
2284 7738
2285 511
2288 271
2288 4525
2290 6389
2292 3871
2294 6546
2294 9374
2295 9247
2298 805
2298 5234
2298 5533
2298 6088
2299 6423
2299 8370
2300 3325
2301 777
2301 9430
2303 8572
2308 2315
2309 2789
2309 4334
2310 9541
2312 3086
2312 5611
2315 4670
2316 2041
2316 2178
2317 1263
2317 1485
2318 5092
2319 7816
2320 5607
2321 9535
2324 1581
2324 4077
2325 1944
2325 5838
2328 2326
2332 7358
2333 33
2336 1054
2337 975
2337 8131
2337 9014
2339 1997
2340 131
2340 4090
2341 102
2341 1369
2341 8530
2343 4927
2344 2383
2347 3892
2347 8330
2350 5502
2354 6305
2355 882
2355 5437
2355 8965
2356 2429
2358 8352
2362 1095
2362 1122
2363 5450
2365 1101
2365 7942
2366 5573
2367 7310
2368 6833
2370 5413
2372 9089
2374 3180
2378 2164
2379 4083
2379 4120
2380 3845
2381 8739
2381 8945
2384 2281
2385 2843
2386 2915
2388 1262
2388 6096
2389 4296
2392 5372
2393 1956
2393 3736
2393 7938
2396 4981
2396 5026
2396 7620
2398 1064
2399 8506
2400 369
2400 1304
2400 2163
2401 4454
2404 6370
2404 8321
2407 8938
2412 723
2412 7399
2412 8491
2413 7449
2415 3421
2416 6397
2417 3115
2418 762
2418 1075
2418 7464
2419 4651
2420 3020
2421 7077
2422 2049
2425 8946
2427 4975
2428 3832
2434 6331
2434 7716
2435 939
2442 4667
2445 5192
2446 8724
2449 5593
2450 6650
2452 5099
2452 7655
2453 2259
2453 3018
2456 5235
2457 1592
2457 9099
2459 8010
2462 1423
2463 2569
2463 8809
2465 1493
2473 4336
2474 8871
2475 8358
2478 1930
2481 3150
2488 8945
2489 8445
2490 4798
2491 2862
2492 1601
2493 6046
2493 9271
2494 350
2494 700
2495 8148
2496 5636
2496 5896
2497 1373
2497 3670
2501 7064
2501 7115
2505 1024
2505 7186
2506 8819
2509 2214
2510 4994
2512 633
2514 8973
2517 9124
2518 6287
2519 4133
2522 2116
2524 9328
2528 9055
2529 6471
2530 5058
2531 5670
2532 9467
2533 6296
2535 6353
2537 6354
2538 1881
2538 8875
2539 1171
2543 691
2543 4507
2544 6107
2545 1114
2546 2204
2549 4514
2550 430
2550 3535
2550 6391
2550 9160
2550 9473
2552 2937
2552 7876
2553 1002
2553 5978
2556 6451
2557 9016
2558 1440
2558 7401
2559 3248
2560 4820
2560 6628
2560 9430
2562 1025
2562 4457
2562 6111
2564 6103
2564 6638
2565 157
2566 7457
2568 876
2568 1560
2568 8469
2569 346
2570 7208
2570 7900
2572 4029
2572 6563
2572 9124
2573 13
2575 6471
2578 1736
2578 6345
2578 9552
2579 6746
2579 6856
2581 7742
2583 1026
2583 1064
2584 417
2588 5359
2590 4360
2590 6444
2591 8020
2594 4798
2596 6565
2597 6937
2598 6886
2600 4998
2601 2935
2606 4668
2606 6554
2608 764
2609 517
2609 4863
2611 4599
2613 1722
2613 6687
2616 9219
2616 9460
2617 645
2617 6061
2618 6423
2622 824
2622 1784
2622 1967
2627 29
2628 2133
2629 6144
2631 4729
2632 8023
2633 4323
2634 3798
2634 8988
2637 5192
2637 5207
2637 6960
2640 5020
2644 6138
2645 3110
2646 2066
2648 2781
2650 5537
2651 665
2654 346
2654 2066
2654 3133
2659 4865
2663 6448
2670 7762
2671 1527
2673 8683
2674 7180
2676 834
2676 875
2681 5918
2681 7026
2682 7993
2684 2986
2687 3431
2688 8986
2689 7741
2689 8080
2690 6463
2690 8459
2695 1438
2696 3698
2697 3365
2697 6383
2702 1547
2702 4590
2703 3985
2703 5634
2705 6689
2706 1999
2706 8639
2709 7678
2714 7058
2715 4758
2715 6484
2721 2847
2724 2108
2724 5888
2724 8721
2727 836
2731 2186
2733 3803
2733 9321
2734 1687
2734 6563
2735 7283
2737 3347
2741 280
2741 6640
2742 4965
2745 2851
2746 6433
2747 3735
2749 8191
2750 2225
2751 3796
2752 4085
2754 6934
2761 187
2762 5186
2763 8922
2764 940
2764 3913
2767 7023
2770 990
2770 6490
2772 5747
2773 155
2775 2429
2775 4759
2775 5640
2776 7328
2779 1864
2782 2659
2783 1822
2784 7775
2784 8983
2790 6999
2792 2368
2792 9037
2793 9310
2795 7338
2797 2202
2798 3539
2799 6855
2800 5295
2801 8955
2802 135
2803 3418
2805 4458
2806 798
2806 1803
2806 4180
2807 6488
2809 6436
2811 3539
2813 584
2814 3015
2815 1515
2817 1315
2819 6389
2822 2163
2822 6005
2824 304
2824 3940
2827 3709
2827 5367
2830 6010
2830 6543
2831 2573
2833 3923
2833 4352
2834 1373
2838 7320
2839 4723
2842 1245
2843 8490
2843 8931
2845 70
2847 4144
2849 5467
2852 6144
2853 1788
2857 2352
2857 4924
2859 4684
2860 6316
2867 6529
2867 8241
2869 9088
2874 7213
2874 9268
2875 91
2875 8624
2878 8617
2879 294
2879 1352
2881 6272
2882 5556
2883 7301
2883 8797
2886 289
2887 2590
2887 9513
2889 761
2889 4988
2890 4735
2892 4164
2894 620
2894 4286
2896 6701
2899 5207
2899 6989
2901 1053
2904 1089
2904 3309
2904 7571
2905 1701
2905 7301
2905 9308
2906 6057
2907 3377
2907 9398
2908 4091
2908 5670
2908 6101
2908 6838
2910 2056
2910 4854
2913 1515
2913 2669
2913 7061
2916 7195
2918 7259
2919 2670
2922 4061
2926 451
2926 1878
2928 3637
2931 7900
2932 4828
2933 16
2934 2644
2936 8353
2937 5270
2938 3371
2940 3742
2940 8154
2941 5762
2942 5474
2944 4345
2952 2834
2953 4371
2954 3003
2954 3929
2955 2587
2955 7479
2957 4554
2958 1129
2958 5815
2958 7184
2960 2441
2960 3075
2961 4309
2962 3182
2969 7107
2970 3430
2971 6086
2972 2502
2972 3811
2977 7188
2977 9539
2978 2792
2979 7305
2980 3567
2981 8543
2982 2517
2982 6994
2987 4355
2987 8441
2988 3327
2988 4323
2990 2792
2991 2711
2992 4096
2992 4954
2993 2623
2994 3527
2994 4044
2996 3399
2996 8747
2999 5385
3002 9153
3003 2570
3004 2996
3005 8101
3008 3791
3009 8568
3010 380
3010 2811
3010 4449
3010 4500
3011 3284
3011 8869
3011 9581
3012 4975
3012 7561
3013 8744
3016 1219
3016 7875
3018 3809
3018 9248
3021 752
3021 1751
3021 4233
3022 2012
3022 8866
3024 121
3025 7653
3026 6594
3027 1883
3028 6062
3029 556
3029 4020
3029 5319
3031 397
3032 4247
3032 8353
3033 3313
3033 5074
3033 6767
3037 631
3038 7780
3039 5071
3041 66
3041 3505
3048 6017
3049 4727
3055 7045
3057 5251
3057 5842
3058 7537
3060 2791
3060 5862
3063 3041
3063 3456
3064 744
3064 2121
3064 2149
3064 6804
3067 295
3067 5454
3067 5528
3068 3890
3069 7788
3071 7226
3071 8398
3074 8173
3075 4140
3075 6723
3077 2984
3077 9118
3081 6185
3081 8727
3082 7785
3083 9172
3083 9418
3085 8609
3088 7213
3089 4272
3091 2141
3091 5492
3092 4209
3092 5711
3092 6297
3092 8118
3093 4630
3093 6305
3096 746
3097 4064
3097 6133
3098 2787
3099 70
3099 4961
3102 7280
3104 1045
3105 1194
3105 3032
3105 7110
3106 1923
3106 1947
3106 2033
3106 2428
3106 4500
3107 504
3109 5902
3112 8091
3113 6075
3116 1568
3116 1573
3120 1081
3120 7139
3121 9569
3122 6421
3123 3178
3123 5153
3125 9450
3128 6001
3129 594
3129 645
3131 8196
3131 8471
3132 376
3134 2311
3134 2927
3136 2167
3137 4307
3139 2904
3141 3554
3141 4852
3141 4914
3144 5030
3145 314
3147 8911
3148 205
3148 1394
3149 1431
3149 1543
3150 4683
3151 1568
3152 9051
3155 3389
3155 6683
3156 3677
3160 5579
3162 5381
3163 7063
3164 2504
3165 2039
3166 4482
3167 4811
3169 9461
3170 8123
3170 9551
3172 6430
3173 85
3173 4837
3173 6518
3174 5468
3176 2523
3177 570
3179 3412
3179 8181
3182 3752
3184 2365
3184 8072
3184 9272
3186 5434
3187 3005
3189 3850
3190 2899
3190 8808
3191 2808
3191 8451
3192 3091
3192 7822
3195 2647
3195 3605
3195 5224
3202 8256
3203 7818
3203 8747
3205 2333
3210 2319
3210 8874
3211 4941
3212 3040
3212 8541
3213 1072
3213 3879
3214 3193
3214 4312
3215 527
3215 6824
3217 4352
3218 2958
3220 1773
3220 7655
3222 3981
3222 6815
3223 1083
3223 1694
3228 1594
3229 4050
3232 6840
3232 6910
3236 5144
3238 2063
3238 4694
3238 8494
3240 5907
3242 949
3242 6811
3243 8574
3244 2344
3248 6206
3248 6230
3249 2596
3250 9076
3252 8786
3255 792
3255 3448
3255 7674
3255 8125
3256 8624
3258 6582
3261 3189
3264 2855
3264 7640
3265 7333
3267 3269
3268 6763
3270 7596
3271 2640
3271 5680
3271 8987
3272 2423
3277 206
3277 7735
3278 5502
3278 7591
3282 5898
3286 5587
3288 6577
3292 6714
3293 4581
3294 1724
3295 415
3295 459
3298 7377
3300 3182
3300 3335
3302 1817
3308 8172
3310 4917
3311 7299
3312 3228
3312 3796
3312 6701
3312 6942
3314 3824
3319 2708
3320 603
3321 3415
3323 7825
3324 1916
3324 5754
3327 9319
3328 2054
3328 6357
3329 869
3329 7620
3329 9384
3331 3318
3333 1601
3335 6861
3336 7550
3336 8742
3338 893
3338 7436
3339 527
3339 1062
3341 8263
3343 999
3344 5801
3345 3984
3346 3129
3346 3338
3347 5351
3349 4349
3350 444
3351 5896
3353 796
3357 629
3359 840
3359 6554
3360 2038
3360 7862
3361 1436
3362 7173
3366 3652
3366 4155
3366 5540
3371 4713
3372 1685
3373 613
3373 1551
3374 1852
3374 8034
3376 366
3377 8295
3379 2028
3379 5741
3379 8167
3379 8706
3382 34
3386 3956
3387 1256
3387 2637
3389 4415
3389 8301
3389 9034
3391 3411
3391 9065
3392 558
3392 8068
3393 2833
3393 3544
3394 3306
3395 1071
3395 2120
3397 8731
3398 1465
3398 2791
3399 3821
3400 8908
3402 4625
3402 8340
3405 1794
3408 5224
3408 6527
3409 3529
3409 8191
3409 8269
3410 1913
3410 3202
3411 4271
3416 9027
3418 5093
3419 6940
3420 2901
3425 6404
3428 8365
3431 6761
3436 3150
3437 7595
3439 6423
3439 7670
3441 823
3442 4895
3443 665
3443 4817
3446 1252
3450 8595
3455 1605
3455 6813
3456 2508
3457 6863
3458 1727
3458 3854
3459 8794
3460 327
3466 5003
3467 3362
3468 2201
3471 2863
3471 5749
3474 2172
3475 164
3475 3446
3476 1282
3478 3965
3478 4090
3478 9320
3479 5778
3480 7705
3482 1595
3482 7285
3485 2975
3486 6577
3486 8155
3487 523
3488 5078
3488 5944
3491 5328
3493 4304
3494 7337
3494 8027
3494 9524
3495 5791
3498 9078
3500 3664
3504 7244
3505 1320
3505 3133
3506 5123
3507 5120
3510 5085
3510 8765
3511 3624
3513 501
3513 4424
3513 4636
3513 6840
3515 1249
3515 5329
3517 8230
3518 3492
3519 5565
3521 3433
3522 4611
3523 9361
3525 4067
3525 6235
3526 8049
3528 1387
3530 4851
3534 5031
3537 1801
3538 4428
3539 3226
3539 7373
3540 716
3540 7120
3545 2627
3545 4019
3545 4948
3546 7160
3550 9108
3551 3371
3554 1506
3556 2144
3556 3173
3557 7160
3564 6836
3565 7161
3569 1586
3572 7339
3573 7543
3574 7346
3576 8955
3577 1728
3577 7747
3579 4343
3580 8950
3583 3781
3583 8921
3585 1138
3588 376
3589 58
3589 3729
3590 5537
3591 4842
3593 758
3594 626
3594 3689
3595 7225
3596 217
3596 7450
3600 4027
3600 9436
3601 2826
3601 8474
3609 6583
3609 8074
3611 1542
3614 2901
3614 4569
3618 2690
3618 5853
3618 5934
3620 280
3620 1995
3620 4453
3620 6085
3623 9541
3627 7506
3629 8934
3630 6818
3631 1612
3633 5388
3635 5114
3636 2354
3641 6465
3642 6126
3642 6650
3644 2262
3646 6853
3646 6949
3647 947
3648 8276
3650 490
3650 6075
3652 8537
3653 3038
3653 5865
3653 7510
3659 2634
3659 8481
3660 5421
3665 7209
3666 8358
3673 1619
3673 5649
3676 1169
3676 8107
3677 3273
3677 8447
3678 5706
3680 1383
3680 6229
3680 6501
3682 8671
3682 9046
3683 2238
3684 4315
3684 6998
3687 4368
3689 1728
3689 6225
3691 1869
3692 2548
3692 9226
3695 6239
3695 8168
3698 7804
3706 3869
3707 8969
3709 3404
3710 6332
3710 6595
3712 4603
3713 2147
3713 6524
3714 7290
3715 7977
3716 849
3716 7776
3719 2202
3719 4117
3720 1857
3720 4747
3720 8092
3721 2984
3722 906
3722 4223
3722 6549
3723 6384
3726 3553
3727 8708
3728 5008
3729 1924
3730 4309
3734 520
3734 4740
3735 2809
3735 3100
3736 2372
3737 837
3737 6563
3738 8487
3740 5714
3742 1515
3745 3879
3747 2759
3747 4057
3747 8048
3751 6659
3751 8584
3751 8934
3753 6058
3755 4
3755 867
3755 8058
3756 7194
3756 8892
3757 164
3757 543
3758 1496
3758 7224
3758 8284
3759 299
3760 1331
3760 6563
3761 1420
3762 2470
3764 1478
3768 263
3769 3513
3770 2935
3774 9557
3775 6016
3777 8210
3783 3420
3784 4005
3790 1235
3790 3270
3791 3346
3793 8853
3794 8945
3795 3613
3797 9272
3802 4597
3803 7353
3806 4350
3807 7108
3807 7427
3809 96
3812 1836
3814 7099
3817 4569
3817 7004
3818 3698
3819 2697
3820 2527
3822 6283
3828 8783
3830 3047
3830 5276
3832 3354
3833 1588
3838 7298
3841 2082
3841 7215
3846 829
3846 5307
3847 4588
3848 8649
3851 8432
3852 7899
3853 1082
3853 3978
3857 7716
3860 1150
3860 2117
3860 4018
3861 9332
3863 4959
3867 672
3867 9040
3872 2104
3873 8516
3875 1873
3880 1035
3880 2634
3881 3218
3883 1618
3884 5194
3885 7654
3887 6169
3888 8900
3890 7122
3893 2439
3893 2595
3893 7727
3894 1573
3896 3972
3897 1664
3898 4285
3898 7099
3900 5502
3902 7473
3904 6049
3905 3930
3905 7577
3907 7177
3909 3543
3910 711
3910 1281
3910 3837
3913 1589
3914 2558
3915 1678
3917 1768
3917 3685
3919 3034
3922 760
3925 2486
3925 8044
3928 7462
3931 2726
3931 4017
3933 9269
3939 9115
3941 1510
3944 1029
3944 8285
3946 4240
3948 9076
3949 5017
3949 7823
3949 9050
3951 6822
3956 1768
3956 6380
3956 6976
3957 4070
3958 5931
3959 8173
3960 8374
3966 5574
3966 9168
3967 3693
3968 4034
3968 4934
3974 1385
3974 5075
3974 6397
3975 7106
3981 1556
3981 6224
3982 7151
3983 3270
3983 4155
3984 6023
3986 5681
3987 9149
3988 2965
3991 5810
3994 1930
3994 7181
3996 1754
3997 3192
3999 5575
4001 3219
4003 427
4003 1743
4003 7313
4005 5059
4006 4365
4006 8568
4007 2989
4007 8083
4010 844
4011 6892
4011 8283
4015 5345
4017 8173
4019 1000
4019 3336
4022 5956
4023 2216
4023 4698
4026 3237
4028 6223
4031 6517
4031 6700
4032 6362
4033 4647
4035 6127
4035 7409
4035 8033
4035 8504
4036 7055
4037 5228
4038 2107
4038 6158
4043 4062
4045 2517
4047 7406
4048 6332
4048 8271
4049 2871
4052 1263
4055 1044
4057 5920
4058 9176
4059 4836
4059 9342
4061 8169
4062 4070
4063 6188
4066 3506
4067 3167
4067 4518
4067 6821
4067 9422
4068 9349
4069 3660
4070 4522
4070 6574
4071 6796
4073 243
4074 2680
4076 2536
4081 6499
4085 5461
4085 8066
4085 9168
4088 9366
4089 5031
4095 3046
4095 3392
4095 7748
4095 8737
4097 3934
4100 5355
4101 9418
4102 817
4103 1778
4104 1248
4104 4924
4104 9560
4105 2123
4105 6616
4106 7151
4108 1273
4108 7193
4114 5658
4115 3843
4116 6482
4116 7124
4117 1978
4118 505
4121 6450
4122 1462
4122 3290
4122 3857
4125 4138
4127 6927
4129 3875
4137 5010
4137 8271
4137 8360
4139 6271
4140 5280
4141 290
4142 4328
4142 6313
4142 8394
4145 1570
4146 1441
4148 780
4148 4996
4150 5251
4150 7344
4152 4805
4152 8262
4153 2739
4153 7405
4153 8095
4154 4475
4155 2246
4155 9405
4158 8906
4160 4337
4162 1951
4164 4712
4165 6126
4168 1459
4169 2219
4169 7760
4170 6653
4172 5899
4173 5565
4175 8861
4176 6740
4177 6124
4179 1597
4180 1248
4180 2248
4180 6894
4183 7949
4184 7049
4186 3293
4187 373
4187 990
4188 2478
4190 2610
4195 2540
4195 2866
4196 4594
4199 745
4199 1329
4200 6793
4200 7827
4206 4999
4210 488
4210 8600
4211 7647
4212 3175
4214 5630
4215 7744
4222 4195
4222 6353
4225 9309
4226 1138
4228 7309
4229 621
4231 2130
4232 6520
4233 5172
4234 319
4235 1863
4235 4216
4236 1389
4236 9505
4239 3284
4244 6147
4244 6996
4245 7244
4246 7398
4250 1490
4251 8811
4254 5486
4254 5806
4254 9035
4256 3274
4258 4281
4260 7654
4261 1536
4261 7595
4265 698
4265 3501
4267 804
4270 1211
4272 8649
4274 5556
4276 6462
4277 406
4278 7399
4283 3383
4283 8644
4283 9105
4287 938
4288 6148
4289 6593
4290 6116
4292 1995
4294 5190
4295 5016
4296 2873
4296 3011
4296 4040
4296 6489
4296 8890
4297 2203
4297 5469
4299 5324
4308 2583
4308 6325
4309 1698
4310 2555
4318 5110
4319 8002
4320 4411
4322 7885
4323 2980
4324 4239
4325 1122
4327 5563
4328 5461
4331 7518
4335 4162
4336 1292
4336 6935
4336 7846
4337 2026
4337 5053
4338 5588
4338 9429
4339 4790
4339 6726
4340 59
4340 6552
4341 2622
4343 1958
4346 854
4348 5341
4349 864
4349 3442
4350 798
4350 7310
4354 494
4355 9164
4356 7033
4357 5122
4359 6295
4360 427
4360 726
4360 7228
4361 4811
4361 5678
4361 6846
4361 8122
4363 2077
4363 3324
4363 8350
4370 3755
4375 4950
4377 634
4377 2760
4377 6959
4377 7109
4379 863
4379 7041
4385 6039
4387 1151
4390 5756
4393 4139
4395 5685
4396 648
4396 3506
4396 6285
4398 9425
4399 8466
4403 7398
4404 2693
4407 5829
4407 6613
4407 9485
4409 2465
4410 557
4412 6455
4413 5250
4413 8445
4415 396
4415 9548
4416 2034
4416 2803
4417 3590
4417 6887
4418 2355
4423 8300
4424 2694
4425 5820
4431 961
4435 1684
4440 8488
4441 4688
4442 3145
4443 3633
4443 7035
4445 3609
4445 3963
4453 5551
4455 1473
4455 8074
4456 3620
4457 2618
4457 7541
4459 7787
4463 7794
4464 5073
4466 7568
4467 6724
4468 6947
4468 7274
4468 7502
4469 3604
4470 1092
4470 1698
4471 2158
4471 3972
4472 9
4473 1431
4473 5314
4473 8579
4474 1449
4474 6986
4476 3381
4478 6409
4480 367
4480 7848
4480 8104
4482 533
4487 3648
4487 4542
4487 6970
4488 3817
4488 7859
4491 7382
4492 9046
4494 5429
4495 428
4495 3477
4495 8389
4497 994
4499 2717
4499 7410
4504 1567
4505 3616
4505 4013
4505 8925
4508 8906
4510 6549
4511 6543
4513 4200
4515 650
4516 661
4520 1221
4521 3948
4524 6579
4525 8972
4526 7978
4526 8954
4530 1093
4534 4193
4534 6878
4537 5814
4538 8521
4544 5238
4544 5564
4547 6545
4548 603
4548 9303
4550 8925
4553 602
4555 6622
4555 9165
4558 870
4558 8142
4559 4371
4559 5138
4563 3397
4563 9373
4564 946
4564 2747
4564 2793
4564 5359
4564 5567
4564 6644
4565 2677
4565 6434
4565 7629
4566 1279
4567 988
4569 599
4571 2741
4572 6526
4573 1865
4574 725
4574 9525
4575 4508
4576 534
4576 6734
4577 5666
4579 7929
4580 7692
4583 3412
4584 4280
4584 8697
4585 1496
4586 6679
4587 2000
4589 2429
4591 2610
4591 8571
4592 3267
4594 4824
4594 8287
4595 8666
4597 2398
4598 1573
4600 2131
4600 4570
4603 539
4603 3206
4603 3539
4604 359
4608 4385
4608 6780
4609 6352
4612 1448
4612 3183
4613 4578
4615 9294
4617 516
4619 2308
4621 7303
4622 1534
4622 7892
4623 1027
4624 1168
4626 6452
4627 7800
4628 7347
4628 7742
4628 7942
4629 8604
4632 4805
4633 874
4633 8824
4635 3906
4635 4936
4635 6533
4636 9026
4637 385
4638 2916
4638 3145
4638 3441
4638 5728
4641 600
4641 8997
4643 6034
4644 1727
4647 2062
4647 3306
4648 588
4648 1483
4648 5199
4648 5543
4649 3335
4652 4737
4652 8144
4654 5233
4658 2206
4658 9478
4660 6697
4661 5278
4661 7575
4663 7598
4664 649
4664 6977
4669 2593
4669 3889
4670 3048
4671 7664
4672 5701
4673 2740
4673 5656
4673 7561
4673 8133
4675 5223
4676 8935
4677 7358
4678 5872
4680 2442
4682 5148
4682 5259
4685 1885
4686 4403
4686 6026
4686 8173
4686 8871
4687 6870
4688 5842
4693 1676
4698 70
4705 1981
4705 4244
4706 6660
4707 8244
4708 6976
4708 7280
4715 7815
4716 1472
4718 9317
4721 5371
4726 6361
4727 7471
4730 2112
4730 5167
4731 569
4731 5938
4732 4244
4732 8279
4733 1421
4734 8955
4736 6096
4737 8775
4741 2001
4742 5401
4743 7436
4745 2871
4746 1067
4746 3371
4749 3014
4751 4046
4751 7953
4755 974
4756 7562
4756 8977
4757 2802
4758 6010
4762 7950
4763 1013
4763 4552
4763 7712
4763 7855
4765 339
4765 7543
4766 7087
4768 1551
4768 5773
4769 1222
4771 5581
4771 9345
4773 480
4773 2638
4773 3810
4776 5410
4778 2206
4779 6374
4781 6187
4782 6938
4787 1854
4788 3427
4789 438
4790 9157
4791 8076
4797 8453
4798 328
4798 3077
4799 3392
4800 9039
4808 8458
4809 7197
4812 4461
4812 7314
4816 7666
4817 8453
4820 5759
4820 8423
4823 1055
4823 8830
4824 6109
4824 7450
4824 8612
4825 9423
4826 679
4826 9379
4829 4731
4834 2659
4835 2668
4835 4426
4835 6018
4836 1462
4837 2427
4837 2838
4837 8675
4841 8001
4844 6587
4848 2297
4848 2339
4848 8920
4849 849
4849 880
4853 3153
4853 9454
4854 4892
4855 1691
4858 6612
4859 9285
4860 6535
4861 8144
4863 5698
4864 2181
4864 3732
4864 9528
4872 3091
4872 3428
4877 7762
4878 4464
4880 6735
4883 754
4885 48
4885 4273
4887 7830
4887 8389
4888 4213
4892 7326
4896 7884
4897 9426
4898 8815
4899 6073
4900 2375
4903 3715
4905 3410
4905 3986
4906 8358
4911 7752
4912 2086
4912 2661
4913 5686
4913 6149
4914 114
4915 2782
4918 1139
4918 1901
4918 6568
4924 2452
4925 5393
4927 9532
4929 1153
4929 8006
4930 1686
4931 1376
4931 5574
4931 9134
4932 7280
4933 4598
4935 3179
4937 9025
4940 7270
4941 4296
4943 1184
4943 7218
4944 5531
4946 112
4947 586
4947 640
4947 3189
4947 7008
4949 5024
4953 4405
4954 1610
4954 8530
4956 1719
4959 7744
4960 8416
4963 784
4970 1149
4970 3514
4971 4423
4972 3070
4974 7299
4975 5756
4975 7820
4976 8387
4977 5870
4978 5067
4978 8582
4980 4410
4980 7614
4981 9405
4982 872
4983 2563
4985 9098
4986 270
4987 818
4987 821
4991 105
4992 6330
4992 6495
4992 9112
4993 1844
4997 546
4997 9402
4998 615
4999 986
5004 1739
5005 786
5007 3167
5007 6505
5009 4007
5010 7860
5011 903
5012 3440
5012 7540
5016 822
5016 1977
5017 5263
5018 8298
5020 6991
5022 5175
5024 9450
5028 4559
5028 8767
5029 1416
5029 3169
5031 3723
5037 9482
5039 2427
5039 6221
5039 9504
5040 5477
5041 5242
5043 539
5043 3047
5043 9248
5046 4472
5048 2328
5049 7861
5051 3125
5053 6755
5058 4247
5058 7845
5062 1466
5063 5758
5063 9207
5064 331
5064 2275
5064 7136
5065 569
5065 4792
5066 3761
5068 1754
5068 6632

