5289 1282 3406
1 1
1 17
3 74
3 429
3 1152
4 1096
9 394
9 630
10 203
10 533
13 491
13 842
17 33
17 475
18 741
19 516
21 224
21 941
22 132
22 965
23 170
24 529
24 1089
25 672
26 748
27 630
29 35
29 1277
31 746
38 211
39 585
39 984
42 707
47 37
47 1130
47 1270
50 157
52 1079
53 206
54 780
55 720
55 950
56 802
56 1030
57 740
58 771
60 739
60 917
60 1116
64 56
64 844
65 52
66 178
66 514
67 432
67 1009
69 164
69 537
73 689
76 813
81 263
82 859
82 1121
83 740
84 1021
85 703
85 974
87 1063
92 256
93 400
95 798
96 1137
99 456
100 936
101 1098
103 45
106 487
107 1061
107 1103
108 156
110 75
113 612
115 462
116 838
118 213
118 708
124 382
130 294
130 749
131 349
133 374
135 9
135 704
136 694
139 228
140 689
140 1258
144 989
144 1050
145 349
146 197
148 655
152 870
153 552
153 1084
155 549
155 676
156 197
156 925
158 234
160 1248
161 281
163 16
164 336
164 368
164 951
165 845
169 426
170 1242
171 964
172 751
172 1022
174 574
174 684
174 989
178 101
179 870
180 1155
185 483
188 63
188 208
190 69
190 950
192 931
192 1018
193 875
193 1232
194 132
197 735
198 619
198 872
199 909
203 1198
204 803
205 928
208 1068
213 40
216 160
218 1031
219 903
222 881
223 700
224 512
226 280
227 682
228 660
229 1226
232 193
233 863
235 1073
236 850
242 407
246 1219
249 303
253 296
253 1020
254 403
254 646
254 822
255 424
255 601
258 348
259 766
260 934
261 981
261 1264
262 1146
263 1266
265 374
269 64
271 777
276 868
278 1094
279 531
285 362
286 166
288 170
291 442
295 165
296 746
300 1160
301 1014
302 937
302 1061
307 481
307 508
307 981
309 336
310 1100
311 1267
312 169
312 986
312 1269
314 16
315 553
315 650
318 267
318 707
320 846
322 765
323 520
324 852
324 1013
329 359
329 394
330 1195
330 1201
333 1041
334 918
335 203
335 985
336 251
337 24
337 1169
339 1265
342 1207
343 1263
344 287
344 1224
345 243
345 1175
350 461
351 189
351 518
352 875
353 152
357 849
359 977
360 153
361 889
363 595
365 906
366 792
368 286
368 921
372 8
374 279
374 511
378 267
378 467
381 518
384 501
387 769
390 647
397 688
400 959
401 411
402 431
403 380
405 204
405 940
408 979
409 1056
410 468
415 140
415 898
415 972
416 521
416 1233
418 1015
420 1264
422 1057
424 540
429 1000
430 1056
431 341
432 984
437 1035
440 495
442 627
444 813
446 500
446 786
448 946
451 432
453 477
454 1190
456 886
457 1050
463 597
466 454
468 1011
469 922
469 1163
472 275
472 592
474 663
476 140
476 477
479 994
481 278
483 440
484 325
486 1191
491 116
493 492
496 1132
497 709
503 380
508 54
508 262
508 631
510 220
512 1099
518 634
518 675
519 212
519 717
519 950
520 127
520 219
521 785
523 1036
524 1004
527 338
530 1157
533 132
534 719
537 210
538 66
539 1181
540 455
541 478
541 691
543 651
547 616
548 831
550 444
551 691
551 987
559 227
559 823
561 1091
569 53
570 110
570 627
571 360
571 892
575 1279
576 1270
581 955
583 1034
584 165
584 717
587 759
587 1221
588 131
589 1061
590 427
591 908
593 1263
594 1015
595 891
595 1040
596 445
597 427
599 509
600 298
600 1022
604 737
606 498
607 40
607 1018
608 539
609 1103
611 582
612 142
612 863
617 358
618 796
619 350
621 114
621 1276
623 450
623 546
624 40
624 238
624 520
624 621
627 109
628 1106
629 1122
630 690
630 937
633 111
634 639
635 383
637 202
640 773
640 1017
641 281
641 743
644 66
646 1264
647 1141
648 975
649 1184
651 262
655 93
656 1123
657 1017
664 54
664 439
665 346
665 1182
666 1152
667 977
671 241
671 804
672 841
673 905
677 20
679 1161
681 994
684 45
686 638
692 45
692 1204
695 1021
697 609
698 652
699 346
699 713
700 649
701 523
702 608
703 941
706 55
708 540
709 1066
713 1171
715 446
716 663
719 1028
721 338
723 635
723 799
723 956
724 474
727 38
729 1101
730 1230
732 1078
735 1009
738 837
738 968
739 470
739 1002
740 199
742 303
743 273
743 386
744 302
745 158
749 604
750 712
750 959
751 8
752 371
752 557
753 1215
754 346
755 106
757 870
759 100
760 918
762 58
763 1226
767 211
768 337
770 62
771 1027
775 352
777 856
778 715
780 816
781 726
783 295
785 543
786 1149
786 1272
787 367
788 362
791 859
794 1019
794 1074
795 861
799 279
799 939
800 43
802 605
803 304
803 850
804 563
805 193
806 595
806 1132
808 148
808 435
809 971
811 789
812 266
814 902
814 1058
815 231
817 565
821 15
822 538
823 399
825 722
827 655
829 528
831 912
832 67
833 249
833 988
834 1216
836 225
838 43
839 1245
841 444
841 894
844 7
845 389
850 813
851 20
853 175
854 426
855 929
856 611
857 522
860 36
861 841
868 243
869 436
869 455
871 377
871 869
871 916
872 96
874 1164
875 762
875 824
876 1010
879 1076
881 732
882 616
884 22
884 905
887 879
888 377
890 132
891 1229
892 213
895 1144
896 611
897 449
897 673
898 1190
901 443
901 459
901 766
904 927
908 202
914 1100
916 414
919 777
920 1
921 983
922 966
925 67
928 249
928 804
933 31
936 223
937 583
941 113
941 1143
945 733
946 85
946 934
947 842
950 652
952 379
954 702
955 492
955 1226
957 702
958 651
959 1217
960 284
960 757
961 887
963 1216
964 258
966 493
969 696
971 685
972 64
972 740
972 785
973 439
973 932
974 391
974 886
976 334
976 1008
977 118
978 309
978 404
978 798
980 230
983 891
994 934
996 970
997 826
999 374
999 1117
1001 690
1002 664
1003 915
1007 23
1007 110
1007 376
1008 787
1009 264
1010 200
1011 725
1014 980
1015 188
1016 355
1016 1194
1019 765
1021 55
1023 61
1024 1058
1025 127
1025 424
1026 91
1026 1097
1027 857
1030 1276
1034 989
1035 1256
1038 1135
1039 499
1040 685
1041 449
1043 1027
1044 109
1046 87
1048 502
1049 13
1055 537
1055 1259
1059 1166
1061 1163
1064 180
1064 216
1065 1120
1070 713
1070 975
1071 758
1073 559
1073 678
1074 751
1077 595
1077 620
1078 442
1078 686
1079 1039
1079 1245
1081 378
1083 789
1083 1263
1084 1101
1086 256
1086 721
1090 1195
1093 41
1095 62
1097 405
1097 648
1097 900
1099 1220
1104 1095
1105 36
1108 1145
1111 825
1111 1036
1112 624
1120 750
1124 251
1124 933
1126 995
1129 782
1131 393
1131 1074
1132 206
1132 530
1132 1229
1133 171
1136 1213
1137 127
1138 923
1140 2
1145 585
1146 834
1146 847
1147 777
1148 1088
1151 309
1151 969
1153 624
1153 1056
1154 52
1157 1132
1159 919
1160 428
1161 265
1161 514
1162 1119
1163 416
1163 422
1163 925
1166 1088
1168 249
1168 1250
1169 304
1169 1137
1169 1250
1170 45
1171 554
1174 638
1175 44
1175 606
1178 879
1179 600
1179 796
1180 30
1181 1149
1182 1135
1184 473
1187 84
1188 748
1189 997
1189 1039
1190 244
1191 340
1195 31
1195 926
1204 862
1205 54
1205 142
1205 637
1208 436
1209 601
1209 717
1210 280
1210 561
1212 640
1215 893
1216 1219
1219 118
1222 538
1225 782
1225 878
1227 880
1230 227
1234 820
1236 330
1237 1182
1240 498
1240 656
1241 164
1242 936
1244 51
1251 277
1252 729
1254 58
1255 958
1257 639
1260 690
1261 487
1261 735
1261 984
1266 210
1267 680
1267 977
1267 991
1268 331
1268 681
1269 235
1270 782
1270 863
1273 802
1273 927
1274 404
1274 678
1274 685
1279 1129
1281 159
1286 369
1287 393
1293 1011
1294 287
1294 552
1294 1200
1296 638
1296 943
1299 21
1299 208
1303 928
1305 839
1306 8
1307 65
1308 836
1308 988
1310 467
1316 417
1319 92
1322 502
1323 104
1325 733
1327 669
1328 347
1334 17
1334 223
1335 390
1335 1139
1336 724
1337 100
1337 813
1338 1263
1339 762
1342 447
1343 765
1348 425
1349 776
1350 1050
1353 69
1353 437
1353 728
1354 71
1354 401
1362 578
1363 195
1369 46
1369 548
1373 662
1373 864
1374 480
1375 225
1380 775
1380 1246
1383 225
1383 251
1385 1061
1388 657
1389 901
1389 1192
1390 940
1391 1019
1394 267
1394 1025
1395 37
1396 1139
1397 525
1398 242
1402 637
1403 756
1403 1094
1406 126
1407 346
1407 439
1407 977
1407 1122
1408 26
1410 1220
1411 1084
1417 1263
1418 921
1421 829
1425 1002
1426 818
1426 924
1427 974
1428 64
1428 1276
1431 789
1435 674
1435 878
1438 214
1438 542
1446 294
1446 1039
1448 1050
1453 765
1456 47
1456 442
1456 1052
1457 1014
1457 1174
1459 979
1467 426
1470 600
1472 537
1474 950
1476 599
1476 749
1479 365
1479 991
1480 1023
1481 1127
1482 1226
1487 516
1487 1028
1488 280
1489 391
1492 269
1492 492
1494 1121
1495 147
1499 1270
1503 154
1503 766
1507 972
1511 690
1511 838
1511 1172
1516 582
1517 634
1518 1004
1522 532
1522 686
1523 888
1524 1268
1525 738
1525 1235
1530 777
1531 43
1534 644
1536 187
1536 1037
1538 459
1539 41
1540 576
1541 169
1541 580
1542 1240
1546 15
1546 226
1546 1164
1547 754
1547 1065
1548 512
1549 1021
1552 933
1555 938
1557 1232
1558 877
1559 405
1562 8
1562 666
1564 126
1564 1226
1565 610
1568 1120
1570 806
1571 118
1571 558
1572 937
1574 445
1577 282
1579 203
1579 559
1581 52
1583 1046
1587 275
1587 1272
1588 753
1589 399
1589 1208
1590 1011
1591 1209
1593 57
1595 772
1597 21
1597 91
1597 632
1597 1129
1598 422
1598 571
1599 1166
1600 705
1601 620
1601 1092
1602 382
1605 120
1606 308
1607 951
1609 267
1609 726
1610 129
1614 970
1620 357
1621 421
1621 898
1623 190
1624 1055
1629 460
1629 729
1630 1116
1633 1187
1634 1047
1637 110
1638 1056
1643 72
1644 110
1644 400
1645 46
1646 55
1646 665
1647 280
1647 400
1647 883
1648 113
1651 89
1655 393
1658 841
1660 131
1661 149
1669 821
1670 9
1671 418
1672 1036
1677 1025
1679 817
1679 1224
1681 875
1683 802
1685 124
1685 1275
1686 935
1688 178
1688 843
1688 1165
1689 643
1690 853
1690 1183
1691 806
1694 639
1695 825
1697 6
1697 394
1697 1270
1698 1138
1701 151
1702 304
1704 516
1706 562
1707 65
1707 761
1710 846
1712 1156
1713 283
1713 933
1714 559
1714 675
1717 80
1717 676
1719 59
1723 197
1723 349
1723 536
1723 886
1725 943
1726 460
1726 1043
1729 1243
1732 1191
1733 475
1734 61
1734 660
1735 393
1741 317
1741 650
1746 251
1749 355
1753 81
1754 27
1757 1185
1758 1093
1759 317
1760 1196
1762 991
1763 25
1763 103
1763 609
1764 344
1765 755
1767 1001
1769 418
1769 710
1775 130
1775 828
1776 277
1776 564
1777 479
1778 947
1780 370
1780 616
1785 121
1786 886
1787 70
1789 662
1789 876
1791 196
1794 113
1797 1
1797 180
1797 237
1797 897
1798 595
1799 268
1800 837
1802 249
1805 915
1810 636
1814 149
1815 44
1815 969
1816 397
1820 1138
1821 371
1822 740
1824 109
1824 942
1824 1131
1825 19
1825 719
1829 213
1829 484
1829 601
1830 8
1835 913
1838 1196
1841 525
1841 1274
1844 751
1850 292
1851 810
1853 287
1853 1228
1854 552
1857 146
1858 58
1862 1102
1866 730
1866 798
1870 1278
1871 495
1871 1136
1871 1263
1873 57
1873 231
1873 263
1874 831
1874 1128
1877 79
1877 444
1878 429
1880 725
1882 659
1885 815
1886 960
1888 604
1891 204
1892 716
1894 330
1895 684
1896 232
1896 728
1899 303
1899 1106
1901 752
1902 30
1902 375
1904 972
1905 1217
1909 1122
1910 839
1912 1006
1915 1177
1918 810
1918 1078
1919 631
1920 567
1924 572
1929 1030
1931 345
1931 771
1932 438
1932 619
1934 114
1935 1025
1938 373
1939 380
1941 835
1942 207
1943 834
1944 973
1946 692
1947 1090
1951 284
1951 863
1954 41
1956 184
1956 964
1958 1042
1959 229
1959 719
1962 251
1963 461
1965 812
1966 961
1969 429
1969 570
1969 1043
1975 605
1976 163
1978 396
1978 1093
1981 264
1983 584
1984 806
1985 1268
1986 607
1986 686
1987 760
1987 991
1993 949
1993 1066
1993 1266
1996 141
1996 1191
1999 704
2000 501
2001 63
2003 389
2003 1176
2004 943
2007 1013
2008 168
2008 1048
2009 828
2010 324
2012 36
2012 322
2014 800
2016 104
2016 825
2018 347
2019 1017
2020 254
2022 525
2023 193
2023 1149
2025 117
2025 178
2029 221
2030 119
2032 1199
2033 624
2033 700
2038 550
2038 604
2038 746
2039 841
2042 773
2042 1122
2043 14
2045 539
2047 720
2052 62
2055 144
2055 552
2057 374
2059 237
2060 543
2061 112
2061 578
2062 3
2063 1281
2064 414
2065 17
2066 900
2067 58
2067 836
2067 939
2067 1084
2069 506
2070 254
2071 712
2075 437
2077 458
2081 1130
2083 63
2084 444
2085 327
2086 1083
2087 686
2087 995
2087 1022
2088 813
2092 643
2092 1202
2095 577
2095 816
2096 506
2096 1038
2099 919
2100 1178
2101 1206
2104 462
2105 267
2106 648
2110 122
2111 536
2111 800
2111 1184
2114 109
2114 1125
2115 1273
2117 325
2121 261
2121 954
2123 444
2124 81
2124 409
2124 469
2124 1190
2126 930
2134 95
2134 154
2134 508
2134 851
2135 456
2137 110
2137 740
2138 505
2139 992
2143 5
2147 572
2147 1058
2149 962
2150 357
2153 848
2155 622
2156 770
2158 504
2158 957
2160 184
2164 97
2165 990
2166 391
2168 987
2169 263
2169 1065
2170 155
2173 41
2175 440
2175 620
2176 431
2180 107
2181 1216
2188 1122
2190 1181
2193 763
2196 129
2197 916
2197 1146
2198 135
2199 889
2200 166
2201 1280
2204 134
2204 1137
2207 316
2208 837
2209 1071
2211 787
2211 1137
2212 544
2212 910
2212 1005
2212 1203
2216 123
2216 1047
2217 141
2218 939
2220 1163
2222 201
2223 860
2224 448
2224 760
2228 753
2228 754
2232 847
2232 1136
2233 1132
2236 247
2237 214
2238 426
2240 1031
2243 497
2246 970
2247 683
2247 729
2248 741
2252 508
2252 1019
2253 5
2254 845
2255 628
2257 253
2259 649
2262 423
2262 1185
2265 65
2265 404
2266 317
2267 23
2267 683
2269 494
2269 830
2272 697
2275 683
2283 85
2283 183
2284 1118
2285 623
2285 748
2285 1169
2287 407
2290 1051
2292 1005
2295 972
2296 253
2297 569
2298 448
2298 1062
2300 30
2300 65
2300 637
2301 402
2302 1104
2303 609
2304 338
2304 538
2304 543
2304 741
2307 169
2307 459
2308 299
2309 992
2310 792
2310 1217
2311 413
2313 188
2314 996
2324 200
2324 938
2325 412
2327 666
2328 323
2328 423
2329 357
2330 1216
2335 198
2336 252
2336 583
2336 888
2337 505
2337 774
2338 784
2340 31
2341 664
2342 176
2343 886
2347 140
2347 962
2349 182
2349 461
2349 542
2350 467
2353 1230
2354 974
2358 1164
2360 35
2361 621
2361 847
2364 442
2364 496
2364 669
2365 1109
2368 1200
2369 790
2370 341
2370 886
2372 863
2373 975
2374 1238
2376 309
2376 851
2377 775
2378 535
2381 334
2381 351
2383 358
2384 1137
2386 338
2389 1118
2390 1202
2391 191
2392 9
2398 1253
2400 56
2400 557
2403 58
2404 1128
2406 39
2406 173
2406 501
2406 802
2407 515
2413 360
2413 526
2414 1140
2417 82
2418 915
2421 1198
2422 1133
2423 739
2427 602
2428 44
2429 302
2429 1113
2431 634
2431 1117
2433 387
2434 429
2437 741
2437 939
2438 412
2438 1178
2441 57
2445 806
2448 1050
2449 859
2452 838
2456 527
2467 105
2468 471
2471 243
2471 1133
2475 861
2476 557
2477 982
2477 1110
2479 578
2480 37
2480 167
2481 647
2482 97
2483 1213
2484 742
2486 461
2489 30
2490 265
2492 762
2494 171
2497 556
2498 965
2498 1062
2499 1127
2501 1007
2503 675
2504 1219
2505 181
2506 1265
2507 293
2507 736
2510 1004
2513 1215
2515 888
2516 301
2517 706
2518 1279
2521 1120
2522 269
2525 454
2529 1112
2530 156
2530 787
2534 384
2534 739
2538 133
2540 30
2546 335
2547 975
2552 322
2555 596
2556 533
2556 913
2558 474
2561 171
2565 1169
2566 232
2571 509
2572 953
2574 706
2574 1265
2577 255
2579 586
2581 266
2583 1100
2583 1239
2585 562
2588 214
2588 632
2591 483
2592 872
2593 91
2596 371
2596 528
2597 677
2597 787
2597 873
2598 305
2599 13
2602 1017
2603 588
2605 426
2605 456
2605 711
2606 468
2607 297
2608 1083
2609 520
2612 481
2613 187
2615 936
2616 683
2616 700
2616 864
2620 350
2620 662
2620 1050
2623 1272
2624 244
2624 599
2624 1149
2625 27
2626 566
2627 236
2628 493
2631 106
2631 161
2634 653
2635 696
2635 1071
2636 614
2636 804
2636 1127
2639 599
2639 767
2640 190
2645 833
2646 895
2648 1034
2653 1118
2655 231
2655 361
2655 606
2656 801
2658 99
2658 868
2659 362
2660 141
2660 586
2667 239
2667 389
2669 7
2670 458
2670 1178
2673 765
2673 929
2673 1161
2673 1274
2674 805
2676 779
2677 673
2678 923
2679 161
2680 581
2680 1214
2683 999
2684 71
2684 1191
2686 1273
2688 1157
2689 184
2690 485
2691 549
2691 768
2691 1228
2692 1009
2692 1246
2695 917
2697 1132
2700 488
2703 549
2703 638
2704 1166
2706 909
2708 625
2711 277
2714 268
2714 487
2714 569
2716 893
2717 361
2719 1127
2722 586
2723 208
2723 789
2728 546
2728 926
2728 1148
2728 1214
2730 1040
2731 785
2731 1013
2732 535
2732 739
2733 693
2733 1081
2735 610
2736 818
2738 256
2738 1057
2741 514
2744 670
2745 380
2749 994
2752 291
2754 868
2754 1131
2761 367
2762 272
2763 1176
2765 512
2767 1231
2769 7
2769 113
2769 488
2769 818
2770 70
2772 1003
2778 216
2779 173
2785 318
2787 746
2789 102
2789 178
2789 1023
2792 593
2793 303
2794 691
2795 1222
2798 32
2798 604
2799 353
2800 177
2800 644
2803 260
2803 953
2804 212
2804 773
2808 436
2811 1228
2812 110
2812 156
2813 1181
2814 574
2814 1274
2817 982
2820 715
2821 273
2822 1192
2824 288
2826 822
2827 135
2827 802
2829 621
2832 565
2832 1048
2833 93
2834 932
2835 20
2835 307
2836 562
2836 927
2841 563
2842 14
2842 1217
2844 777
2845 44
2845 602
2850 292
2850 1077
2853 262
2853 883
2854 1121
2857 466
2862 360
2862 802
2866 1050
2866 1227
2867 1135
2869 121
2869 940
2870 875
2874 909
2879 529
2881 361
2883 62
2884 454
2885 1180
2887 1278
2888 345
2889 167
2891 350
2892 981
2897 1089
2898 691
2902 260
2905 933
2906 890
2908 1208
2909 1134
2911 285
2913 23
2913 487
2913 1172
2914 523
2914 753
2916 1087
2917 1182
2920 1072
2921 210
2921 866
2922 812
2924 968
2924 1178
2928 1087
2928 1235
2930 413
2930 738
2930 755
2933 25
2933 475
2937 831
2937 901
2938 1232
2939 36
2939 1162
2941 82
2942 1089
2943 729
2946 1201
2948 202
2949 300
2953 753
2954 493
2955 921
2956 475
2956 1263
2957 879
2958 533
2958 1069
2962 82
2964 219
2967 1138
2967 1167
2972 491
2972 1270
2974 977
2975 187
2975 867
2977 973
2978 759
2979 1152
2980 1143
2981 322
2981 817
2987 1185
2988 1077
2995 210
2995 1087
2995 1103
2996 875
3001 1199
3006 664
3006 1045
3008 328
3009 1022
3011 174
3014 221
3015 961
3018 505
3020 805
3020 1232
3025 598
3027 825
3030 329
3030 330
3031 342
3032 705
3032 1101
3033 760
3033 1141
3035 235
3035 287
3038 537
3038 1230
3042 537
3043 87
3043 117
3043 500
3043 697
3049 992
3049 1073
3050 125
3051 113
3051 1065
3053 358
3053 701
3057 1267
3058 1115
3060 1068
3061 1199
3062 849
3064 263
3066 596
3066 1213
3068 410
3071 972
3072 950
3075 711
3078 492
3079 396
3079 673
3080 36
3081 106
3082 779
3082 822
3085 1229
3086 186
3088 437
3090 279
3091 264
3091 1259
3093 619
3094 213
3094 716
3096 753
3097 716
3098 1169
3099 1020
3101 928
3102 989
3106 191
3106 547
3107 722
3110 489
3112 149
3112 151
3117 250
3118 1147
3119 39
3119 1252
3122 181
3125 534
3126 810
3129 1099
3130 228
3130 229
3131 600
3134 639
3134 1131
3135 98
3135 952
3140 288
3140 435
3141 262
3147 914
3148 947
3150 1156
3152 93
3152 196
3157 569
3159 902
3161 1164
3162 599
3164 217
3164 867
3168 649
3170 97
3170 102
3171 1260
3174 190
3174 583
3176 1200
3178 5
3179 866
3180 256
3180 379
3181 479
3182 435
3187 598
3188 177
3188 1236
3192 712
3193 764
3194 860
3194 925
3194 1181
3199 310
3205 196
3206 512
3206 1038
3206 1187
3207 1197
3209 507
3209 1140
3212 1212
3213 1005
3214 284
3216 687
3219 379
3221 731
3221 922
3221 1252
3222 37
3222 494
3222 594
3224 362
3224 475
3224 604
3225 1256
3226 419
3228 467
3229 678
3230 402
3234 191
3235 8
3237 673
3237 1061
3239 48
3239 1158
3241 448
3244 877
3245 703
3246 382
3247 982
3248 1039
3249 750
3249 933
3250 209
3253 166
3255 38
3256 209
3258 693
3261 437
3261 1077
3262 967
3263 289
3263 368
3264 271
3264 950
3266 991
3267 1083
3268 1126
3269 291
3269 1078
3270 1266
3272 561
3276 1074
3281 1139
3282 1053
3286 978
3287 982
3292 517
3293 963
3297 63
3297 417
3299 509
3299 660
3299 1161
3300 1085
3301 1182
3304 831
3305 1001
3306 156
3306 841
3307 349
3309 679
3310 343
3311 392
3311 413
3311 941
3311 1192
3312 878
3313 316
3316 880
3316 912
3318 193
3320 383
3321 736
3323 133
3324 773
3324 839
3324 1262
3325 258
3325 1233
3327 511
3328 406
3329 252
3329 1139
3329 1208
3329 1244
3333 408
3334 574
3334 747
3335 1202
3337 1006
3340 174
3342 465
3343 23
3343 1243
3348 469
3349 1184
3350 120
3351 816
3353 696
3354 414
3357 613
3357 1112
3358 153
3358 731
3359 1211
3360 373
3361 442
3361 1251
3365 797
3369 159
3370 747
3373 1274
3374 514
3374 800
3375 1067
3378 396
3379 591
3381 177
3382 815
3385 639
3386 16
3386 314
3386 1130
3387 357
3388 131
3389 345
3390 620
3392 505
3394 1227
3397 1087
3399 847
3400 353
3400 585
3401 360
3401 1067
3403 470
3406 832
3409 331
3409 659
3412 796
3413 1099
3414 836
3424 658
3428 288
3430 700
3431 1246
3432 864
3433 194
3433 208
3433 259
3433 624
3433 651
3434 1085
3435 817
3436 552
3437 845
3438 1270
3440 1279
3441 260
3441 1191
3443 840
3446 566
3451 446
3452 20
3455 116
3460 130
3460 869
3462 23
3462 317
3462 1042
3466 18
3466 99
3470 921
3472 142
3472 488
3472 874
3473 333
3473 368
3476 994
3476 1274
3477 516
3479 797
3480 690
3480 967
3481 338
3482 1141
3485 104
3485 762
3485 840
3485 894
3488 1136
3491 890
3494 450
3495 491
3496 58
3496 339
3498 250
3500 890
3500 1031
3501 950
3509 518
3512 959
3519 349
3520 540
3521 812
3522 208
3523 807
3525 1224
3527 154
3528 508
3529 929
3530 931
3531 391
3532 237
3536 257
3536 904
3536 1233
3537 202
3537 393
3538 714
3539 321
3539 782
3546 113
3548 830
3549 246
3550 24
3553 723
3554 393
3555 646
3559 218
3561 897
3562 8
3562 451
3565 330
3565 777
3566 934
3566 1025
3568 935
3569 491
3569 1072
3571 443
3574 769
3578 20
3588 648
3588 1257
3589 359
3589 859
3589 894
3591 149
3591 1119
3592 469
3594 182
3594 992
3595 981
3601 142
3601 936
3603 548
3604 828
3607 994
3612 333
3614 953
3615 301
3616 591
3617 90
3618 59
3618 1181
3619 391
3622 617
3623 493
3623 855
3626 202
3626 924
3627 247
3629 494
3632 724
3633 541
3636 457
3637 289
3637 321
3637 1041
3637 1218
3639 274
3639 1113
3645 979
3646 406
3646 1144
3647 1264
3650 118
3651 744
3652 513
3656 232
3657 227
3658 109
3659 126
3660 222
3660 375
3661 1071
3664 1201
3667 731
3671 558
3674 458
3674 754
3675 1145
3676 365
3677 790
3677 810
3678 802
3680 15
3680 831
3683 258
3684 1129
3685 39
3686 264
3686 404
3690 327
3691 482
3691 823
3691 1008
3695 624
3696 647
3697 136
3697 328
3700 728
3701 502
3705 60
3708 557
3708 586
3710 443
3712 663
3714 329
3716 964
3718 589
3719 556
3723 234
3723 845
3724 851
3724 1271
3725 1084
3732 1272
3733 341
3734 342
3735 556
3736 219
3738 608
3740 1189
3740 1242
3742 848
3749 577
3749 850
3752 296
3752 1118
3753 842
3755 423
3755 807
3756 85
3762 1046
3765 151
3766 316
3766 356
3767 526
3767 567
3768 698
3769 1189
3770 1279
3771 357
3771 665
3771 697
3773 179
3775 830
3779 612
3781 1231
3782 469
3783 245
3784 1047
3787 404
3788 43
3788 114
3789 910
3790 173
3795 403
3796 4
3797 47
3797 1074
3800 423
3803 995
3806 432
3807 1146
3808 441
3809 881
3814 924
3815 645
3815 671
3819 962
3819 1079
3820 148
3820 621
3822 1135
3824 1139
3824 1213
3825 31
3825 290
3825 984
3831 697
3831 1065
3833 1169
3834 881
3835 313
3837 418
3840 427
3840 609
3843 758
3844 802
3845 958
3851 591
3851 1058
3853 921
3853 1021
3855 142
3857 345
3859 1076
3859 1147
3863 451
3863 1121
3864 1022
3864 1064
3868 122
3868 662
3869 16
3872 680
3872 1119
3875 1070
3876 677
3877 1253
3878 772
3881 221
3882 861
3883 24
3884 226
3884 649
3887 609
3889 391
3891 76
3892 678
3898 532
3899 568
3900 834
3903 978
3904 207
3905 486
3907 1275
3909 1125
3911 1016
3912 202
3917 1054
3919 922
3920 900
3921 70
3925 79
3928 1138
3929 51
3929 1194
3930 895
3930 1201
3933 1215
3934 1103
3935 356
3938 239
3939 636
3943 82
3943 304
3945 918
3948 570
3950 963
3951 1013
3951 1222
3952 747
3954 475
3957 659
3957 1126
3961 440
3962 168
3963 140
3968 572
3973 5
3975 107
3975 529
3977 408
3980 13
3980 121
3980 456
3981 973
3983 250
3983 430
3984 855
3988 977
3989 655
3990 752
3993 788
3993 1103
3994 127
3995 418
3995 540
4000 844
4001 243
4002 70
4005 586
4007 1243
4011 849
4011 1217
4013 1113
4018 763
4022 309
4022 545
4022 857
4023 794
4025 119
4025 840
4025 1216
4030 493
4031 827
4035 1155
4037 468
4037 646
4037 1162
4038 633
4039 1072
4041 226
4045 170
4045 801
4046 853
4048 928
4051 3
4055 163
4055 174
4055 348
4057 360
4058 498
4058 1140
4063 1227
4068 844
4072 581
4074 520
4074 925
4075 1140
4076 340
4076 965
4079 1066
4085 994
4086 1165
4087 355
4091 154
4091 1083
4095 1033
4095 1037
4096 303
4098 151
4099 475
4099 624
4099 891
4103 346
4103 776
4103 827
4104 778
4105 647
4109 996
4111 932
4114 1272
4117 392
4117 1116
4117 1225
4118 1072
4121 936
4122 877
4122 1029
4123 222
4124 845
4124 1216
4125 8
4125 127
4126 810
4130 1113
4132 1011
4134 1127
4135 631
4135 916
4144 120
4144 480
4144 888
4144 1094
4145 1061
4146 793
4149 303
4150 500
4152 55
4153 428
4154 325
4154 547
4155 180
4155 1187
4156 1166
4157 125
4157 759
4159 744
4159 1225
4161 571
4162 501
4162 1015
4163 421
4163 919
4165 568
4165 831
4165 1106
4166 1220
4167 179
4168 1062
4170 617
4172 690
4175 898
4176 991
4178 307
4178 603
4179 482
4179 844
4181 398
4181 701
4182 378
4184 319
4184 531
4184 599
4185 768
4186 364
4186 457
4190 3
4190 788
4194 402
4198 144
4198 419
4198 1192
4199 202
4200 211
4208 217
4208 624
4208 1079
4209 280
4212 858
4216 898
4218 101
4218 418
4219 1114
4234 1183
4235 127
4236 946
4240 387
4240 441
4241 133
4242 57
4242 1076
4244 884
4246 184
4248 716
4249 518
4250 1127
4251 906
4252 678
4253 906
4254 802
4254 807
4255 1156
4256 946
4259 399
4259 910
4264 1117
4266 440
4272 924
4274 441
4275 972
4275 1272
4277 680
4280 1145
4285 113
4286 273
4286 491
4287 468
4294 618
4299 534
4299 914
4300 756
4300 1022
4305 1173
4309 457
4311 280
4311 810
4311 1033
4313 382
4313 1206
4314 1119
4316 767
4316 873
4316 894
4318 1175
4319 529
4322 55
4325 566
4326 157
4328 895
4330 186
4334 132
4335 456
4336 263
4336 513
4336 1142
4342 577
4345 1062
4345 1246
4347 264
4347 933
4350 520
4350 665
4351 637
4353 25
4355 976
4357 147
4357 647
4357 858
4364 950
4365 232
4365 760
4368 328
4368 559
4369 133
4369 635
4376 965
4383 500
4384 116
4384 1038
4384 1162
4388 302
4393 1085
4394 1107
4396 1194
4397 166
4397 718
4399 995
4400 735
4400 766
4401 490
4401 1138
4402 282
4402 678
4402 782
4404 331
4406 403
4408 574
4411 970
4411 1055
4412 424
4416 1119
4417 521
4418 832
4420 740
4421 370
4421 453
4421 726
4421 1026
4422 834
4424 814
4424 1026
4429 284
4430 292
4430 1236
4431 594
4432 238
4436 1106
4437 427
4438 730
4438 752
4438 844
4439 48
4439 225
4440 226
4440 972
4441 934
4441 1028
4445 19
4445 701
4445 1204
4451 477
4451 641
4452 1009
4453 427
4454 144
4456 121
4456 606
4457 1012
4459 599
4460 592
4460 1039
4461 536
4463 94
4464 476
4467 409
4470 620
4472 154
4472 727
4472 1179
4473 295
4473 475
4473 793
4476 61
4476 827
4477 879
4477 1075
4478 327
4479 701
4479 1250
4482 327
4485 522
4490 68
4490 491
4490 1030
4491 1201
4492 518
4492 1107
4493 540
4493 649
4494 790
4496 358
4497 707
4498 286
4500 937
4502 226
4502 913
4505 175
4505 981
4506 733
4508 1251
4516 140
4517 558
4521 228
4521 608
4522 574
4522 597
4523 485
4524 445
4526 493
4527 724
4528 168
4528 830
4529 809
4530 574
4533 195
4533 382
4533 459
4533 1118
4534 333
4534 645
4535 925
4539 714
4540 477
4540 531
4542 57
4544 957
4547 984
4548 822
4549 411
4550 1110
4554 252
4556 991
4557 301
4558 103
4559 219
4562 999
4563 574
4565 478
4568 721
4568 988
4570 936
4579 231
4584 112
4586 1008
4588 405
4591 854
4593 164
4593 238
4593 384
4595 39
4595 376
4595 682
4596 350
4596 378
4596 630
4599 167
4599 551
4604 1273
4607 259
4608 624
4610 256
4610 467
4612 174
4612 806
4612 934
4615 1049
4618 1150
4619 131
4621 586
4625 418
4625 1077
4625 1195
4629 908
4632 1179
4632 1191
4633 1069
4636 1191
4638 984
4640 430
4642 156
4643 1064
4643 1221
4644 857
4649 193
4649 865
4650 559
4651 200
4654 956
4655 937
4660 427
4661 653
4664 268
4664 890
4667 1
4667 423
4669 201
4671 792
4671 915
4672 1277
4676 314
4677 472
4679 909
4679 1264
4680 165
4681 626
4682 652
4683 1070
4685 509
4685 820
4688 675
4688 1086
4690 350
4690 1023
4692 599
4692 1017
4693 58
4697 412
4698 175
4702 984
4705 1170
4707 315
4708 58
4709 1019
4712 181
4716 245
4716 1031
4719 1069
4720 582
4725 760
4728 430
4729 781
4730 982
4731 1098
4732 523
4733 617
4734 709
4735 684
4736 1257
4737 146
4737 551
4737 961
4738 847
4740 896
4742 1105
4746 935
4751 768
4752 108
4752 495
4753 850
4754 1094
4756 339
4758 489
4760 122
4760 878
4765 34
4765 184
4765 397
4765 1192
4766 247
4770 227
4771 274
4772 983
4773 599
4773 1081
4774 414
4777 600
4779 183
4779 384
4781 624
4784 285
4785 1256
4786 1136
4786 1258
4788 691
4789 1077
4791 699
4793 411
4793 907
4799 535
4799 827
4800 968
4803 311
4807 360
4807 655
4808 495
4808 980
4809 459
4809 747
4809 1021
4810 934
4812 1131
4814 861
4816 297
4817 1249
4818 1250
4820 110
4820 553
4822 491
4822 588
4822 960
4823 83
4823 1042
4825 219
4826 813
4829 514
4829 813
4832 455
4832 956
4835 202
4835 590
4842 3
4843 274
4844 958
4844 1251
4847 787
4848 22
4849 1105
4853 41
4853 1240
4854 952
4855 739
4856 577
4857 421
4857 1092
4859 1261
4861 823
4862 799
4862 1149
4871 33
4871 39
4873 1233
4874 518
4875 59
4875 1116
4878 167
4878 532
4881 516
4882 129
4882 679
4883 968
4884 70
4891 948
4894 557
4895 355
4895 785
4896 714
4897 1259
4898 632
4898 665
4899 415
4900 85
4906 491
4907 845
4908 276
4908 1202
4912 331
4912 543
4913 350
4914 559
4915 1180
4915 1279
4916 1153
4917 867
4921 559
4921 608
4922 1278
4924 520
4926 694
4928 895
4931 94
4931 236
4931 839
4932 262
4933 206
4935 35
4937 437
4937 1281
4939 1053
4942 625
4943 1150
4945 340
4946 995
4949 222
4954 249
4956 207
4959 255
4960 255
4960 369
4961 136
4961 392
4964 618
4964 858
4969 1145
4969 1253
4972 1145
4979 383
4979 584
4980 1274
4981 89
4982 168
4982 906
4985 438
4985 461
4985 1144
4986 674
4987 845
4989 226
4990 1109
4990 1218
4990 1262
4992 15
4992 381
4994 83
4994 345
4998 470
4999 1127
5000 464
5002 233
5002 566
5003 839
5004 688
5004 1219
5006 253
5009 949
5010 369
5010 953
5014 678
5014 1134
5015 11
5017 1142
5018 86
5018 179
5021 83
5023 491
5024 234
5024 528
5025 143
5026 805
5029 397
5029 504
5031 822
5032 287
5032 370
5033 1022
5035 467
5036 844
5037 419
5041 577
5041 933
5045 817
5047 1139
5051 1122
5052 998
5053 144
5054 916
5058 551
5058 857
5061 40
5062 1073
5063 325
5064 763
5066 24
5066 674
5074 462
5074 1035
5075 529
5077 90
5077 984
5078 1123
5082 804
5082 859
5083 557
5085 161
5087 810
5087 876
5088 908
5088 945
5091 220
5092 338
5093 611
5093 1240
5094 657
5095 1182
5096 571
5096 902
5097 711
5098 36
5098 888
5099 849
5108 463
5108 915
5111 144
5113 844
5113 1279
5114 120
5115 915
5118 331
5118 828
5121 399
5122 509
5123 378
5123 643
5128 163
5131 138
5131 869
5140 1143
5143 1185
5144 61
5144 931
5145 898
5145 1018
5146 807
5147 8
5150 217
5150 1228
5152 23
5152 573
5152 1010
5152 1097
5154 366
5154 886
5155 666
5156 66
5156 606
5165 153
5166 78
5166 590
5167 879
5168 418
5170 209
5170 522
5173 41
5175 1009
5176 1038
5177 219
5179 447
5180 896
5181 788
5182 191
5182 710
5183 616
5184 1227
5188 307
5191 746
5192 1090
5193 842
5196 211
5199 402
5202 142
5202 508
5202 572
5203 657
5203 764
5203 1104
5205 433
5207 790
5209 204
5211 854
5212 1006
5213 24
5213 712
5215 778
5218 66
5218 1016
5220 687
5220 769
5221 196
5222 1267
5223 417
5224 432
5227 198
5233 421
5234 1278
5236 1117
5240 140
5240 1260
5241 164
5241 636
5246 1129
5247 799
5255 45
5255 497
5261 147
5263 1004
5264 156
5268 527
5269 1169
5270 1190
5271 150
5271 384
5272 1271
5275 258
5277 616
5277 951
5281 324
5281 1242
5282 410
5283 542
5283 1254
5284 478
5287 1022
5289 162

