3111 8564 3012
1 1
1 424
2 5867
2 7804
5 6433
5 7948
7 1679
7 2869
8 2951
9 7266
10 511
10 8061
11 1150
12 4904
13 3663
13 6348
16 2055
16 7553
17 7231
18 3018
20 5565
21 2598
21 5252
22 461
22 1907
27 2657
29 2151
32 8308
34 1993
34 3165
35 7368
36 3966
36 3994
38 5904
38 7114
40 621
40 2972
42 3339
42 8282
43 5646
44 2959
46 2937
46 5208
47 2862
48 1105
50 904
50 2322
50 4733
51 3978
52 2512
52 2874
53 7964
54 7165
57 1086
57 5146
59 3283
62 8002
63 5162
64 678
64 8194
66 8525
69 1089
70 528
72 203
72 4228
74 825
76 3913
76 7102
77 4206
78 3218
79 7724
80 4084
82 1170
83 5694
84 6207
85 4564
87 6423
88 4237
90 7399
92 3878
94 1517
95 2389
96 63
96 3513
98 1207
99 1704
99 7849
103 4866
106 3178
110 2956
111 958
111 3085
111 8411
112 6502
115 3974
116 2320
117 6064
117 7373
118 2308
119 43
119 3171
120 3087
120 6021
121 1570
121 2524
122 2686
123 7597
124 200
125 4573
127 7631
127 7817
128 5700
128 7677
128 7750
130 1295
130 4385
131 2747
131 7447
132 1876
133 3522
133 3829
133 5479
134 849
134 2559
134 8409
135 2938
138 4004
138 6874
140 614
141 5543
141 7388
142 1166
142 1834
142 5840
143 4544
143 5273
144 4924
145 2561
148 1985
148 7130
148 8013
149 3933
150 2378
150 4769
151 1210
151 7160
151 7426
151 7697
156 7351
160 2310
160 4893
161 5874
161 7599
162 4845
163 3257
166 6736
167 5968
167 6659
167 7241
168 3998
169 1544
171 1609
172 2420
172 8053
174 623
175 987
175 3101
176 5152
177 2435
177 3611
177 5723
177 7980
178 1569
178 5474
183 4756
183 6761
184 5706
187 1331
187 7674
188 6655
190 1697
193 4467
194 890
194 8496
195 2322
195 7072
195 7480
202 3160
202 5128
202 6400
202 8081
203 1064
205 4647
206 4055
207 6462
208 426
208 6267
208 7453
209 4200
209 4957
212 1047
213 4873
213 6258
214 5702
216 5987
217 3964
219 1570
219 2561
220 890
220 6476
222 1210
224 8080
225 5972
227 1410
228 443
228 7415
229 6847
230 5874
231 6806
233 3608
233 4630
234 6969
235 4267
235 8206
237 1934
237 5199
241 4706
242 2144
243 6652
244 2402
244 6292
246 158
247 7188
248 7032
251 3079
252 921
253 5898
254 2689
254 5915
254 6921
255 1704
255 6086
261 1098
261 4368
262 3607
263 2305
263 3219
264 3062
265 914
266 1616
266 2594
268 5475
269 1845
271 3781
273 3848
273 5931
274 6132
275 6374
276 8446
277 7751
278 192
279 1410
282 3565
282 7742
283 7045
286 2164
286 3631
287 7039
289 8448
293 1568
293 2607
293 2764
294 1171
296 6152
296 7746
297 3536
301 3205
301 3244
302 231
303 3456
304 1964
305 6695
305 7912
306 773
307 229
307 1617
308 5335
310 2686
310 2867
310 8186
311 150
311 4556
311 8132
313 267
314 8166
317 4773
318 2754
320 4744
320 7695
322 8056
322 8337
326 382
327 6486
327 7548
328 5239
329 775
329 2728
329 5625
330 4096
332 7586
333 5054
335 1637
337 1656
338 7345
339 4733
341 3973
341 7529
344 4069
344 7308
345 8519
346 1598
347 1151
350 4424
352 655
353 271
356 6317
358 3723
358 7296
359 366
359 7105
361 1960
362 7326
362 8364
364 3490
364 7116
365 804
365 5254
366 520
366 1193
366 6583
368 1895
369 1174
375 7311
376 3466
376 6491
376 7021
377 5141
378 3789
379 4212
380 943
380 3710
381 1170
384 925
385 2230
387 361
389 2432
391 451
391 6781
394 553
395 4635
398 4294
399 2301
399 2698
401 7131
402 5063
406 6590
407 7926
408 2213
408 3739
408 7612
409 4440
409 7342
410 2258
410 4476
410 7301
412 1298
413 4990
416 326
417 4842
421 4880
421 8216
422 943
426 2698
426 5434
427 4728
428 6588
429 979
431 36
431 6085
432 528
432 3221
433 487
433 6929
434 2875
437 1695
437 4883
438 724
442 3875
443 2727
445 3271
445 4671
448 4306
448 6669
448 7298
449 2143
449 3923
449 5478
449 7195
450 977
450 4833
451 1203
451 7511
453 431
457 164
457 881
457 3408
457 3601
457 6096
458 3838
459 3051
460 4891
460 6419
461 3900
463 3652
464 4996
466 2269
469 1962
469 2037
472 1585
474 482
476 2767
477 1682
479 4020
479 4157
481 1144
483 1529
483 5538
484 944
484 7934
485 7416
486 3895
487 7343
489 4937
491 1717
491 2973
491 6739
492 4998
492 6685
493 3132
494 533
496 1641
496 1725
498 699
498 6804
498 7852
500 804
500 6202
500 6255
502 2048
503 3676
503 4286
504 2099
504 2284
505 642
505 1208
506 3412
506 4647
507 35
507 4264
513 916
514 4907
514 8077
515 4319
515 5550
516 3584
518 520
520 6724
522 5551
524 5763
527 5559
528 3488
528 7170
528 7687
529 3696
529 3995
533 6202
534 3935
535 519
536 6475
536 7806
538 4071
538 6116
540 635
541 1806
543 4795
543 7981
544 4066
545 3059
546 2720
546 7125
547 2815
549 4496
549 7226
550 3402
550 3857
551 2430
554 5773
554 6609
555 1899
555 5996
556 5675
559 6400
560 3293
560 4551
561 6235
563 287
563 4451
565 3647
566 5726
568 746
568 905
568 8268
569 4986
569 7541
570 1207
571 4432
571 4844
572 1598
572 8354
573 3837
574 2610
574 5454
574 6673
576 3565
576 4827
578 111
580 868
580 7597
581 1661
582 3944
583 874
583 5355
584 2592
584 8139
585 5048
585 8561
586 3915
588 5209
589 6087
592 3702
593 2661
595 5620
596 215
597 3733
598 5965
599 529
601 3218
603 1937
604 174
604 4781
605 3140
605 3876
606 7079
608 3475
609 6844
610 905
610 2735
610 7511
610 7574
612 2684
612 3928
612 7244
614 1951
614 6148
615 3436
615 4780
618 7862
620 4572
620 7133
621 2003
621 6162
625 5242
626 7413
626 8393
627 2451
628 3511
628 4711
629 7190
631 5332
631 5364
632 3520
632 4516
634 5925
636 2561
636 2888
636 4294
637 1822
639 1708
640 3327
642 3752
643 5045
645 5244
645 5426
646 69
646 437
646 1127
646 7454
646 8563
647 3893
648 255
648 4980
652 6562
653 7147
656 5761
657 4364
657 5401
658 2550
658 2578
658 4029
658 6219
659 4644
659 7942
661 7904
662 4011
662 5098
662 7854
664 8370
665 374
665 4758
666 3728
666 7048
666 8149
667 1712
667 4146
667 6346
668 4431
668 7367
670 2905
672 5085
673 3428
676 6319
680 4755
681 4262
681 5377
682 2492
683 2544
683 8537
686 6517
687 2175
688 114
692 2976
693 1481
693 3859
697 1187
697 2906
697 8420
700 4928
706 5965
711 2291
711 2768
711 6723
714 6989
718 3237
719 49
720 3703
720 5009
721 8465
722 832
722 2511
723 1507
725 4772
725 6673
725 7257
727 8286
732 5827
733 4559
735 2355
735 3096
736 7033
739 195
739 3292
741 1635
741 3230
742 6254
743 7818
744 4860
746 2678
746 4414
748 1701
748 7683
750 2895
750 4567
752 381
753 5232
755 6379
756 7640
757 6781
757 8143
758 8312
759 8112
760 4789
761 5513
762 2971
763 6134
765 7954
766 486
767 3943
769 5216
769 7955
770 6374
771 3870
772 2656
773 3094
774 7099
776 6055
776 6392
777 3065
778 349
778 1492
779 3883
780 335
782 2004
784 424
784 3121
784 3344
784 4274
785 5521
787 171
789 281
789 1039
789 2879
792 748
792 3646
792 6807
792 7307
792 7629
794 6018
797 2194
797 5351
798 6034
799 4808
800 553
800 937
800 2147
800 5813
801 5720
801 6858
803 2478
807 1937
807 4801
807 7071
808 985
808 7955
811 3747
812 3933
814 3499
815 3387
816 4075
817 247
818 1064
818 3184
818 5698
819 392
819 1606
819 2359
824 2201
826 3200
831 1490
831 4938
832 5310
835 944
835 7085
836 1652
836 8555
837 1454
837 6469
840 1157
840 4227
841 1573
841 3838
842 2000
843 7572
846 1733
846 6575
847 4588
851 652
851 8120
855 7027
856 7509
856 8182
858 6000
858 8465
861 2722
861 6326
862 292
862 1024
862 6849
863 1618
864 1734
865 7133
867 1574
867 2793
868 4122
870 2152
871 1144
871 2971
871 6022
872 5921
873 5624
874 944
877 2421
877 2936
878 466
879 4331
881 2056
882 1217
882 6440
885 1257
886 6881
887 3715
887 3779
888 6228
890 6674
891 501
892 2425
893 2475
894 1770
897 8132
898 6720
898 8515
899 3751
899 7801
902 2898
902 4096
902 6114
902 7532
904 8541
906 1764
907 4961
908 1140
909 3802
910 8407
911 6842
913 7637
914 7495
917 4402
917 5242
917 5382
917 6408
918 4905
918 6260
918 6886
919 3968
919 6421
921 6266
923 1692
924 4755
926 2266
928 974
928 6985
929 1454
930 1911
930 4745
932 1329
932 2006
933 7841
934 1534
934 5995
935 6033
937 999
937 3833
937 4145
938 1328
941 3045
941 7847
942 7771
945 871
946 989
950 4667
950 7925
951 1341
951 3705
952 942
952 3829
953 1539
953 1650
953 3389
953 4635
953 4726
955 3829
955 7329
958 1078
960 3038
961 5636
962 3299
963 7455
964 8458
965 1968
965 5341
965 8010
966 3120
967 7443
968 6760
969 4698
970 1906
970 8236
974 4999
975 7316
975 8367
976 7960
979 3031
980 5121
980 6016
980 6026
982 2008
983 1710
984 3653
985 1891
986 7230
992 1673
992 5821
992 7746
992 8000
993 820
993 6888
995 1997
995 5343
996 7257
997 603
998 3615
999 8292
1000 814
1000 7356
1002 7128
1003 4103
1003 4182
1003 6409
1004 8406
1006 218
1009 1309
1009 6317
1010 5750
1010 5927
1011 5991
1013 3785
1013 7956
1014 717
1015 369
1016 5208
1018 6439
1019 1348
1019 1816
1020 892
1020 2303
1021 1303
1023 3107
1024 6169
1024 7061
1025 7473
1025 7662
1029 4812
1030 2280
1032 2275
1033 4261
1035 3290
1037 642
1037 6837
1037 6872
1038 4172
1039 276
1040 1351
1040 3411
1041 2903
1045 3950
1046 6837
1049 1349
1049 1449
1050 550
1050 5365
1050 6450
1051 7587
1053 6164
1054 4648
1055 1398
1055 3673
1055 6422
1055 7082
1056 1466
1056 3396
1057 5842
1057 7799
1058 70
1058 1627
1060 2548
1060 5453
1061 4808
1061 5891
1061 6009
1062 3501
1062 5831
1064 2369
1064 2878
1064 4579
1066 1612
1067 7919
1069 7547
1072 952
1074 4877
1074 6583
1074 7319
1075 5392
1077 3130
1077 8131
1077 8311
1078 75
1079 2757
1080 8166
1087 4308
1088 6946
1088 7372
1089 2618
1089 7855
1090 8017
1091 612
1092 229
1092 3942
1094 7664
1095 117
1096 3315
1099 552
1101 3810
1102 3352
1103 480
1106 1335
1106 3176
1108 3348
1108 6245
1108 6418
1108 6426
1109 4882
1114 1377
1114 5029
1114 8478
1115 261
1115 1386
1115 2899
1115 3994
1115 7900
1116 2172
1116 2580
1116 4595
1117 4599
1118 2771
1118 5719
1119 1844
1120 2128
1121 8131
1122 3172
1122 7959
1124 752
1124 4704
1124 5929
1128 450
1129 5550
1134 1675
1136 5496
1137 2939
1139 3025
1144 7077
1145 5319
1145 5799
1146 1391
1146 5869
1147 5416
1148 6882
1149 2438
1152 6318
1159 5694
1159 5947
1162 3890
1167 2780
1169 2563
1169 5885
1170 4327
1170 6732
1171 2812
1172 1484
1172 3087
1173 5681
1173 6946
1175 6678
1176 1219
1176 2323
1177 8293
1180 2031
1180 3329
1180 3520
1181 3747
1181 4986
1182 3671
1182 7697
1183 2102
1184 3265
1185 3587
1186 1946
1186 2696
1186 3436
1187 3947
1188 2336
1188 5424
1189 780
1189 2618
1189 3862
1189 7079
1190 7050
1191 237
1191 3437
1192 6004
1193 7876
1195 2709
1195 4887
1195 4985
1195 8125
1196 6906
1198 234
1198 1983
1198 3512
1198 6139
1200 2558
1202 5634
1203 2079
1203 3522
1204 3525
1206 666
1206 1148
1206 4878
1207 2224
1210 6935
1212 6211
1212 7370
1216 2397
1217 8469
1218 3115
1219 5480
1221 4156
1223 3661
1224 2660
1225 6122
1226 1955
1226 2034
1227 7824
1228 375
1231 6769
1232 4768
1235 1551
1235 4632
1235 6064
1238 856
1238 7068
1240 2294
1240 4919
1240 5136
1241 4079
1241 5524
1242 2147
1243 5787
1245 3405
1246 353
1246 7597
1247 43
1247 6977
1250 1663
1250 6787
1251 4337
1252 870
1252 4965
1253 5975
1255 3503
1257 2308
1257 6718
1258 6823
1263 2532
1263 6409
1264 7155
1266 5019
1267 4987
1267 7011
1268 7431
1269 7089
1270 866
1270 7605
1270 8424
1271 3804
1274 5456
1274 7784
1275 291
1278 6820
1279 1328
1280 1370
1280 2639
1280 6823
1281 526
1283 5196
1284 4415
1285 6549
1286 4516
1287 7495
1288 6506
1289 5976
1291 8375
1294 106
1295 4008
1296 2414
1300 734
1302 6321
1302 7150
1303 2689
1306 1140
1306 3346
1307 4710
1307 5859
1307 7876
1308 2118
1308 7759
1309 3486
1310 994
1311 4615
1311 7009
1311 7639
1313 4863
1313 6235
1314 1009
1315 4496
1318 1593
1318 3969
1320 6308
1321 3937
1322 3798
1323 7723
1323 8423
1324 7077
1325 7992
1326 3913
1326 7609
1327 5522
1329 6282
1330 4897
1331 740
1332 1666
1332 8003
1333 3598
1338 956
1338 4404
1338 5064
1340 5202
1340 6040
1340 6371
1343 2405
1344 1943
1346 3529
1346 3743
1346 5284
1348 175
1348 1253
1348 3527
1348 4024
1350 6766
1351 2700
1353 8314
1355 6084
1356 107
1356 1072
1356 4988
1356 5483
1358 5860
1358 7236
1359 6408
1360 4352
1361 3917
1362 5524
1362 6947
1362 8259
1363 3850
1363 4649
1369 4715
1370 3777
1371 1307
1371 4534
1373 1670
1374 1583
1374 3670
1375 8071
1376 7212
1378 4986
1378 7912
1379 7234
1380 2107
1381 791
1382 3862
1384 2720
1384 2833
1384 4992
1384 5970
1388 1410
1389 1065
1389 7564
1390 563
1390 1494
1390 3873
1392 183
1393 7246
1393 8364
1398 2662
1399 5426
1401 377
1401 512
1401 7417
1402 1015
1402 4818
1404 6540
1405 4903
1407 225
1408 538
1409 6954
1414 7620
1415 6929
1416 715
1417 4038
1417 6151
1418 3702
1419 6515
1420 378
1423 6599
1424 3126
1425 3524
1425 4123
1427 7643
1428 5436
1429 6898
1430 4356
1432 5850
1432 7730
1433 7880
1436 6815
1437 1007
1438 2024
1438 4403
1438 5715
1439 1581
1439 2090
1440 1451
1440 4261
1442 3098
1445 3669
1446 1567
1449 940
1449 2820
1451 5955
1453 3443
1453 4235
1454 1090
1455 6165
1456 4495
1457 3193
1457 3524
1457 7401
1458 280
1458 6061
1459 2179
1461 4157
1463 4140
1464 2234
1465 4670
1467 5838
1468 1643
1468 4018
1471 966
1473 5652
1473 6372
1474 8406
1478 1235
1479 4895
1482 7018
1485 1213
1485 5259
1486 7903
1487 4263
1488 5341
1488 8150
1490 8506
1491 7781
1492 2486
1492 6861
1494 7247
1497 1207
1497 5408
1499 3745
1499 8007
1500 7421
1500 7686
1502 882
1504 962
1504 8210
1505 6795
1507 1736
1510 267
1513 4885
1515 3539
1515 7820
1517 2349
1517 5293
1517 6778
1519 4377
1519 7298
1520 4936
1521 4562
1522 4327
1522 7570
1523 5711
1523 7952
1524 4853
1526 6493
1527 3099
1529 1145
1531 189
1534 3203
1537 8092
1541 6038
1542 4605
1543 6113
1544 1586
1545 1224
1546 6660
1547 267
1547 1660
1547 2037
1548 4112
1548 8563
1549 3929
1549 7660
1550 737
1550 1489
1550 8351
1552 4343
1553 6365
1554 2186
1555 146
1555 6492
1556 3545
1557 2476
1559 1915
1559 4691
1560 500
1563 3379
1566 1492
1566 2241
1567 3880
1568 3804
1569 4383
1570 7169
1572 1455
1572 5233
1572 8210
1573 2985
1574 3921
1576 912
1576 8471
1577 7241
1578 1442
1578 3849
1579 1041
1579 6048
1581 4978
1583 5830
1587 5026
1588 1602
1592 6030
1595 3017
1595 3888
1596 7560
1598 3012
1598 3712
1598 4055
1599 7636
1600 5580
1600 8298
1603 1436
1603 3072
1603 4560
1603 4730
1605 1897
1608 2876
1608 4872
1608 5849
1609 521
1609 6750
1611 316
1611 2205
1611 7564
1613 4599
1614 5800
1615 1954
1615 6230
1617 5371
1619 1733
1619 4824
1619 5656
1620 1289
1621 6757
1622 8127
1622 8544
1623 892
1623 6390
1624 7077
1628 161
1631 6454
1635 517
1636 1294
1636 3248
1637 2675
1637 2992
1637 3375
1639 4863
1643 8372
1644 2570
1644 3341
1645 4458
1648 5402
1649 3685
1649 5940
1652 3806
1652 4132
1653 3243
1654 3764
1655 3350
1655 6849
1658 6273
1659 1844
1662 124
1664 8219
1669 6527
1670 6044
1672 3958
1673 5694
1673 6175
1676 3304
1676 6310
1676 6947
1677 2918
1678 702
1679 4799
1679 8085
1682 2113
1682 4652
1683 2154
1684 249
1684 5112
1684 7930
1685 2410
1686 567
1688 3288
1688 8116
1689 553
1689 841
1689 3620
1692 2756
1693 6503
1694 912
1697 3533
1697 6137
1697 8494
1699 1305
1699 3481
1700 6277
1700 7078
1703 1103
1703 1931
1704 7344
1705 7065
1706 5155
1706 8363
1709 1359
1712 2006
1713 1870
1713 2553
1713 4099
1714 6214
1714 7766
1715 3028
1716 3406
1719 3151
1720 5912
1723 3261
1726 1366
1727 1450
1727 1853
1730 2248
1730 2919
1731 5798
1734 1616
1734 6026
1735 713
1735 2503
1736 1688
1736 5192
1737 1272
1738 2430
1738 4507
1739 5453
1740 2143
1740 7777
1741 4534
1743 1605
1745 223
1745 348
1746 1834
1746 8071
1747 103
1747 6695
1750 1755
1750 2766
1750 5118
1754 8059
1757 118
1757 5913
1758 8407
1759 8317
1760 388
1760 2814
1761 3476
1761 4603
1761 5600
1764 7069
1764 8549
1765 4743
1766 1528
1767 5223
1770 1753
1771 175
1771 1312
1774 4048
1774 7554
1775 6945
1777 6716
1778 393
1778 6972
1783 6941
1786 4163
1788 6714
1791 1188
1791 1279
1792 7366
1793 1523
1793 7931
1794 713
1795 3659
1800 1817
1800 2305
1800 5687
1801 3677
1802 4189
1803 315
1803 3347
1804 7622
1804 7645
1807 606
1807 7100
1808 100
1809 3400
1810 3547
1813 3559
1816 851
1816 6073
1817 701
1817 3394
1817 4984
1817 5883
1817 8021
1818 2469
1819 565
1819 2084
1819 3957
1819 6484
1823 3434
1823 4674
1825 2057
1825 2669
1825 5355
1825 8016
1826 7107
1826 7157
1827 5844
1828 7181
1829 3696
1829 5806
1830 4760
1831 7708
1832 7627
1834 4412
1837 4032
1838 338
1839 1659
1839 1760
1839 5320
1839 7764
1840 1323
1840 7097
1841 3859
1841 5302
1842 6576
1843 1273
1843 4919
1844 8369
1846 3120
1846 4053
1848 2714
1849 67
1849 1784
1849 5681
1852 122
1852 275
1852 1310
1853 344
1853 5221
1853 6915
1854 3160
1854 8293
1857 4743
1857 5738
1858 5588
1859 1630
1859 6139
1859 6979
1860 2271
1860 6474
1861 3409
1862 2248
1863 2976
1863 3550
1865 2878
1866 6828
1869 723
1869 4576
1869 4867
1870 319
1870 4369
1871 2015
1873 7216
1874 7592
1875 515
1875 583
1878 3771
1880 2261
1880 8242
1881 660
1882 4934
1884 4908
1885 2342
1886 7629
1887 4438
1887 4692
1887 7789
1888 1740
1889 2467
1889 6017
1890 2348
1890 8315
1891 640
1891 4153
1891 6923
1892 1932
1892 7986
1894 974
1896 750
1896 6789
1897 4253
1897 5111
1898 1413
1898 8394
1899 6480
1901 2556
1902 2675
1903 4618
1904 2690
1906 4278
1907 7016
1908 5440
1908 7775
1909 1197
1909 2034
1910 6858
1911 557
1911 1442
1913 1198
1913 3438
1915 1114
1917 2898
1917 6714
1918 2779
1918 4828
1919 982
1921 1501
1921 3759
1921 6739
1922 4806
1923 2676
1923 5036
1924 2435
1924 6066
1926 3074
1927 1054
1929 1239
1931 7838
1932 607
1933 7038
1934 3883
1935 1376
1935 2709
1935 6782
1937 4068
1939 62
1939 2710
1940 5161
1942 6641
1942 8136
1943 3378
1944 1837
1944 8487
1945 3270
1947 840
1952 6350
1954 4617
1954 8260
1955 118
1957 2618
1958 1932
1959 991
1962 8015
1963 2861
1965 7831
1965 7896
1966 5723
1967 860
1968 1653
1968 1757
1968 8264
1969 652
1970 2613
1972 5023
1972 5805
1973 3599
1973 6157
1974 3151
1974 7650
1976 8228
1976 8289
1978 3711
1980 1854
1982 8266
1983 1237
1984 552
1985 1484
1985 7420
1989 4561
1990 229
1990 8283
1991 1358
1992 4341
1992 4959
1992 5377
1992 5893
1995 611
1995 6348
1998 5979
1998 6482
2000 4979
2002 6485
2003 5272
2005 6443
2006 2760
2006 3665
2007 3255
2008 6824
2008 7683
2011 182
2011 470
2011 3956
2012 4933
2013 7879
2015 102
2016 7208
2017 1425
2018 1003
2018 3174
2018 4391
2018 8100
2019 8299
2021 4334
2022 3801
2025 869
2026 1489
2027 8087
2029 4949
2030 4642
2031 2240
2031 8042
2032 3363
2032 8204
2033 3093
2033 8247
2034 8460
2035 3996
2036 1276
2036 6319
2036 7182
2037 698
2037 1103
2038 867
2038 1193
2040 3880
2040 8378
2041 185
2042 293
2044 4930
2044 7878
2045 3221
2045 4584
2046 2881
2046 6756
2049 1337
2049 4186
2049 4504
2049 5307
2049 6211
2050 2301
2050 5426
2050 6188
2052 7759
2053 2575
2054 3441
2055 8219
2056 3464
2057 6465
2058 2027
2059 8232
2060 4937
2061 5844
2061 8200
2062 1063
2062 2813
2063 2772
2063 6553
2063 7642
2064 92
2066 4932
2068 6224
2069 6112
2072 7935
2073 8229
2075 597
2076 1154
2078 3753
2080 7639
2083 2286
2084 7140
2086 3563
2089 1280
2090 1006
2091 5606
2091 5742
2092 4706
2093 331
2093 506
2093 4643
2094 1214
2095 2856
2096 4419
2096 5017
2096 5186
2096 7889
2097 622
2097 6216
2098 6386
2099 798
2100 379
2101 3710
2104 3177
2104 4085
2106 6160
2107 6217
2108 1064
2110 3328
2110 7366
2111 4866
2112 4187
2113 8330
2114 1864
2114 4156
2114 7300
2115 7163
2117 2513
2117 3593
2118 7975
2121 3952
2122 5535
2123 369
2123 6168
2124 930
2124 1737
2126 714
2127 6610
2130 1812
2130 2202
2131 5464
2132 909
2133 5720
2134 300
2134 1783
2134 7316
2135 3941
2136 3734
2136 3893
2137 1040
2137 1606
2139 7151
2140 6058
2141 448
2141 4600
2141 8525
2143 1423
2143 2536
2143 4426
2144 433
2144 2750
2144 5065
2145 2030
2145 6486
2146 5818
2147 3630
2148 4534
2149 5357
2150 5944
2151 2863
2151 5406
2152 4198
2152 5239
2153 1004
2153 2474
2153 8097
2155 3203
2155 3431
2156 7299
2157 5973
2158 7135
2161 2716
2161 6278
2162 88
2162 2101
2163 3194
2166 8366
2168 4619
2168 6811
2170 1102
2172 5224
2173 3444
2175 7116
2176 422
2176 698
2177 1364
2177 6231
2177 6339
2178 4053
2180 628
2180 7115
2181 109
2181 2674
2181 6034
2182 95
2183 1931
2183 4806
2184 8552
2186 1972
2186 6676
2187 867
2189 4630
2191 6126
2193 1450
2195 4078
2195 8375
2197 1712
2197 5478
2198 1168
2198 6785
2198 8107
2199 5418
2201 1368
2201 5600
2201 5837
2202 4587
2202 8142
2203 903
2203 3872
2204 4854
2206 339
2207 6437
2209 2032
2209 5268
2210 3311
2210 6571
2210 8511
2211 4523
2213 3926
2213 7534
2213 8480
2215 5640
2215 6780
2215 7431
2217 358
2220 7373
2222 2146
2222 2492
2223 3009
2223 3964
2225 1993
2225 7154
2226 948
2227 2322
2228 834
2228 3013
2229 2709
2230 1268
2230 1456
2232 5824
2235 7369
2237 6289
2239 2141
2240 5249
2240 6972
2242 7252
2245 2374
2247 1977
2247 4595
2248 4112
2248 5491
2248 5889
2249 6520
2251 5594
2252 6287
2255 534
2255 4242
2259 4950
2260 5640
2260 8101
2262 1993
2263 6797
2264 6390
2266 555
2266 2608
2266 7184
2267 871
2267 4140
2267 5916
2267 6240
2271 1160
2272 12
2272 8385
2273 2044
2273 6037
2273 6549
2275 4940
2278 8382
2279 8061
2281 2310
2281 3654
2282 3328
2283 2676
2283 5076
2284 1788
2284 7133
2285 1637
2285 7700
2289 7036
2290 8190
2293 5250
2293 7432
2294 6149
2295 425
2297 6317
2298 6171
2298 8165
2299 5130
2301 2368
2301 4427
2301 4543
2301 5000
2301 7143
2306 889
2307 5310
2311 8379
2313 2806
2313 3047
2313 8249
2314 5345
2315 2250
2315 3988
2316 230
2317 5047
2318 1903
2318 6189
2318 7559
2322 7865
2324 7574
2325 6987
2326 831
2326 8441
2327 8084
2331 1328
2336 2630
2336 5886
2337 3527
2337 5672
2338 4781
2342 3343
2344 1077
2345 2101
2345 5288
2345 8330
2346 6977
2348 2071
2349 1903
2352 1668
2353 1122
2356 1366
2357 1728
2357 3867
2358 1274
2359 3233
2361 5329
2363 4912
2364 4887
2365 1581
2366 8511
2368 5675
2368 6485
2370 1274
2370 6061
2372 3694
2372 7663
2373 5771
2375 6758
2376 4685
2378 6067
2379 655
2380 436
2381 3973
2384 4295
2386 1344
2386 5328
2387 6497
2388 8423
2391 3405
2392 7664
2393 2980
2395 3976
2396 3659
2398 2497
2400 6714
2400 7092
2401 6922
2401 8157
2402 2283
2402 3865
2402 8273
2404 4218
2405 162
2407 3444
2410 72
2412 1948
2412 6852
2414 8066
2415 5742
2418 254
2419 231
2421 2244
2421 3366
2422 5548
2423 1539
2423 6192
2423 8188
2424 699
2424 8072
2426 3185
2426 5547
2426 7322
2427 4897
2428 6395
2429 3043
2430 1423
2430 6286
2432 3199
2432 5993
2434 5746
2436 5060
2437 2988
2437 4969
2437 7640
2440 3355
2443 8132
2445 8336
2446 2694
2448 557
2449 7558
2451 6335
2452 1044
2452 1364
2453 594
2454 2319
2456 261
2456 7288
2457 6871
2457 6978
2458 1314
2458 6787
2460 8491
2461 5891
2462 3783
2462 4408
2462 6261
2465 4518
2466 7149
2466 7459
2466 8128
2468 1036
2470 4634
2470 5587
2471 5307
2473 1862
2473 2203
2473 7220
2476 3819
2477 1358
2477 3315
2477 6347
2478 473
2480 2339
2480 7357
2482 55
2485 1428
2486 6083
2487 7847
2488 3662
2490 639
2490 3693
2490 4782
2491 2739
2493 5627
2495 2039
2496 2727
2497 6125
2498 5371
2498 7171
2499 4728
2501 339
2501 8384
2502 3844
2502 5487
2503 217
2503 1919
2503 3900
2504 5583
2504 7672
2505 3239
2505 3907
2505 8083
2506 435
2506 2946
2508 323
2508 5216
2508 8292
2509 6156
2510 1673
2511 7972
2512 4921
2512 6222
2513 2281
2516 8441
2517 2941
2517 4143
2519 1983
2520 354
2520 3087
2520 3294
2520 4363
2520 7612
2521 4688
2521 6211
2523 258
2523 1926
2523 4524
2523 6225
2523 6271
2524 2318
2525 3069
2525 7158
2528 5927
2529 60
2529 6584
2530 1779
2530 1913
2530 2970
2530 4493
2530 8216
2531 519
2531 2915
2532 815
2532 6410
2535 2417
2535 6096
2535 7511
2536 2476
2536 5369
2536 6946
2539 4199
2540 1038
2540 7011
2541 4611
2542 1727
2542 8249
2543 2075
2543 7961
2545 773
2546 836
2547 940
2547 1211
2547 2651
2548 727
2548 5027
2548 8227
2550 6111
2554 7741
2554 8393
2555 1891
2555 6800
2555 7607
2556 353
2557 8541
2560 1040
2560 7290
2560 7571
2561 2407
2561 6923
2563 1698
2563 4692
2563 6706
2563 8538
2565 5415
2566 4862
2567 3092
2567 6858
2568 3737
2568 5699
2569 1665
2572 3493
2573 2977
2573 4620
2574 4400
2575 734
2576 5277
2576 7021
2579 6367
2579 6957
2579 7908
2580 3294
2580 7485
2580 7606
2582 6185
2583 5368
2583 8077
2584 649
2585 5973
2586 3847
2587 1982
2588 4615
2589 4982
2591 6657
2592 3073
2595 890
2595 3874
2596 4692
2596 6892
2599 7129
2600 1198
2601 7090
2602 56
2602 3187
2603 1147
2605 529
2606 5698
2608 3255
2608 4359
2609 1697
2609 4220
2614 194
2614 3088
2617 324
2617 3018
2619 4938
2622 4214
2623 4638
2624 92
2624 2198
2625 6089
2627 796
2627 2418
2627 4627
2628 7362
2629 2897
2630 2387
2630 4483
2632 2000
2633 4637
2634 4985
2637 4713
2638 2028
2638 2105
2639 503
2639 4046
2639 7285
2640 991
2640 5116
2640 6779
2641 7558
2642 8496
2643 74
2646 1335
2646 1632
2647 3243
2649 3679
2649 8540
2651 1676
2652 1646
2653 6093
2653 7408
2654 7230
2656 4653
2657 7589
2659 875
2659 2378
2662 6958
2663 7243
2663 7606
2664 90
2665 749
2665 6624
2666 5295
2667 2259
2667 7732
2667 8036
2669 3840
2671 1751
2671 5509
2672 7121
2672 7327
2675 4442
2675 8492
2679 7255
2679 8025
2685 3811
2685 4036
2685 4298
2685 8068
2686 5966
2687 1475
2687 2240
2687 5713
2688 106
2688 7975
2689 5011
2689 5026
2689 7795
2692 7229
2693 5145
2693 8195
2694 3503
2694 3551
2694 4700
2694 8040
2699 5108
2700 4952
2701 3117
2701 7488
2703 3938
2705 3703
2705 4671
2705 5707
2706 7878
2709 3486
2710 3441
2710 7832
2711 8345
2712 3574
2714 5049
2715 1939
2721 3609
2721 7224
2722 7437
2722 8213
2723 552
2724 938
2725 84
2725 4289
2726 3709
2726 4579
2727 6393
2728 116
2728 3973
2730 747
2730 8287
2731 8394
2732 366
2733 8503
2737 4216
2740 241
2740 7336
2741 976
2743 285
2745 7885
2746 5548
2748 6097
2749 2256
2749 7300
2750 756
2750 8288
2751 2420
2751 6924
2751 6957
2753 1933
2754 3411
2754 7191
2756 5339
2759 8025
2761 327
2761 2983
2761 7354
2763 4186
2763 4931
2767 4847
2770 3341
2771 3290
2772 2439
2773 3242
2773 6976
2774 6531
2775 2455
2776 1056
2776 2283
2777 834
2777 7092
2778 6152
2779 6521
2780 1304
2780 1759
2782 6886
2782 7947
2783 1049
2783 4707
2783 8237
2784 678
2784 692
2785 107
2786 918
2786 5417
2787 650
2787 991
2788 782
2789 3356
2789 7149
2796 370
2796 1345
2796 7427
2797 2890
2797 5965
2801 4579
2801 6160
2805 254
2805 1643
2806 4666
2807 5039
2808 1231
2808 8409
2810 12
2810 6009
2811 257
2811 7266
2812 157
2812 3270
2813 4158
2815 7238
2816 6562
2818 8174
2819 847
2820 6410
2821 6376
2822 5156
2823 4759
2824 2566
2826 1985
2830 797
2830 3321
2830 7889
2831 57
2831 5965
2832 52
2832 3918
2832 5583
2834 3227
2836 1349
2836 6995
2836 7592
2838 4851
2839 2229
2839 8218
2840 5205
2841 4010
2842 6050
2843 8240
2844 1729
2845 1978
2845 3837
2845 5221
2851 5192
2851 8490
2852 4364
2852 5544
2852 6320
2853 4226
2853 5697
2853 7770
2854 43
2855 293
2855 1226
2856 3522
2857 3785
2859 4171
2860 5437
2861 6966
2862 5797
2864 1959
2864 3150
2864 3390
2866 6317
2867 1063
2870 7558
2872 7205
2873 6781
2874 6443
2875 3682
2877 1058
2877 1678
2877 1894
2878 852
2878 6099
2878 6112
2879 445
2879 4652
2879 7127
2880 3362
2880 3656
2881 2748
2881 7310
2884 3352
2884 7300
2885 2399
2885 4546
2886 730
2886 3806
2892 7406
2895 2786
2895 3692
2896 1863
2896 4576
2896 7778
2897 220
2898 5466
2898 5929
2898 8564
2900 5757
2901 1181
2902 1298
2902 5846
2902 6069
2903 4991
2903 6367
2903 8069
2905 5289
2906 4752
2906 4788
2906 6133
2907 3069
2908 1725
2909 1532
2909 7391
2910 607
2912 7271
2912 7734
2914 1379
2914 5808
2916 3811
2918 4266
2918 8117
2919 985
2920 5776
2920 7742
2921 5068
2925 3437
2926 5313
2927 3667
2927 5394
2927 5707
2928 882
2929 7379
2930 1497
2930 1697
2931 4466
2932 6095
2933 7554
2937 7921
2938 3774
2938 6482
2939 7407
2939 7486
2940 6062
2940 6518
2944 494
2944 1212
2944 2541
2944 2824
2944 4106
2945 6637
2945 6662
2945 8361
2946 2460
2946 5327
2946 7428
2947 2816
2947 5545
2947 8421
2948 7089
2948 7666
2951 2131
2953 4503
2954 3351
2954 8468
2955 6994
2956 2433
2956 8193
2957 8467
2958 3485
2960 2727
2960 6837
2961 70
2962 3490
2963 6483
2963 6667
2965 1781
2965 5590
2965 6327
2966 8391
2967 2318
2967 2891
2967 8509
2968 142
2969 1030
2969 2604
2969 4647
2969 6487
2972 3778
2972 5247
2974 1908
2974 4368
2975 3603
2975 5976
2976 5087
2977 85
2978 82
2978 8201
2979 5341
2979 7690
2980 3605
2980 3876
2984 5819
2984 6764
2985 957
2985 1700
2985 7078
2988 7794
2989 78
2989 2247
2990 998
2990 1429
2991 1401
2992 90
2994 876
2994 3638
2995 4864
2996 2327
2997 2516
2997 5147
2999 1401
2999 4537
3001 1676
3001 6608
3004 8535
3005 2053
3006 2701
3007 2894
3007 4456
3007 5388
3007 7952
3008 6605
3009 162
3009 2904
3009 3688
3009 3772
3009 6704
3009 8387
3010 6974
3013 3535
3013 3559
3014 2828
3014 4774
3015 2650
3015 2746
3015 3673
3017 1108
3020 847
3020 4010
3021 1503
3021 5927
3021 7532
3023 6906
3028 431
3028 3002
3028 5216
3028 6772
3030 3967
3030 4060
3033 4543
3033 6302
3033 6460
3033 7517
3034 1339
3038 112
3039 5593
3039 5942
3039 7970
3043 6616
3043 7141
3046 3007
3046 4307
3048 298
3051 7911
3052 3572
3052 6016
3054 996
3054 6296
3055 4577
3058 3489
3058 4955
3059 1869
3060 1657
3061 5762
3063 6263
3064 1609
3067 572
3070 1848
3070 5041
3071 1419
3071 6672
3072 4701
3073 3550
3074 7427
3075 4312
3075 4637
3076 2018
3077 6455
3077 8363
3078 826
3080 3314
3081 3512
3082 3745
3083 1651
3086 6766
3087 5711
3088 7032
3089 4394
3091 6799
3091 8384
3092 3316
3093 849
3095 994
3096 2639
3099 7391
3100 3252
3100 3582
3100 3832
3101 664
3101 5940
3103 229
3107 1209
3107 6562
3108 568

