3957 6961 3547
1 1
3 3623
4 6444
8 4947
8 6518
9 2608
10 2910
10 6541
12 290
13 1753
16 1751
17 6200
21 4393
22 819
22 1476
22 6187
23 6833
24 371
25 3286
25 4322
25 4826
27 1765
29 6282
30 2995
30 5564
32 5321
33 1083
33 3451
34 5167
35 5213
36 5527
37 6184
38 3681
39 6278
41 3176
42 729
42 5940
43 958
43 5338
43 5881
45 686
47 2729
47 5051
48 3308
50 2109
52 6488
54 966
54 5414
55 5557
55 6939
56 475
56 6017
57 538
58 4113
58 5986
60 6783
61 4205
62 26
62 4650
62 6889
63 784
63 1267
63 2411
63 5410
65 408
65 2711
66 4878
67 1435
67 1479
67 5581
68 133
72 1767
72 3276
72 4534
73 2921
75 1477
76 4853
77 5716
78 1979
80 787
81 1380
81 3046
81 3532
82 4927
83 2218
85 5875
86 853
87 1017
88 3532
91 5591
92 2276
92 3461
93 6893
94 4106
94 5400
94 6240
95 1947
95 2466
95 2600
96 5181
101 830
101 1312
102 570
103 2872
103 6794
104 675
104 1802
105 3249
108 1056
108 5008
109 427
109 873
109 1428
111 4212
112 3760
112 5118
114 6542
115 529
116 2475
116 3833
116 4906
116 5757
117 6957
119 1773
120 4863
121 371
123 3194
124 1654
126 903
126 2101
126 2123
127 1119
128 3191
129 3666
131 544
131 6081
131 6279
133 3191
133 5378
134 1680
135 2206
135 5286
137 2044
137 2904
139 2071
141 2106
142 2419
143 810
143 3843
144 3063
144 4528
146 6751
147 1717
147 2060
148 2152
148 2280
148 4110
148 6458
149 2291
149 3344
150 6880
151 5272
151 6022
153 5430
154 3764
155 3100
155 6905
157 543
157 925
159 1443
159 5388
160 2416
161 4169
164 2262
169 1362
169 2035
170 5830
170 6586
171 5094
172 3167
173 749
174 1138
175 4900
176 3848
178 2364
178 4286
178 5571
180 6602
181 3617
185 2595
187 336
187 6656
188 5411
188 6076
191 263
191 2636
191 6455
192 3328
194 6199
195 2050
195 3645
196 1115
196 2784
201 6461
205 3390
207 4942
208 412
209 5866
213 2325
213 3526
215 1815
218 6817
219 2283
221 5472
222 2400
222 3530
225 2782
225 3283
225 6246
226 1448
229 4903
229 5684
230 508
231 4476
231 4485
231 6001
232 1490
232 6650
234 449
235 6105
237 1835
237 3157
237 6086
238 306
239 4347
240 1843
243 1913
244 213
245 4524
246 1744
246 4320
247 257
247 1512
248 1268
248 5194
248 5713
249 940
250 1930
252 1107
252 1137
252 4372
253 3169
253 4362
253 6726
261 6315
262 3090
262 5908
262 6052
264 2006
264 2125
264 6563
265 1001
265 5796
266 543
267 172
267 258
267 3792
269 6796
272 1624
276 429
278 5196
281 73
284 5580
284 6633
285 6015
286 2719
287 2367
289 1967
292 5251
293 3963
293 6003
293 6583
294 6480
295 554
295 4923
301 3661
302 5435
305 964
305 3306
306 3378
307 1236
308 2860
310 3254
311 6455
312 2660
314 57
314 1616
314 3475
315 437
315 3459
316 1061
318 2274
320 293
322 3477
322 3672
322 4740
323 4653
324 436
324 2974
324 3425
325 724
327 3077
329 1446
329 4774
330 2589
330 6032
331 921
331 2369
333 2222
335 3799
337 2177
337 2995
339 6113
340 2622
341 6123
342 958
342 6342
343 346
343 5393
344 1440
344 3886
345 380
346 2688
351 2737
352 2417
352 4944
355 2758
355 4595
356 2327
356 2495
357 1548
357 4794
360 479
360 1767
362 2041
362 3825
363 2463
365 1346
365 6555
366 1521
369 6803
375 100
375 5511
378 2541
379 1027
381 2910
381 6639
384 2761
384 4197
385 456
394 1985
396 5665
397 3826
397 6638
398 1041
399 1091
399 1553
402 2843
404 5064
405 2419
405 5500
406 2440
407 3394
409 1272
411 2214
412 1410
413 6277
416 3488
418 5132
419 6642
420 1596
421 3372
422 1482
424 6283
426 5611
428 6554
429 708
431 4674
432 435
433 5243
435 2564
436 3977
438 5590
442 3112
442 6515
445 4690
448 1110
448 2282
452 359
453 863
454 2899
457 1610
457 2979
460 2839
462 1420
462 3770
463 3139
463 6210
464 5977
465 5007
468 2871
469 1187
473 2606
476 3707
477 3907
477 3988
479 4799
480 3099
481 51
482 1017
482 3034
482 4869
483 5057
483 6044
484 946
485 4631
488 1889
488 6019
489 2258
492 4848
495 625
495 2464
496 1253
499 4232
502 2044
505 2317
505 5948
510 5568
510 6532
511 2996
512 1052
512 4928
513 785
514 5383
515 4408
516 813
516 4792
517 5396
518 6270
519 1340
521 669
522 945
526 4505
531 992
532 4587
532 6829
535 1880
535 2068
535 5639
535 6562
536 1247
537 3137
538 4096
538 5915
539 2551
539 2896
539 5430
540 3897
540 6106
541 1687
541 3056
541 4420
541 6087
543 5094
546 1853
546 2972
546 5493
547 688
547 2826
547 3141
549 854
549 2226
550 2037
550 3038
551 1984
551 4188
552 962
554 2818
556 2275
557 357
559 687
559 3295
560 5597
560 6688
562 428
562 3371
562 6274
562 6306
563 525
564 901
564 6078
565 12
565 3080
566 6945
569 5155
570 796
571 1537
571 1636
572 6335
573 4162
575 340
576 652
577 1526
577 4420
579 2611
579 3703
580 2693
581 1693
582 821
583 4348
584 601
589 6758
590 3422
590 3527
594 1150
594 6461
595 3485
596 718
598 1947
598 3729
598 5868
602 3493
605 4989
606 6288
610 2409
611 505
613 2703
614 5071
617 3673
619 1016
619 2317
619 2924
622 459
622 858
623 3636
625 677
626 4819
627 2764
628 215
631 1010
631 5472
632 2689
635 4639
637 4565
639 882
641 2387
642 4747
644 5308
644 5869
645 2847
646 2638
646 3440
647 4303
649 2408
649 4268
650 1076
653 5834
654 5521
654 6715
657 4041
666 5971
669 650
669 3529
669 6032
669 6153
670 3633
670 4481
671 823
671 5969
671 6021
675 840
677 466
678 5458
679 6896
680 5232
681 5349
683 2404
685 3512
687 2517
689 6424
690 829
692 3009
692 5554
693 93
693 3053
694 6825
695 5562
696 2947
697 724
704 6027
704 6434
705 4440
705 5318
706 5886
707 208
707 4291
709 5235
711 3802
711 6956
712 563
712 1550
715 910
716 1237
717 6181
719 2719
719 4091
721 3804
724 517
724 6568
726 3013
727 4136
730 6259
731 6243
732 2065
733 6599
735 711
739 4693
742 3294
743 725
744 1686
749 3536
750 4513
751 2044
751 3512
752 100
753 682
756 521
756 5081
758 3277
758 5461
762 528
762 6858
763 3690
763 5638
767 3843
768 3501
768 4545
769 6188
770 4234
771 2742
773 6171
774 2614
777 1594
778 1855
778 6457
779 3963
780 638
780 3480
782 1962
782 5220
786 2311
788 6788
789 3080
789 6236
791 3918
792 3446
793 3476
795 1496
796 4027
798 6620
800 4582
800 5201
801 1561
801 3644
801 5160
802 2091
803 421
803 6402
807 2787
808 2626
808 3404
808 4205
813 6867
816 3439
818 1913
818 2874
818 4568
819 207
819 5347
825 5908
829 5782
829 6550
831 2011
832 3082
833 1864
834 1507
838 4122
839 767
840 3163
841 6512
844 2320
845 6742
846 4486
848 4682
850 386
852 2735
852 4760
852 6298
854 4500
855 4440
855 5831
856 6
856 1011
856 1672
856 1801
856 4897
857 5556
858 3134
858 3170
858 5799
859 5379
860 3905
862 5645
865 1912
866 696
866 4162
867 4718
869 4231
875 280
875 6170
876 2336
876 6600
877 1617
877 6654
878 4720
879 129
879 2410
879 2913
880 226
881 2655
881 3906
882 4207
884 5201
886 1592
886 2768
887 2735
887 2996
888 1507
888 4042
889 6824
890 2452
890 4251
891 2690
894 1573
895 2189
895 2230
895 4963
897 1767
897 6566
900 5746
902 6721
904 3338
904 5916
906 3704
911 1140
912 2701
916 3679
917 1110
922 3569
923 6133
924 722
925 4924
927 62
927 5762
928 1344
928 6152
929 5249
931 6518
932 6697
935 3191
937 1908
938 6749
940 863
941 5894
942 1433
944 5079
945 1995
945 4149
945 6602
946 4946
946 6559
947 3664
949 1266
949 2804
949 5550
951 1779
952 722
952 5660
953 3385
958 6479
958 6724
959 1587
963 3674
963 4283
964 1257
964 3919
966 773
967 2542
967 3401
968 5594
973 5335
974 3120
975 2138
975 5339
976 593
976 4043
977 889
979 1417
979 5307
980 5406
982 1119
982 2946
983 2641
983 6785
987 1199
988 3709
989 31
990 5614
992 1438
992 5143
993 3409
993 5410
994 2391
997 2979
997 5005
998 6260
999 4388
1002 740
1002 1997
1002 2168
1002 5620
1002 5741
1003 1396
1003 6843
1004 812
1004 1391
1006 1789
1010 1061
1010 2799
1012 5387
1013 5290
1014 2659
1015 4035
1015 5855
1019 4818
1021 3082
1022 76
1022 3516
1022 6684
1023 3489
1024 2300
1025 963
1025 1149
1025 1800
1026 3746
1027 3687
1028 2582
1028 6739
1030 3394
1032 2430
1033 102
1035 532
1036 5313
1036 6651
1037 826
1037 2182
1038 6540
1039 3866
1041 209
1042 365
1042 2654
1043 617
1043 4248
1044 2753
1044 3490
1045 1880
1045 3314
1046 5840
1048 4119
1050 5998
1051 3118
1052 3247
1056 5098
1057 1318
1057 2001
1057 4673
1057 5958
1058 668
1058 5792
1061 2902
1063 2541
1063 5782
1063 6223
1064 3504
1065 831
1066 2589
1066 6828
1067 2354
1067 3342
1068 1654
1068 5729
1069 1557
1070 1527
1071 578
1072 5868
1073 2860
1074 6925
1077 898
1078 5647
1080 3163
1081 77
1082 708
1083 5754
1085 452
1085 5493
1086 4938
1087 4382
1087 6849
1089 671
1089 4556
1089 5665
1090 3605
1092 6558
1095 3484
1095 6031
1096 482
1096 3325
1099 6396
1101 1257
1101 6021
1102 1332
1102 2500
1105 1814
1106 990
1106 6450
1107 5773
1108 5905
1109 1954
1112 3048
1112 5758
1116 615
1116 3951
1117 124
1117 2162
1118 477
1118 6209
1119 2668
1120 2944
1120 5568
1121 2464
1121 5191
1125 61
1125 2994
1126 1834
1127 1155
1128 2469
1128 3995
1130 1191
1135 1249
1135 2452
1138 2056
1142 2051
1146 2447
1146 3814
1146 4728
1147 4264
1149 2219
1149 5650
1150 6325
1150 6735
1151 4220
1152 4748
1152 5720
1153 960
1154 624
1154 6025
1156 4366
1158 472
1164 5640
1165 3774
1166 269
1168 1438
1168 6068
1169 3670
1172 1831
1172 4704
1173 2125
1173 4370
1175 3396
1175 5339
1178 6920
1180 867
1180 2887
1184 201
1186 3494
1189 6421
1191 115
1191 2718
1192 613
1192 3993
1193 4445
1193 6153
1194 581
1195 124
1195 1567
1196 2524
1196 5493
1199 449
1199 1215
1199 2122
1200 4896
1201 958
1201 3602
1203 6138
1204 231
1204 1214
1204 6695
1205 1926
1213 1964
1216 3475
1218 425
1218 6815
1219 1031
1219 2107
1219 5892
1219 6106
1220 5226
1221 5503
1222 2141
1222 4387
1222 5221
1223 450
1223 1028
1223 4743
1226 214
1227 542
1227 5206
1230 6378
1233 2361
1233 3579
1234 121
1234 3933
1234 5939
1235 5521
1238 779
1240 1686
1240 1907
1240 5279
1241 4892
1242 4160
1243 1238
1246 2945
1248 5635
1250 1405
1252 33
1252 2482
1252 2981
1255 5446
1257 4980
1258 5770
1258 5957
1259 5637
1260 3695
1260 5570
1262 401
1262 5202
1263 1096
1263 1420
1265 925
1265 1134
1265 2343
1265 4103
1266 5697
1267 790
1268 2288
1269 3682
1271 2473
1272 187
1276 186
1278 2477
1279 5337
1281 6723
1283 2152
1283 4434
1283 5512
1283 5996
1285 5625
1286 6779
1287 1618
1288 389
1288 6485
1290 4447
1292 1566
1292 1923
1293 3213
1293 3535
1294 2345
1295 217
1295 2304
1295 3050
1299 300
1299 2304
1301 6551
1303 1847
1303 6436
1305 4185
1306 1086
1307 1676
1308 5517
1309 2763
1310 648
1313 837
1313 1459
1313 2324
1315 3850
1316 805
1316 2027
1316 2105
1316 5916
1317 3793
1317 4219
1317 5390
1318 24
1319 3956
1320 1053
1321 1167
1321 3732
1322 1945
1322 4853
1322 6867
1324 750
1324 5633
1325 3326
1327 2487
1327 4850
1330 5826
1331 165
1332 4007
1333 5836
1334 4021
1336 2545
1337 1354
1338 918
1338 4995
1340 4345
1340 6105
1341 3454
1341 6176
1342 3682
1342 4976
1343 6234
1347 5023
1348 798
1351 1098
1352 733
1352 5648
1354 151
1354 4040
1354 6091
1355 1480
1356 3072
1356 5552
1358 649
1358 1034
1359 5197
1361 2441
1362 6842
1367 4841
1369 1897
1369 4474
1370 3771
1371 1617
1372 106
1372 2176
1375 424
1376 4380
1377 2669
1380 3517
1382 1709
1382 2227
1383 1018
1383 4503
1383 6105
1383 6223
1385 6011
1386 1077
1389 5258
1391 1938
1391 3772
1393 4901
1393 5352
1395 2760
1396 5869
1397 2775
1398 902
1400 1974
1401 3722
1403 2352
1405 1086
1405 1825
1405 5129
1407 1211
1411 4376
1413 2046
1413 2217
1415 3264
1415 4614
1416 6025
1417 5168
1418 6594
1420 1271
1423 74
1424 320
1426 4511
1426 6159
1426 6535
1428 320
1428 846
1432 3191
1433 2879
1434 6150
1436 3027
1436 4182
1437 1683
1439 6188
1440 513
1440 552
1441 118
1441 416
1442 2333
1445 1920
1449 1547
1450 80
1454 1495
1454 2906
1454 4970
1455 4105
1456 4270
1457 1703
1458 4324
1460 187
1460 624
1461 304
1464 17
1464 2640
1465 1936
1466 581
1466 2765
1467 23
1470 4210
1470 5736
1471 1207
1471 2424
1471 5327
1472 5072
1473 418
1473 4438
1474 1805
1477 6957
1479 1773
1481 440
1481 1247
1481 2993
1482 6291
1485 3250
1486 404
1491 742
1491 2705
1495 2359
1495 2721
1495 4855
1496 4778
1496 5072
1500 359
1501 4502
1502 1352
1502 2806
1502 3682
1503 734
1503 3582
1504 559
1505 6391
1506 2856
1506 4120
1507 5654
1509 2253
1510 6640
1512 6125
1513 4747
1514 1550
1514 5140
1515 3970
1517 913
1519 2455
1520 4693
1521 5261
1525 2787
1525 5292
1526 2450
1529 6726
1530 2482
1531 4657
1534 3801
1536 2459
1536 5527
1538 4102
1539 1062
1540 2074
1541 4867
1541 6378
1541 6578
1543 187
1544 1976
1546 6872
1548 2759
1549 60
1549 4109
1552 1331
1552 4123
1554 2600
1555 3299
1556 5870
1558 2575
1558 5314
1562 848
1563 1124
1565 3662
1565 3917
1567 804
1568 2186
1569 373
1569 3334
1570 5941
1571 3441
1571 6660
1575 149
1576 124
1577 1
1577 1914
1577 5856
1578 225
1581 5385
1582 2973
1583 2063
1583 6573
1584 2145
1585 744
1585 2880
1585 5272
1586 3389
1590 4725
1592 3999
1592 5846
1593 1169
1593 2646
1593 5360
1594 2761
1594 4130
1595 4285
1596 2927
1596 4203
1600 1969
1600 2386
1600 2989
1601 5251
1601 6086
1603 5668
1604 5866
1605 1761
1606 1713
1607 1031
1607 3700
1608 2755
1608 5596
1609 979
1610 5173
1610 6376
1610 6749
1611 20
1613 5934
1614 110
1614 5205
1615 769
1617 1609
1618 4247
1619 2437
1620 4311
1622 3750
1623 1706
1625 2749
1625 4227
1627 3951
1627 6697
1628 449
1628 2126
1629 503
1630 2121
1631 1583
1632 1146
1632 2829
1633 490
1633 6415
1634 1816
1634 3259
1634 4168
1636 3520
1636 3584
1637 148
1637 6059
1638 821
1639 6001
1640 5199
1641 5890
1641 6006
1641 6060
1642 2961
1643 254
1645 111
1646 2380
1648 2134
1648 2510
1648 5227
1648 6023
1649 6827
1650 2297
1651 2824
1654 4600
1656 2575
1658 1724
1658 2361
1658 2590
1662 1665
1663 3888
1664 5410
1665 6902
1667 4231
1668 2715
1669 5532
1670 5325
1671 439
1672 2489
1672 3958
1672 5598
1673 3441
1674 2028
1675 4346
1678 1275
1680 6954
1683 6118
1684 2436
1688 1135
1689 5475
1689 6396
1690 505
1691 6019
1692 455
1693 1857
1694 1419
1694 6930
1695 2950
1696 2394
1696 2683
1700 1062
1700 4053
1701 2094
1701 2253
1701 5541
1702 5603
1704 4497
1704 6936
1705 927
1705 1825
1708 501
1709 659
1711 1989
1712 4785
1716 2168
1716 6607
1717 2185
1718 76
1718 4401
1718 5942
1719 400
1720 445
1722 976
1723 28
1723 1909
1727 5948
1728 1876
1728 2319
1729 5850
1733 1344
1738 4116
1739 1887
1742 5582
1745 6077
1747 6542
1748 3234
1750 6118
1751 3484
1752 147
1752 2150
1758 5765
1759 1889
1759 5424
1760 6675
1763 2319
1764 3875
1764 4659
1766 1973
1766 2144
1766 3181
1768 651
1768 1299
1769 5943
1772 2652
1772 5084
1774 5463
1774 5488
1775 4983
1777 6708
1778 1989
1778 4526
1779 4025
1780 2043
1780 3549
1781 2825
1782 1937
1782 3882
1784 2060
1784 2364
1784 3579
1785 3864
1786 1240
1789 2514
1789 4101
1792 1708
1796 233
1796 5332
1797 2750
1797 5037
1799 2778
1800 408
1800 2359
1800 6942
1802 2259
1803 6322
1804 3544
1804 4801
1806 3182
1806 4661
1807 3096
1808 28
1808 1904
1809 4634
1809 6919
1810 175
1810 4036
1811 2803
1811 4170
1812 6920
1813 362
1814 1545
1814 5723
1815 6842
1816 1997
1816 4119
1817 1706
1817 6815
1819 934
1819 3932
1820 5086
1821 5151
1823 2189
1824 2147
1825 788
1825 4188
1826 2775
1827 5634
1831 2133
1831 3092
1831 4149
1831 4592
1831 4869
1831 5177
1832 3502
1833 2690
1833 5675
1836 2753
1840 5658
1842 2901
1843 4584
1843 4616
1845 386
1845 6518
1847 2099
1847 3486
1848 436
1848 5276
1851 1622
1852 934
1853 3694
1855 4913
1857 6926
1859 2133
1859 3282
1861 3188
1863 707
1863 6443
1864 3388
1864 4308
1864 5579
1865 4461
1866 3835
1870 5297
1872 3831
1872 5027
1873 2453
1874 1888
1875 5071
1876 3430
1876 6607
1879 3331
1880 1716
1880 2473
1882 3397
1883 584
1883 2960
1884 2494
1884 3590
1884 4136
1884 6266
1886 3001
1887 304
1889 5372
1891 4431
1892 2708
1893 1282
1895 2442
1897 2806
1900 2126
1901 6698
1904 122
1904 1512
1905 3103
1905 6362
1906 2876
1909 1177
1909 5503
1909 6938
1913 2504
1914 2785
1915 4484
1916 2767
1917 6206
1922 2623
1923 1090
1923 3289
1924 5307
1925 5322
1928 2992
1933 4035
1936 6159
1937 3789
1938 3072
1938 5959
1939 1207
1939 4855
1939 5983
1940 4013
1942 5186
1948 3524
1949 2899
1950 1841
1951 3663
1952 1664
1952 1959
1952 2718
1952 3598
1953 5781
1954 3089
1957 990
1958 2309
1959 396
1959 2002
1959 5834
1960 4182
1960 4212
1963 5416
1964 256
1966 314
1966 6927
1967 2235
1969 2116
1969 3573
1969 5733
1970 1751
1971 2977
1971 6802
1973 297
1974 906
1976 4213
1976 5561
1981 2087
1981 4174
1982 654
1985 4767
1985 6684
1987 3256
1987 3515
1990 1745
1990 3645
1991 2045
1993 2251
1993 2621
1995 4896
1997 3189
1997 6912
1999 4724
2001 2980
2002 4681
2003 2875
2004 2926
2005 1621
2006 850
2006 1001
2006 2415
2007 449
2007 5591
2011 1607
2015 2084
2015 2352
2015 4350
2017 2976
2019 3926
2020 6395
2021 3596
2022 1420
2023 1583
2025 4804
2029 6384
2030 3206
2031 908
2031 2437
2033 1133
2033 3941
2034 4023
2035 4914
2036 78
2037 6192
2038 927
2039 1349
2040 3458
2041 6637
2041 6698
2043 5292
2044 558
2045 1071
2046 1819
2048 1114
2049 1381
2052 3240
2054 1420
2056 1915
2056 5745
2057 6193
2058 1162
2058 2892
2058 4814
2059 2762
2059 5213
2061 2825
2062 3603
2062 4780
2063 6536
2065 2875
2066 796
2066 1166
2066 4211
2067 3815
2069 275
2069 5831
2071 6504
2072 483
2072 634
2073 1621
2073 6842
2076 4192
2079 1100
2080 508
2082 1046
2082 4991
2082 6557
2084 6070
2085 3276
2088 37
2089 2673
2091 1454
2091 4440
2093 48
2093 4931
2094 1822
2095 916
2096 1455
2096 6395
2097 5974
2098 1063
2098 6293
2099 2017
2099 6010
2101 2882
2107 2071
2107 3991
2108 68
2108 3221
2113 1317
2116 5258
2117 4354
2119 5665
2121 6602
2122 4482
2122 6473
2124 1938
2129 4637
2129 5494
2130 6901
2131 2335
2136 428
2136 2310
2138 653
2138 2862
2138 5950
2139 2821
2139 2956
2139 4266
2141 6132
2143 3567
2144 927
2144 3568
2147 1391
2147 3109
2147 3219
2149 2103
2151 1120
2154 49
2154 3634
2155 2869
2156 444
2157 3130
2158 957
2160 337
2160 5652
2160 6528
2161 3600
2161 5610
2161 6177
2162 1183
2162 2739
2163 1213
2163 2189
2164 674
2166 963
2167 6371
2169 771
2169 3089
2175 5041
2177 2891
2177 6538
2179 3252
2180 3079
2185 4478
2186 3424
2189 536
2190 2740
2190 5283
2193 1040
2193 6480
2194 4693
2195 1039
2196 1074
2196 6424
2196 6926
2196 6955
2199 4184
2203 3960
2203 4162
2203 6603
2204 2379
2205 6079
2206 2111
2206 6482
2207 5663
2208 6062
2209 2291
2209 4418
2209 6815
2212 1431
2214 1779
2215 1687
2216 3764
2216 6505
2217 3099
2218 769
2219 2453
2224 277
2227 6504
2228 6344
2230 1897
2230 6740
2231 2466
2232 5073
2233 6357
2234 6709
2235 376
2236 3914
2237 5033
2240 3173
2242 786
2243 213
2243 5983
2244 4343
2245 136
2245 4008
2245 5491
2246 4346
2246 4483
2247 655
2247 2791
2247 3664
2254 4508
2255 3706
2256 1435
2256 4468
2257 934
2257 5218
2257 5903
2260 5605
2263 1511
2263 2222
2263 2929
2264 467
2264 2576
2266 3045
2266 4159
2268 1643
2268 2214
2268 5443
2270 6461
2271 1929
2272 124
2273 4358
2274 746
2275 4877
2276 4862
2277 1181
2277 4735
2277 5582
2280 5902
2281 1239
2281 3444
2283 2536
2284 6934
2286 1117
2287 1166
2288 6754
2289 1541
2291 4968
2293 5391
2294 6579
2295 6257
2297 3630
2299 3315
2300 3342
2300 3775
2303 3540
2304 804
2306 3067
2308 2035
2309 1879
2309 3285
2312 610
2313 2880
2314 443
2314 3249
2315 992
2316 4852
2318 2548
2318 6450
2320 600
2321 3701
2321 5521
2322 5745
2325 1062
2325 1236
2327 3588
2328 1303
2328 3198
2329 2893
2329 3357
2329 3810
2330 4862
2331 1831
2332 3454
2333 3505
2333 3866
2334 1886
2335 124
2335 334
2337 3999
2338 1356
2341 1969
2342 3971
2342 4754
2342 4759
2343 1302
2344 731
2345 5450
2346 990
2346 1501
2346 2509
2348 6881
2349 6628
2350 656
2350 3489
2350 5756
2351 6517
2352 6338
2354 6245
2356 144
2358 700
2358 3635
2358 6429
2360 5774
2363 1647
2363 3192
2364 3180
2364 5473
2365 2469
2366 1489
2366 3814
2373 1742
2375 4451
2376 4585
2377 6410
2380 2224
2380 4195
2382 3404
2383 2118
2383 4854
2386 5342
2386 6261
2387 424
2387 4471
2388 2126
2388 3574
2388 4972
2390 2998
2391 3739
2391 4167
2392 6633
2393 3706
2393 4904
2393 5360
2394 1688
2396 998
2397 5592
2398 181
2398 2182
2399 4108
2399 4323
2400 453
2400 5302
2401 6526
2402 1463
2404 6326
2408 5811
2409 1135
2410 1226
2410 2357
2411 6204
2414 180
2416 4475
2416 5097
2417 2094
2418 492
2418 6826
2421 2734
2421 5524
2422 2510
2422 6434
2422 6935
2428 2464
2429 3434
2429 5792
2430 4175
2431 4005
2431 4715
2432 2446
2432 6460
2434 147
2434 4634
2436 4320
2438 5649
2438 6441
2439 4126
2441 3484
2441 5120
2441 5466
2442 1209
2442 1779
2445 2763
2445 5001
2446 1605
2447 4428
2448 4649
2449 1805
2452 5185
2453 710
2454 3261
2457 2054
2458 446
2458 2724
2459 928
2459 1035
2459 6698
2460 237
2462 62
2463 4697
2464 527
2464 3220
2465 3137
2466 2579
2467 3255
2467 4167
2467 5518
2468 6110
2469 1637
2472 2408
2475 1540
2476 5462
2477 2577
2477 4892
2478 260
2479 524
2479 6146
2480 3936
2480 3999
2481 3886
2481 4551
2482 896
2482 1026
2482 1811
2482 4759
2485 1878
2486 3365
2486 6340
2487 2127
2489 4220
2490 2025
2490 5007
2497 6459
2498 4243
2502 5193
2506 1170
2512 2224
2513 1913
2513 2088
2513 2127
2513 4410
2514 2293
2514 3520
2515 1791
2515 1940
2515 3772
2515 6217
2516 2351
2516 2495
2516 6637
2517 1255
2518 4857
2521 5067
2522 3178
2522 4534
2522 4583
2523 440
2523 3469
2523 4396
2524 1951
2524 6079
2525 1108
2526 984
2526 5248
2527 4893
2528 1067
2528 3143
2528 4351
2528 6788
2531 1077
2531 3503
2533 4162
2534 2791
2535 69
2535 5962
2536 644
2537 5378
2539 3536
2541 6247
2542 2626
2546 5918
2547 1872
2548 3454
2548 4063
2550 2798
2551 745
2552 1334
2554 3213
2554 4455
2555 4062
2555 5446
2558 5522
2560 4204
2560 5811
2561 4709
2564 1188
2564 4603
2565 983
2565 4477
2565 4834
2568 6233
2571 1916
2572 118
2572 4469
2573 4408
2573 4630
2574 4271
2574 5867
2579 5942
2581 5336
2582 2670
2582 6562
2582 6711
2583 927
2584 1498
2585 2471
2588 5888
2589 3665
2589 5503
2590 3708
2591 2955
2592 1881
2592 3989
2592 4726
2592 5427
2593 3510
2595 204
2595 242
2596 2471
2596 3311
2597 1853
2598 1757
2598 6043
2599 3401
2600 3506
2601 1833
2601 4336
2609 5043
2614 6511
2615 2085
2616 5414
2617 1900
2618 279
2618 1894
2619 6777
2622 1436
2623 6290
2624 1038
2624 4452
2626 1664
2626 6139
2627 5847
2628 1238
2628 3202
2628 4463
2629 670
2630 3665
2631 3946
2631 4149
2633 2883
2633 3549
2634 2552
2636 438
2639 4935
2639 5852
2640 423
2640 5716
2641 6178
2641 6810
2642 34
2642 2393
2647 2277
2647 2799
2648 370
2649 4903
2650 846
2650 2922
2651 5841
2652 473
2654 3359
2654 5029
2655 3917
2659 3526
2660 1982
2660 4749
2661 592
2661 5866
2663 330
2664 2495
2664 6945
2665 659
2665 3943
2665 5265
2668 3591
2669 6772
2671 2436
2672 722
2681 6395
2682 999
2682 3295
2682 5709
2683 2783
2684 5301
2684 5893
2685 303
2691 38
2693 5486
2693 6418
2694 1864
2694 2037
2694 3279
2694 4005
2694 4331
2695 1021
2696 3589
2696 5123
2696 6719
2697 1042
2697 3102
2697 4390
2698 1224
2700 2650
2700 4328
2701 5162
2702 1805
2702 3751
2702 5821
2704 5705
2705 5585
2706 4317
2710 2486
2711 1081
2712 5092
2712 5951
2716 780
2716 891
2716 5021
2720 4795
2722 1138
2724 3391
2725 3361
2726 410
2729 1062
2730 3269
2730 3317
2731 6004
2733 4650
2734 185
2734 5063
2735 2086
2735 6314
2740 105
2740 3308
2741 3220
2745 5063
2745 6450
2745 6755
2746 2197
2748 4199
2750 2682
2751 4357
2752 2337
2753 3213
2754 39
2754 3739
2754 5202
2755 2683
2755 5302
2757 3366
2757 6951
2759 6054
2762 3421
2766 524
2766 3522
2768 2494
2768 4765
2772 5404
2773 1429
2774 254
2774 4040
2775 2471
2776 432
2777 3408
2778 3325
2780 2945
2783 2788
2784 3310
2789 3417
2789 4586
2792 4215
2792 5011
2794 776
2794 5680
2795 2533
2795 5527
2796 1909
2796 3829
2796 4077
2798 843
2800 4984
2801 3509
2802 750
2802 5896
2805 2170
2808 638
2808 723
2809 444
2809 2310
2809 6036
2811 4187
2812 517
2812 2160
2812 4767
2815 3277
2816 6315
2817 4472
2818 1848
2818 5401
2819 3523
2823 1217
2823 5514
2823 5966
2826 127
2827 2994
2830 391
2832 629
2832 4980
2833 1174
2834 1096
2834 2329
2834 4366
2835 378
2835 5981
2836 625
2836 1980
2836 4287
2837 124
2837 2123
2838 343
2838 1688
2839 4753
2840 1290
2841 4052
2841 4408
2842 5286
2843 3862
2844 1318
2844 2061
2846 1994
2846 5412
2847 5223
2847 5835
2849 4607
2850 883
2851 4653
2852 1865
2852 3864
2857 3671
2857 4550
2857 6391
2857 6755
2858 3463
2860 752
2860 917
2860 4100
2860 5388
2861 1810
2862 163
2862 3840
2863 308
2863 3840
2865 4670
2866 2072
2869 294
2869 3405
2869 5367
2871 2826
2874 432
2874 4929
2877 4633
2879 897
2880 2553
2885 1717
2886 914
2886 1006
2886 3891
2887 6393
2889 20
2891 729
2891 3107
2891 3764
2892 3766
2892 5267
2893 6614
2895 2693
2896 6193
2898 1266
2898 1952
2898 2630
2899 1046
2899 6373
2900 6483
2901 1874
2901 3762
2903 2661
2904 1952
2904 4686
2907 2405
2908 103
2908 1717
2909 1142
2911 627
2911 5039
2912 1490
2914 2312
2914 2656
2914 3408
2915 6545
2918 1946
2918 6930
2920 282
2920 5882
2925 1499
2926 3054
2929 489
2930 2344
2930 6465
2931 3026
2932 3871
2933 3786
2935 1942
2937 3093
2937 6880
2939 3162
2940 3145
2941 4658
2943 2401
2943 5104
2944 4525
2945 6430
2946 1560
2946 2403
2946 5966
2947 1271
2948 6399
2949 1030
2949 2412
2949 3401
2949 5432
2950 2669
2950 3710
2950 5352
2953 6177
2954 564
2955 1838
2956 3194
2958 2849
2959 1875
2960 3300
2960 6812
2961 2238
2961 2565
2961 4084
2961 4475
2963 1767
2965 1141
2966 3778
2967 1524
2969 4227
2970 925
2970 4516
2970 6612
2970 6792
2971 2362
2972 282
2975 210
2975 2712
2977 3858
2978 233
2978 614
2979 3068
2979 5131
2979 6290
2981 3311
2982 3193
2984 724
2984 5557
2986 3162
2986 4850
2987 5368
2989 445
2990 2318
2992 3573
2993 5823
2996 1907
2998 4398
2999 3462
3000 2329
3002 6544
3003 4290
3004 405
3004 3922
3004 4562
3004 6287
3004 6956
3005 1523
3005 2192
3005 5300
3007 248
3007 3011
3008 5912
3013 5591
3013 6953
3014 4260
3016 5100
3017 861
3017 2193
3017 6674
3018 4355
3019 4420
3020 732
3022 1684
3024 393
3026 5676
3027 849
3028 2175
3029 3461
3029 5582
3030 174
3032 111
3032 384
3032 4273
3032 5411
3033 190
3033 4632
3036 2625
3036 6251
3037 851
3037 1157
3037 2620
3039 6565
3040 1971
3040 4804
3041 463
3041 2383
3042 1092
3042 5862
3045 1226
3046 56
3046 4188
3050 4281
3054 388
3054 6657
3055 2903
3056 6248
3056 6337
3056 6638
3057 1488
3059 6166
3059 6817
3061 3126
3062 3063
3062 4216
3063 2086
3066 5208
3066 5433
3067 4072
3067 6428
3069 4294
3070 5690
3071 2695
3072 3400
3074 1703
3074 6622
3075 502
3078 3683
3080 177
3081 4876
3082 875
3082 5950
3084 3173
3084 4840
3085 2240
3086 740
3086 1759
3086 2674
3087 3880
3089 1391
3090 3202
3090 4333
3090 6407
3091 2843
3093 2386
3093 6439
3094 1361
3094 1887
3094 3410
3094 4798
3095 327
3097 532
3098 661
3098 1782
3099 2225
3099 3222
3099 5764
3102 71
3102 2578
3103 6289
3104 4404
3105 1839
3106 1270
3108 1501
3108 1624
3109 6271
3109 6872
3110 784
3112 1240
3113 2364
3115 3940
3116 1281
3117 3241
3118 4894
3118 5020
3119 4395
3120 1861
3120 5533
3123 1110
3123 6576
3125 5791
3126 5650
3129 1298
3131 243
3131 2620
3131 3202
3131 6191
3132 1357
3133 2392
3134 5863
3135 4675
3136 5240
3137 3457
3138 163
3140 5022
3141 746
3142 3679
3143 1291
3143 3786
3143 4021
3143 4740
3146 1885
3146 4961
3147 368
3151 4781
3153 437
3154 5510
3155 399
3157 1117
3159 2729
3159 3247
3160 4227
3161 5571
3162 2714
3162 5027
3163 3661
3164 1400
3166 2157
3166 5850
3167 3899
3168 3998
3171 2239
3171 4441
3171 4824
3171 6936
3172 2763
3172 6067
3174 822
3175 3650
3175 5041
3176 1406
3177 5766
3179 1014
3179 1581
3179 2933
3180 6653
3181 903
3182 5824
3182 5972
3184 3994
3185 3194
3190 3632
3191 1505
3191 4241
3192 2960
3195 277
3195 4236
3196 2695
3197 3266
3197 4591
3198 2911
3198 4495
3198 5071
3200 2739
3200 6617
3202 2049
3202 2800
3203 2290
3203 6897
3204 1257
3204 5342
3206 5508
3208 5224
3209 1383
3212 338
3212 5979
3213 1010
3215 2443
3216 5561
3217 4116
3219 1650
3221 3917
3221 4500
3221 4540
3221 5513
3221 6291
3222 2567
3222 4462
3223 969
3223 3425
3225 571
3226 4539
3227 4988
3228 3229
3230 4639
3234 2469
3234 6100
3235 5607
3236 1116
3237 376
3238 4519
3239 2420
3241 6180
3245 6317
3248 5904
3248 6924
3255 1361
3257 4152
3258 1341
3258 4441
3258 6331
3259 5649
3259 6006
3262 444
3262 5634
3262 6741
3263 383
3263 1668
3264 5760
3265 1805
3266 2110
3266 2600
3266 3328
3267 5979
3271 2516
3271 2912
3271 2961
3274 1033
3274 1319
3274 5624
3276 501
3276 4850
3278 902
3278 4265
3279 1649
3280 251
3280 6571
3281 685
3281 4134
3282 218
3282 6833
3283 22
3283 6126
3285 2000
3285 6092
3286 5886
3289 831
3289 5782
3291 5051
3292 6104
3294 4019
3295 3308
3295 4246
3299 5433
3301 3261
3301 6895
3302 5177
3305 2171
3305 6910
3308 5548
3309 2894
3310 5656
3311 6931
3313 5506
3313 6491
3314 1574
3314 6170
3315 941
3315 1286
3316 402
3316 2252
3317 4014
3318 378
3318 1116
3318 5327
3320 1368
3321 2923
3324 4318
3325 6508
3327 226
3328 6786
3329 1501
3333 59
3334 2649
3334 5830
3338 4095
3339 578
3339 5359
3340 1164
3340 4956
3341 3253
3343 6222
3346 1150
3346 3020
3350 1131
3351 1364
3352 5845
3352 6529
3353 3615
3353 6739
3354 4692
3356 1808
3357 769
3357 2286
3358 4694
3360 4008
3362 1324
3362 3601
3363 3363
3366 2077
3366 5792
3368 5987
3372 4539
3374 4741
3374 6432
3376 348
3376 1369
3378 156
3379 4636
3380 778
3382 522
3382 6542
3383 3901
3384 1926
3385 4516
3386 1896
3386 5672
3387 5815
3388 5130
3388 6678
3390 26
3390 1127
3390 4172
3390 5112
3392 1958
3393 1409
3395 363
3396 1994
3396 4403
3397 2628
3398 1434
3399 1840
3403 3489
3403 5303
3403 5525
3404 2820
3404 5097
3405 5874
3405 6770
3407 2695
3409 3986
3410 1145
3412 6281
3413 3957
3414 4805
3414 6807
3416 1792
3418 5343
3419 489
3421 2658
3421 6660
3422 5377
3425 2577
3427 1397
3427 3254
3427 6036
3428 3094
3431 6456
3432 6238
3433 1022
3433 5503
3436 337
3439 2517
3439 3339
3441 2498
3441 6562
3442 6453
3443 3162
3445 4195
3445 6504
3447 951
3448 4248
3449 1391
3449 1451
3449 1716
3449 2978
3449 3181
3449 4606
3449 6230
3451 2355
3452 1240
3452 1726
3453 5669
3454 3225
3454 4902
3458 2770
3459 5227
3460 1539
3461 3739
3462 2496
3462 3418
3463 1088
3464 2751
3465 1135
3465 5442
3467 2639
3468 256
3470 952
3470 2505
3470 3295
3471 1391
3472 1154
3475 6417
3479 1692
3480 6494
3480 6819
3481 6520
3485 2667
3486 1392
3491 3734
3495 5594
3495 6595
3496 2177
3497 5271
3498 6751
3499 3852
3500 1272
3500 3241
3501 416
3503 1047
3503 4425
3504 3732
3506 3206
3507 2975
3508 147
3508 3004
3508 3687
3509 1704
3513 1056
3513 1879
3513 1890
3514 310
3514 3312
3514 4310
3515 5763
3517 3618
3520 6280
3528 5919
3529 1575
3530 3971
3530 5290
3531 1083
3531 5361
3531 6788
3532 3164
3532 4386
3533 199
3534 778
3534 3388
3534 3733
3534 4731
3536 103
3536 2071
3538 689
3539 813
3539 5101
3539 5885
3540 4770
3541 2280
3542 2880
3542 4566
3542 6192
3545 595
3546 1772
3547 532
3547 3886
3548 5281
3548 5621
3550 1368
3550 1473
3550 4477
3550 5583
3550 6366
3551 1271
3551 2916
3553 3577
3553 6531
3555 682
3555 3887
3555 5376
3558 809
3558 5712
3559 1808
3559 5018
3559 5355
3560 291
3561 3378
3563 2472
3564 6008
3565 3219
3565 4407
3567 4884
3568 792
3569 5561
3569 6355
3571 1837
3571 3108
3572 4591
3572 6535
3573 1496
3575 2890
3576 4258
3580 5070
3582 6079
3584 2655
3587 5798
3588 1256
3589 213
3589 833
3589 5146
3590 6916
3593 5959
3595 494
3600 2105
3603 6430
3605 4348
3607 29
3607 3769
3608 6678
3610 1383
3610 6354
3612 2191
3616 3487
3617 4097
3619 3629
3620 4152
3622 5390
3622 5646
3623 5679
3624 3410
3629 1720
3629 2615
3629 2890
3629 5664
3630 4529
3630 4995
3631 2142
3631 2224
3631 4073
3631 5569
3633 3619
3634 4920
3635 5530
3636 5779
3637 5516
3638 3626
3638 5996
3639 1576
3639 5072
3640 2948
3642 1896
3645 1889
3645 2244
3645 6203
3647 1212
3647 4707
3648 3360
3649 3643
3652 3228
3655 5317
3656 3806
3658 110
3658 1548
3659 973
3660 1975
3662 3004
3664 1641
3665 2460
3665 5083
3666 1525
3667 1857
3669 6182
3672 5151
3672 6334
3674 5645
3675 968
3676 2317
3677 5081
3678 5412
3684 3055
3684 4055
3685 6577
3686 803
3686 1257
3686 1959
3688 1882
3688 4849
3689 6771
3691 6811
3695 1072
3697 3553
3697 3610
3697 5701
3698 3702
3699 332
3699 2517
3699 3182
3699 6329
3699 6569
3700 3105
3702 1044
3704 4746
3705 5575
3705 6246
3706 6594
3707 2928
3708 5907
3711 3828
3712 1210
3713 589
3714 256
3714 4744
3717 1826
3719 5795
3720 2132
3720 3014
3721 3347
3724 1279
3724 2901
3725 2540
3729 416
3734 3435
3735 3215
3738 660
3740 4667
3741 3187
3742 4752
3743 4352
3744 1527
3745 582
3745 5240
3746 1012
3746 6250
3747 2777
3748 3308
3748 5337
3748 6625
3749 3180
3750 2495
3750 4644
3750 5357
3750 5504
3751 2910
3751 6934
3754 130
3754 416
3754 5700
3756 770
3756 6378
3757 4136
3758 3168
3760 2182
3760 6333
3762 992
3762 4610
3762 4715
3762 5258
3764 3398
3765 3651
3767 6296
3769 2401
3770 5497
3772 3257
3772 6801
3773 5291
3774 6201
3776 5217
3776 6202
3777 6502
3779 2180
3780 2094
3782 1858
3784 4359
3785 6936
3786 923
3787 2911
3788 332
3789 6914
3791 867
3793 2349
3794 1599
3794 5210
3795 1858
3796 1719
3797 5986
3800 1717
3800 6868
3801 3337
3802 961
3802 2423
3802 4026
3802 6327
3803 3875
3804 2802
3805 3640
3806 5845
3807 3874
3807 5668
3807 6891
3808 3312
3809 3982
3809 5872
3810 4835
3810 5176
3811 5216
3812 3824
3813 6327
3814 3927
3814 6662
3815 2189
3815 3337
3815 6801
3816 6288
3817 868
3817 6157
3818 525
3818 5945
3819 1784
3819 1902
3819 2094
3819 4789
3820 3085
3822 5654
3822 6782
3823 2046
3825 2261
3825 5080
3826 2276
3830 5740
3831 1459
3832 4587
3833 5223
3834 8
3835 4795
3836 3833
3837 2086
3838 2089
3838 2477
3840 1398
3840 4180
3840 6295
3841 3352
3841 5878
3841 6726
3842 4985
3843 4760
3844 4252
3845 4951
3850 219
3853 1465
3853 2047
3854 1890
3855 5992
3856 1803
3857 1272
3859 180
3860 5761
3861 4482
3865 610
3866 347
3866 4538
3867 685
3867 5913
3867 6625
3868 2256
3868 3891
3870 4317
3871 1376
3871 4020
3871 4716
3871 6300
3871 6584
3872 4815
3873 3372
3876 1936
3876 5015
3876 5260
3878 132
3878 3146
3878 4182
3878 6677
3880 4167
3880 4300
3883 1135
3883 1662
3883 4352
3885 1947
3885 6865
3886 1661
3888 1456
3889 1695
3889 1727
3891 3723
3894 3509
3894 5462
3895 4365
3896 4338
3897 3128
3898 3669
3899 841
3899 1265
3899 1342
3899 3287
3902 1151
3902 6118
3904 220
3904 1063
3904 2655
3904 2937
3904 4094
3905 260
3905 4328
3905 4777
3906 895
3906 1973
3906 5578
3907 1530
3909 6290
3913 5379
3914 250
3914 2145
3917 876
3919 6511
3920 498
3920 4693
3922 5140
3922 5768
3924 2068
3927 4779
3927 6353
3928 6376
3929 3992
3930 4129
3931 735
3933 3951
3934 5564
3937 830
3937 1966
3937 3207
3937 3652
3938 6476
3939 3284
3941 2928
3941 3558
3943 984
3943 2488
3943 3310
3944 895
3945 4923
3948 869
3949 1351
3951 3289
3952 6119
3953 5760
3955 306
3955 4369
3955 6354
3956 3777
3956 5738
3957 221
3957 2416

