7603 4014 2582
1 1
2 383
3 2064
3 3287
5 1023
8 520
11 3541
19 715
23 2679
23 2859
30 2044
30 2151
33 714
37 3744
40 2821
42 3152
46 71
52 3150
53 2247
55 2395
67 407
69 510
75 797
75 3293
80 1248
86 3388
88 3859
91 1176
99 2590
100 3486
101 2436
102 2688
108 3004
110 1202
111 2726
114 1949
115 2975
119 1109
121 543
123 1864
124 1771
126 3791
129 613
133 2937
135 3118
137 873
138 1248
143 2451
152 1684
154 76
157 2018
157 3006
158 3786
159 3450
164 1807
165 2132
165 3229
167 483
168 651
168 882
169 856
177 592
178 778
187 3051
189 1049
194 1353
195 2283
197 2574
199 3624
199 3832
203 1670
210 2464
210 3769
211 2699
221 538
221 1833
222 833
228 982
230 1292
232 2162
233 815
235 2011
237 1158
241 2499
245 2943
248 3746
253 2736
257 2219
257 3970
260 3969
261 3526
271 1162
273 273
273 1184
273 1408
276 440
281 3684
282 3454
287 3125
289 44
289 1543
293 2913
294 2713
298 2527
301 1953
308 694
308 1474
310 3208
311 3234
320 2326
322 1933
328 1791
338 1378
339 414
345 1551
345 3611
351 3184
364 2966
366 1480
369 142
372 2746
375 3966
377 1377
380 2870
381 237
382 1125
389 1617
392 855
393 2562
394 277
396 543
397 3444
401 2787
406 256
407 3154
413 482
413 1851
415 1265
418 1250
419 3995
423 3988
427 1944
428 2699
429 961
436 3751
449 405
453 2374
455 621
460 2983
463 1197
464 3885
465 136
471 678
472 724
475 2568
476 785
479 666
481 12
481 1729
481 3186
482 543
482 1933
483 660
486 2212
490 265
492 1852
494 1796
494 3904
496 1256
508 3390
511 1168
511 3286
512 1719
517 1623
522 1260
522 2736
523 577
528 177
528 3351
544 1988
546 1583
546 3666
549 248
549 881
549 1777
556 3365
557 3841
560 1597
561 3849
563 2010
563 2065
563 3164
565 1237
567 3842
568 141
572 1575
572 2549
573 699
576 2627
579 3427
582 2269
586 2539
588 783
588 899
590 544
595 3253
599 3398
602 1369
610 2307
614 3336
615 222
617 1852
619 3305
621 516
621 1038
622 3841
626 3236
628 3486
629 1551
629 1718
630 1325
633 3023
634 594
642 1206
647 1408
648 3261
650 1508
650 3659
656 157
657 2470
657 3890
660 389
662 669
667 220
668 1325
670 1450
673 2284
675 1214
679 106
682 1452
682 1465
685 2293
686 1330
687 388
688 3920
691 435
692 793
694 479
701 258
701 687
707 3029
712 2743
714 2177
715 125
719 538
723 297
728 1159
732 3125
734 530
734 2214
739 1729
741 2537
742 1660
745 2492
748 2662
750 2703
753 2326
754 3186
761 767
765 404
768 422
768 1509
775 2738
788 1939
792 987
799 3587
807 3102
808 228
808 3569
812 3269
826 2388
827 1095
827 2914
834 3166
835 3000
839 2010
840 2840
844 1400
844 3747
845 2189
846 2076
848 470
851 2666
856 1194
857 3873
865 241
869 264
875 320
875 1241
876 3226
876 3655
882 1876
890 259
895 1537
897 2334
898 2269
899 1489
901 536
906 577
909 492
910 2464
911 1147
913 574
918 1692
926 2116
928 828
932 804
932 1050
932 3718
934 1657
936 1449
937 2861
938 2468
939 646
941 3607
945 2527
948 787
956 1658
963 2580
965 425
966 2893
966 3301
968 806
968 986
973 627
975 1397
975 3716
976 1179
978 3859
979 3030
980 501
980 1890
986 1970
987 52
987 1934
1000 2143
1003 2520
1009 806
1009 3311
1016 2867
1018 455
1018 1797
1019 2377
1022 2788
1024 2569
1032 959
1033 26
1033 3362
1034 1941
1040 1223
1040 1860
1042 1927
1046 1095
1047 1313
1048 2019
1050 135
1055 1818
1057 2525
1062 319
1068 2298
1078 874
1079 3540
1081 1055
1081 2016
1081 2973
1093 895
1105 1522
1105 2772
1109 2714
1111 3689
1112 1098
1121 985
1122 183
1122 511
1123 840
1123 2707
1127 1655
1127 2898
1128 397
1128 3240
1132 2512
1134 207
1134 568
1137 1038
1145 820
1145 1578
1149 3560
1157 2933
1164 1543
1165 104
1172 1405
1173 1631
1176 2264
1178 3105
1180 3033
1181 532
1184 1426
1187 2476
1194 718
1196 3374
1205 439
1205 492
1206 607
1211 541
1214 111
1218 61
1220 1230
1221 490
1235 3548
1239 878
1242 760
1243 158
1256 422
1256 647
1258 781
1265 2131
1267 3267
1268 1586
1269 1098
1270 1800
1272 3835
1281 2967
1283 1775
1284 3608
1288 2341
1290 3653
1291 3755
1292 2103
1293 1440
1294 1307
1294 3711
1299 3652
1300 48
1300 3879
1302 2150
1305 2249
1306 2036
1307 3768
1314 63
1315 211
1321 1754
1325 1888
1332 1319
1333 791
1336 2581
1340 416
1341 3542
1343 1497
1344 2777
1345 622
1347 1263
1349 2348
1362 1892
1368 3281
1369 2735
1388 3231
1389 3434
1395 81
1397 1341
1404 1247
1404 1400
1407 3086
1409 1388
1410 3931
1413 787
1413 918
1417 1641
1417 2461
1421 2303
1422 3129
1428 2925
1433 77
1433 1210
1434 2316
1437 3200
1438 612
1440 1196
1442 2845
1446 2398
1450 910
1456 636
1459 148
1459 458
1460 552
1462 1460
1466 641
1477 705
1485 429
1488 3277
1495 571
1497 1759
1498 3747
1499 2178
1509 1044
1511 2589
1512 2520
1515 2050
1518 2878
1519 3236
1520 2953
1527 2294
1529 1344
1530 2905
1534 654
1539 2138
1539 3258
1543 3591
1546 1626
1546 2458
1546 2918
1549 3920
1553 1743
1561 1188
1563 154
1563 513
1565 442
1565 914
1571 2736
1571 3704
1574 144
1580 2708
1582 1473
1582 1870
1584 3393
1585 3262
1593 427
1594 662
1598 1325
1602 3415
1603 2516
1604 1386
1605 1573
1609 374
1611 1562
1612 1048
1614 3561
1616 1036
1616 2183
1616 3441
1617 1346
1618 3334
1618 3471
1622 630
1622 1276
1622 1590
1623 1204
1628 1563
1630 655
1631 460
1631 3127
1632 145
1632 532
1632 3390
1633 3088
1638 120
1639 3221
1641 638
1642 2339
1653 882
1661 2913
1670 2545
1672 485
1674 250
1685 616
1689 1726
1694 468
1699 2979
1706 2452
1707 3563
1709 13
1712 1743
1712 3733
1716 683
1716 1236
1722 592
1722 3233
1723 2177
1728 3564
1729 211
1730 1022
1732 2532
1736 3967
1743 478
1744 2796
1744 3995
1745 699
1747 3632
1750 361
1750 794
1751 2240
1754 2413
1756 892
1757 3232
1765 2619
1769 1813
1770 256
1770 1164
1772 3002
1773 887
1776 1136
1779 3862
1789 1255
1791 3416
1792 2357
1793 1412
1793 1874
1795 156
1804 3457
1808 2318
1808 3886
1810 1182
1811 433
1813 909
1816 1291
1816 3294
1817 2477
1819 2756
1824 1520
1826 2736
1828 1963
1828 2670
1829 286
1831 311
1833 2620
1834 1545
1837 133
1846 805
1852 1654
1855 1920
1870 1776
1876 89
1878 1052
1878 2688
1884 40
1890 869
1892 3484
1895 76
1896 3821
1901 3002
1902 1093
1902 2806
1904 1539
1909 3383
1911 1419
1914 1617
1915 1659
1918 325
1920 3266
1921 581
1922 552
1923 3711
1927 1916
1929 498
1933 2120
1937 798
1939 2564
1941 2616
1943 1070
1944 828
1944 897
1946 1130
1946 3167
1947 3412
1948 3234
1957 3226
1975 2024
1976 2770
1978 2283
1981 1390
1987 2773
1998 968
2003 3368
2005 201
2010 340
2012 531
2012 2155
2013 3368
2015 2535
2025 1448
2026 3646
2028 2750
2029 2258
2031 2955
2039 2613
2044 25
2046 3849
2047 82
2047 3522
2050 1648
2061 2695
2062 1840
2070 2806
2073 3426
2086 1251
2089 44
2090 2943
2092 2220
2097 2923
2100 3966
2102 3489
2102 3893
2103 461
2112 3479
2113 3971
2122 1687
2128 350
2133 382
2134 3219
2135 793
2135 2126
2137 1787
2138 2884
2140 1018
2141 1923
2150 125
2150 944
2152 3823
2153 3915
2157 1575
2158 882
2172 1904
2173 398
2179 1298
2186 2360
2188 761
2192 2773
2198 3286
2200 1367
2201 1871
2207 1984
2212 261
2214 2341
2218 2098
2218 3526
2218 3531
2219 326
2219 2337
2225 1720
2227 682
2228 2726
2232 2179
2234 1040
2245 1735
2247 3238
2248 385
2249 211
2259 477
2259 2908
2260 651
2271 3303
2275 3658
2281 2980
2284 1305
2287 4001
2289 1700
2290 769
2290 1842
2292 1043
2298 47
2301 982
2305 2996
2306 1885
2308 3289
2311 635
2311 1261
2313 3936
2318 3271
2320 2626
2335 2371
2335 2875
2337 191
2347 1870
2355 864
2358 2236
2359 3267
2364 909
2365 2797
2369 3612
2371 3255
2374 476
2374 2876
2380 2595
2381 285
2383 1766
2384 207
2385 1617
2387 1719
2397 2768
2400 3592
2401 1252
2404 1666
2404 2745
2407 3717
2408 3518
2409 2428
2410 243
2413 60
2415 707
2425 754
2431 794
2439 3267
2441 2638
2442 3559
2450 3164
2456 1065
2457 2402
2458 898
2458 980
2458 1915
2460 2932
2463 3238
2465 1502
2466 3526
2476 2236
2484 1164
2488 518
2491 3909
2492 3247
2496 2454
2499 197
2506 3663
2512 534
2515 3075
2516 3219
2517 901
2519 1348
2531 2986
2534 508
2535 1370
2536 1748
2540 2102
2541 223
2556 2864
2560 25
2562 689
2562 3069
2566 2852
2567 901
2569 2135
2569 3441
2571 338
2576 1641
2578 1589
2578 2739
2578 3308
2579 489
2592 2069
2596 1742
2597 3383
2599 3419
2601 2357
2602 1358
2604 2891
2614 1308
2619 3089
2626 195
2626 1629
2631 3537
2634 698
2645 2875
2648 3335
2650 2861
2654 2494
2655 877
2660 3969
2666 765
2666 920
2671 523
2672 584
2675 3203
2683 1991
2685 3335
2688 2568
2688 3741
2690 2325
2696 3525
2703 1795
2706 2407
2709 1309
2715 2342
2715 3014
2716 923
2717 2713
2719 51
2720 1933
2720 3660
2728 1339
2728 2902
2731 703
2734 19
2735 710
2741 2135
2742 1613
2742 3456
2743 406
2743 894
2743 2524
2744 1960
2751 3971
2753 397
2754 2588
2759 2458
2759 3994
2760 3482
2766 2945
2769 1513
2771 1623
2771 3624
2772 3158
2774 3091
2780 2345
2781 483
2785 2352
2794 410
2794 1701
2798 1747
2809 2840
2810 639
2813 402
2813 3880
2815 3967
2817 1662
2817 3203
2825 2640
2826 323
2833 3693
2834 455
2836 3259
2838 2440
2841 757
2841 2485
2845 1259
2850 884
2854 2737
2855 441
2865 1896
2866 2395
2867 2675
2870 202
2873 115
2873 1772
2881 3230
2882 1814
2882 3351
2882 3430
2883 3714
2884 2105
2886 3861
2888 6
2893 3905
2898 2197
2901 2871
2908 556
2912 782
2912 3150
2913 445
2913 1026
2915 2425
2917 427
2927 3645
2933 192
2933 3226
2936 859
2937 3352
2938 3941
2940 1615
2940 3865
2948 4
2952 1332
2952 4007
2953 861
2955 315
2959 2617
2967 3935
2969 705
2972 793
2972 1832
2973 503
2975 3055
2981 3478
2983 660
2983 2638
2988 3523
2993 3943
2995 1914
2997 3198
2998 3055
3004 947
3004 2422
3008 2575
3008 3257
3010 411
3010 1494
3015 3880
3017 2870
3017 3651
3022 646
3022 3584
3023 1132
3028 2160
3029 2611
3030 917
3030 1831
3032 224
3034 2100
3036 1811
3041 357
3042 2990
3043 1228
3047 2179
3050 1297
3051 1535
3052 3839
3056 2772
3058 1094
3058 1571
3058 2735
3064 858
3064 1391
3065 3335
3066 1686
3068 3867
3071 1248
3073 2700
3074 3048
3075 1193
3076 2324
3077 1185
3086 3392
3088 2117
3090 1514
3093 674
3097 1675
3102 1456
3104 1057
3105 1334
3105 2336
3112 1115
3113 498
3123 1913
3124 2165
3125 987
3126 553
3126 1477
3132 673
3135 137
3135 1116
3135 3580
3138 459
3140 3635
3145 1111
3149 3437
3150 651
3153 1365
3161 741
3166 2904
3173 3412
3178 3987
3179 2214
3186 2931
3188 342
3194 719
3197 1397
3197 2844
3201 1237
3203 1397
3203 1843
3207 2659
3209 1890
3212 3989
3213 991
3216 274
3218 974
3221 1432
3224 923
3227 2321
3228 3857
3230 1479
3241 2618
3242 2495
3250 45
3254 3500
3255 445
3258 3276
3261 941
3261 1441
3262 168
3267 1022
3269 543
3270 3440
3278 2700
3279 198
3286 1863
3288 3467
3292 1376
3295 597
3297 422
3299 2721
3303 2004
3310 2692
3313 583
3314 2863
3317 3922
3322 1037
3322 2175
3323 123
3325 1980
3333 2131
3336 4008
3339 652
3340 322
3345 1715
3345 2797
3347 3763
3349 3230
3349 3968
3350 3986
3352 2298
3356 3005
3360 2066
3363 586
3364 3234
3371 3270
3372 163
3380 3684
3386 2708
3388 786
3388 3505
3392 3117
3395 2951
3401 99
3401 1775
3403 743
3406 1783
3409 1638
3414 2764
3415 1614
3422 680
3427 573
3437 2608
3438 2284
3439 1346
3443 1579
3444 3661
3446 3198
3452 185
3452 2454
3463 3188
3465 1295
3465 2816
3465 3150
3467 381
3468 440
3474 2740
3492 3161
3493 214
3497 1555
3500 1419
3502 1355
3505 1324
3507 1520
3508 747
3512 2532
3517 103
3519 2820
3520 3317
3521 1684
3526 1531
3526 2735
3527 1589
3529 1116
3532 3599
3536 3822
3540 470
3556 2475
3557 2353
3566 355
3567 197
3567 1858
3567 2898
3567 3339
3568 3312
3571 2795
3574 2979
3578 3919
3581 3029
3584 1927
3592 1424
3597 2001
3598 3456
3601 942
3602 2376
3604 450
3604 2132
3610 1705
3610 3099
3614 3228
3615 322
3615 1236
3617 1798
3620 3108
3626 3670
3632 970
3635 3443
3647 1442
3648 307
3648 429
3648 472
3650 5
3654 3046
3657 2539
3663 1807
3666 380
3666 1403
3666 2131
3668 2523
3673 3059
3674 2898
3679 1480
3679 2177
3686 1389
3686 2967
3688 1434
3688 2580
3690 3485
3692 3714
3693 1778
3693 3646
3696 2432
3703 3805
3705 1098
3713 2843
3715 686
3716 579
3718 493
3718 3706
3722 314
3730 416
3732 2033
3736 1251
3737 2147
3737 3448
3747 1409
3748 2505
3757 2985
3762 3097
3764 995
3765 179
3770 842
3771 3738
3773 335
3777 400
3781 1277
3789 3668
3795 786
3796 870
3802 2107
3802 3034
3803 1983
3809 2555
3810 941
3812 156
3813 2605
3813 3817
3816 3609
3818 453
3819 3198
3821 2798
3826 2367
3828 3036
3829 950
3837 550
3845 3349
3866 3932
3867 1160
3867 2725
3871 253
3872 3387
3877 2548
3878 3708
3879 360
3885 534
3885 692
3886 4003
3895 1661
3897 2585
3901 1354
3902 935
3904 3725
3906 1429
3909 2110
3919 163
3923 2699
3925 1716
3926 84
3926 1530
3929 3635
3932 2020
3934 1508
3935 839
3937 3402
3943 903
3946 259
3948 441
3949 1719
3957 3688
3960 664
3963 1640
3963 2736
3966 1699
3968 1477
3969 2919
3972 2336
3973 2484
3977 3216
3978 971
3985 2909
3987 3479
3989 93
4000 3175
4001 127
4001 2817
4002 987
4004 2122
4006 2239
4009 3084
4013 158
4013 3658
4016 1127
4017 1400
4019 1593
4028 412
4031 2056
4033 1290
4037 3676
4038 781
4043 2356
4043 3457
4050 2435
4051 1630
4057 2043
4063 1062
4063 3220
4070 2882
4071 1308
4072 1364
4072 1896
4072 2021
4073 2426
4091 2376
4093 1198
4097 652
4105 3785
4107 69
4110 110
4110 1213
4110 3768
4112 3693
4113 1073
4122 434
4125 2188
4135 880
4135 1932
4138 3621
4141 2112
4142 601
4146 177
4149 819
4153 1055
4153 3727
4155 118
4156 460
4159 1694
4164 2243
4166 1896
4167 894
4175 76
4181 3507
4184 2621
4185 3503
4191 1819
4196 2274
4198 1942
4199 2179
4206 207
4210 1783
4215 2893
4218 3641
4221 194
4222 764
4223 1733
4225 2437
4226 2417
4227 2516
4228 332
4228 335
4230 744
4235 2309
4236 3669
4239 3014
4241 3174
4244 1515
4248 2010
4250 1824
4256 147
4258 731
4274 3537
4284 2822
4292 3282
4293 3529
4294 2856
4297 1301
4297 1856
4306 3725
4308 3876
4309 3174
4318 2623
4324 1338
4325 1443
4327 468
4328 702
4337 114
4340 2407
4345 602
4346 1061
4349 52
4349 838
4350 2716
4356 3821
4359 2630
4363 1299
4363 2886
4364 2280
4375 3067
4376 1023
4377 1222
4389 3890
4392 2904
4394 2107
4398 2688
4399 856
4400 1372
4400 1887
4410 723
4413 3847
4415 2341
4418 920
4418 1039
4418 3336
4425 795
4429 258
4436 2989
4437 2323
4443 2672
4445 3648
4446 3215
4448 2542
4450 2888
4452 2701
4456 642
4462 2078
4465 1993
4466 3888
4467 2504
4469 3727
4491 3359
4494 2365
4498 3636
4502 1866
4502 3871
4506 3456
4520 227
4520 3976
4528 2399
4529 1226
4529 3237
4532 33
4536 2671
4537 1498
4541 1293
4545 226
4549 1444
4550 816
4550 1232
4555 2410
4556 1262
4558 1584
4559 3679
4560 3886
4563 656
4564 1115
4566 2197
4568 2449
4578 3283
4581 1259
4581 3743
4583 78
4583 2514
4583 3321
4584 2493
4585 2103
4586 3590
4593 3657
4595 152
4595 279
4595 3271
4599 2637
4600 1552
4607 3493
4608 3181
4610 3107
4611 617
4611 1273
4613 222
4613 3247
4613 3564
4617 873
4620 1290
4624 1137
4629 2992
4629 3952
4631 1950
4636 3981
4637 1098
4640 3738
4645 264
4645 2264
4645 3707
4648 652
4654 1484
4655 2480
4656 67
4659 3066
4660 394
4661 2061
4662 3305
4666 1771
4672 2347
4673 2897
4680 881
4681 1089
4682 3783
4685 2313
4688 396
4690 3891
4692 2225
4692 2583
4699 3657
4701 1138
4710 1509
4710 2501
4711 2999
4715 2802
4716 1621
4716 2812
4720 3727
4726 1249
4728 1333
4731 1594
4732 1927
4734 1539
4736 3543
4738 1898
4740 2648
4744 2663
4746 1779
4749 2464
4753 321
4763 303
4763 508
4763 1998
4766 1104
4766 1927
4769 531
4770 2592
4771 824
4771 2388
4777 922
4777 3637
4778 3098
4779 3352
4782 3641
4789 3843
4791 1155
4792 1995
4795 1213
4796 1940
4796 2719
4798 1394
4798 3928
4805 3525
4812 1789
4815 2925
4817 18
4818 760
4818 1725
4820 169
4823 778
4823 1310
4827 3584
4828 1250
4831 2304
4837 1111
4842 3381
4848 1569
4850 1291
4853 41
4854 1530
4862 898
4867 3454
4869 1891
4873 2577
4873 3159
4874 696
4876 1076
4876 1481
4879 1529
4890 3168
4891 128
4893 1782
4895 3774
4898 1813
4899 2003
4903 2174
4905 2874
4906 3711
4908 3582
4912 2151
4913 2061
4913 3721
4917 3638
4920 2249
4928 2037
4930 1968
4931 3476
4933 1122
4933 1397
4936 1852
4936 2818
4937 3484
4940 455
4942 1894
4942 3965
4943 1843
4945 325
4946 537
4952 2423
4959 3174
4968 2129
4969 3047
4978 1638
4982 475
4987 1147
4987 2425
4990 2223
4993 3613
4996 1160
4997 1943
4998 2856
4998 3525
4999 1981
5001 717
5001 1922
5004 213
5004 3648
5005 1065
5012 3832
5013 155
5014 400
5015 2966
5016 1613
5018 306
5026 2387
5027 741
5029 991
5035 3879
5037 2198
5055 3083
5056 2691
5060 1268
5061 1674
5065 897
5070 1519
5074 847
5074 1212
5080 607
5084 1323
5084 1483
5088 1755
5090 270
5092 3546
5096 2597
5100 1711
5108 2776
5111 229
5112 3264
5116 3374
5117 835
5118 3471
5119 434
5119 3635
5120 2976
5121 2802
5122 1040
5123 1932
5125 469
5126 3845
5127 2883
5128 3437
5131 1308
5132 2051
5144 1104
5144 1616
5149 3058
5150 712
5150 1171
5152 330
5152 1413
5155 1105
5156 976
5158 2490
5163 3743
5165 2707
5165 3766
5166 1940
5168 3017
5168 3670
5170 3628
5176 1471
5178 2806
5181 2463
5190 1006
5196 3695
5202 9
5204 3212
5207 3090
5214 255
5215 761
5219 3073
5220 292
5222 3085
5224 2733
5228 2862
5230 1516
5238 1790
5242 1961
5242 2747
5253 3819
5255 792
5257 426
5259 3009
5260 3492
5263 863
5264 2090
5264 3665
5273 618
5276 888
5278 850
5278 2181
5281 1796
5287 1082
5287 3997
5288 1630
5288 3323
5294 3567
5295 1296
5296 1159
5300 429
5302 3652
5309 526
5310 2463
5311 2763
5314 255
5317 684
5318 2373
5318 3937
5322 873
5322 3436
5323 3976
5328 2721
5332 3931
5335 1731
5348 2471
5350 2927
5357 1312
5359 2864
5359 3373
5363 3010
5365 2982
5368 1395
5368 1502
5372 3303
5372 3662
5373 2108
5374 370
5374 2551
5380 2029
5382 3197
5384 1649
5389 3019
5394 2803
5396 3484
5399 3844
5407 2786
5412 204
5415 3810
5419 3720
5420 3414
5422 1757
5426 1297
5426 3601
5432 1505
5434 1968
5434 2506
5439 1908
5440 1472
5440 3587
5442 899
5446 945
5447 770
5454 231
5456 1979
5456 2461
5456 3326
5457 1363
5459 1718
5463 2897
5464 1846
5465 1179
5468 524
5469 30
5471 2224
5475 3240
5478 1528
5479 716
5481 3530
5484 1186
5484 2569
5484 2678
5494 2892
5497 487
5498 3544
5502 2748
5510 367
5510 2223
5510 3683
5511 2803
5515 2363
5516 932
5519 1754
5523 3766
5524 3280
5527 2355
5529 818
5530 3950
5532 1011
5533 1502
5535 3444
5536 1292
5542 1251
5549 2756
5550 3843
5551 716
5554 1465
5556 2662
5557 2095
5558 23
5558 1583
5558 2041
5559 1249
5560 1132
5562 3684
5564 686
5569 580
5573 2412
5573 3788
5576 1612
5580 3473
5584 3871
5586 198
5589 320
5594 1167
5595 3170
5596 2225
5598 1828
5599 497
5599 3124
5602 139
5606 3909
5609 3224
5609 3563
5610 1911
5613 2161
5617 641
5619 458
5623 1699
5627 2767
5630 1511
5631 778
5633 2825
5644 791
5647 2852
5652 1517
5654 201
5655 742
5658 1611
5658 2092
5666 1988
5666 3135
5667 376
5668 973
5669 3964
5671 966
5674 1133
5674 2155
5679 3974
5687 2904
5690 1667
5691 2684
5693 3424
5695 337
5697 1034
5699 12
5699 501
5702 1149
5703 1060
5703 2138
5705 3928
5706 1529
5707 3679
5720 2892
5724 3019
5729 2633
5734 2470
5738 1131
5738 3642
5741 183
5744 736
5747 210
5747 275
5756 3241
5758 2944
5759 1263
5762 2339
5769 2505
5770 147
5770 400
5772 2871
5773 3949
5775 846
5775 3108
5785 1783
5786 1571
5788 3717
5795 1083
5795 2324
5798 1972
5799 3209
5805 2930
5807 875
5807 1651
5809 3201
5814 3309
5815 3233
5818 43
5824 1242
5827 2406
5827 3762
5832 2127
5832 3403
5833 3214
5835 3541
5838 888
5840 3284
5845 2462
5849 1951
5851 1830
5858 1959
5861 174
5864 826
5867 3433
5870 1769
5871 1216
5876 4003
5877 1125
5881 3817
5889 2157
5889 2258
5892 2185
5893 171
5896 1982
5896 2094
5900 3290
5906 3438
5908 1884
5912 807
5917 2436
5918 986
5920 2790
5922 220
5924 1069
5926 3053
5929 422
5932 3557
5933 564
5938 1553
5940 2982
5948 3150
5950 2235
5954 3156
5955 2372
5955 3044
5959 2234
5962 272
5962 978
5963 3153
5964 963
5973 1841
5974 1244
5975 3474
5975 3865
5976 2461
5980 1626
5982 325
5982 976
5987 110
5990 235
5990 3886
5994 3430
5999 3574
6000 795
6002 1187
6004 1605
6004 2914
6004 3288
6005 1964
6005 2862
6007 3568
6011 714
6011 2428
6014 163
6019 1052
6020 3474
6021 1434
6022 1330
6023 3450
6030 656
6033 1317
6033 2198
6034 1074
6041 832
6044 3459
6047 2645
6049 2265
6051 829
6051 3454
6052 16
6052 4010
6058 3836
6069 223
6070 3455
6071 1487
6072 2253
6080 3798
6084 260
6091 1809
6091 3790
6092 1098
6093 2870
6095 2618
6096 1295
6097 203
6103 2751
6106 465
6107 112
6112 372
6116 1836
6118 1298
6120 2554
6120 2650
6122 2171
6124 3258
6125 2394
6129 2024
6129 2380
6131 3628
6132 1414
6133 1523
6139 2509
6143 3377
6145 2037
6146 1710
6147 190
6154 2803
6158 3150
6161 2572
6161 2614
6168 3657
6169 969
6170 3296
6173 1034
6176 81
6179 845
6179 1376
6188 3491
6192 3122
6193 2629
6193 2795
6193 3688
6194 219
6197 3578
6198 4012
6199 253
6214 1849
6217 2821
6218 3079
6219 3915
6224 628
6229 3716
6231 2482
6237 3453
6238 896
6247 214
6249 45
6254 817
6256 3948
6257 789
6258 1374
6264 848
6266 572
6267 1109
6268 1807
6268 1813
6268 3882
6279 331
6281 3628
6282 543
6283 1630
6285 183
6286 2347
6294 3428
6295 3236
6296 2335
6301 225
6301 865
6302 493
6308 998
6313 1322
6313 3401
6315 288
6316 734
6321 3658
6322 2340
6324 840
6324 1058
6327 2375
6328 1180
6330 2620
6335 3115
6337 87
6341 2635
6349 3619
6354 463
6354 2640
6357 1055
6358 2365
6358 2707
6361 850
6363 2807
6368 1205
6369 2277
6371 2528
6377 543
6378 2670
6380 2202
6385 3486
6386 1624
6387 619
6390 1022
6391 2728
6394 164
6401 2888
6402 1903
6402 2008
6402 2272
6402 2563
6403 1195
6405 1967
6408 738
6408 2935
6415 1785
6417 2733
6418 3591
6419 753
6425 608
6425 3236
6427 873
6429 2962
6432 1286
6433 1569
6434 2055
6434 2755
6434 3227
6435 3207
6435 3338
6435 3840
6446 899
6447 2128
6449 2377
6451 3663
6452 1164
6461 1630
6464 314
6465 1997
6467 1215
6468 136
6472 2755
6476 132
6479 3251
6481 3238
6482 978
6482 1915
6483 444
6483 1384
6484 3018
6503 811
6503 3585
6515 308
6519 2914
6520 1519
6520 3090
6524 1263
6525 965
6528 3040
6529 1243
6539 1494
6540 2739
6545 3374
6546 3386
6553 1270
6554 515
6559 823
6559 3023
6560 2354
6560 3256
6573 1118
6575 2725
6579 372
6582 3278
6594 281
6594 849
6598 3755
6603 3672
6606 2580
6607 111
6609 3788
6610 1493
6611 1777
6611 3731
6616 982
6623 3153
6624 1857
6625 2140
6630 2484
6631 887
6632 1335
6632 3900
6633 2815
6636 3862
6638 1303
6642 872
6647 1907
6649 2969
6651 1366
6654 96
6657 2213
6660 980
6665 3076
6677 2164
6681 1873
6686 1933
6691 3977
6699 339
6701 1674
6706 947
6716 397
6717 240
6717 1789
6719 2445
6719 2627
6720 860
6725 915
6726 3925
6732 3267
6736 241
6737 2687
6739 3064
6751 1090
6753 1382
6756 195
6756 1021
6759 1563
6759 3193
6765 1331
6770 9
6771 3127
6773 3742
6775 2166
6778 3311
6783 4003
6785 2289
6788 2454
6792 2690
6792 3380
6796 2196
6798 3856
6802 2921
6803 3719
6804 3757
6805 2679
6807 1510
6808 3610
6810 2114
6812 1544
6813 639
6813 1862
6814 196
6818 3047
6825 3694
6831 3507
6833 2161
6836 1765
6836 2002
6836 2795
6838 2301
6839 3018
6840 3795
6844 2076
6845 2809
6848 2452
6855 2015
6856 2350
6860 2252
6861 2032
6870 1531
6872 2345
6873 995
6874 2761
6876 2723
6876 3951
6877 2914
6886 2896
6889 176
6898 425
6899 2796
6899 2874
6902 2938
6902 3234
6903 3390
6929 3098
6930 2716
6936 2587
6939 3608
6943 1689
6946 398
6956 1727
6958 1898
6959 333
6960 3922
6962 414
6962 746
6964 2788
6966 2512
6981 509
6981 965
6984 1376
6986 1782
6987 654
6992 381
7001 1467
7001 3996
7004 3958
7007 3038
7009 318
7011 2489
7012 540
7017 3599
7018 771
7024 1181
7024 2903
7025 3257
7026 3129
7029 2770
7030 193
7039 1123
7048 3691
7049 2430
7049 3845
7057 1586
7063 448
7066 649
7071 170
7071 2873
7074 2173
7079 3441
7079 3974
7085 234
7088 864
7088 1128
7091 3884
7092 572
7092 2493
7093 2312
7093 3107
7094 892
7094 1697
7098 3059
7101 763
7103 274
7106 3541
7107 158
7108 1321
7110 1007
7117 3741
7121 236
7129 718
7130 1423
7132 3263
7136 2734
7140 425
7143 1977
7144 2128
7145 3129
7147 3030
7163 2287
7164 92
7176 2299
7178 1650
7179 458
7182 3260
7195 1880
7196 3486
7197 2912
7199 333
7199 365
7201 883
7201 2344
7212 1346
7212 2341
7217 2352
7225 207
7225 594
7230 2137
7233 2879
7234 3871
7236 2825
7244 3470
7251 180
7254 3853
7256 3975
7269 3361
7273 1245
7275 406
7275 593
7275 2535
7278 1748
7281 2919
7282 3523
7291 1830
7294 706
7297 736
7302 1397
7314 2767
7319 800
7321 3829
7326 3216
7328 807
7329 350
7338 690
7338 1974
7341 104
7341 109
7353 688
7354 301
7357 810
7358 1113
7363 2101
7366 3784
7379 1304
7380 1967
7383 3814
7384 1248
7388 1979
7389 1395
7391 1367
7392 669
7393 795
7403 1198
7407 3522
7413 482
7414 2272
7415 1664
7427 337
7427 696
7427 4006
7429 3665
7430 2316
7432 3376
7433 2737
7436 1481
7440 2575
7448 220
7448 713
7452 3922
7453 2004
7455 30
7459 1452
7460 1166
7461 3902
7470 166
7473 497
7481 3246
7483 494
7484 3011
7495 2157
7497 1416
7497 3437
7499 3613
7507 1451
7509 3916
7516 1886
7521 2255
7523 3313
7524 322
7524 2923
7525 2444
7525 3009
7528 383
7539 24
7539 1782
7541 12
7542 1751
7544 3798
7545 308
7545 1962
7547 266
7548 3857
7550 997
7552 3224
7559 3678
7561 3301
7567 2044
7569 553
7573 2029
7575 3422
7577 277
7577 689
7578 2076
7580 1054
7581 2504
7586 714
7586 1913
7589 1562
7589 2382
7591 3193
7595 150
7597 843
7597 1493
7597 2299
7601 1473
7601 3163
7602 2403

