1156 143 2088
1 1
1 5
1 6
1 10
1 109
2 3
2 126
2 127
2 132
3 102
4 31
4 91
4 101
4 113
5 22
5 70
5 72
5 131
6 61
6 132
8 22
8 34
8 130
9 13
9 83
9 105
9 126
10 54
12 94
12 123
14 41
15 44
15 91
15 139
17 34
17 141
18 109
20 50
20 138
21 30
21 41
21 106
21 127
22 10
22 32
22 88
22 116
24 28
24 42
24 44
25 67
25 143
27 109
27 139
30 2
30 59
31 17
31 32
31 139
32 52
32 120
33 31
34 65
34 139
35 13
36 12
36 53
36 102
36 123
36 141
37 13
39 20
39 24
39 78
39 82
39 93
39 141
40 65
40 114
40 126
41 9
41 29
41 62
42 90
43 30
45 60
45 94
46 23
46 63
47 51
48 21
48 23
48 68
48 83
48 96
48 98
49 30
49 35
49 46
49 64
49 124
50 104
50 107
51 45
51 87
52 137
53 115
54 29
54 30
54 41
54 97
54 105
56 60
57 69
57 137
58 9
58 16
58 121
59 14
59 79
60 23
60 46
61 45
61 95
62 6
62 62
62 86
64 94
64 136
64 141
65 10
65 139
66 73
66 110
67 13
67 135
68 72
68 83
69 67
71 55
71 115
71 136
72 77
73 11
73 93
74 52
76 130
77 122
78 14
78 24
78 132
79 22
79 116
80 74
81 42
82 143
83 75
84 58
84 134
85 1
85 132
86 53
86 132
87 27
87 45
87 49
88 40
88 62
88 86
88 99
88 112
88 120
89 10
90 15
90 70
90 139
91 4
91 37
92 3
93 27
93 90
94 71
94 139
95 75
96 81
96 132
97 86
98 67
98 142
99 127
100 23
100 56
101 9
101 123
102 142
104 59
104 85
104 130
105 68
107 62
107 77
107 114
108 31
109 19
109 119
109 142
110 102
111 56
112 58
112 64
112 131
112 142
113 5
113 20
113 60
113 66
115 66
116 38
116 52
116 59
117 44
118 80
118 88
118 131
119 101
120 91
121 14
121 88
123 106
124 38
125 21
125 23
125 38
125 98
126 50
126 80
127 5
127 18
127 19
127 73
127 80
127 86
128 17
128 32
128 51
128 117
129 72
130 15
130 61
130 85
130 124
132 41
132 71
134 12
134 28
135 36
135 38
135 93
135 105
136 40
136 125
137 58
138 43
138 47
138 50
138 63
138 120
139 11
139 64
139 122
139 123
140 19
140 62
143 19
143 67
144 137
145 8
146 23
146 142
147 71
148 6
149 73
149 77
149 135
150 90
150 106
151 8
151 123
151 130
151 140
154 37
154 71
154 111
155 30
155 120
157 15
162 31
163 21
163 52
163 102
163 107
164 6
164 107
165 41
165 73
165 130
165 135
167 100
168 42
169 92
169 97
169 128
170 17
170 34
170 50
170 140
171 19
171 27
171 54
172 140
173 80
174 110
174 111
175 106
175 123
175 132
176 113
178 85
179 43
179 88
179 89
179 133
179 138
179 139
182 7
182 108
182 127
183 13
183 58
184 54
185 4
185 94
186 22
186 44
186 72
188 11
189 64
190 36
190 120
190 122
191 8
191 82
191 94
191 117
192 75
193 70
193 117
195 101
196 10
197 1
197 138
198 11
198 124
199 11
200 65
200 111
202 75
202 131
203 142
204 45
204 49
205 91
206 102
207 112
207 133
208 6
209 89
210 56
210 94
211 7
211 44
211 141
212 54
213 24
213 41
213 64
213 94
214 85
214 86
214 120
214 130
215 17
215 135
217 61
217 97
217 143
218 61
219 112
220 42
221 120
222 64
222 139
224 10
224 117
224 131
225 142
226 18
226 136
227 54
228 127
231 27
231 29
231 38
231 75
232 18
232 30
232 67
232 69
233 25
233 120
234 24
234 108
234 130
235 120
236 3
236 70
236 113
237 1
237 5
237 80
237 113
238 29
239 53
240 140
241 25
241 65
241 93
242 121
242 140
243 129
244 8
244 22
244 28
244 35
244 76
245 125
248 112
248 121
249 84
250 4
250 34
250 143
251 76
251 114
251 118
252 73
253 28
253 125
254 19
255 115
256 50
256 84
257 51
257 107
257 116
259 43
259 134
261 76
262 18
262 65
263 80
263 92
264 22
264 33
264 58
264 63
264 95
264 111
265 17
265 65
266 66
266 139
268 8
268 41
268 91
268 104
268 122
269 77
269 108
269 122
270 2
270 15
271 21
271 56
272 130
273 14
273 36
273 56
273 66
274 3
274 62
275 43
276 3
276 40
276 116
277 46
277 142
279 24
280 21
280 27
280 30
281 42
281 71
282 33
283 69
283 122
285 136
286 1
286 16
286 109
287 1
287 90
287 123
288 12
288 39
288 76
288 127
289 14
289 30
292 107
292 136
293 21
293 36
293 71
293 103
294 56
294 74
294 83
295 16
295 21
295 60
295 101
296 79
296 120
297 28
297 86
297 106
297 118
299 38
299 117
300 71
300 134
300 135
301 122
302 29
303 6
303 16
304 45
304 55
304 129
305 28
305 29
305 33
305 108
305 121
306 20
306 97
306 130
307 23
308 5
308 8
308 85
311 15
311 99
312 80
313 5
314 80
316 3
316 67
316 93
316 97
316 109
317 96
318 31
318 52
318 127
319 100
320 13
320 87
321 38
321 97
322 6
322 95
322 125
323 29
323 56
323 62
323 118
324 7
324 68
324 103
324 141
325 37
325 52
325 129
326 45
326 106
328 87
329 59
329 65
329 104
330 17
330 64
330 95
330 115
331 122
332 84
332 130
333 46
333 68
333 77
334 32
335 33
335 99
337 52
338 12
338 66
338 69
339 5
339 17
339 72
340 6
341 83
341 95
342 13
343 13
343 47
343 72
343 95
343 97
344 100
345 39
345 45
345 59
345 67
345 96
345 125
345 128
346 87
346 143
347 130
349 100
349 101
350 115
351 137
352 1
352 99
353 12
353 63
356 17
356 65
357 43
357 55
357 62
357 133
360 51
361 68
362 64
362 74
365 12
365 72
365 128
366 4
367 55
367 97
367 133
368 54
368 117
369 79
371 10
371 56
372 73
373 78
373 92
373 123
374 10
374 26
374 35
374 49
374 64
374 78
375 132
375 140
376 128
378 13
378 98
378 100
378 143
379 13
380 38
380 87
381 123
382 60
382 88
382 89
382 142
383 37
383 119
384 34
384 90
385 64
385 140
386 3
386 137
386 141
388 9
388 13
388 72
389 6
389 118
390 71
391 25
391 49
391 88
393 31
393 86
393 95
393 130
394 84
396 4
396 13
396 103
396 112
396 127
397 1
397 117
397 124
397 136
399 9
400 55
400 76
400 141
401 14
402 35
403 32
403 64
406 92
406 97
406 107
407 12
410 12
410 74
410 137
410 141
411 134
412 2
412 53
412 78
414 10
414 39
414 92
414 122
415 37
415 59
416 17
417 19
417 27
417 102
419 54
419 82
420 3
420 18
420 32
420 51
420 80
421 66
421 133
422 19
422 40
423 70
424 37
424 70
424 89
424 96
425 18
425 88
426 133
428 121
429 3
429 102
430 117
433 110
434 46
434 114
436 26
436 99
436 109
436 114
436 130
437 70
438 14
439 32
439 35
439 68
440 61
443 76
444 15
445 49
445 132
446 52
446 115
446 125
447 27
447 93
448 19
448 30
448 59
448 62
448 126
449 108
451 10
451 24
451 30
451 33
451 82
452 137
453 30
453 62
453 68
453 70
454 58
455 141
456 49
457 15
457 23
457 64
457 90
457 93
459 88
459 126
460 124
460 139
463 73
464 139
465 125
467 55
467 73
467 80
467 117
469 56
469 139
470 18
470 94
472 10
472 104
473 45
473 76
473 88
473 92
474 95
475 53
475 64
475 91
475 134
476 3
477 19
477 68
477 79
478 60
478 78
478 117
479 19
479 46
479 62
479 91
480 119
482 73
482 103
482 115
484 32
484 45
485 91
485 128
486 97
487 128
488 114
489 68
489 77
491 2
491 109
491 124
492 42
493 89
493 94
493 112
493 141
494 3
494 23
494 117
495 83
496 35
496 41
496 90
496 121
498 47
499 102
499 113
499 115
499 135
499 142
500 35
501 10
501 19
501 40
501 60
501 64
501 94
501 97
502 71
502 84
502 89
503 17
503 49
503 90
504 4
504 141
505 4
505 110
506 16
506 42
506 83
506 86
506 112
507 65
508 36
508 67
509 62
511 3
511 24
511 84
511 102
512 53
513 39
514 38
515 10
515 128
516 19
516 23
516 86
517 69
518 4
518 26
519 1
520 3
520 31
523 132
525 28
525 82
525 88
526 16
527 39
528 7
528 55
530 5
530 23
530 110
531 75
532 62
532 66
533 78
534 106
535 80
536 36
536 80
538 91
538 131
539 21
539 25
539 94
540 94
541 6
541 21
542 22
542 24
542 53
542 138
542 141
543 37
543 100
543 112
544 5
544 82
544 116
544 134
545 68
545 95
547 5
547 23
547 76
547 137
548 37
548 57
548 135
549 41
550 32
550 38
550 55
550 137
551 132
552 140
553 64
553 74
554 104
554 140
555 5
555 89
556 21
557 130
559 40
560 10
560 89
562 27
562 125
563 103
564 66
565 10
565 17
565 90
567 76
567 98
568 34
568 45
568 113
569 53
571 29
571 52
571 94
571 102
572 61
572 79
572 101
572 108
574 45
575 45
575 115
575 123
576 21
576 118
577 109
577 112
578 98
578 113
578 120
579 10
579 52
579 118
580 74
581 20
581 63
581 94
581 140
582 84
583 70
583 113
584 6
584 31
584 102
586 81
586 84
587 83
588 26
588 74
588 85
589 81
589 120
590 79
590 97
591 12
591 45
592 105
593 10
593 16
593 135
594 83
594 88
595 49
596 37
598 4
598 47
599 16
600 2
600 57
600 60
600 107
600 114
600 125
601 7
601 63
603 40
603 131
605 87
605 127
606 32
606 42
607 100
608 1
608 131
609 110
610 62
610 81
611 24
612 34
613 24
613 69
613 87
613 129
614 55
615 5
615 64
615 121
616 17
616 91
616 133
617 102
618 19
618 55
618 102
618 128
618 136
619 30
619 132
620 17
620 29
621 61
621 126
622 78
625 35
626 31
626 121
627 55
628 78
632 15
632 46
632 97
632 116
632 119
634 92
635 123
636 12
636 49
637 52
637 133
638 11
638 45
638 62
639 16
640 23
640 61
640 108
641 89
642 5
642 43
643 42
643 51
643 66
643 70
643 75
644 86
645 36
645 90
646 52
647 58
647 117
647 138
648 123
649 9
649 34
649 95
650 97
651 12
651 14
651 32
652 23
653 23
653 50
653 97
658 23
658 30
659 48
659 50
660 53
660 139
662 86
662 94
663 114
663 129
664 34
665 122
665 125
665 140
666 3
667 89
667 91
669 17
669 96
669 102
671 62
671 105
671 118
672 124
673 136
674 65
674 107
674 134
675 20
676 23
676 39
676 40
676 140
677 46
677 79
677 94
678 8
678 86
678 102
678 127
680 19
681 58
682 66
683 94
684 133
685 66
686 3
686 112
687 34
687 44
687 76
687 80
687 109
688 3
689 36
690 31
690 50
690 79
690 120
691 110
692 64
692 113
693 9
694 12
694 16
694 105
694 138
695 56
695 75
696 17
696 91
697 8
697 14
697 25
697 31
698 6
698 95
699 124
699 137
700 132
701 10
701 58
702 78
703 12
703 38
703 94
703 111
704 31
705 12
705 86
705 127
706 19
706 23
706 41
707 40
707 116
707 135
708 49
708 79
708 138
709 50
709 80
709 126
710 52
711 12
711 28
711 32
711 69
711 71
712 85
713 103
714 19
714 112
715 93
715 108
716 67
716 85
717 82
717 126
718 109
719 71
719 126
720 53
720 102
720 104
720 108
722 24
723 60
725 19
726 85
726 87
726 104
727 17
727 90
727 104
728 74
730 68
730 76
731 2
731 21
731 68
731 103
731 139
734 73
735 3
735 111
735 125
736 32
736 59
736 70
737 22
737 23
737 88
737 129
738 114
739 127
740 6
740 20
740 132
741 13
741 56
741 105
741 106
741 112
742 3
742 103
743 17
743 73
744 41
746 141
747 27
747 36
747 52
748 126
749 1
749 87
749 123
749 138
750 29
750 85
752 111
753 99
754 20
755 135
756 48
757 31
757 39
760 126
760 130
761 104
761 106
763 101
765 29
765 32
765 71
765 103
766 95
766 105
767 72
768 64
769 40
771 80
771 117
771 138
772 77
774 33
776 19
776 35
776 62
776 111
776 133
779 16
779 36
780 1
780 109
781 19
781 27
781 95
782 60
782 115
782 131
783 26
783 66
784 12
784 23
784 57
784 127
784 136
785 87
785 127
786 5
786 92
787 90
787 126
787 135
788 67
788 141
789 90
789 140
790 45
790 60
791 58
791 128
791 135
792 60
792 127
794 26
794 29
794 60
794 69
794 76
796 24
797 126
798 22
798 67
798 81
799 10
799 74
800 6
800 50
801 3
802 4
802 87
802 118
803 12
803 82
803 88
803 99
805 32
806 11
809 126
810 1
811 3
811 36
811 141
812 123
813 37
814 19
814 32
814 95
814 99
814 109
814 119
814 127
815 3
815 64
815 141
817 71
819 15
819 122
820 20
820 26
820 107
820 116
821 13
821 53
821 110
821 131
822 49
822 79
823 41
823 121
824 49
824 100
826 104
827 96
828 59
828 61
828 74
829 31
829 60
829 100
829 102
829 105
830 79
831 10
831 14
831 108
832 5
832 65
832 95
832 107
832 132
834 137
835 101
836 28
836 63
837 17
837 25
837 78
838 44
838 106
838 127
839 18
839 108
839 111
840 93
842 111
843 23
843 130
844 55
844 68
844 70
844 99
844 105
845 1
845 22
845 39
845 72
845 73
845 125
846 8
846 61
847 19
847 61
848 89
848 103
849 35
849 134
850 83
852 44
852 92
852 94
852 103
853 46
853 107
854 8
854 36
854 76
854 110
855 85
855 97
856 51
856 109
857 35
859 61
860 7
860 103
861 26
861 43
863 18
863 23
863 44
863 52
863 93
866 26
867 32
867 80
867 131
869 42
869 43
869 88
869 113
869 116
869 142
870 13
871 26
871 31
871 35
871 73
872 13
872 72
872 88
873 58
873 115
874 125
874 137
875 1
876 115
878 62
878 70
878 100
878 108
878 138
880 108
881 133
882 17
882 91
883 4
883 62
883 84
883 117
883 138
884 7
884 120
886 22
886 54
886 78
886 106
888 46
889 17
889 67
889 135
890 49
890 58
890 77
890 78
890 139
891 35
891 37
891 134
892 57
892 122
893 37
893 91
893 93
893 110
893 113
895 139
896 80
896 87
896 110
898 16
898 76
900 84
900 112
901 82
902 127
903 5
904 11
904 68
905 5
905 47
905 54
905 59
905 72
907 85
907 113
907 137
908 25
908 79
908 83
908 106
909 48
910 33
910 75
911 65
911 73
912 59
912 109
913 19
913 40
914 60
914 121
915 31
916 25
916 92
917 3
917 16
917 77
917 122
919 10
919 33
919 61
920 21
920 26
920 55
920 112
921 114
922 43
923 52
923 68
924 9
924 85
925 8
925 42
925 116
926 58
926 64
926 134
927 130
928 81
929 47
929 85
929 101
929 132
930 130
930 133
932 61
932 112
932 143
933 60
933 61
934 117
934 137
935 12
936 5
937 87
937 133
938 35
939 60
939 143
940 30
940 58
940 120
941 93
941 137
942 40
942 64
945 28
945 97
945 102
946 27
946 61
947 108
948 128
950 30
950 67
951 17
951 18
952 86
952 118
953 6
953 131
953 139
954 97
957 11
957 65
958 58
958 111
959 46
959 115
960 5
960 48
960 95
960 122
961 10
961 36
962 16
962 25
963 76
964 100
965 9
965 118
966 38
966 139
966 140
968 63
968 98
970 70
970 126
971 63
972 57
974 122
974 125
977 57
977 91
977 94
978 109
979 63
979 67
979 79
979 106
979 113
979 122
979 133
981 43
982 2
982 20
982 78
982 142
983 17
983 26
983 45
983 82
984 91
985 79
985 125
986 2
986 5
986 28
986 91
989 75
989 96
990 43
990 64
990 68
990 139
991 16
991 114
992 121
993 33
993 38
993 53
993 94
994 92
995 5
995 23
996 73
996 90
996 120
997 35
997 129
998 14
999 70
999 80
1002 118
1003 57
1003 91
1003 101
1003 105
1003 139
1004 98
1005 93
1005 107
1006 13
1007 25
1008 103
1009 9
1009 35
1009 69
1009 97
1009 139
1010 129
1011 128
1013 39
1014 48
1015 44
1015 50
1015 106
1016 33
1016 94
1017 71
1017 121
1017 122
1017 125
1018 22
1018 35
1018 115
1019 70
1019 84
1020 2
1020 45
1020 51
1020 57
1020 128
1022 3
1022 43
1023 47
1023 55
1024 53
1024 85
1024 121
1025 48
1025 57
1025 105
1027 20
1027 55
1027 68
1027 92
1027 114
1028 111
1028 132
1029 77
1029 142
1034 15
1034 34
1034 113
1034 116
1035 34
1036 25
1036 52
1036 137
1036 141
1037 98
1037 142
1038 37
1039 68
1039 90
1041 98
1041 104
1041 110
1041 113
1042 19
1042 42
1042 74
1042 80
1042 83
1043 6
1043 12
1043 102
1044 89
1045 102
1045 111
1046 30
1046 43
1047 25
1047 77
1047 107
1048 35
1049 75
1050 52
1050 110
1052 63
1052 86
1052 112
1052 136
1052 139
1054 64
1055 84
1055 108
1056 39
1057 88
1057 89
1058 34
1059 17
1059 44
1061 28
1062 10
1062 139
1063 33
1063 60
1063 90
1065 46
1065 50
1065 90
1066 77
1066 84
1066 137
1067 39
1067 40
1069 79
1072 36
1074 52
1074 81
1074 112
1075 58
1078 53
1079 96
1080 29
1080 54
1081 6
1081 69
1082 61
1083 75
1084 72
1084 133
1085 73
1086 8
1086 27
1086 47
1087 38
1087 114
1089 20
1089 87
1091 56
1091 79
1092 49
1092 80
1093 114
1094 24
1094 58
1094 61
1094 94
1095 34
1095 50
1095 54
1095 71
1095 72
1095 111
1096 7
1096 16
1096 19
1096 76
1096 83
1096 85
1096 120
1097 102
1097 134
1099 96
1100 138
1101 52
1102 17
1102 29
1103 47
1104 124
1105 22
1105 44
1105 126
1106 31
1106 32
1106 93
1107 19
1108 68
1108 76
1108 102
1109 136
1110 107
1111 14
1111 37
1111 40
1112 109
1113 47
1113 77
1114 59
1114 74
1115 58
1116 129
1117 114
1120 74
1120 107
1120 112
1121 86
1122 113
1123 10
1124 50
1124 76
1125 47
1125 57
1125 84
1126 58
1126 70
1127 49
1129 15
1130 6
1130 7
1130 34
1130 68
1133 121
1133 141
1135 39
1135 65
1135 106
1137 25
1137 30
1137 55
1137 97
1138 137
1139 24
1140 48
1140 111
1141 59
1141 110
1141 122
1141 133
1142 20
1142 97
1142 103
1142 124
1143 7
1143 60
1144 67
1144 91
1145 126
1147 30
1147 72
1148 58
1148 107
1149 20
1149 36
1149 37
1149 53
1149 104
1150 20
1150 31
1150 80
1152 96
1153 96
1154 109
1155 20
1156 37
1156 90

