98 5934 4129
1 1
1 356
1 583
1 702
1 834
1 1076
1 1124
1 1279
1 1536
1 1602
1 1727
1 1843
1 1997
1 2135
1 2182
1 2277
1 2328
1 2526
1 2911
1 3075
1 3331
1 3620
1 3644
1 3866
1 4293
1 4317
1 4553
1 4709
1 4819
1 4885
1 4897
1 5049
1 5269
1 5366
1 5414
1 5528
2 156
2 177
2 344
2 464
2 515
2 595
2 767
2 1090
2 1252
2 1392
2 1486
2 1585
2 1674
2 1787
2 2148
2 2210
2 2335
2 2472
2 2779
2 2794
2 2914
2 3254
2 3322
2 4027
2 4041
2 4232
2 4359
2 4570
2 4621
2 4655
2 4715
2 5313
2 5454
2 5458
2 5574
2 5749
2 5813
3 278
3 339
3 542
3 632
3 1099
3 1144
3 1344
3 2030
3 2149
3 2166
3 2344
3 2730
3 2781
3 2796
3 3220
3 3248
3 3894
3 4148
3 4161
3 4340
3 5030
3 5840
4 100
4 111
4 589
4 683
4 727
4 781
4 976
4 996
4 1281
4 1370
4 1436
4 1480
4 1647
4 1987
4 2155
4 2313
4 2517
4 2570
4 2758
4 2762
4 2799
4 2925
4 2963
4 3007
4 3023
4 3064
4 3071
4 3200
4 3241
4 3249
4 3402
4 3483
4 3521
4 3790
4 4009
4 4108
4 4302
4 4459
4 4492
4 4530
4 4785
4 4976
4 5357
4 5407
4 5870
4 5907
5 159
5 235
5 314
5 390
5 485
5 801
5 983
5 994
5 1025
5 1089
5 1152
5 1239
5 1347
5 1535
5 1638
5 1810
5 1892
5 1940
5 2127
5 2137
5 2141
5 2376
5 2486
5 2551
5 2714
5 2937
5 2965
5 3042
5 3415
5 3492
5 3561
5 3587
5 3656
5 3695
5 3894
5 3912
5 3999
5 4026
5 4055
5 4087
5 4198
5 4515
5 5126
5 5157
5 5311
5 5490
5 5496
5 5514
5 5537
5 5832
6 25
6 278
6 409
6 616
6 675
6 930
6 1593
6 1775
6 1845
6 1942
6 2282
6 2298
6 2323
6 2350
6 2440
6 2463
6 2541
6 2655
6 3099
6 3126
6 3268
6 3272
6 4061
6 4132
6 4164
6 4329
6 4476
6 4484
6 4565
6 4647
6 4801
6 4809
6 4928
6 5067
6 5181
6 5276
6 5566
6 5660
6 5802
6 5823
7 21
7 307
7 437
7 488
7 540
7 717
7 925
7 945
7 1297
7 1299
7 1539
7 1568
7 1602
7 1635
7 1667
7 1851
7 1857
7 2000
7 2262
7 2370
7 2846
7 2940
7 3184
7 3299
7 3303
7 3384
7 3501
7 3584
7 3695
7 3854
7 4076
7 4192
7 4486
7 4578
7 4606
7 4963
7 5030
7 5224
7 5230
7 5254
7 5292
7 5541
7 5681
7 5807
8 183
8 414
8 418
8 483
8 598
8 726
8 1577
8 1585
8 1614
8 1667
8 2002
8 2123
8 2298
8 2369
8 2561
8 2624
8 2627
8 2650
8 2677
8 2721
8 3285
8 3557
8 3779
8 3884
8 3951
8 4008
8 4043
8 4421
8 4536
8 4729
8 5053
8 5113
8 5151
8 5213
8 5280
8 5281
8 5308
8 5457
8 5544
8 5618
8 5850
8 5920
9 633
9 735
9 1158
9 1179
9 1194
9 1303
9 1429
9 1533
9 1585
9 1597
9 1660
9 1661
9 2189
9 2214
9 2277
9 2374
9 2547
9 2997
9 3031
9 3488
9 3654
9 3697
9 3791
9 3838
9 3960
9 4068
9 4092
9 4251
9 4480
9 4738
9 4978
9 5087
9 5685
9 5726
9 5793
10 112
10 198
10 266
10 303
10 404
10 441
10 764
10 1247
10 1390
10 1405
10 1457
10 1695
10 1886
10 2041
10 2169
10 2225
10 2323
10 2392
10 2456
10 2867
10 2938
10 3113
10 3131
10 3213
10 3308
10 3472
10 3615
10 3640
10 3800
10 3843
10 3915
10 4014
10 4265
10 4379
10 4479
10 4656
10 4828
10 4857
10 4911
10 4929
10 4987
10 5009
10 5103
10 5116
10 5163
10 5357
10 5389
10 5437
10 5478
10 5607
10 5635
10 5852
10 5881
11 26
11 94
11 312
11 319
11 403
11 412
11 416
11 435
11 540
11 854
11 1079
11 1566
11 1845
11 1954
11 2011
11 2078
11 2159
11 2358
11 2783
11 2923
11 3136
11 3501
11 3692
11 3804
11 3917
11 4308
11 4473
11 4635
11 4723
11 4988
11 5104
11 5107
11 5171
11 5317
11 5366
11 5599
11 5631
11 5857
11 5905
12 287
12 560
12 857
12 912
12 913
12 1011
12 1335
12 1419
12 1422
12 1757
12 1847
12 1936
12 1945
12 2018
12 2056
12 2119
12 2451
12 2555
12 2847
12 2900
12 2958
12 2974
12 2991
12 3160
12 3622
12 3696
12 4093
12 4342
12 4397
12 4458
12 4606
12 4718
12 4746
12 4960
12 4979
12 5010
12 5044
12 5308
12 5375
12 5470
12 5584
12 5726
12 5733
12 5769
12 5802
12 5867
12 5890
13 167
13 558
13 639
13 665
13 682
13 751
13 1019
13 1057
13 1086
13 1115
13 1239
13 1272
13 1355
13 1515
13 1778
13 2034
13 2069
13 2644
13 2762
13 2768
13 2785
13 2862
13 2994
13 2999
13 3040
13 3056
13 3107
13 3119
13 3367
13 3456
13 3713
13 4027
13 4241
13 4338
13 4384
13 4444
13 4559
13 4586
13 4587
13 4723
13 4877
13 4888
13 4983
13 4986
13 5038
13 5142
13 5254
13 5363
13 5456
14 136
14 166
14 289
14 559
14 812
14 844
14 900
14 912
14 1034
14 1107
14 1127
14 1246
14 1475
14 1483
14 1510
14 1560
14 1678
14 1914
14 2506
14 3043
14 3108
14 3112
14 3263
14 3362
14 3689
14 3835
14 4026
14 4130
14 4137
14 4244
14 4335
14 4481
14 4537
14 4596
14 4617
14 4737
14 4841
14 4875
14 4901
14 4989
14 5071
14 5117
14 5679
14 5699
14 5722
15 17
15 126
15 317
15 328
15 444
15 492
15 773
15 891
15 939
15 998
15 1161
15 1214
15 1640
15 1915
15 1992
15 2428
15 2560
15 2564
15 2657
15 3074
15 3113
15 3157
15 3200
15 3324
15 3381
15 3740
15 3846
15 4102
15 4455
15 4468
15 4541
15 4591
15 4648
15 4666
15 4774
15 4949
15 4993
15 5126
15 5426
15 5450
15 5595
15 5690
15 5733
15 5823
15 5828
15 5856
16 311
16 693
16 727
16 878
16 891
16 932
16 1043
16 1070
16 1117
16 1492
16 1512
16 1567
16 1593
16 1594
16 1917
16 1979
16 2018
16 2134
16 2327
16 2375
16 2754
16 2892
16 3304
16 3375
16 3387
16 3471
16 3591
16 3653
16 3680
16 4011
16 4042
16 4251
16 4470
16 4622
16 4660
16 4664
16 4820
16 4853
16 5067
16 5170
16 5213
16 5404
16 5534
16 5626
16 5681
16 5859
16 5902
16 5906
16 5932
17 155
17 930
17 1155
17 1300
17 1319
17 1519
17 1783
17 2243
17 2575
17 2754
17 2774
17 2984
17 3361
17 3453
17 3465
17 3589
17 3674
17 3917
17 4167
17 4505
17 4509
17 4530
17 4542
17 4632
17 4710
17 4732
17 4764
17 4817
17 4819
17 5058
17 5288
17 5385
17 5739
17 5784
17 5895
18 30
18 61
18 73
18 256
18 713
18 791
18 801
18 889
18 1053
18 1425
18 1735
18 1921
18 2013
18 2201
18 2206
18 2564
18 2720
18 2859
18 2888
18 3179
18 3387
18 3388
18 3944
18 4123
18 4170
18 4403
18 4540
18 4551
18 4668
18 4926
18 4954
18 5084
18 5482
18 5645
18 5898
19 65
19 255
19 289
19 360
19 424
19 962
19 1033
19 1159
19 1215
19 1299
19 1367
19 1391
19 1432
19 1454
19 1608
19 1974
19 2192
19 2459
19 2507
19 2546
19 2841
19 2860
19 2869
19 2955
19 3271
19 3376
19 3391
19 3506
19 3587
19 3623
19 3660
19 3961
19 4039
19 4071
19 4170
19 4262
19 4329
19 4405
19 4418
19 4490
19 4664
19 4677
19 4893
19 5018
19 5215
19 5238
19 5256
19 5332
19 5647
19 5661
19 5736
19 5835
20 40
20 104
20 346
20 721
20 1073
20 1082
20 1089
20 1153
20 1166
20 1298
20 1408
20 1726
20 1733
20 1940
20 1970
20 2246
20 2401
20 2416
20 2894
20 2977
20 2995
20 3349
20 3551
20 3558
20 3563
20 3699
20 4544
20 4693
20 4820
20 4989
20 5417
20 5565
20 5647
20 5676
20 5778
21 158
21 526
21 544
21 545
21 561
21 800
21 1056
21 1650
21 1686
21 1734
21 1808
21 1828
21 2034
21 2157
21 2179
21 2223
21 2312
21 2444
21 2638
21 2669
21 2987
21 3019
21 3057
21 3062
21 3190
21 3212
21 3324
21 3392
21 3460
21 3577
21 3875
21 3967
21 4084
21 4175
21 4319
21 4518
21 4524
21 4652
21 4816
21 4985
21 5190
21 5351
21 5577
21 5598
22 28
22 226
22 319
22 357
22 393
22 462
22 758
22 880
22 1245
22 1427
22 1844
22 1981
22 2082
22 2292
22 2338
22 2390
22 2828
22 2977
22 2979
22 3068
22 3231
22 3272
22 3349
22 3464
22 3488
22 3607
22 4041
22 4113
22 4125
22 4189
22 4213
22 4277
22 4422
22 4461
22 4869
22 5089
22 5106
22 5216
22 5225
22 5673
23 157
23 205
23 465
23 862
23 945
23 1117
23 1174
23 1634
23 1729
23 2336
23 2531
23 2779
23 3048
23 3218
23 3402
23 3639
23 3675
23 3679
23 3742
23 3869
23 3914
23 3936
23 3988
23 4081
23 4400
23 4568
23 4624
23 4638
23 4651
23 4787
23 4889
23 5066
23 5493
23 5697
24 30
24 463
24 698
24 810
24 866
24 885
24 1003
24 1056
24 1590
24 1672
24 1857
24 1872
24 1919
24 1931
24 2154
24 2243
24 2308
24 2342
24 2352
24 2532
24 2646
24 3228
24 3617
24 3806
24 3841
24 4069
24 4171
24 4175
24 4449
24 4591
24 4722
24 4740
24 4776
24 4803
24 5199
24 5408
24 5582
24 5688
24 5891
25 23
25 66
25 511
25 606
25 682
25 716
25 773
25 803
25 1336
25 1418
25 1533
25 1728
25 1903
25 2027
25 2052
25 2336
25 2398
25 2475
25 2541
25 2545
25 2554
25 2611
25 2810
25 2811
25 2819
25 2923
25 2944
25 3166
25 3323
25 4460
25 4461
25 4588
25 4594
25 4899
25 4916
25 5137
25 5167
25 5201
25 5226
26 383
26 783
26 786
26 1047
26 1079
26 1098
26 1125
26 1295
26 1440
26 1516
26 1628
26 1629
26 1762
26 1776
26 1837
26 2048
26 2090
26 2171
26 2358
26 2554
26 2648
26 2739
26 2880
26 3338
26 3343
26 3533
26 3786
26 3857
26 3891
26 3935
26 4011
26 4130
26 4221
26 4446
26 4487
26 4584
26 5389
26 5478
26 5545
26 5560
26 5582
26 5756
26 5866
26 5914
26 5926
27 725
27 739
27 854
27 1354
27 1359
27 1483
27 1568
27 1576
27 2051
27 2066
27 2071
27 2079
27 2121
27 2208
27 2313
27 2517
27 2607
27 2741
27 2917
27 2966
27 3214
27 3231
27 3466
27 3507
27 3950
27 4305
27 4469
27 4852
27 4988
27 5088
27 5098
27 5147
28 94
28 121
28 282
28 299
28 345
28 890
28 1505
28 1595
28 1774
28 2036
28 2360
28 2502
28 2649
28 2911
28 3101
28 3147
28 3390
28 3426
28 3461
28 3532
28 4024
28 4095
28 4271
28 4444
28 4603
28 4864
28 4912
28 5047
28 5267
28 5371
28 5519
28 5694
28 5809
28 5893
29 2
29 110
29 233
29 407
29 714
29 821
29 827
29 881
29 895
29 1036
29 1105
29 1110
29 1160
29 1208
29 1386
29 1406
29 1521
29 1663
29 1708
29 1807
29 1893
29 1975
29 2033
29 2097
29 2127
29 2309
29 2385
29 2473
29 2589
29 2613
29 2856
29 2989
29 3028
29 3058
29 3183
29 3252
29 3277
29 3295
29 3323
29 3589
29 3611
29 3654
29 3830
29 3831
29 3901
29 4004
29 4080
29 4230
29 4523
29 4548
29 4607
29 5021
29 5241
29 5278
29 5868
30 43
30 56
30 114
30 162
30 208
30 308
30 360
30 519
30 621
30 702
30 810
30 850
30 945
30 1153
30 1475
30 1487
30 1835
30 1892
30 1893
30 2024
30 2106
30 2344
30 2605
30 2695
30 2832
30 3044
30 3518
30 3564
30 3707
30 3794
30 3803
30 3898
30 3946
30 3964
30 4258
30 4377
30 4497
30 4499
30 4702
30 4749
30 4922
30 5009
30 5067
30 5261
30 5267
30 5288
30 5350
30 5595
30 5807
30 5813
31 288
31 334
31 344
31 368
31 525
31 736
31 757
31 820
31 1185
31 1401
31 1457
31 1770
31 1858
31 2005
31 2088
31 2173
31 2261
31 2600
31 2680
31 2806
31 2965
31 3030
31 3041
31 3166
31 3188
31 3449
31 3494
31 3746
31 3781
31 4051
31 4146
31 4266
31 4328
31 4428
31 4433
31 4498
31 4540
31 4677
31 4745
31 4767
31 4773
31 5152
31 5255
31 5266
31 5422
31 5459
31 5605
31 5674
31 5762
31 5828
32 159
32 170
32 187
32 227
32 402
32 552
32 946
32 1022
32 1099
32 1108
32 1213
32 1324
32 1767
32 1842
32 1893
32 2120
32 2257
32 2415
32 2436
32 2634
32 2761
32 2790
32 2881
32 2936
32 3166
32 3501
32 3578
32 3620
32 3678
32 3685
32 3826
32 4163
32 4200
32 4457
32 4461
32 4502
32 4551
32 4585
32 4761
32 5068
32 5187
32 5269
32 5455
32 5536
32 5546
32 5562
32 5592
32 5636
33 161
33 814
33 877
33 893
33 1199
33 1443
33 1447
33 1474
33 1527
33 1560
33 1923
33 2204
33 2263
33 2322
33 2351
33 2530
33 2724
33 2749
33 2780
33 2786
33 2874
33 3064
33 3112
33 3120
33 3451
33 3521
33 3718
33 3757
33 3945
33 4130
33 4176
33 4212
33 4248
33 5012
33 5278
33 5356
33 5384
33 5515
33 5693
33 5868
34 187
34 292
34 307
34 361
34 434
34 440
34 687
34 704
34 770
34 782
34 924
34 954
34 1421
34 1732
34 1810
34 1962
34 2028
34 2158
34 2213
34 2240
34 2245
34 2338
34 2352
34 2538
34 2691
34 2770
34 3177
34 3248
34 3307
34 3398
34 3417
34 3857
34 3866
34 3955
34 3960
34 4032
34 4236
34 4248
34 4333
34 4347
34 4721
34 4845
34 4900
34 4941
34 4991
34 5294
34 5331
34 5766
34 5872
35 254
35 258
35 346
35 363
35 618
35 693
35 877
35 1305
35 1497
35 1531
35 1655
35 1678
35 1928
35 2049
35 2107
35 2153
35 2441
35 2536
35 2608
35 2613
35 2760
35 2866
35 3034
35 3190
35 3231
35 3250
35 3467
35 3691
35 3904
35 3975
35 4120
35 4168
35 4376
35 4435
35 4493
35 4644
35 4656
35 4709
35 4815
35 5063
35 5204
35 5354
35 5436
35 5479
35 5492
35 5777
36 26
36 90
36 585
36 591
36 692
36 750
36 1072
36 1172
36 1197
36 1388
36 1567
36 1820
36 1977
36 2282
36 2380
36 2694
36 2732
36 2777
36 3558
36 3909
36 4235
36 4308
36 4669
36 4695
36 4738
36 4775
36 4935
36 5174
36 5286
36 5414
36 5504
36 5542
36 5553
36 5914
37 70
37 259
37 310
37 577
37 806
37 922
37 1098
37 1137
37 1215
37 1228
37 1435
37 1468
37 1560
37 1627
37 1732
37 1893
37 2035
37 2136
37 2263
37 2374
37 2391
37 2399
37 2464
37 2526
37 2579
37 2585
37 2683
37 2714
37 3086
37 3286
37 3292
37 3502
37 3519
37 3549
37 3573
37 3672
37 4285
37 4337
37 4702
37 4887
37 4960
37 5005
37 5101
37 5206
37 5247
37 5259
37 5265
37 5512
37 5824
37 5860
37 5863
38 1
38 7
38 207
38 446
38 708
38 1023
38 1069
38 1544
38 1571
38 1718
38 1750
38 2078
38 2117
38 2128
38 2201
38 2772
38 2781
38 2932
38 2967
38 3052
38 3397
38 3427
38 3525
38 3696
38 3977
38 4083
38 4255
38 4380
38 4416
38 4643
38 4844
38 4978
38 5001
38 5031
38 5113
38 5165
38 5172
38 5283
38 5336
38 5580
38 5928
39 195
39 582
39 786
39 837
39 882
39 1060
39 1365
39 1896
39 1980
39 2151
39 2357
39 2359
39 2817
39 3047
39 3269
39 3334
39 3336
39 3918
39 4171
39 4351
39 4457
39 4812
39 4880
39 5144
39 5226
39 5265
39 5269
39 5327
39 5504
39 5732
39 5913
40 62
40 372
40 592
40 618
40 890
40 1067
40 1279
40 1428
40 1585
40 1716
40 2072
40 2425
40 2479
40 2683
40 2756
40 3128
40 3182
40 3350
40 3637
40 3740
40 4013
40 4047
40 4077
40 4283
40 4460
40 4611
40 4753
40 4858
40 4861
40 5001
40 5218
40 5254
40 5282
40 5373
40 5491
40 5614
40 5655
40 5718
40 5811
40 5858
41 116
41 148
41 155
41 159
41 455
41 596
41 845
41 983
41 1037
41 1140
41 1201
41 1372
41 1650
41 1664
41 1673
41 1816
41 1935
41 2110
41 2166
41 2286
41 2297
41 2377
41 2521
41 2638
41 2715
41 2854
41 3017
41 3223
41 3272
41 4015
41 4240
41 4541
41 4695
41 4732
41 4793
41 4809
41 4955
41 5126
41 5500
41 5636
41 5810
42 251
42 316
42 332
42 441
42 453
42 459
42 576
42 594
42 1090
42 1256
42 1515
42 1721
42 1730
42 1996
42 2187
42 2332
42 2539
42 2771
42 2809
42 2896
42 2905
42 3124
42 3142
42 3333
42 3450
42 4092
42 4112
42 4117
42 4159
42 4361
42 4584
42 4591
42 4645
42 4749
42 4832
42 4850
42 4899
42 4969
42 5087
42 5369
42 5635
42 5643
42 5769
42 5871
43 36
43 185
43 273
43 351
43 466
43 664
43 755
43 846
43 936
43 958
43 982
43 1147
43 1152
43 1316
43 1360
43 1563
43 1682
43 2167
43 2223
43 2501
43 2548
43 2880
43 3100
43 3341
43 3432
43 3895
43 4125
43 4336
43 4461
43 4470
43 4516
43 4550
43 4659
43 4667
43 4732
43 4842
43 5035
43 5066
43 5120
43 5135
43 5139
43 5289
43 5612
43 5714
43 5884
43 5931
44 135
44 471
44 511
44 648
44 695
44 986
44 1011
44 1053
44 1146
44 1263
44 1468
44 1734
44 1945
44 1980
44 2053
44 2093
44 2408
44 2782
44 2918
44 3141
44 3258
44 3601
44 3653
44 3746
44 4004
44 4190
44 4264
44 4283
44 4606
44 4970
44 5094
44 5123
44 5230
44 5375
44 5537
44 5611
44 5709
45 55
45 182
45 194
45 268
45 592
45 871
45 879
45 935
45 970
45 1076
45 1347
45 1421
45 1773
45 1808
45 1900
45 1938
45 1940
45 2252
45 2283
45 2316
45 2726
45 3101
45 3189
45 3412
45 3529
45 4180
45 4374
45 4533
45 4666
45 4707
45 4743
45 4784
45 5134
45 5211
45 5373
45 5603
45 5698
45 5710
46 175
46 269
46 416
46 745
46 933
46 1008
46 1240
46 1432
46 1511
46 1703
46 1817
46 1961
46 2057
46 2120
46 2753
46 3079
46 3303
46 3404
46 3427
46 4145
46 4216
46 4348
46 4443
46 4499
46 4584
46 5211
46 5429
46 5445
46 5488
46 5671
46 5800
47 60
47 63
47 85
47 144
47 213
47 376
47 429
47 632
47 670
47 905
47 1080
47 1166
47 1291
47 1570
47 1864
47 1884
47 1912
47 1995
47 2035
47 2048
47 2115
47 2250
47 2254
47 2316
47 2323
47 2427
47 2429
47 2439
47 2451
47 2531
47 2648
47 3016
47 3312
47 3341
47 3702
47 3743
47 3775
47 3948
47 3962
47 4005
47 4040
47 4340
47 4446
47 4485
47 4493
47 4776
47 4778
47 4954
47 5054
47 5122
47 5241
47 5617
47 5686
47 5803
47 5933
48 42
48 305
48 480
48 516
48 627
48 1063
48 1289
48 1322
48 1428
48 1595
48 1648
48 1782
48 2139
48 2262
48 2669
48 3107
48 3302
48 3364
48 3386
48 3558
48 3667
48 3762
48 3941
48 4202
48 4223
48 4359
48 4704
48 4831
48 5011
48 5042
48 5157
48 5192
48 5255
48 5678
48 5726
48 5917
49 171
49 274
49 572
49 702
49 730
49 975
49 1160
49 1349
49 1401
49 1804
49 2001
49 2039
49 2140
49 2152
49 2242
49 2507
49 2909
49 3186
49 3243
49 3260
49 3310
49 3397
49 3509
49 3554
49 3882
49 3927
49 3968
49 4094
49 4100
49 4120
49 4174
49 4262
49 4360
49 4574
49 4584
49 4653
49 4683
49 4766
49 4786
49 4867
49 5080
49 5157
49 5377
49 5426
49 5811
50 14
50 104
50 422
50 713
50 728
50 735
50 823
50 979
50 1092
50 1202
50 1213
50 1230
50 1318
50 1355
50 1368
50 1370
50 1411
50 1660
50 1811
50 1915
50 2053
50 2278
50 2402
50 2567
50 2590
50 2605
50 2703
50 3051
50 3087
50 3124
50 3263
50 3756
50 3799
50 3875
50 3898
50 3958
50 4030
50 4199
50 4221
50 4420
50 4459
50 4554
50 4646
50 4786
50 4908
50 4977
50 5113
50 5197
50 5221
50 5478
50 5619
50 5690
50 5830
50 5918
51 16
51 135
51 183
51 377
51 415
51 518
51 541
51 641
51 675
51 883
51 977
51 1048
51 1627
51 1953
51 1989
51 2343
51 2440
51 2728
51 2872
51 2909
51 3291
51 3343
51 3405
51 3442
51 4155
51 4652
51 4745
51 4969
51 5001
51 5161
51 5357
51 5575
52 254
52 263
52 286
52 480
52 550
52 644
52 1029
52 1048
52 1240
52 1359
52 1755
52 1814
52 2087
52 2214
52 2715
52 3010
52 3063
52 3170
52 3229
52 3400
52 3465
52 3549
52 3935
52 4147
52 4210
52 4466
52 4716
52 4749
52 4776
52 4850
52 4962
52 5019
52 5054
52 5105
52 5113
52 5178
52 5622
52 5679
52 5748
52 5806
53 775
53 843
53 916
53 1148
53 1186
53 1307
53 1563
53 1987
53 1998
53 2098
53 2104
53 2293
53 2401
53 2416
53 2518
53 2634
53 2761
53 3070
53 3177
53 3192
53 3471
53 3519
53 3529
53 3554
53 3558
53 3652
53 3682
53 4115
53 4186
53 4278
53 4284
53 4379
53 4408
53 4464
53 4996
53 5100
53 5734
53 5908
54 209
54 301
54 334
54 358
54 397
54 696
54 845
54 1095
54 1112
54 1385
54 1490
54 1541
54 1669
54 1737
54 1988
54 2105
54 2257
54 3033
54 3046
54 3132
54 3387
54 3419
54 3442
54 3446
54 3547
54 3633
54 3660
54 3723
54 3778
54 3806
54 3935
54 4095
54 4212
54 4236
54 4416
54 4609
54 4776
54 4849
54 4863
54 5058
54 5192
54 5379
54 5625
54 5760
54 5788
54 5853
55 60
55 310
55 509
55 824
55 998
55 1127
55 1150
55 1247
55 1326
55 1857
55 1881
55 2081
55 2517
55 2887
55 3055
55 3235
55 3244
55 3449
55 3626
55 3643
55 3649
55 3760
55 3792
55 3873
55 4144
55 4590
55 4753
55 4805
55 4936
55 4991
55 5276
55 5319
55 5454
55 5464
55 5532
55 5780
56 14
56 124
56 262
56 325
56 383
56 451
56 570
56 616
56 820
56 847
56 1033
56 1146
56 1181
56 1239
56 1276
56 1373
56 1545
56 1866
56 1936
56 2038
56 2051
56 2304
56 2413
56 2519
56 2634
56 2845
56 2921
56 3023
56 3127
56 3161
56 3214
56 3247
56 3270
56 3314
56 3474
56 3521
56 3734
56 3818
56 3855
56 3909
56 4079
56 4222
56 4342
56 4489
56 4593
56 4962
56 5356
56 5484
56 5753
56 5862
57 88
57 175
57 187
57 329
57 330
57 380
57 391
57 722
57 723
57 742
57 750
57 881
57 920
57 984
57 1001
57 1814
57 1960
57 2080
57 2095
57 2112
57 2139
57 2321
57 2383
57 2593
57 2838
57 2875
57 2954
57 3088
57 3095
57 3215
57 3303
57 3429
57 3529
57 3554
57 3725
57 3768
57 3976
57 4077
57 4204
57 4597
57 4724
57 5183
57 5293
57 5327
57 5375
57 5406
57 5435
57 5499
57 5697
57 5922
58 221
58 329
58 687
58 742
58 1258
58 1272
58 1296
58 1588
58 1624
58 1651
58 1656
58 1679
58 1801
58 1984
58 2861
58 3403
58 3409
58 3528
58 3703
58 3809
58 3899
58 3951
58 3958
58 4430
58 4656
58 4744
58 4847
58 5002
58 5068
58 5243
58 5622
58 5745
59 79
59 131
59 142
59 717
59 962
59 966
59 1003
59 1699
59 2015
59 2096
59 2167
59 2321
59 2579
59 2986
59 3536
59 3684
59 3702
59 3900
59 4046
59 4054
59 4246
59 4635
59 4843
59 5099
59 5142
59 5171
59 5266
59 5306
59 5307
59 5337
59 5603
59 5605
59 5708
60 21
60 296
60 573
60 575
60 701
60 793
60 827
60 990
60 1029
60 1105
60 1149
60 1190
60 1254
60 1306
60 1384
60 1397
60 1601
60 1704
60 1724
60 1938
60 2005
60 2026
60 2077
60 2252
60 2274
60 2309
60 2369
60 2669
60 2772
60 3428
60 3844
60 3908
60 3989
60 4365
60 4477
60 4562
60 4653
60 4756
60 5034
60 5425
60 5715
60 5886
61 84
61 134
61 135
61 148
61 246
61 274
61 464
61 801
61 1250
61 1538
61 1601
61 1890
61 1909
61 2073
61 2229
61 2280
61 2435
61 2583
61 2789
61 2809
61 2932
61 3162
61 3265
61 3364
61 3618
61 3755
61 3778
61 3876
61 3911
61 4205
61 4243
61 4303
61 4463
61 4584
61 4853
61 5004
61 5152
61 5284
61 5722
61 5907
61 5914
62 29
62 312
62 453
62 535
62 566
62 570
62 605
62 614
62 915
62 1262
62 1953
62 2031
62 2580
62 3024
62 3577
62 3694
62 3955
62 3983
62 4535
62 4557
62 4620
62 5031
62 5226
62 5245
62 5316
62 5660
62 5701
62 5708
62 5783
62 5800
63 367
63 652
63 711
63 902
63 1016
63 1059
63 1392
63 1520
63 1670
63 1718
63 1767
63 1916
63 2074
63 2112
63 2253
63 2323
63 2390
63 2391
63 2615
63 2673
63 2835
63 2881
63 2908
63 3093
63 3170
63 3186
63 3480
63 3511
63 3538
63 3717
63 3757
63 3897
63 4029
63 4115
63 4362
63 4414
63 4524
63 4611
63 4668
63 4795
63 4916
63 5403
63 5692
63 5762
64 75
64 142
64 334
64 513
64 922
64 974
64 979
64 1212
64 1252
64 1278
64 1304
64 1491
64 1719
64 1780
64 2197
64 2755
64 2815
64 3173
64 3311
64 3312
64 3526
64 3692
64 3723
64 3898
64 3930
64 4041
64 4105
64 4261
64 4482
64 4544
64 4671
64 5247
64 5334
64 5642
64 5739
64 5887
65 30
65 589
65 641
65 865
65 1121
65 1134
65 1189
65 1240
65 1365
65 1731
65 1800
65 1805
65 2121
65 2374
65 2491
65 2514
65 2565
65 2761
65 2900
65 3030
65 3140
65 3455
65 3487
65 3628
65 3678
65 3737
65 3780
65 3922
65 3931
65 4192
65 4240
65 4575
65 4688
65 4865
65 4894
65 5045
65 5740
65 5764
66 25
66 386
66 573
66 732
66 750
66 947
66 949
66 989
66 1036
66 1041
66 1072
66 1078
66 1090
66 1157
66 1500
66 1516
66 2030
66 2088
66 2188
66 2238
66 2245
66 2262
66 2272
66 2343
66 2413
66 2451
66 2831
66 2851
66 2971
66 3149
66 3202
66 3492
66 3780
66 3929
66 4131
66 4414
66 4546
66 4567
66 4673
66 4734
66 5012
66 5143
66 5159
66 5498
66 5560
66 5620
66 5650
66 5732
66 5876
67 63
67 254
67 393
67 420
67 446
67 591
67 651
67 744
67 837
67 842
67 920
67 1199
67 1447
67 1452
67 1491
67 1636
67 1808
67 2019
67 2056
67 2074
67 2111
67 2137
67 2277
67 2365
67 2447
67 2453
67 2654
67 2937
67 2959
67 3007
67 3043
67 3084
67 3257
67 3404
67 3499
67 3749
67 3770
67 3823
67 3884
67 3974
67 4023
67 4224
67 4327
67 4379
67 4592
67 4641
67 4898
67 5056
67 5225
67 5484
68 35
68 128
68 767
68 923
68 1246
68 1249
68 1351
68 1381
68 1586
68 1756
68 1864
68 1879
68 1885
68 2067
68 2131
68 2399
68 2452
68 2605
68 2613
68 2627
68 2707
68 2737
68 2771
68 2875
68 2932
68 2934
68 2949
68 2989
68 3183
68 3240
68 3269
68 3327
68 3500
68 3566
68 3747
68 3838
68 3866
68 3906
68 3914
68 4030
68 4112
68 4118
68 4533
68 4602
68 4785
68 4936
68 5183
68 5273
68 5530
68 5629
69 165
69 288
69 619
69 726
69 1015
69 1171
69 1174
69 1251
69 1347
69 1451
69 1456
69 1585
69 1648
69 1836
69 2108
69 2198
69 2257
69 2358
69 2546
69 2684
69 2910
69 3045
69 3203
69 3429
69 3493
69 3648
69 4162
69 4272
69 4300
69 4852
69 5312
69 5339
69 5572
69 5754
69 5860
69 5908
70 56
70 83
70 288
70 322
70 347
70 462
70 540
70 798
70 900
70 1070
70 1174
70 1282
70 1380
70 1540
70 1562
70 1581
70 1626
70 1770
70 2110
70 2179
70 2300
70 2420
70 2588
70 2589
70 2642
70 2821
70 2894
70 3226
70 3419
70 3523
70 3554
70 3981
70 4076
70 4115
70 4195
70 4295
70 4891
70 4905
70 5008
70 5087
70 5257
70 5585
70 5672
70 5778
71 105
71 346
71 380
71 411
71 883
71 927
71 998
71 1250
71 1311
71 1570
71 1743
71 1754
71 1905
71 2098
71 2202
71 2223
71 2362
71 2385
71 2714
71 2797
71 2810
71 2826
71 2993
71 3019
71 3072
71 3284
71 3299
71 3371
71 3595
71 3823
71 3920
71 3928
71 3948
71 3966
71 4032
71 4035
71 4064
71 4087
71 4092
71 4115
71 4875
71 5034
71 5089
71 5320
72 13
72 189
72 266
72 278
72 313
72 575
72 607
72 688
72 802
72 811
72 1028
72 1281
72 1350
72 1404
72 1671
72 1707
72 1840
72 2055
72 2064
72 2225
72 2453
72 2594
72 3189
72 3250
72 3321
72 3323
72 3438
72 3458
72 3503
72 3555
72 3570
72 3646
72 3777
72 3843
72 3858
72 3956
72 4048
72 4075
72 4190
72 4220
72 4476
72 4533
72 4644
72 4652
72 4914
72 5025
72 5302
72 5628
72 5873
73 203
73 256
73 284
73 384
73 1012
73 1182
73 1201
73 1359
73 1404
73 1411
73 1480
73 1770
73 1861
73 1990
73 2032
73 2038
73 2065
73 2092
73 2141
73 2148
73 2196
73 2261
73 2539
73 2683
73 2684
73 2827
73 2845
73 3305
73 3693
73 3710
73 4337
73 5138
73 5154
73 5373
73 5597
73 5637
73 5713
73 5909
74 228
74 247
74 275
74 341
74 702
74 724
74 880
74 888
74 982
74 1184
74 1216
74 1586
74 1745
74 1763
74 2046
74 2380
74 2488
74 2783
74 2819
74 3053
74 3129
74 3144
74 3333
74 3388
74 3499
74 4017
74 4133
74 4205
74 4350
74 4397
74 4494
74 4506
74 4556
74 4663
74 4750
74 4908
74 4913
74 4951
74 5467
74 5640
74 5664
74 5770
74 5889
75 32
75 69
75 89
75 138
75 158
75 162
75 613
75 620
75 650
75 895
75 990
75 1005
75 1127
75 1324
75 1347
75 1556
75 1581
75 1615
75 1841
75 1845
75 2159
75 2287
75 2346
75 2494
75 2563
75 2833
75 2926
75 3048
75 3496
75 3545
75 3806
75 3819
75 4009
75 4526
75 4732
75 4954
75 5035
75 5133
75 5231
75 5235
75 5440
75 5459
75 5493
75 5634
76 115
76 158
76 195
76 222
76 496
76 692
76 715
76 751
76 935
76 1027
76 1074
76 1134
76 1230
76 1524
76 1747
76 1921
76 1999
76 2468
76 2630
76 2919
76 3002
76 3022
76 3083
76 3495
76 3586
76 3813
76 4069
76 4101
76 4141
76 4410
76 4487
76 4502
76 4626
76 5665
77 315
77 340
77 352
77 383
77 404
77 492
77 674
77 812
77 893
77 1085
77 1132
77 1195
77 1314
77 1401
77 1404
77 1708
77 1744
77 1836
77 1895
77 1992
77 2255
77 2643
77 2998
77 3099
77 3136
77 3311
77 3313
77 3755
77 3812
77 4094
77 4546
77 4646
77 4651
77 4694
77 4852
77 5139
77 5385
77 5463
77 5464
77 5490
77 5497
77 5742
77 5808
78 2
78 137
78 334
78 344
78 688
78 914
78 952
78 1322
78 1323
78 1548
78 1696
78 1709
78 2034
78 2055
78 2127
78 2195
78 2231
78 2252
78 2284
78 2447
78 2544
78 2966
78 2979
78 3080
78 3548
78 3563
78 4081
78 4169
78 4214
78 4508
78 4540
78 4645
78 4859
78 5055
78 5174
78 5589
78 5692
78 5910
79 38
79 169
79 170
79 613
79 771
79 854
79 1163
79 1267
79 1350
79 1467
79 1789
79 1797
79 2069
79 2096
79 2169
79 2202
79 2270
79 2408
79 2424
79 2714
79 2727
79 2756
79 2911
79 3237
79 3394
79 3420
79 3663
79 3687
79 3837
79 3845
79 3846
79 3865
79 3867
79 3872
79 3892
79 4340
79 4862
79 5144
79 5245
79 5259
79 5431
79 5487
79 5547
80 379
80 389
80 440
80 538
80 590
80 594
80 771
80 802
80 1114
80 1147
80 1452
80 1530
80 1733
80 1806
80 1906
80 1908
80 1919
80 2245
80 2314
80 2405
80 2418
80 2665
80 2753
80 2976
80 3272
80 3430
80 3529
80 3825
80 3919
80 4040
80 4099
80 4273
80 4388
80 4436
80 4668
80 4792
80 5061
80 5068
80 5088
80 5554
80 5594
80 5715
80 5864
81 6
81 41
81 76
81 77
81 120
81 382
81 486
81 580
81 638
81 669
81 751
81 1440
81 1470
81 1514
81 1555
81 1590
81 1986
81 2000
81 2144
81 2448
81 2515
81 2638
81 2995
81 3048
81 3435
81 3529
81 3595
81 3965
81 3996
81 4086
81 4091
81 4141
81 4278
81 4376
81 4669
81 4785
81 4797
81 5003
81 5062
81 5069
81 5300
81 5462
81 5511
81 5721
82 901
82 1113
82 1226
82 1354
82 1570
82 1644
82 1797
82 1954
82 2228
82 2269
82 2438
82 2935
82 2941
82 3703
82 3751
82 3815
82 3890
82 4079
82 4355
82 4472
82 4518
82 4525
82 4665
82 4760
82 5464
82 5481
82 5535
82 5556
83 123
83 154
83 273
83 338
83 460
83 688
83 715
83 863
83 879
83 1006
83 1191
83 1457
83 1521
83 1647
83 1847
83 1862
83 2006
83 2071
83 2095
83 2185
83 2254
83 2333
83 2338
83 2412
83 2491
83 2501
83 2531
83 2537
83 2598
83 2599
83 3179
83 3194
83 3248
83 3256
83 3529
83 3713
83 3936
83 4034
83 4052
83 4175
83 4199
83 4407
83 4598
83 5365
83 5762
83 5833
83 5859
83 5866
84 375
84 423
84 585
84 640
84 707
84 759
84 764
84 767
84 772
84 855
84 1086
84 1097
84 1149
84 1227
84 1230
84 1585
84 1631
84 1713
84 1869
84 2145
84 2217
84 2283
84 2478
84 2705
84 2891
84 2913
84 2964
84 3095
84 3250
84 3496
84 3816
84 3935
84 4187
84 4430
84 4587
84 4665
84 4851
84 4897
84 4905
84 5384
84 5422
84 5851
85 223
85 228
85 256
85 390
85 392
85 414
85 565
85 596
85 730
85 790
85 800
85 811
85 1129
85 1146
85 1155
85 1398
85 1426
85 1548
85 1661
85 1717
85 1869
85 1876
85 1927
85 1989
85 2058
85 2070
85 2450
85 2456
85 2537
85 2596
85 2633
85 2650
85 2754
85 2765
85 2779
85 3156
85 3291
85 3474
85 3481
85 3487
85 3506
85 3675
85 3727
85 4049
85 4310
85 4334
85 4375
85 4669
85 4876
85 5185
85 5191
85 5216
85 5270
85 5307
85 5561
85 5701
85 5713
85 5754
86 147
86 172
86 173
86 400
86 428
86 782
86 855
86 992
86 1149
86 1184
86 1323
86 1406
86 1469
86 1539
86 1652
86 1663
86 1903
86 1953
86 1976
86 2195
86 2208
86 2212
86 2271
86 2306
86 2565
86 2876
86 2892
86 2953
86 3182
86 3502
86 3588
86 3864
86 4124
86 4176
86 4331
86 4336
86 4338
86 4403
86 4483
86 4606
86 4785
86 5029
86 5073
86 5129
86 5454
86 5493
86 5595
86 5790
86 5794
86 5932
87 188
87 542
87 850
87 935
87 1110
87 1163
87 1223
87 1298
87 1637
87 1731
87 1799
87 1885
87 1895
87 1917
87 1982
87 2257
87 2342
87 2418
87 2457
87 2624
87 2824
87 2977
87 3108
87 3326
87 3586
87 3605
87 3735
87 3839
87 4025
87 4446
87 4538
87 4585
87 4632
87 4718
87 4840
87 4909
87 5104
87 5138
87 5410
88 281
88 556
88 795
88 844
88 1027
88 1278
88 1318
88 1402
88 1951
88 1977
88 2089
88 2140
88 2176
88 2296
88 2354
88 2399
88 2650
88 2701
88 2715
88 2895
88 2910
88 3207
88 3228
88 3292
88 3332
88 3543
88 4041
88 4172
88 4325
88 4344
88 4600
88 4918
88 5079
88 5198
88 5248
88 5353
88 5572
88 5668
88 5857
89 102
89 144
89 327
89 801
89 1411
89 1516
89 1596
89 1669
89 1811
89 2013
89 2140
89 2148
89 2350
89 2408
89 2527
89 2582
89 2602
89 2672
89 2677
89 3134
89 3361
89 3591
89 3851
89 4042
89 4107
89 4328
89 4379
89 4743
89 4870
89 4931
89 5105
89 5241
89 5467
89 5682
89 5690
90 274
90 459
90 600
90 729
90 848
90 929
90 941
90 1081
90 1107
90 1123
90 1146
90 1185
90 1209
90 1547
90 1759
90 1778
90 1825
90 1930
90 1946
90 2024
90 2206
90 2334
90 2461
90 2494
90 2502
90 2514
90 2535
90 2752
90 3180
90 3446
90 3640
90 3650
90 3956
90 4089
90 4155
90 4218
90 4326
90 4560
90 4637
90 4659
90 4803
90 4976
90 5158
90 5188
90 5306
90 5400
90 5447
90 5516
90 5543
90 5891
91 26
91 262
91 501
91 765
91 934
91 977
91 1043
91 1047
91 1064
91 1127
91 1325
91 1412
91 1736
91 1806
91 2038
91 2089
91 2152
91 2162
91 2269
91 2274
91 2441
91 2528
91 2616
91 2665
91 2718
91 2733
91 2841
91 2978
91 3034
91 3449
91 3453
91 3713
91 3765
91 3835
91 3904
91 3941
91 3942
91 3952
91 4109
91 4213
91 4436
91 4437
91 4480
91 4650
91 4791
91 4848
91 4868
91 5097
91 5326
91 5419
91 5741
91 5803
92 137
92 270
92 397
92 531
92 853
92 886
92 952
92 987
92 1028
92 1047
92 1095
92 1550
92 2091
92 2195
92 2260
92 2290
92 2382
92 2424
92 2476
92 2586
92 2647
92 2729
92 2866
92 3081
92 3454
92 3726
92 3830
92 3838
92 3945
92 4334
92 4461
92 4514
92 4635
92 4693
92 4793
92 4808
92 4811
92 5042
92 5397
92 5454
92 5825
92 5931
93 70
93 185
93 322
93 420
93 923
93 958
93 1161
93 1346
93 1833
93 1854
93 2785
93 2808
93 2950
93 3290
93 3327
93 3696
93 3875
93 4094
93 4157
93 4160
93 4165
93 4433
93 4442
93 4512
93 4742
93 4871
93 5274
93 5291
93 5403
93 5437
93 5497
93 5554
93 5571
93 5650
93 5864
93 5901
94 45
94 150
94 477
94 563
94 795
94 815
94 826
94 853
94 915
94 932
94 940
94 1005
94 1007
94 1151
94 1291
94 1340
94 1403
94 1456
94 1635
94 2312
94 2320
94 2534
94 2648
94 2719
94 3079
94 3277
94 3635
94 3716
94 3753
94 3979
94 4065
94 4318
94 4334
94 4407
94 4421
94 4519
94 4647
94 4678
94 4857
94 5069
94 5312
94 5607
94 5667
94 5739
94 5759
94 5833
95 86
95 294
95 606
95 710
95 862
95 1566
95 1700
95 2158
95 2264
95 2474
95 2641
95 2821
95 2938
95 3148
95 3213
95 3242
95 3367
95 3571
95 3697
95 3723
95 3822
95 4090
95 4268
95 4298
95 4352
95 4389
95 4527
95 5088
95 5090
95 5193
95 5375
95 5461
95 5505
95 5601
95 5803
95 5871
96 48
96 331
96 571
96 593
96 825
96 882
96 885
96 953
96 1061
96 1521
96 1557
96 1575
96 1615
96 1637
96 1684
96 1739
96 2013
96 2249
96 2371
96 2448
96 2483
96 2501
96 2769
96 2778
96 2856
96 2898
96 3137
96 3332
96 3827
96 3905
96 3983
96 4211
96 4216
96 4385
96 4491
96 4517
96 4685
96 4889
96 4916
96 4941
96 5207
96 5252
96 5440
96 5469
96 5855
96 5899
97 7
97 97
97 280
97 354
97 474
97 486
97 622
97 653
97 759
97 1022
97 1120
97 1234
97 1277
97 1322
97 1397
97 1417
97 1475
97 1846
97 1880
97 1970
97 2145
97 2148
97 2163
97 2366
97 2454
97 2479
97 2511
97 2642
97 2843
97 2919
97 3284
97 3372
97 3406
97 3526
97 3575
97 3695
97 3770
97 3853
97 3941
97 4014
97 4076
97 4306
97 4562
97 4695
97 4873
97 4919
97 5029
97 5439
97 5481
97 5823
98 20
98 343
98 608
98 653
98 657
98 823
98 961
98 993
98 1009
98 1102
98 1193
98 1323
98 1359
98 1365
98 1640
98 1872
98 1997
98 2025
98 2128
98 2157
98 2165
98 2180
98 2267
98 2272
98 2490
98 2512
98 2604
98 2636
98 2646
98 3023
98 3059
98 3142
98 3213
98 3289
98 3473
98 3816
98 4235
98 4275
98 4395
98 4786
98 4787
98 4812
98 4906
98 5330
98 5430
98 5857

