774 6692 4817
1 1
1 753
1 2346
1 2453
1 2772
1 2805
1 3909
1 6359
2 62
2 143
2 896
2 1613
2 3400
2 5628
2 6674
3 1826
3 2162
3 3541
3 3564
3 4329
3 4717
3 6098
3 6159
3 6450
3 6568
4 1939
4 2296
4 2360
4 4162
4 4437
4 6598
5 1660
5 2388
5 3591
5 5278
5 6355
6 849
6 1212
6 1525
6 1593
6 2187
6 6402
7 1355
7 2897
7 4987
8 107
8 414
8 1612
8 2498
8 3974
8 4441
9 415
9 865
9 1645
9 3220
9 3437
9 3557
9 5438
10 3091
10 5755
11 242
11 1026
11 2225
11 3837
11 5584
12 724
12 845
12 1297
12 2050
12 2998
12 4241
12 4743
12 6568
13 1302
13 1370
13 3514
13 4539
13 5151
13 5796
13 5811
14 482
14 2728
14 3769
14 4325
14 5909
15 2029
15 2562
15 2832
15 2847
15 2972
15 3662
15 4056
15 4399
15 5029
15 6097
15 6512
16 56
16 284
16 562
16 1886
16 3687
16 4337
16 5401
16 6119
17 359
17 589
17 5508
17 6366
18 7
18 132
18 657
18 1426
18 2782
18 6414
19 67
19 260
19 3187
19 3367
19 3857
19 5474
19 5493
20 335
20 686
20 1598
20 3786
20 4323
20 4620
20 5591
21 525
21 1929
21 2013
21 2373
21 5636
21 5675
22 811
22 1483
22 2004
22 2659
22 3029
22 4616
22 4988
22 5170
22 6422
23 347
23 5643
23 6068
23 6217
23 6662
24 1107
24 1306
24 2723
24 3786
24 4706
24 5247
25 290
25 320
25 3056
25 3060
25 4176
25 6118
26 377
26 1542
26 1759
26 2224
26 4864
26 5461
26 5696
26 6129
27 279
27 2358
27 2452
27 2463
27 3403
27 5358
27 5935
27 6361
27 6492
28 1396
28 2164
28 2251
28 2258
28 3027
28 3683
28 3902
28 5118
29 174
29 1905
29 2253
29 2486
29 2537
29 4218
29 5319
29 5606
30 1654
30 3006
30 3728
30 4121
31 863
31 870
31 1022
31 1324
31 1955
31 3330
31 6572
32 594
32 972
32 1058
32 1711
32 2241
32 4892
33 337
33 1526
33 2206
33 2727
33 6667
34 169
34 1154
34 1502
34 2415
34 3939
34 4149
34 5808
34 6327
35 2177
35 2883
35 6370
36 18
36 820
36 1513
36 1556
36 1560
36 2770
36 3282
36 4293
36 4591
37 2326
37 3332
37 4523
38 626
38 1756
38 2652
38 3381
38 5783
38 5876
39 13
39 449
39 545
39 1122
39 1331
39 2063
39 2692
39 3194
39 3595
40 909
40 1035
40 1518
40 2569
40 2929
40 3220
40 4225
40 4679
40 4953
40 5260
41 448
41 1261
41 2866
41 3092
41 3808
41 5528
42 1936
42 2231
42 2894
42 5920
42 6559
43 305
43 602
43 1798
43 2761
43 4591
43 6134
44 1600
44 2222
44 3430
44 3686
44 4614
44 6346
45 3478
45 4750
45 5634
45 5835
46 2129
46 2758
46 3378
46 3682
46 4148
46 4947
46 5001
46 5382
46 5891
46 6548
47 210
47 1123
47 3945
47 4545
47 5009
47 5311
47 5534
48 2022
48 2165
48 3328
48 5656
48 5788
49 642
49 1333
49 2367
49 2474
49 4357
49 4527
49 4727
49 5787
50 5
50 1009
50 2242
50 4116
50 4380
50 4569
50 6111
51 1068
51 1855
51 2244
51 2298
51 4038
51 4216
51 4288
51 6609
52 2513
52 2864
53 1601
53 2651
53 3015
53 4832
53 5380
54 2570
54 3194
54 3696
54 6146
54 6236
55 710
55 1374
55 1427
55 1808
55 2817
55 5294
55 5624
55 5664
56 944
56 1921
56 3041
56 3934
56 4086
57 2023
57 2413
57 2639
57 3451
57 3936
57 4885
58 614
58 824
58 1136
58 1295
58 3533
58 3875
58 5724
59 835
59 2519
59 4702
59 5114
60 68
60 731
60 827
60 1645
60 2115
60 2732
60 3373
60 4134
60 4220
60 4781
60 5421
60 6480
61 4344
62 963
62 2982
62 3915
62 4178
62 4220
62 5248
62 6106
62 6501
63 2459
63 3475
63 4531
63 5793
63 6492
63 6588
64 1204
64 2432
64 3659
64 6207
64 6532
65 820
65 3902
66 1866
66 2163
66 2323
66 2901
66 3372
66 3799
66 4631
66 5171
66 5990
67 272
67 1670
67 1891
67 2160
68 3195
68 4965
68 6088
69 117
69 813
69 1642
69 1850
69 2609
69 5482
69 5605
69 6331
70 83
70 2587
71 1399
71 2773
71 3630
71 5992
71 6276
71 6669
72 346
72 1133
72 3990
72 4134
72 5407
73 278
73 1492
73 2317
73 5061
73 5513
74 1483
74 1771
74 4013
74 4742
74 6387
75 72
75 167
75 1337
75 2208
75 2982
75 3843
75 4738
76 443
76 1089
76 5133
76 5276
76 5398
77 30
77 145
77 2652
77 3343
77 3986
77 6163
78 99
78 150
78 209
78 1991
78 3171
78 3391
78 4677
79 5369
79 5802
79 6263
80 954
80 4223
80 6172
81 2747
81 5185
81 5378
81 5680
81 6173
82 1281
82 2650
83 88
83 147
83 2667
83 3840
83 3871
84 523
84 1669
84 3542
85 689
85 2100
85 2784
85 3094
85 3442
85 4753
85 4937
85 6414
86 702
86 727
86 1332
86 1510
86 2002
86 2566
86 2884
86 3173
86 3805
86 4347
86 4956
86 4957
86 6292
87 2161
87 3257
87 5415
87 5784
87 6139
88 2090
88 2942
88 3701
88 4729
88 4771
88 6450
89 521
89 1475
89 2078
89 2240
89 2395
89 2683
89 3697
89 4520
89 5935
90 1002
90 2590
90 2953
90 4555
90 6611
91 236
91 1337
91 1523
91 5482
91 5784
91 6027
91 6194
92 49
92 285
92 2007
92 4089
92 5411
92 5951
93 57
93 869
93 2764
93 2824
93 5013
93 5698
94 215
94 720
94 1322
94 1329
94 4452
94 5774
94 6293
95 384
95 647
95 2471
95 2638
95 3617
95 4309
95 4449
96 1073
96 1904
96 2030
96 2599
96 3608
96 6597
97 670
97 729
97 2139
97 2476
97 3109
97 4316
97 4970
98 1366
98 1578
98 1769
98 3738
98 4678
98 5134
98 5640
98 5826
99 1641
99 1973
99 2285
99 2480
99 3537
99 4417
99 4834
99 5565
100 26
100 28
100 77
100 2323
100 5062
100 5629
101 227
101 837
101 2422
101 2548
101 2622
101 3232
101 6129
101 6494
101 6580
102 106
102 1909
102 1993
102 3840
102 3972
102 4478
103 38
103 1251
103 1564
103 3425
103 5783
104 878
104 4430
104 4663
104 5127
104 6023
104 6062
104 6233
104 6356
105 1049
105 1409
105 2153
105 3426
105 4927
106 1914
107 1099
107 1521
107 2172
107 2489
107 5031
108 251
108 2362
108 2413
108 3130
109 1186
109 1370
109 1513
109 5025
109 6455
110 34
110 266
110 2903
110 4294
110 5707
110 6449
111 2618
111 2866
112 1171
112 2830
112 3557
112 5047
112 6110
113 874
113 1248
113 2028
113 3908
113 4180
114 497
114 2440
114 2970
114 3207
114 3265
114 3444
114 3852
114 4036
114 5088
114 5356
114 5712
114 5920
115 41
115 1696
115 2947
115 3292
115 3908
115 6197
116 325
116 511
116 1578
116 2895
116 3861
116 5194
116 6325
116 6468
117 209
117 3877
117 4444
117 4656
117 5767
117 5806
118 416
118 2070
118 3235
118 4430
118 6270
119 295
119 1303
119 1988
119 3960
119 4027
119 4545
119 5221
119 5456
119 5687
119 5876
119 6419
120 2206
120 3286
120 3367
120 3539
120 4540
120 5072
120 6511
121 55
121 578
121 1059
121 1258
121 2100
121 2236
121 3346
121 4001
121 4663
121 5540
121 5762
121 6538
122 1427
122 1437
122 1576
122 1780
122 2086
122 2817
122 3521
122 5628
123 333
123 735
123 4977
123 5334
123 5680
123 6345
124 538
124 1291
124 1712
124 2287
124 2421
124 2673
124 2741
124 3457
124 3525
124 3934
124 5232
124 5412
124 5448
124 5603
124 6083
125 1066
125 1120
125 1215
125 1714
125 3334
125 4625
125 5185
125 5447
126 222
126 227
126 2388
126 3457
126 4715
126 5631
127 220
127 1410
127 3794
127 5306
127 6141
127 6493
128 184
128 4157
128 4472
128 4998
128 5368
128 6387
129 894
129 1087
129 2047
129 3705
129 3934
129 4000
129 6615
130 5672
130 6189
130 6308
131 1012
131 1271
131 1777
131 3176
131 5198
131 5618
131 6053
132 335
132 1244
132 1610
132 2711
132 3113
132 5237
133 1432
133 3396
133 3635
133 3833
133 4453
133 4832
133 6336
133 6374
133 6665
134 3028
134 5264
134 5812
135 318
135 342
135 3240
135 3470
135 4067
135 5174
135 5293
135 5318
135 5840
135 6551
136 5656
136 6071
137 22
137 825
137 1331
137 1793
137 4564
137 5553
137 5994
137 6006
137 6249
138 607
138 1263
138 1738
138 2616
138 4343
138 5125
138 5402
139 1231
139 1335
139 1500
139 1997
139 2539
139 3301
139 3825
139 5496
139 5601
139 6333
140 109
140 147
140 787
140 1435
140 1856
140 3403
140 3825
140 4510
140 4614
141 441
141 1585
141 3090
141 4470
141 6334
142 1155
142 3390
142 5246
142 6318
142 6497
143 722
143 1658
143 2056
143 2128
143 2172
143 3904
143 4107
143 4429
143 5640
143 5788
143 6145
143 6226
144 223
144 1603
144 1696
144 3002
144 3164
144 3991
145 236
145 3445
145 5851
145 5953
145 6690
146 1454
146 2942
146 3334
146 4625
146 5218
146 5401
146 6174
147 719
147 967
147 1621
147 2963
147 4027
147 6582
147 6616
148 399
148 817
148 1024
148 3228
148 3385
148 5126
149 137
149 412
149 1346
149 4514
149 5119
149 5385
149 6556
150 2752
150 2955
150 3347
150 3629
150 3979
150 4706
151 1105
151 1145
151 1444
151 2239
151 2355
151 2756
151 2785
151 3483
151 5091
151 5776
152 1784
152 3543
153 762
153 1548
153 2331
153 3771
153 4072
153 4942
154 273
154 287
154 1863
154 2586
154 6316
155 260
155 483
155 2500
155 3936
155 5217
155 6097
155 6194
156 746
156 1439
156 1652
156 3358
156 3733
156 4463
156 5141
156 6005
157 4117
157 4478
157 4479
158 173
158 1560
158 1660
158 3804
159 1492
159 2188
159 3243
159 4234
159 4877
159 6223
159 6239
160 97
160 717
160 1931
160 4832
160 6451
160 6566
161 321
161 1169
161 1635
161 1758
161 2172
161 2442
161 3476
161 4989
161 5732
162 2876
162 5833
163 2085
163 3807
164 121
164 2719
164 2779
164 3176
164 5730
164 6449
165 4089
165 4825
165 6296
166 272
166 1249
166 2442
166 2488
166 2939
166 4032
166 4380
166 4740
167 524
167 2836
167 3540
167 5332
167 6225
168 2261
168 2323
168 6611
169 99
169 376
169 1773
169 1884
169 3245
169 3436
169 3551
169 3946
169 4939
169 5914
169 6589
170 686
170 1811
170 3524
170 4850
170 5658
170 5761
171 504
171 1384
171 1836
171 1914
171 3327
171 4189
171 4828
171 5298
172 1527
173 907
173 1766
173 3835
173 3977
173 5110
173 5828
174 1113
174 2066
174 2440
174 2726
174 3944
174 5686
174 6177
175 2339
175 2854
175 4448
175 4501
175 6536
175 6650
176 27
176 716
176 1377
176 1482
176 2034
176 2826
176 3353
177 455
177 693
177 952
177 1464
177 2118
177 2498
177 4841
177 5098
177 6041
178 32
178 1253
178 4019
178 4578
178 6082
179 665
179 5229
179 6371
180 123
180 5478
181 989
181 2781
181 3385
181 4585
181 4750
181 4810
182 255
182 471
182 2069
182 3242
182 3808
182 4364
182 5590
183 1385
183 1696
183 3149
183 3463
183 5509
183 5765
184 2125
184 2747
184 3121
184 4722
184 4999
184 5416
184 6493
185 1729
185 2489
185 3137
185 5967
185 6326
185 6636
186 248
186 1468
186 2513
186 3606
186 3990
186 5023
186 5242
187 1413
187 1941
187 2849
187 3072
187 3848
187 3893
187 6302
188 880
188 1041
188 1864
188 2078
188 2395
188 2753
188 2975
188 3380
188 5832
188 6664
189 876
189 1335
189 1538
189 2533
189 4228
189 6542
190 672
190 1986
190 2347
190 2728
190 3518
190 4007
190 4995
191 5757
191 5897
191 6336
192 214
192 1420
192 2111
192 3093
192 4190
192 5727
192 6077
192 6649
193 445
193 2368
193 2619
193 4729
193 5220
194 486
194 2489
194 4539
194 4700
194 5073
194 6352
195 332
195 715
195 1048
195 1352
195 1679
195 2814
195 3675
195 3992
195 5310
195 5858
196 316
196 4011
196 6018
196 6424
196 6493
197 241
197 3772
197 6667
198 3015
198 4210
198 4264
198 4613
198 4748
198 5253
198 5974
199 755
199 1766
199 1817
199 1956
199 2702
199 6569
199 6581
200 295
200 773
200 1506
200 2165
200 2379
200 2821
200 3717
200 5248
201 332
201 919
201 3616
201 5858
202 317
202 1240
202 1563
202 2184
202 2453
202 3537
202 4465
202 5548
202 5924
202 6348
203 619
203 728
203 915
203 1760
203 1794
203 1801
203 3642
203 3905
203 3995
203 5265
203 5722
203 5928
204 888
204 2255
204 2498
204 2505
204 2760
204 3240
204 3463
204 5296
205 345
205 2080
205 3990
205 5923
206 2108
206 4799
206 4856
206 5459
206 5789
206 6386
206 6630
207 144
207 785
207 820
207 2141
207 2505
207 3521
207 4580
207 5762
208 444
208 802
208 1206
208 2448
208 3842
208 3857
208 4695
209 118
209 2752
209 5184
210 477
210 1196
210 1344
210 5894
210 5982
210 6460
211 1457
211 2047
211 3112
211 4361
212 4
212 891
212 1688
212 1796
212 2189
212 2963
212 4045
212 4071
212 4801
213 49
213 479
213 1367
213 2851
213 3029
213 3710
213 4265
214 421
214 1776
214 2734
214 3731
214 3734
214 3788
214 4400
214 4404
214 4892
215 980
215 2085
215 2106
215 2517
215 3081
215 4966
215 5087
216 59
216 451
216 928
216 1605
216 5825
217 560
217 2620
217 2832
217 3590
218 545
218 3641
218 6241
219 91
219 355
219 2177
219 2180
219 2682
219 2739
219 2749
219 3102
219 5520
219 5764
220 950
220 2047
220 2202
220 3594
220 5584
220 6293
221 654
221 2433
221 2832
221 3594
221 5395
221 6496
221 6684
222 2261
222 2500
222 6200
223 138
223 1051
223 1489
223 2489
223 2560
223 4735
223 5465
223 6007
223 6069
224 135
224 961
224 1012
224 1525
224 4534
224 5552
224 5802
225 1747
225 2170
225 5398
225 5779
226 450
226 2215
226 2766
226 4516
227 69
227 1723
227 3131
227 4456
227 4795
227 4915
227 6342
228 1017
228 2414
228 2928
228 4407
228 4879
228 5974
228 6015
229 73
229 798
229 1716
229 2111
230 1040
230 1525
230 2083
230 4869
230 6486
231 545
231 1679
231 1992
231 2938
231 2951
231 3990
231 4548
231 5269
231 5934
231 6036
232 518
232 2281
232 3212
232 4847
232 5379
232 6387
233 1127
233 1603
233 2021
233 3058
233 4073
233 4955
233 5862
233 5964
234 3052
234 3401
234 4193
234 4741
234 5280
234 5923
235 111
235 1919
235 2305
235 2844
235 3091
235 4718
235 4818
235 4963
236 622
236 1164
236 1228
236 1448
236 2304
236 2541
236 4620
236 5362
236 5540
237 2107
237 2148
237 6656
238 2634
238 3553
238 4419
238 4494
238 4504
238 4595
238 4864
238 5060
238 5620
238 5696
238 5934
239 942
239 1608
239 2972
239 4488
239 5841
239 6058
240 3208
240 4230
241 288
241 1110
241 1271
241 5891
242 236
242 452
242 1481
242 2289
242 5254
243 100
243 915
243 1558
243 1664
243 4452
243 6298
243 6393
244 1016
244 1240
244 2378
244 2837
244 3000
244 4416
244 5398
245 331
245 465
245 1986
245 2293
245 2321
245 3342
245 3986
245 5029
245 5910
245 6325
245 6330
246 1676
246 2306
246 2727
246 2895
246 3435
246 4234
247 507
247 2276
247 3641
247 4044
247 4915
247 5822
247 6139
248 2948
248 3347
248 4643
248 4788
248 6401
249 1201
249 1488
249 1958
249 2385
249 3740
249 3857
249 5011
249 5287
250 996
250 1493
250 1566
250 1622
250 3177
250 3695
250 3786
250 5296
251 458
251 1547
251 2992
251 3043
251 3098
251 5314
251 5318
251 6150
252 2357
252 2466
252 3012
252 3628
252 3949
252 4535
252 4613
253 423
253 855
253 1705
253 2538
253 2847
253 3253
254 2423
254 3503
254 4065
254 4741
254 5857
254 5936
254 5969
254 6217
255 621
255 2674
255 3538
255 4844
255 5109
255 6161
255 6513
256 25
256 368
256 2240
256 2653
256 3644
257 491
257 2555
257 4498
258 2605
258 5700
258 5818
258 5979
258 6212
259 711
259 1670
259 1740
259 2947
259 3048
259 4077
259 4570
259 4681
259 4862
259 6206
260 1438
260 2462
260 2489
260 6413
261 472
261 1616
261 2391
261 2649
261 4538
261 4682
261 4939
261 5450
261 5484
261 5893
262 13
262 61
262 329
262 3331
262 4558
262 5553
262 5806
263 3869
263 4116
263 4189
263 5192
263 6155
263 6493
264 392
264 580
264 1257
264 1753
264 2579
264 2760
264 2963
264 3692
264 4347
264 6421
264 6429
265 1205
265 2030
265 2187
265 4825
265 5357
265 6425
265 6608
266 1170
267 21
267 1362
267 1364
267 2513
267 4015
267 4241
267 4986
267 6608
268 1681
268 1692
268 2861
268 3463
268 3810
268 4442
268 5222
268 5319
270 1456
270 2774
270 3761
270 6006
271 763
271 2159
271 3542
272 895
272 1377
272 3701
272 4785
272 5695
272 5994
272 6602
273 104
273 2964
273 4028
273 5189
273 5644
273 5693
273 5973
274 199
274 233
274 1352
274 1678
274 2702
274 3534
274 3962
274 5574
274 6023
275 514
275 1468
275 1541
275 1636
275 1782
275 2011
275 5930
276 1190
276 1719
276 3079
276 3406
276 3599
276 4222
276 4545
276 5290
276 5630
277 365
277 791
277 1057
277 1170
277 2025
277 2873
277 3142
277 4159
277 4205
277 4855
277 5254
278 560
278 1617
278 1967
279 15
279 1341
279 2135
279 2193
279 3043
279 3680
279 3734
280 344
280 2039
280 2902
280 4334
280 4431
280 4525
281 3634
281 3737
281 3741
282 390
282 869
282 1982
282 2328
282 3932
282 6012
283 590
283 611
283 2298
283 3306
283 3557
283 4380
284 447
284 1632
284 2465
284 2944
284 4162
284 4212
284 5399
284 5432
284 5595
284 6395
285 1550
285 2946
285 5478
286 152
286 1330
286 2838
286 3026
286 3117
286 3730
286 5146
286 5682
286 6299
287 1601
287 2970
287 4047
287 4193
287 4762
287 5527
287 5712
287 5980
288 365
288 425
288 1030
288 2559
288 2909
288 4853
288 4906
288 5074
288 5492
288 5715
288 5734
289 1400
289 1516
289 2381
289 4004
290 46
290 3853
290 3855
290 5687
291 1263
291 1307
291 1562
291 4124
291 4421
291 4755
291 5055
292 1339
292 3151
292 3252
292 3801
292 5145
292 5258
293 2097
293 3766
293 3899
293 4005
293 4877
293 4944
293 5101
294 86
294 2084
294 4831
294 5408
294 6064
294 6575
295 129
295 423
295 484
295 577
295 690
295 1048
295 2030
295 2334
295 4144
295 4213
295 4676
295 5436
295 5598
296 2112
296 3745
296 4341
296 5459
296 6502
297 558
297 1143
297 2234
297 3856
297 5214
297 6602
298 1569
298 2815
298 3396
298 4003
298 4135
299 931
299 1350
299 2927
299 4931
300 2245
300 2614
300 2768
300 3032
300 4548
300 4627
300 5578
300 6191
301 1171
301 1634
301 5065
301 5424
302 3968
302 5146
302 6196
303 31
303 1769
303 2289
303 2917
303 4976
303 5495
303 5618
304 1657
304 1861
304 3598
304 4337
304 5452
304 5764
304 6059
304 6317
305 300
305 414
305 939
305 1440
305 2044
305 2340
305 4929
305 5651
305 5785
306 1850
306 3864
307 571
307 1395
307 4533
307 4710
307 5980
307 5993
308 1744
308 2239
308 3487
308 3490
308 3508
308 4330
308 4789
308 6345
309 2435
309 2914
309 5850
309 6167
309 6683
310 13
310 1319
310 4419
310 4713
310 5467
310 6121
311 174
311 658
311 2558
311 2799
311 4507
311 4559
311 4562
311 5074
311 6474
312 2068
312 2123
312 2807
312 3014
312 3360
312 4167
312 4999
312 5276
312 5643
312 6024
312 6141
313 319
313 880
313 4258
313 6078
313 6108
314 1026
314 2054
314 3727
314 5781
315 138
315 157
315 987
315 3674
316 770
316 2714
316 2849
316 3353
317 640
317 1579
317 2902
317 3568
317 3608
317 4463
317 5099
317 6401
318 1732
318 3691
318 4876
318 6094
318 6556
319 1157
319 1525
319 4351
319 6058
320 523
320 903
320 1592
320 2464
320 2703
320 3075
321 1065
321 1614
321 2436
321 2521
321 2587
321 3239
321 5296
321 6589
322 266
322 626
322 1349
322 2020
322 2266
322 2329
322 2816
322 3856
322 6052
323 416
323 423
323 578
323 1539
323 1776
323 1865
323 3949
323 5630
324 2985
324 6052
325 554
325 924
325 3063
325 3495
325 5023
325 5054
326 850
326 913
326 1173
326 1491
326 1636
326 3669
327 966
327 2261
327 2306
327 4170
327 4268
327 4825
327 5835
328 516
328 519
328 1267
328 3035
328 3635
329 614
329 1543
329 3078
329 3348
329 4587
329 4815
329 5237
329 5886
329 5972
329 6648
330 963
330 1272
330 2397
330 2461
330 3641
330 4230
330 5890
330 6011
331 911
331 1378
331 3451
331 5700
331 6274
331 6457
332 821
332 1097
332 1535
332 1642
332 2090
332 2211
332 3329
332 3401
332 4827
332 5035
332 6020
332 6416
332 6546
333 13
333 970
333 2865
333 3569
333 4258
333 5129
333 5560
334 56
334 1160
334 1475
334 2802
334 3051
334 6315
334 6584
335 337
335 1298
335 3623
335 4413
335 4527
335 6140
335 6437
336 585
336 3105
336 4986
336 5064
336 6065
337 1753
337 2411
337 2672
337 4055
337 4792
337 5096
337 6287
338 2272
338 3245
339 2026
339 2390
339 5382
340 4427
340 4538
340 5733
341 3234
341 3385
341 4179
341 5667
341 5892
342 772
342 800
342 1442
342 3591
343 743
343 821
343 1422
343 2798
343 3138
343 4113
343 5871
344 5096
345 2599
345 4565
345 5522
345 5901
346 1660
346 2371
346 2562
347 698
347 920
347 956
347 6368
347 6629
348 390
348 1429
348 1976
348 3026
348 5857
349 52
349 2533
349 4631
349 5338
349 6395
350 2205
350 2846
350 5086
350 5183
350 5398
350 6353
350 6580
351 138
351 1420
351 1834
351 2998
351 4606
351 4700
351 6506
351 6564
352 233
352 2499
352 3724
352 4381
352 4921
352 6668
353 1334
353 1582
353 2950
354 17
354 289
354 1116
354 1409
354 2020
354 3592
354 3905
354 4257
354 6320
355 644
355 1205
355 1498
355 1595
355 1876
355 2296
355 4624
355 4853
355 6077
356 722
356 1826
356 4766
356 5724
357 118
357 212
357 486
357 4833
357 6286
358 1727
358 1770
358 2357
358 2514
358 4998
358 6372
358 6471
358 6569
359 758
359 1234
359 1398
359 2132
359 5357
360 118
360 579
360 1202
360 1243
360 1462
360 3581
360 4097
360 4519
360 5227
361 387
361 1435
361 1929
361 4527
361 6116
361 6639
362 1640
362 1660
362 2613
362 4384
362 4448
362 5272
362 5970
362 6272
362 6425
363 276
363 525
363 3359
363 5501
364 2281
364 2752
364 2788
364 2972
364 4478
364 5693
364 6309
365 106
365 333
365 870
365 960
365 1619
365 3267
365 3874
365 4053
365 6146
365 6515
366 222
366 1454
366 2938
366 5715
367 377
367 407
367 751
367 1805
367 2217
367 2589
367 2726
367 3113
367 3219
367 3440
367 3659
367 4182
367 5470
368 2295
368 2301
368 2988
368 4993
368 4994
369 1382
369 1656
369 2542
369 3323
369 5756
370 1069
370 1345
370 2940
370 2976
370 3477
370 4600
370 5122
370 6610
371 423
371 647
371 2325
371 3967
371 4126
371 5242
371 5512
372 502
372 746
372 3519
372 4102
372 4212
372 4376
372 4637
372 5506
372 5733
373 1109
373 3639
373 4080
373 4108
373 6026
374 101
374 422
374 1822
374 2360
374 3204
374 5908
375 1744
375 3656
375 3830
375 6365
376 2643
376 3564
376 4389
376 5867
376 6611
377 211
377 2967
377 3145
377 4378
377 5242
377 5944
378 68
378 807
378 1176
378 3753
378 4718
379 905
379 3781
379 4688
379 5873
380 300
380 578
380 826
380 1760
380 4695
380 5054
380 5133
381 2556
381 2691
381 3551
381 4484
381 4663
382 1226
382 2408
382 3973
383 109
383 730
383 1587
383 1980
383 2612
383 3812
383 4100
383 4496
384 325
384 331
384 1168
384 1198
384 1754
384 3573
384 4970
384 5618
385 285
385 1303
385 1680
385 2024
385 2172
385 2401
385 2563
385 3044
385 3115
385 4806
385 5268
386 1720
386 2643
386 6126
386 6435
387 424
387 2103
387 2690
387 4138
387 5342
388 234
388 2116
389 758
389 1117
389 1306
389 5987
390 1511
390 2539
390 3084
390 6139
390 6650
391 55
391 302
391 414
391 650
391 2035
391 5251
392 193
392 2087
392 2495
392 4756
392 5216
392 5844
393 938
393 2260
393 2568
393 3397
393 4486
393 5389
393 6223
394 1272
394 1650
394 4112
394 4208
394 5307
395 2084
395 5651
395 5916
395 6677
396 470
396 2119
396 5657
397 656
397 2034
397 2298
397 2714
397 3272
397 3580
397 4712
397 5166
397 5367
397 5616
398 138
398 258
398 709
398 957
398 3486
399 3187
399 5323
399 5898
400 75
400 300
400 2106
400 2265
400 2324
400 2742
400 3331
400 3681
400 3743
401 486
401 3618
401 3802
401 4811
401 5995
402 548
402 807
402 1603
402 3068
402 3203
402 3984
402 5327
402 5448
403 768
403 1966
403 4651
403 5690
403 6235
404 653
404 1552
404 2558
404 5702
405 1061
405 2249
405 2422
405 3144
405 3194
405 4567
405 6194
406 142
406 1120
406 2413
406 3405
406 4000
406 4040
407 499
407 775
407 1041
407 2679
407 4120
407 5224
407 6632
407 6648
408 1343
408 1513
408 2342
408 2519
408 2676
408 3315
408 5314
409 496
409 1939
409 2889
409 3229
410 743
410 1808
410 4399
410 4490
410 4580
410 5656
410 6121
411 150
411 1430
411 3403
411 6156
411 6671
412 431
412 525
412 750
412 2557
412 3013
412 3576
412 3744
412 4269
412 4732
412 5386
413 2526
413 4780
413 5033
414 209
414 2382
414 4826
414 5994
415 54
415 441
415 1776
415 3089
415 5092
415 5334
415 5661
415 6107
416 1031
416 6208
416 6671
417 685
417 3546
417 3786
417 4387
417 4911
417 5568
417 6483
418 552
418 3246
418 4824
419 1402
419 3233
419 4292
419 4647
419 6193
419 6366
420 864
420 1695
420 1750
420 2195
420 2611
420 2877
420 5072
420 5310
421 999
421 4876
421 5457
422 814
422 2578
422 2606
422 3615
422 4260
422 4632
422 4716
422 6026
423 3118
423 3319
424 61
424 815
424 988
424 1253
424 1582
424 1703
424 2149
424 2796
424 4502
424 5431
424 6126
425 113
425 1107
425 4474
425 4634
426 376
426 1129
426 2561
426 3106
426 4287
426 4292
426 5889
426 6502
427 180
427 420
427 4275
427 6414
427 6580
428 1194
428 2341
428 2718
428 5698
428 5790
429 24
429 2103
429 3560
430 678
430 2168
430 2426
430 2440
430 3595
430 3897
430 5079
430 6011
430 6281
430 6572
431 56
431 589
431 2858
431 3019
431 5503
431 6621
432 481
432 2887
432 3434
432 4335
432 4389
432 4585
432 4617
432 4644
432 5489
432 5571
433 403
433 1508
433 3310
433 4368
433 4953
433 6118
434 2195
434 3988
434 4818
434 5322
435 116
435 186
435 1051
435 3445
435 4600
435 6060
435 6489
436 671
436 2005
436 2097
436 3128
436 3680
436 5722
436 6192
437 3859
437 4213
437 4721
437 4906
438 580
438 2862
438 4064
438 5184
438 5216
439 603
439 1287
439 1471
439 1917
439 3797
439 4017
439 5439
439 5689
439 6688
440 1345
440 4665
440 5057
440 6171
441 693
441 4518
441 6456
442 197
442 428
442 1255
442 1601
442 1626
442 1935
442 3139
442 3586
442 4533
442 5046
443 759
443 869
443 2479
443 3861
443 4425
443 6585
444 937
444 3627
444 5004
445 511
445 1506
445 3911
445 4652
445 5728
446 129
446 147
446 1132
446 1577
446 1660
446 2749
446 6476
447 3549
447 5339
447 5552
447 6264
448 3620
448 5026
448 5585
448 6183
448 6513
448 6661
449 257
449 717
449 3209
449 3326
449 3513
449 3668
449 4223
449 4859
450 1171
450 2832
450 2888
450 3963
450 5200
451 2094
451 2481
451 2514
451 2977
451 3145
451 6000
452 1237
452 1915
452 2598
452 2986
452 2987
452 3708
452 4888
452 5085
452 5457
452 5466
453 266
453 4195
453 5754
454 557
454 1623
454 4339
454 5043
454 5459
455 2836
455 3061
455 4408
455 5708
456 1105
456 1584
456 2809
456 3744
456 4198
456 4735
456 6523
457 2249
457 4175
457 4710
457 5041
457 5277
457 6080
457 6566
458 116
458 1221
458 1438
458 2621
458 4859
458 5566
458 5843
458 6042
459 283
459 1402
459 1829
459 1985
459 2373
459 2858
459 4087
459 4130
459 4224
459 4226
459 4417
459 4801
459 5530
460 207
460 596
460 801
460 3032
460 3510
460 4144
460 4677
460 6319
460 6419
460 6606
461 2115
461 3747
461 5453
461 5891
462 1222
462 3453
462 3602
462 3678
462 4587
463 144
463 807
463 974
463 1301
463 1805
463 2433
463 4704
463 5356
463 5801
464 8
464 873
464 933
464 1469
464 2306
464 3022
464 5336
464 6393
465 402
465 2455
465 2839
465 3149
465 4569
466 41
466 720
466 964
466 3026
466 4142
466 4170
466 6052
467 508
467 3132
467 3241
467 3266
467 4115
467 4795
468 442
468 1535
468 1857
468 2012
468 4960
468 5581
468 6261
468 6456
468 6522
469 383
469 1794
469 3895
469 4112
469 4811
469 6559
470 13
470 176
470 1562
470 6002
471 117
471 1129
471 1702
471 2176
471 2979
471 5153
471 5564
472 1251
472 1843
472 1880
472 3263
472 5196
472 5197
472 6384
473 2166
473 2947
473 3001
473 5279
473 5460
473 6028
473 6135
474 765
474 1327
474 1650
474 3775
474 4010
474 4209
474 4627
474 5539
474 6333
475 331
475 435
475 1563
475 2372
475 2381
475 2632
475 2951
475 4865
475 6225
476 1252
476 2355
476 3265
476 4839
476 4987
476 6042
476 6222
477 223
477 680
477 1068
477 1766
477 3037
477 4388
477 6453
478 776
478 1029
478 3755
478 3930
478 3972
478 4796
478 5099
478 5223
478 6219
478 6506
479 751
479 1138
479 1610
479 2209
479 2721
479 3508
479 3786
479 4603
479 4672
479 5600
480 2477
480 2622
480 3601
480 4067
480 5772
481 767
481 1298
481 2057
481 2664
481 2952
481 3113
481 3114
481 3323
481 3759
481 4142
481 5883
481 5996
482 334
482 2106
482 3468
482 4687
482 5635
482 5910
482 6521
483 2763
483 4690
483 4765
483 5372
483 5588
483 5908
483 6503
484 394
484 2103
484 2154
484 3123
484 4003
484 4272
484 4586
485 406
485 2979
485 4498
485 4663
485 4676
485 5005
485 5596
485 6498
486 121
486 574
486 1327
486 2143
486 2537
486 3539
486 4770
487 3577
487 4728
487 4829
487 5709
488 566
488 847
488 3999
488 4641
488 5261
488 5339
488 6398
489 383
489 1755
489 4747
489 6070
489 6616
490 692
490 1655
490 1839
490 2690
490 2869
490 2895
490 3270
490 4376
491 326
491 1881
491 1945
491 2700
491 3670
491 4059
491 5735
492 1120
492 3892
492 4254
492 4866
492 5783
493 933
493 1110
493 1717
493 1824
493 4432
493 4617
494 532
494 544
494 1927
494 4638
494 4744
494 4812
494 6272
494 6523
495 38
495 948
495 3317
495 5123
496 71
496 124
496 181
496 274
496 2395
496 2468
496 2723
496 6108
496 6605
497 1425
497 2698
497 3236
497 5120
497 5396
497 5837
497 6378
498 874
498 3095
498 4116
498 5990
498 6459
499 2473
499 2611
499 3950
499 4060
499 5694
499 5922
499 5966
500 3416
500 3855
501 15
501 1166
501 2053
501 2559
501 4501
501 5639
501 5682
502 2108
502 2584
502 3861
502 5424
503 1699
503 3252
503 3366
504 42
504 128
504 1240
504 1512
504 2213
504 2492
504 2628
504 3615
504 5210
504 5568
504 5880
504 6418
505 353
505 445
505 469
505 1596
505 2408
505 2638
505 4067
505 4313
506 2166
506 3077
506 3214
507 158
507 1404
507 1929
507 2726
507 3329
507 3523
507 5002
507 6071
508 1326
508 2041
508 4484
508 6192
508 6310
509 1250
509 1954
509 1989
509 2987
509 3828
509 6280
510 481
510 1267
510 1329
510 2572
510 5693
510 6220
510 6322
511 725
511 1756
511 3304
511 5254
512 2595
512 3274
512 4047
512 4272
512 4344
512 5247
513 253
513 1198
513 1884
513 2139
513 3914
513 3996
513 4272
514 320
514 2614
514 3326
514 5138
514 5825
515 681
515 1178
515 2635
515 3591
515 4062
515 5045
515 5770
515 5863
515 5894
515 6628
516 366
516 3301
516 4179
516 5077
516 5360
517 907
517 1202
517 2250
517 3025
517 5388
518 381
518 2318
518 2376
518 2724
518 2741
518 2886
518 3795
518 4075
518 5087
519 1882
519 3096
519 5330
520 1582
520 2022
520 2860
520 5206
521 314
521 1418
521 3996
521 4276
521 4643
521 5656
522 1841
522 2731
522 3373
522 4523
522 5690
522 6342
522 6578
523 362
523 2131
523 3196
523 6562
524 117
524 120
524 1095
524 1741
524 2175
524 2180
525 2404
525 2682
525 2875
525 4753
525 5021
525 5087
525 6211
525 6419
526 183
526 1343
526 1527
526 2263
526 4121
526 6120
527 742
527 1198
527 1246
527 1517
527 6126
527 6443
528 73
528 470
528 555
528 3543
528 4453
528 5755
528 6091
529 1788
529 4543
529 5204
529 5929
530 216
530 989
530 1538
530 4342
530 4638
530 5625
530 6110
530 6540
531 1415
531 2016
531 2732
531 2930
532 669
532 2142
532 2196
532 2329
532 2425
532 4913
532 6289
533 1232
533 1300
533 2056
533 2787
533 2898
533 4202
533 4601
533 6031
534 1571
534 2018
534 3577
534 3740
534 3762
534 3788
534 4401
534 4796
534 6445
534 6637
535 1369
535 3834
535 3880
535 3902
535 4513
535 5928
536 261
536 2856
536 3392
536 4960
536 6028
536 6339
537 119
537 196
537 848
537 1406
537 3663
537 5222
537 5572
537 6498
538 4011
538 4301
538 4838
538 4902
538 5365
538 6350
539 4593
539 4956
540 1181
540 2969
540 4741
540 5494
540 6417
541 249
541 618
541 1108
541 2505
541 2961
541 3983
541 4992
541 6111
541 6218
541 6595
542 101
542 747
542 1069
542 1848
542 2069
542 5539
542 5747
542 6112
543 456
543 1249
543 2671
543 4147
543 4779
543 6107
543 6357
544 1468
544 1633
544 2315
544 2541
544 3602
544 5665
545 1988
545 5586
545 6603
546 2342
546 4146
546 5097
546 5189
546 6251
547 630
547 1620
547 2691
547 4092
547 4555
547 5131
547 5802
548 1578
548 2007
548 3765
548 4397
548 5910
548 6469
549 39
549 710
549 1620
549 1843
549 2359
549 6408
549 6501
550 256
550 3054
550 4771
550 5830
550 6095
551 56
551 1104
551 1535
551 2384
551 2778
551 2830
551 3655
551 3841
551 4146
551 5654
551 6423
552 1006
552 1382
552 2334
552 2992
552 3277
552 3478
552 3982
552 4863
553 2106
553 3496
553 3949
553 4809
553 5164
553 5446
553 5579
554 1075
554 1177
554 1915
554 1920
554 4509
554 4685
554 4836
554 6052
554 6101
555 764
555 1048
555 1362
555 1420
555 3329
555 4839
555 5662
555 5980
556 1258
556 1389
556 2143
556 2240
556 3408
556 3628
556 4574
556 4830
556 4969
556 6604
557 1036
557 2138
557 5101
557 6068
558 214
558 1864
558 1987
558 2061
558 3660
558 4002
558 4620
558 4712
558 5177
558 6537
559 351
559 604
559 795
559 1340
559 2409
559 2637
559 2779
559 2923
559 5462
560 2242
560 4728
560 5240
560 5265
560 5830
560 6206
560 6570
561 10
561 720
561 1751
561 2747
561 3661
561 6650
562 2589
562 2760
562 2841
562 3741
562 4356
562 5635
562 6081
562 6199
563 14
563 435
563 496
563 519
563 3194
563 4437
563 4653
564 70
564 296
564 334
564 2118
564 2291
564 4116
564 4144
564 5494
565 9
565 831
565 1518
565 3947
565 4064
565 4620
566 601
566 1942
566 2256
566 2897
566 5459
566 5483
567 40
567 100
567 170
567 368
567 1690
567 2425
567 6655
568 787
568 1031
568 2989
568 3069
568 3187
568 3209
568 4811
568 6440
569 932
569 1528
569 1886
569 3938
569 6331
570 548
570 1647
570 2452
570 2828
570 3310
570 3819
570 4796
571 1512
571 2679
571 4469
571 4509
571 6138
572 252
572 907
572 1488
572 1746
572 2834
573 3
573 1983
573 2169
573 3405
573 3743
573 4443
574 1847
574 1943
574 2531
574 2569
574 5557
574 5748
575 44
575 238
575 296
575 2911
575 6170
575 6542
576 1319
576 1787
576 5480
576 6057
577 1016
577 1743
577 2259
577 2940
577 3717
577 4581
578 105
578 126
578 277
578 2306
578 6176
578 6177
578 6188
578 6465
578 6630
579 91
579 1057
579 3413
579 3937
579 4031
579 4533
579 4596
579 5785
580 98
580 248
580 459
580 3398
580 4446
580 6369
581 24
581 2132
581 2542
581 3010
581 3078
582 2833
582 4598
583 1115
583 1206
583 1406
583 1901
583 3845
583 5208
583 5596
583 6503
584 376
584 523
584 1912
584 3178
584 3754
584 4243
584 4704
584 4763
585 916
585 3703
585 4303
585 4363
585 6635
586 163
586 993
586 1299
586 1480
586 2338
586 2778
586 4198
586 5261
586 6480
586 6596
586 6643
587 1556
587 1564
587 2420
587 4718
587 6686
588 255
588 2548
588 4850
588 4974
588 5624
588 6378
589 1364
589 1563
589 2404
589 2605
589 5059
589 5887
589 6045
590 591
590 1003
590 3443
590 3552
590 4209
591 2703
591 3166
591 3422
591 3647
591 3799
591 4453
592 2386
592 5314
592 5615
593 318
593 905
593 1443
593 4144
594 1515
594 1881
594 4782
594 5356
595 1662
595 1681
595 4122
595 4295
595 4618
595 4824
595 5003
595 6304
595 6335
596 1196
596 1301
596 2801
596 3846
596 4111
596 6191
596 6321
596 6488
597 1059
597 1399
597 1990
597 4190
597 4439
597 4806
597 5196
598 158
598 1357
598 1454
598 2031
598 2511
598 2745
598 3174
598 5124
598 5190
598 5240
598 5647
598 5925
599 610
599 2969
599 2998
599 3617
599 4520
599 4634
599 5481
599 5748
600 272
600 2369
600 5291
601 1446
601 1816
601 1841
601 3613
601 6397
602 109
602 150
602 409
602 1243
602 1692
602 1791
602 2467
602 3036
602 3225
602 4434
602 5055
603 1228
603 3688
603 5587
604 169
604 273
604 2403
604 3849
604 4481
604 5350
604 6175
604 6302
604 6376
605 803
605 1566
605 1835
605 3285
605 3954
605 4087
605 5804
605 6064
606 1246
606 2268
606 3616
606 3892
606 5520
606 5781
607 3507
607 5678
607 6287
608 1484
608 1810
608 3213
608 4205
608 5189
608 5225
609 161
609 1580
609 5026
610 1426
610 2758
610 3060
610 4192
610 5188
610 5539
611 2905
611 3105
611 3762
612 1355
612 2789
612 3086
612 5410
613 728
613 1145
613 3355
614 1159
614 1455
614 1754
614 2739
614 5435
614 5500
615 2705
615 4502
615 4702
615 6165
615 6302
615 6605
616 636
616 1533
616 2035
616 4326
616 4384
616 4992
616 5612
617 1848
617 1861
617 2829
617 4447
617 5406
617 5641
617 5756
617 6368
618 201
618 1495
618 1732
618 2312
618 3664
618 3678
618 3753
618 4047
618 4459
618 5586
619 474
619 785
619 1161
619 2512
619 3740
619 5658
619 6446
619 6531
620 2911
620 3318
620 4130
620 6688
621 1632
621 2640
621 3628
621 3759
621 5355
622 1134
622 3084
622 3766
622 5068
622 5925
622 6079
622 6094
623 68
623 578
623 631
623 1937
623 4800
624 771
624 1520
624 2376
624 3772
624 3846
624 4298
624 5022
625 553
625 3373
625 4358
626 1343
626 1380
626 4981
626 5526
626 6514
627 1073
627 5196
627 5208
627 5246
628 2096
628 3141
628 3483
629 3746
629 6503
630 1102
630 5201
630 5908
631 75
631 3740
631 4281
631 4437
631 4481
632 877
632 3227
632 3731
632 3764
632 6150
633 318
633 1884
633 4492
634 700
634 1055
634 3825
634 5082
634 5471
634 5746
635 1637
635 2045
635 2053
635 5163
636 249
636 2458
636 5304
637 2137
637 2173
637 2261
637 3294
637 3402
638 82
638 455
638 4814
638 5802
639 117
639 406
639 1124
639 4708
640 912
640 941
640 974
640 1449
640 4113
640 4557
640 5716
641 1880
641 3788
641 4495
641 6505
642 47
642 1098
642 1496
642 1657
642 1988
642 2964
642 3372
642 3567
642 6243
642 6379
643 2530
643 3667
643 4338
643 4406
643 4477
643 5829
644 265
644 328
644 2689
644 3279
644 4599
644 6289
644 6594
645 112
645 1947
645 2241
645 2457
645 4294
646 484
646 3058
646 6317
648 826
648 868
648 3646
648 5606
649 1741
649 2939
649 4477
649 4634
649 4908
650 1092
650 1309
650 1471
650 2006
650 3073
650 3756
650 4134
650 4325
650 5467
650 5915
651 1376
651 1465
651 2937
651 4130
651 4707
651 5119
651 5170
651 6103
652 1733
652 2381
652 4197
652 4469
652 4627
652 5105
652 5381
652 5688
653 34
653 2386
653 3753
653 4490
653 5274
653 5498
654 1826
654 2553
654 4754
654 6460
655 118
655 1191
655 2008
655 2135
655 3085
655 3391
655 3417
655 6095
655 6261
656 705
656 2622
656 4317
656 4708
656 5403
656 6524
656 6533
656 6538
656 6567
657 3924
657 5174
658 1718
658 2093
658 2420
658 3378
658 3402
658 3729
658 4665
658 5886
658 6544
659 2189
659 2526
660 1507
660 4464
660 4661
660 6620
661 82
661 2403
662 232
662 1310
662 1454
662 1700
662 1871
662 2531
662 2606
662 3413
662 4340
662 4585
662 4884
662 5005
662 5277
662 5601
662 6331
663 515
663 833
663 851
663 971
663 3256
663 5340
663 6572
664 1994
664 2389
664 2499
664 4068
664 4795
665 323
665 1384
665 3625
665 4641
665 5266
665 5931
665 6402
665 6412
665 6692
666 1942
666 1995
666 2569
666 2750
666 2849
666 3994
667 120
667 351
667 372
667 465
667 1917
667 3178
667 4507
667 5802
667 5807
667 5967
668 1161
668 1761
668 3679
668 4879
668 5377
668 5440
669 1382
669 2245
669 3711
669 4382
669 5194
670 2319
670 4885
671 4288
671 5258
672 509
672 3041
672 4849
672 4868
672 5663
673 510
673 2965
673 4436
673 4686
673 4866
673 5596
674 879
674 4249
674 4957
674 5981
675 1060
675 1682
675 1746
675 2892
675 2896
675 5058
675 6298
676 1124
676 2112
676 2756
676 3206
676 3267
676 3409
676 3542
676 3818
676 5461
677 936
677 1668
677 1774
677 3463
677 6343
678 992
678 1313
678 1513
678 2464
678 2690
678 2769
678 5664
679 995
679 1927
679 2210
679 3958
679 4947
679 5122
679 5892
679 6243
679 6607
680 1404
680 1894
680 1940
680 3036
680 3878
680 4097
680 4508
680 4983
681 1792
681 1929
681 2186
681 2913
681 4649
681 5391
681 6195
682 877
682 3052
682 3960
682 4213
682 5491
682 5595
682 5863
682 6600
683 122
683 377
683 957
683 2219
683 2503
683 2676
683 3899
683 5306
684 2753
684 3871
684 5239
685 2609
685 3688
685 4590
685 4886
685 5841
686 3356
686 4516
687 646
687 3166
687 4334
687 6246
688 1670
688 5261
689 230
689 2163
689 3981
689 4081
689 5120
689 5207
690 772
690 922
690 1257
690 2895
690 4222
691 1522
691 2846
691 3317
691 4103
692 857
692 1244
692 1296
692 4650
692 4850
692 6071
693 284
693 2698
693 3512
693 3650
693 4100
694 704
694 4622
695 790
695 1733
695 3445
695 4506
695 4570
695 5080
695 5269
695 6060
695 6121
696 516
696 2695
696 3160
696 5079
696 5274
696 5399
697 200
697 470
697 1553
697 1867
697 3947
697 6222
698 487
698 714
698 1247
698 2366
698 2886
698 2933
698 3630
698 4164
698 5616
699 596
699 1097
699 2656
699 3287
699 4305
699 5092
699 5206
699 5740
699 5813
700 9
700 1916
700 3145
700 3738
700 3877
700 5595
701 282
701 1964
701 1986
701 2810
701 2891
701 4394
701 4758
701 6342
701 6346
701 6397
702 378
702 2656
702 3137
702 3301
702 4203
702 5454
703 2306
703 2594
703 2785
703 3567
703 4044
703 4517
703 5360
704 1773
704 3585
704 4694
704 5370
705 1347
705 2041
705 2523
705 3189
705 4583
705 4600
705 4868
705 5473
705 6201
706 1495
706 2140
706 2473
706 2861
706 3035
706 3812
706 4806
706 5060
707 22
707 612
708 84
708 722
708 1182
708 4058
708 4233
708 4765
708 5152
709 637
709 1419
709 1713
709 2173
709 4051
710 147
710 579
710 2499
710 3844
710 4786
710 5148
710 5448
711 2970
711 3759
711 4720
712 2202
712 2663
712 3994
712 5251
713 528
713 773
713 1261
713 2326
713 4035
714 1142
714 1975
714 4328
714 4570
715 552
715 1125
715 1341
715 1801
715 3604
715 5440
715 6329
716 635
716 2027
716 2470
716 3273
716 3759
716 5226
716 6287
716 6373
717 202
717 1309
717 1462
717 2267
717 4214
717 4797
717 5617
717 6015
718 2571
718 3518
718 4776
718 6093
719 349
719 1554
719 1765
719 2257
719 2756
719 3835
719 4382
719 5707
720 480
720 795
720 3015
720 3404
720 3460
720 3708
720 4615
720 6423
721 1511
721 4623
721 5121
721 5395
721 6312
722 1561
722 6257
723 339
723 2134
723 2352
723 4040
723 5575
723 6094
724 1104
724 1949
724 2184
724 3269
724 3868
725 489
725 522
725 2087
725 3117
726 1454
726 1566
726 2692
726 3113
726 3491
726 4746
726 4903
726 5186
726 5388
726 6027
726 6151
726 6185
727 220
727 2648
727 3338
727 4520
727 4599
727 4999
728 1287
728 1801
728 3289
728 5734
728 5777
729 458
729 1184
729 4016
730 1288
730 1458
730 1465
730 2091
730 2394
730 2793
730 4573
730 5189
730 5477
730 5609
730 5851
731 597
731 2475
731 3238
731 4724
731 6481
732 180
732 254
732 789
732 902
732 1687
732 2220
732 3126
732 5417
732 6681
733 1910
733 2433
733 2772
733 3550
734 2000
734 4733
735 508
735 594
735 793
735 2984
735 4270
735 4414
736 275
736 2659
736 3711
736 3814
736 4469
736 5063
736 5204
736 5438
736 5906
737 442
737 542
737 657
737 1666
737 2364
737 2703
737 3395
737 4460
737 5607
737 5771
737 6361
738 17
738 1110
738 2103
738 2280
738 4449
738 6401
739 234
739 435
739 971
739 2210
739 3552
739 5146
739 5456
739 6572
740 1866
740 2071
740 3221
740 5151
741 672
741 3068
741 3212
742 2373
742 2583
742 4451
743 578
743 863
743 2193
743 2351
743 3375
743 4027
743 4343
743 4810
744 1027
744 2868
744 4764
744 6511
745 14
745 528
745 2257
745 3216
745 3423
745 3570
745 3857
745 4482
745 4842
745 5982
745 6500
745 6619
746 605
746 704
746 1948
746 3186
746 4515
746 5817
746 6589
747 10
747 754
747 775
747 1165
747 1405
747 1582
747 2519
747 3911
747 4906
747 5080
748 2
748 323
748 2396
748 4882
748 5512
748 5951
748 6187
749 656
749 2035
749 2501
749 2948
749 3659
749 4526
749 4941
749 5586
750 1036
750 2239
750 2584
750 3184
750 6131
751 714
751 2741
751 3513
751 4661
751 4869
752 843
752 871
752 2933
752 3794
752 6361
752 6413
753 4246
753 5331
754 329
754 1249
754 1451
754 1922
754 2054
754 2397
754 2799
754 2814
754 3509
754 3619
754 3798
754 3988
754 4300
754 6152
754 6579
755 850
755 1498
755 3503
755 4262
755 4424
755 5933
755 6052
756 817
756 1295
756 2226
757 10
757 1963
757 2868
757 5825
757 5848
757 6295
757 6372
758 864
758 1463
758 1689
758 2555
758 4569
758 4998
758 5305
758 5418
758 5931
759 1623
759 2159
759 5824
760 322
760 826
760 1687
760 2177
760 2477
760 4307
761 2417
761 2594
761 6439
761 6492
762 255
762 1458
762 2756
762 5235
762 6287
762 6441
762 6485
763 2848
763 4310
763 6306
764 1090
764 1368
764 1424
764 2494
764 2704
764 3326
764 3719
765 679
765 922
765 1196
765 1250
765 2150
765 6107
765 6402
765 6432
766 68
766 2054
766 3539
766 3977
766 4738
766 5264
766 5524
766 5754
767 657
767 2153
767 4604
767 4703
767 5188
768 764
768 3245
768 4993
769 351
769 513
769 1472
769 2133
769 3247
769 3639
769 3851
769 3878
769 4287
769 5325
769 6636
770 1409
770 1646
770 4721
770 4877
770 5333
770 6011
770 6015
771 370
771 2803
772 149
772 3730
772 3936
772 5223
772 6336
773 669
773 3072
773 3275
773 3427
773 6472
774 188
774 296
774 760
774 3224
774 3934
774 5837

