7999 9367 2131
1 1
4 9106
7 8127
10 1897
12 7879
13 9114
24 6802
28 1942
30 61
32 185
33 7054
35 6914
47 3996
47 6199
53 8138
54 4564
62 3751
65 8380
70 9267
75 8101
85 5728
90 688
93 5548
103 7587
103 9204
104 3289
111 982
118 297
119 2084
120 2392
122 3652
125 8329
126 9352
128 4002
145 7829
148 5240
151 5748
161 791
166 2603
168 6499
175 3673
178 755
178 1742
200 469
202 161
206 2574
208 4984
215 197
215 7490
215 8761
218 5891
227 2417
232 3895
233 3934
236 7036
238 2608
257 6341
263 6726
266 8341
270 5217
278 5670
284 7387
285 3718
289 1056
295 8536
302 737
303 112
304 3381
307 4842
317 927
323 6541
329 2897
331 397
335 5665
345 7524
357 9007
367 2120
372 7948
382 256
393 388
403 5453
407 3958
408 2996
409 3581
410 1082
412 3552
413 1554
413 1688
414 8235
419 7037
423 492
424 7726
430 3389
434 699
435 6018
447 6683
448 4914
449 5649
450 805
451 1566
458 1846
458 9081
464 432
470 4422
470 7064
471 6528
474 4445
477 1260
478 1017
480 4105
485 73
485 3318
487 8752
504 8155
525 386
534 3607
538 7508
539 8379
544 8221
551 80
551 6080
552 1570
553 8685
564 1857
565 622
570 1827
574 5994
578 1801
581 7229
583 4017
584 1188
584 8422
585 6122
586 5166
592 8114
594 6422
603 6600
612 2693
617 5928
618 9273
633 1441
633 4835
639 4250
640 1793
647 5278
652 2939
656 3124
659 8495
660 8935
661 1256
663 8635
666 5160
669 4982
671 2892
676 9198
681 4218
682 5140
682 8892
687 8752
688 9210
691 6230
694 3925
695 5589
698 6516
704 2376
710 7182
713 1836
716 1838
737 6842
738 2217
739 3741
756 5455
757 592
757 7234
764 1500
764 6703
770 300
770 1622
772 7554
774 9322
781 3305
783 4779
784 430
785 6827
786 6069
787 3145
788 7595
792 2535
796 4719
797 6823
799 1129
799 1638
807 2138
807 2815
810 4157
815 4408
817 6372
818 8069
822 5832
828 86
833 3634
834 4023
841 5970
851 7126
851 8145
854 6344
860 8575
867 3891
868 9335
870 2245
878 5244
883 1196
886 3096
886 5746
891 9200
899 4981
901 1674
908 446
915 3893
915 4669
916 9188
918 8119
920 1073
920 8875
938 2202
938 8526
942 1666
944 9281
948 5703
948 6013
953 7103
954 1973
956 2544
957 245
959 3347
963 1940
963 4775
965 3686
965 8817
977 8898
989 5888
999 4517
1001 8123
1002 6409
1006 6383
1006 8925
1016 8851
1020 414
1022 5400
1022 6522
1023 6519
1025 3249
1026 7326
1027 4158
1031 6377
1032 7434
1037 6642
1038 5339
1042 4284
1044 3694
1052 7395
1054 6700
1055 8983
1067 7134
1070 1398
1083 8907
1086 2642
1088 4647
1095 7311
1098 2586
1113 2161
1114 5882
1121 7229
1123 5348
1126 6114
1127 8254
1131 3198
1134 5700
1137 7507
1137 7597
1139 7594
1140 6101
1153 3186
1154 4040
1154 6933
1154 9301
1160 4190
1164 4623
1165 1191
1165 9111
1167 4631
1169 6319
1171 1123
1178 7361
1185 4887
1187 3032
1187 6608
1189 5675
1192 2546
1198 9248
1202 4489
1208 7654
1212 5494
1221 6040
1225 9344
1230 1010
1232 2997
1234 8091
1238 4474
1238 8486
1239 4341
1240 9226
1247 6011
1253 5060
1264 7713
1265 3540
1280 1304
1280 1478
1285 1213
1286 4086
1288 6237
1289 2851
1294 180
1301 1608
1306 5863
1311 284
1313 9085
1315 6446
1315 7769
1316 9269
1317 6332
1324 14
1326 3116
1332 8983
1339 8968
1346 77
1348 2136
1349 9304
1356 147
1360 6768
1362 9051
1363 4020
1363 8872
1365 8080
1365 8425
1371 1070
1372 6782
1376 4235
1376 6055
1378 4534
1378 6600
1380 409
1380 4664
1390 8684
1392 9257
1395 7983
1396 5093
1408 4309
1413 5715
1414 7935
1414 8385
1417 2591
1429 1545
1432 6740
1433 9303
1449 3169
1450 2049
1464 2043
1466 1122
1470 29
1472 6962
1472 8603
1473 3857
1474 571
1474 7702
1475 5764
1476 6858
1477 777
1481 2218
1483 3684
1484 1661
1487 1934
1487 7928
1489 6965
1495 4295
1499 8264
1504 8177
1509 5093
1519 9236
1522 1927
1526 4671
1528 3755
1528 7258
1529 1930
1529 6946
1531 7601
1533 4241
1535 7755
1536 4889
1537 7498
1551 6067
1553 1089
1553 3200
1553 4292
1555 942
1555 8549
1557 9030
1560 387
1562 6841
1564 1213
1568 1576
1570 304
1571 4006
1583 798
1590 5716
1596 1814
1604 9028
1607 5607
1628 1661
1628 6619
1631 3409
1634 6817
1635 1647
1635 4582
1636 2075
1637 4294
1641 855
1641 6730
1646 6388
1659 8975
1662 3385
1662 5265
1663 1481
1667 1362
1668 1398
1669 8853
1678 9313
1680 2039
1681 4868
1681 8157
1684 6036
1684 8517
1687 1326
1706 795
1715 5619
1717 3974
1718 9344
1719 7431
1720 8082
1723 6959
1734 399
1737 4001
1737 8268
1742 6910
1744 2795
1746 412
1747 8483
1748 2332
1749 4048
1749 8382
1750 8808
1752 6559
1753 3099
1756 4940
1760 3044
1763 8935
1768 8829
1771 5191
1772 2058
1772 8262
1775 2643
1781 6428
1786 1383
1789 2993
1797 7682
1798 2308
1806 6564
1808 560
1809 1318
1809 2098
1811 7988
1813 4099
1815 5307
1816 7869
1832 8225
1833 7258
1836 3722
1838 5755
1839 1269
1842 5126
1845 4413
1852 6343
1861 6331
1866 6481
1867 5730
1868 8705
1870 2059
1870 3112
1872 1156
1876 1123
1879 2999
1884 4552
1896 3473
1898 303
1904 2560
1909 3902
1911 5288
1921 4570
1928 1175
1930 4061
1934 4142
1938 7086
1939 1644
1947 5602
1953 2912
1954 2293
1956 4560
1958 5938
1959 3464
1959 4115
1959 7973
1960 1552
1960 1696
1961 1454
1962 2440
1972 6163
1975 684
1975 8319
1976 447
1976 876
1980 6215
1983 5495
1985 803
1991 553
1995 8955
1997 1837
2001 2869
2007 5068
2009 221
2012 3494
2014 6513
2015 7154
2017 9144
2018 3402
2022 9051
2022 9228
2024 2806
2025 4072
2028 2949
2031 8998
2032 7476
2040 2965
2041 1597
2041 3065
2043 5332
2044 4914
2044 5397
2049 403
2049 8483
2057 2583
2061 9289
2064 4347
2073 31
2077 7777
2078 2912
2080 1436
2080 7782
2088 4074
2093 8709
2099 6764
2104 5106
2104 5968
2106 2531
2107 3879
2116 3068
2117 1297
2123 8413
2131 1288
2132 8987
2133 6759
2136 5133
2140 6070
2141 2145
2143 6456
2144 2297
2144 5616
2144 6592
2151 7327
2154 2956
2156 4440
2160 8734
2167 6140
2169 1566
2170 6234
2174 2758
2179 86
2185 1618
2186 3543
2197 6620
2198 7394
2201 1926
2213 338
2215 4872
2217 2556
2217 7094
2217 8323
2218 6139
2219 2244
2226 914
2231 7049
2239 7958
2242 3496
2250 1757
2253 393
2253 6289
2267 7956
2288 7622
2320 5227
2322 4253
2324 1526
2332 3630
2339 5553
2345 6412
2353 9084
2356 4861
2366 6615
2366 8739
2367 4558
2375 978
2393 3258
2393 4521
2397 2482
2401 7631
2406 7720
2412 5306
2414 3622
2415 8725
2417 1244
2418 6653
2428 787
2430 8076
2430 9330
2434 5103
2439 9122
2441 4945
2448 5036
2448 9306
2450 7606
2452 6491
2454 7593
2455 6852
2459 4018
2468 4260
2468 5369
2477 912
2481 8707
2489 5257
2495 7552
2496 4805
2501 5527
2505 4368
2505 7857
2514 6986
2517 2191
2518 4719
2519 4266
2523 492
2525 3066
2529 9159
2538 2714
2550 2939
2551 8627
2554 3012
2554 4496
2558 6057
2561 3438
2561 8932
2573 2847
2585 4069
2585 8856
2587 2898
2589 1657
2590 7051
2595 6582
2599 451
2605 728
2612 7107
2621 6970
2626 1516
2629 8160
2643 1588
2644 1210
2644 2446
2644 4209
2647 3614
2647 4871
2650 433
2652 822
2658 9059
2662 7223
2663 4513
2668 979
2673 5124
2688 4618
2710 5294
2713 1035
2717 8929
2718 578
2729 1753
2732 2940
2747 3033
2756 3678
2756 6437
2761 2128
2767 841
2768 4914
2768 8747
2774 4269
2786 7916
2801 8982
2810 5670
2816 227
2819 5192
2823 8553
2824 6779
2827 5578
2832 1
2835 5140
2835 5864
2841 1751
2844 6918
2844 7353
2846 1452
2853 4043
2858 3413
2865 1711
2867 3909
2869 1142
2870 2327
2874 8597
2875 2292
2882 877
2887 5852
2893 6311
2895 5057
2895 7251
2901 336
2901 3051
2902 6389
2906 5691
2907 5077
2912 3891
2915 6940
2916 6289
2918 8840
2920 9243
2923 4780
2929 154
2934 5417
2935 7693
2936 7323
2943 3951
2946 7641
2950 3658
2951 1152
2959 325
2965 7558
2973 2074
2976 2300
2978 8171
2981 2322
2983 840
2983 2983
2983 4481
2998 8863
2999 2271
2999 3836
2999 4253
3001 8917
3014 6059
3019 4977
3021 6172
3030 1226
3030 5262
3036 2389
3038 591
3038 6402
3039 772
3044 1923
3045 9036
3048 3632
3049 5482
3059 4546
3066 1629
3066 5763
3067 8036
3067 8137
3076 364
3083 5632
3084 8149
3090 7870
3092 1428
3101 8342
3102 7981
3106 2469
3106 5536
3106 7543
3110 640
3116 1781
3117 8702
3127 2483
3129 373
3130 4396
3135 389
3135 6284
3135 7520
3143 7720
3147 6200
3158 3117
3164 7514
3173 8354
3176 2027
3177 2388
3179 6787
3181 6826
3182 4265
3186 795
3187 8340
3188 9319
3195 8274
3197 4104
3200 2664
3204 1133
3204 7204
3217 1640
3229 353
3230 8654
3236 4350
3236 5411
3238 3571
3241 2143
3243 8761
3244 6620
3249 1391
3252 4816
3257 6537
3259 7505
3268 4306
3270 9243
3274 7904
3276 2936
3277 2777
3285 909
3286 9145
3287 2607
3289 1642
3291 4599
3293 2586
3293 3159
3306 4756
3309 5628
3313 2153
3322 6207
3323 7699
3327 9219
3328 7521
3329 7024
3331 8605
3332 5333
3334 8370
3340 5283
3343 1789
3343 5517
3349 8866
3351 539
3351 9134
3352 2304
3355 310
3360 2666
3369 6778
3370 2237
3371 6939
3375 4947
3383 5464
3383 7597
3388 3106
3391 2340
3393 7789
3395 8343
3396 4210
3397 1164
3408 4970
3409 7203
3413 8601
3427 8314
3437 7104
3440 5563
3441 87
3449 2891
3456 6856
3461 8013
3470 454
3470 7562
3477 4319
3479 5588
3482 197
3486 628
3488 5431
3489 1331
3489 9034
3491 152
3492 375
3497 5859
3507 4267
3511 2469
3514 2486
3523 3381
3523 5026
3527 3933
3528 4295
3532 7225
3545 6574
3549 6755
3557 5632
3558 3928
3562 7432
3563 3367
3571 9174
3572 1367
3581 2263
3591 7220
3592 7166
3593 1140
3593 1683
3601 2085
3603 101
3605 2986
3608 8640
3611 3596
3612 8218
3616 9257
3619 462
3620 6818
3623 3924
3630 6937
3632 4694
3632 6860
3636 560
3637 7151
3645 5205
3647 2337
3648 3359
3654 4360
3656 1123
3656 7107
3659 7100
3665 2206
3670 1844
3675 7770
3678 2431
3686 923
3699 7337
3702 1535
3703 6756
3705 2719
3709 3774
3719 4395
3720 8059
3721 4238
3724 8381
3731 1379
3731 3603
3736 3660
3745 4055
3745 5539
3756 6199
3758 6768
3760 4676
3764 2356
3768 9329
3770 4307
3777 1708
3780 2772
3786 1847
3787 6742
3791 8611
3792 8957
3794 241
3800 3745
3800 9181
3804 8249
3810 1447
3811 3977
3812 3114
3815 676
3816 5519
3817 2867
3818 8876
3819 6233
3820 8757
3830 1233
3838 1022
3838 7919
3842 4647
3847 1628
3853 2402
3862 7635
3865 3052
3866 6854
3867 245
3870 7455
3871 7741
3873 2805
3875 7974
3877 2003
3884 6879
3894 9225
3903 8406
3906 881
3906 4581
3906 9293
3909 2689
3911 5109
3918 7751
3921 3190
3921 7026
3922 6237
3924 2275
3933 1408
3949 7862
3956 4682
3957 3806
3958 1175
3960 606
3967 668
3979 3063
3980 2364
3982 5621
3982 8819
3988 9095
3995 224
4006 5460
4007 4193
4010 3144
4017 6604
4017 9267
4020 3362
4027 7594
4031 4291
4036 9333
4041 9296
4042 5929
4043 1281
4049 451
4051 3370
4053 8582
4058 4983
4064 3164
4065 4954
4066 3024
4069 4264
4071 4564
4072 5687
4078 3683
4081 7868
4089 1975
4094 3011
4099 511
4101 7509
4102 2648
4104 4639
4109 6203
4117 2383
4118 2240
4121 8356
4122 7424
4126 7949
4127 1962
4135 126
4139 7024
4143 2675
4153 4029
4158 8318
4160 6550
4165 8207
4171 1960
4172 958
4174 5589
4175 3362
4178 1332
4188 1099
4190 6426
4208 1153
4214 2652
4217 2495
4217 3298
4220 4777
4221 156
4226 3362
4227 5650
4229 8788
4230 1145
4233 4369
4237 5187
4239 8020
4246 6050
4246 7538
4255 7864
4256 8261
4261 418
4264 1618
4264 5821
4265 2722
4267 9074
4273 2811
4279 2165
4283 6097
4287 1530
4287 3964
4295 2302
4299 5212
4300 2487
4300 5228
4301 5495
4304 8405
4313 4462
4314 8186
4320 7721
4325 2214
4328 1602
4333 399
4342 4209
4345 4623
4356 2450
4356 9102
4367 7181
4370 8117
4382 364
4383 8650
4384 3144
4386 5127
4393 2491
4399 5507
4399 9246
4403 6790
4408 373
4415 6517
4416 8020
4418 1462
4419 3508
4420 9181
4428 9149
4429 4587
4438 899
4450 4910
4451 43
4452 2148
4453 9198
4455 8433
4464 1052
4465 6491
4465 7154
4471 2349
4472 9131
4476 7557
4477 1866
4486 1770
4486 2745
4487 3280
4487 6644
4498 334
4498 7837
4508 691
4516 1565
4518 1263
4518 5308
4520 8746
4522 3963
4522 5314
4522 8297
4524 4586
4531 5263
4534 5842
4534 7473
4541 6902
4543 8942
4547 5904
4549 7575
4551 7011
4551 8173
4559 8539
4561 3819
4562 5195
4571 3030
4572 3763
4579 969
4583 1016
4585 971
4590 9097
4595 3813
4601 5304
4609 6251
4612 1666
4615 4892
4623 6422
4627 8215
4629 831
4629 7667
4631 7737
4636 4077
4640 3859
4646 4319
4650 8699
4653 6940
4660 4333
4670 8616
4671 3831
4673 6160
4676 3509
4677 1581
4678 6139
4679 1017
4683 2635
4685 6990
4690 9026
4691 6404
4693 9013
4696 5395
4710 3217
4711 737
4712 3496
4719 4490
4726 6030
4728 1764
4728 9197
4731 959
4735 4944
4740 6344
4743 7719
4752 7279
4756 7897
4761 11
4763 2294
4765 4427
4768 3567
4770 6029
4770 7740
4770 8557
4774 6267
4774 9022
4777 6995
4778 6293
4780 2523
4789 9135
4794 4824
4805 1754
4810 9012
4812 1521
4814 8730
4816 8586
4817 6531
4824 30
4824 5730
4829 278
4830 5147
4830 7423
4832 3327
4843 1675
4846 9226
4850 1655
4854 3239
4858 2996
4858 7408
4860 8014
4861 7387
4863 1872
4867 6411
4880 5280
4889 4181
4889 6086
4889 7005
4894 2176
4899 587
4901 6205
4919 841
4921 44
4921 219
4939 2517
4942 1645
4946 8197
4947 6239
4951 3750
4954 1505
4955 241
4966 1745
4967 8236
4968 3341
4977 9031
4979 2256
4982 7455
4982 9171
4987 7176
4988 3069
4991 9138
4992 3526
4992 3688
4993 883
4995 1453
5008 162
5013 788
5013 6358
5015 1801
5017 2001
5022 4538
5025 3589
5031 1985
5035 3921
5035 6310
5037 4655
5050 3084
5050 6109
5054 3183
5068 1650
5074 8795
5078 2523
5081 3525
5084 1732
5084 8641
5085 1509
5090 5648
5092 5847
5112 1101
5112 8164
5116 6047
5118 3700
5120 1415
5131 2679
5131 7212
5136 6375
5141 5671
5141 6693
5142 6120
5146 122
5148 9125
5151 3242
5154 2389
5154 5272
5159 4134
5165 7884
5174 6353
5177 153
5191 6094
5207 3997
5211 607
5215 2643
5219 3584
5220 4826
5222 3920
5229 4578
5233 3258
5237 7451
5240 5342
5241 2154
5241 8376
5247 6506
5249 5841
5249 6260
5260 7390
5262 7676
5266 1508
5268 8048
5277 5456
5279 3018
5284 9200
5286 6306
5289 8885
5294 7328
5299 138
5300 3157
5307 6437
5309 2524
5314 4084
5319 5166
5324 6744
5326 5100
5329 3326
5334 5217
5337 5710
5341 5033
5341 5919
5347 8781
5349 6991
5352 7744
5359 8559
5363 5580
5370 7603
5371 374
5374 2898
5375 8396
5376 1957
5378 8388
5380 1706
5382 260
5383 3621
5389 7108
5393 8860
5395 6043
5395 6652
5397 8122
5399 935
5399 9041
5402 6855
5403 1681
5403 8893
5405 359
5420 7138
5421 5576
5436 884
5443 4640
5448 311
5450 1612
5452 1441
5453 6352
5458 6412
5460 666
5460 4222
5461 4492
5462 1503
5467 6782
5470 7939
5473 2029
5474 7931
5478 4654
5488 5423
5489 7566
5490 1176
5490 1860
5493 7855
5497 4380
5509 4198
5512 7398
5513 2638
5521 660
5522 5744
5527 7680
5528 2196
5533 2651
5534 6895
5539 8430
5542 1696
5543 8931
5545 8243
5546 3913
5551 3831
5555 1129
5557 8110
5558 8290
5570 8296
5572 6425
5573 5618
5583 8080
5594 3471
5594 3976
5601 2078
5603 5190
5607 2458
5610 1388
5611 7230
5618 437
5619 2630
5625 9345
5626 990
5628 8705
5631 5395
5641 9321
5657 7514
5664 5084
5673 3412
5680 4030
5682 7716
5688 7090
5697 6251
5701 660
5703 7707
5706 6122
5707 5778
5710 7139
5712 290
5715 6886
5717 8771
5718 781
5723 8729
5726 2805
5726 8728
5733 4000
5735 3827
5741 459
5743 8446
5747 5403
5754 1278
5757 4459
5759 7733
5759 8543
5770 8486
5774 6282
5778 4071
5783 6414
5785 3839
5786 4582
5788 8683
5790 5923
5792 8409
5793 5453
5796 5899
5797 3355
5797 5281
5798 7251
5801 2840
5804 5694
5806 4450
5811 3788
5815 2580
5818 8514
5823 6878
5829 1504
5829 5131
5831 7510
5832 388
5839 1164
5840 5114
5851 7917
5854 3709
5858 4136
5869 4833
5869 7959
5870 6766
5871 2625
5877 1452
5881 7223
5885 3867
5889 7991
5892 5300
5897 3089
5898 271
5899 2541
5900 2293
5911 4600
5911 5921
5936 2542
5936 5453
5938 3892
5942 9025
5942 9169
5948 1671
5951 7592
5951 8174
5952 1115
5953 8127
5957 3215
5959 7902
5962 1664
5962 3637
5963 2476
5970 7194
5972 6844
5976 1602
5978 4821
5980 8399
5982 8493
5983 2898
5984 3675
5989 2613
5989 7849
5999 6911
6005 2746
6008 6186
6010 3863
6012 2126
6017 5033
6018 2291
6019 3818
6022 3832
6024 3806
6032 3959
6035 6281
6039 599
6049 5765
6051 5419
6054 5573
6055 73
6058 1787
6058 3701
6060 6040
6063 5786
6065 981
6070 6618
6079 4392
6100 5424
6100 9325
6101 5585
6119 1399
6120 5856
6124 4785
6127 6339
6129 5140
6129 5370
6138 7669
6140 1748
6142 4216
6143 4620
6147 289
6150 6598
6153 8519
6155 1430
6155 8442
6157 513
6162 231
6164 137
6175 6576
6175 7930
6177 9316
6178 2306
6180 1318
6181 194
6181 3036
6182 962
6183 8059
6193 8525
6194 2990
6203 3284
6203 8796
6204 6149
6206 1876
6210 2865
6210 3830
6210 4749
6215 8570
6220 8479
6226 6800
6227 5150
6250 1208
6250 7559
6259 4964
6260 98
6266 8823
6267 3000
6267 4030
6269 8288
6272 8144
6278 2556
6280 5706
6284 7249
6285 7073
6288 2045
6292 8425
6294 5329
6297 479
6298 7072
6301 247
6302 3214
6303 5290
6306 5651
6308 2524
6314 2175
6318 5044
6323 2185
6324 4801
6327 3861
6335 3497
6335 6986
6338 3261
6339 8141
6353 3004
6357 6100
6358 7624
6359 9050
6362 8741
6366 386
6368 8018
6372 1639
6381 4203
6382 8286
6384 3065
6385 5970
6386 2251
6387 2287
6391 6590
6393 7624
6394 5616
6407 7307
6408 8641
6410 2615
6410 5601
6412 8964
6417 7023
6420 7199
6423 2220
6427 2508
6428 9302
6429 6080
6429 8872
6430 8513
6449 4166
6451 2529
6456 1544
6461 3421
6470 1899
6475 3525
6477 4797
6480 956
6488 6151
6500 3350
6502 3579
6507 75
6508 1245
6515 1604
6516 3662
6522 5447
6527 4534
6532 155
6534 489
6534 2187
6536 150
6541 924
6542 527
6544 9277
6548 3806
6548 6553
6551 5827
6553 3547
6554 7918
6561 7514
6567 1886
6572 2711
6576 1017
6578 4327
6578 7173
6581 4607
6587 7458
6592 4893
6595 2815
6597 7178
6599 1736
6600 2203
6601 7105
6611 1712
6611 4123
6616 2941
6617 2548
6618 5170
6618 6512
6626 8203
6628 2630
6631 6639
6634 2563
6637 8227
6638 856
6641 2925
6642 5322
6648 9184
6651 7837
6654 4165
6657 2306
6659 1383
6671 6817
6671 8218
6672 4827
6672 9298
6674 833
6677 5173
6678 3836
6687 7111
6689 18
6689 577
6694 5013
6700 7717
6701 9197
6704 2722
6706 3803
6710 8638
6715 1625
6719 7981
6721 4416
6721 5107
6724 4407
6727 5565
6729 691
6730 6041
6733 1857
6742 477
6743 400
6744 8323
6749 1904
6753 5218
6757 4126
6768 3542
6770 6712
6774 7565
6775 6361
6776 9286
6780 8732
6782 4662
6784 8089
6789 7597
6795 5878
6801 7200
6813 177
6815 7509
6818 4115
6830 175
6830 2101
6835 5040
6840 3456
6844 4052
6846 5343
6849 5031
6850 3855
6851 139
6854 2598
6856 8578
6858 5887
6863 9224
6866 5123
6876 6513
6881 8338
6884 2850
6891 3727
6894 2228
6898 1158
6903 1017
6907 1141
6907 8895
6909 3316
6911 3213
6911 3217
6913 2849
6914 4707
6917 5470
6919 2768
6925 4541
6929 5619
6930 8799
6933 7483
6937 5930
6939 2195
6939 9025
6948 3804
6949 2955
6963 8698
6964 8957
6965 271
6965 2330
6968 6052
6974 8275
6980 6405
6981 1003
6983 8367
6985 7432
6986 6188
6986 9310
6988 5852
6990 7904
6995 1565
6995 4732
7004 964
7005 6031
7008 4693
7010 2995
7013 5595
7018 1748
7024 7416
7026 8082
7029 509
7030 1155
7030 9361
7039 6112
7044 691
7044 7099
7047 9008
7051 7084
7053 4618
7053 7814
7055 2215
7055 7486
7056 3933
7067 4898
7068 3988
7069 4426
7070 4544
7072 1353
7072 3137
7083 6613
7085 6269
7087 5586
7089 8438
7095 145
7097 5
7098 6942
7099 2547
7099 8184
7100 2585
7103 8598
7104 3043
7111 8729
7113 5211
7113 7024
7119 3847
7123 6160
7127 7586
7129 4970
7130 1542
7135 4387
7135 7714
7137 2823
7138 5653
7139 5916
7140 5613
7142 3799
7150 5207
7152 8497
7153 3864
7153 4943
7164 8204
7166 7300
7174 8616
7179 5324
7181 6212
7182 2758
7193 5521
7195 2808
7203 7685
7208 7796
7212 2220
7216 9043
7219 585
7219 9074
7229 4064
7230 2544
7230 4848
7233 4237
7240 6655
7241 348
7245 856
7247 8357
7251 8023
7251 8065
7252 762
7263 8609
7267 1053
7273 3687
7276 3031
7276 7938
7278 1209
7281 7316
7282 2092
7283 6334
7286 8858
7288 7129
7290 3975
7302 8963
7305 4061
7306 6085
7309 1903
7315 93
7318 3036
7318 6479
7340 1121
7344 2413
7347 9202
7349 766
7349 2183
7353 102
7358 9120
7360 6493
7370 7295
7384 709
7387 6784
7393 2683
7397 9098
7400 6235
7402 4082
7404 1620
7404 8186
7406 4081
7418 4909
7421 6212
7421 8706
7424 2808
7428 5396
7432 7012
7437 4909
7447 9157
7452 355
7455 6587
7460 7751
7462 3500
7464 3865
7465 9188
7472 2719
7491 4967
7502 8230
7513 2225
7525 7412
7526 2233
7537 6470
7538 6803
7539 507
7542 3626
7548 8936
7553 3911
7554 5050
7555 8827
7556 7772
7561 8175
7565 4640
7569 5591
7574 5468
7575 3112
7587 4181
7590 1224
7591 3907
7595 4350
7603 8446
7605 4971
7619 2061
7621 6291
7622 25
7623 8966
7624 3250
7624 5330
7625 3257
7627 1761
7631 2878
7658 1580
7663 5814
7665 3324
7665 6753
7674 2349
7678 2555
7678 4329
7681 8224
7685 561
7685 6591
7687 8818
7700 3170
7702 4897
7703 2666
7704 6808
7707 1426
7708 5892
7708 5915
7709 3379
7712 1738
7714 894
7718 6536
7726 6871
7735 3249
7740 667
7742 6157
7743 1993
7746 2812
7752 8553
7755 6936
7760 9141
7764 7689
7768 4085
7772 9207
7780 7632
7783 7664
7787 5380
7795 6688
7797 2185
7798 3709
7803 5574
7807 3049
7807 6680
7810 1127
7810 7937
7812 8174
7813 1771
7816 1592
7819 6912
7832 3526
7846 404
7848 2494
7848 3580
7848 8819
7856 9063
7865 1433
7866 2987
7870 8832
7875 948
7888 7408
7890 5107
7890 6772
7891 2421
7892 3240
7892 4659
7892 6215
7892 7438
7900 4419
7901 5092
7901 5660
7902 8490
7903 7420
7908 948
7908 8820
7909 1919
7912 4112
7924 942
7925 2157
7930 6378
7934 3506
7935 5288
7939 9153
7943 7777
7945 636
7951 8443
7952 7510
7955 1791
7955 8075
7970 3126
7970 5902
7973 2890
7982 5917
7988 7517
7992 6500
7993 8481
7995 3300
7997 8732
7999 675

