144 351 376
1 1
1 10
1 240
2 31
2 90
2 205
2 252
3 139
3 215
4 350
5 326
5 328
6 134
6 344
7 163
7 201
7 203
7 213
7 297
8 38
8 306
8 333
10 7
10 57
10 164
11 29
11 269
11 340
12 169
12 199
12 240
13 76
13 161
13 163
13 169
13 265
14 98
14 198
15 179
16 81
16 151
17 92
17 150
17 296
18 194
18 347
19 52
19 197
19 316
19 339
21 76
21 109
21 111
21 285
21 318
21 337
22 258
22 336
23 337
24 185
24 314
25 6
25 60
25 86
25 163
25 334
26 37
26 47
26 65
27 160
28 72
28 195
29 29
29 215
29 341
30 222
30 236
31 57
31 101
31 185
31 186
32 55
32 180
32 312
33 37
33 267
34 193
35 98
35 143
35 197
36 201
36 302
36 304
37 98
37 321
38 5
38 161
38 253
39 124
39 158
39 206
40 64
40 236
41 65
41 91
41 324
42 96
42 101
42 228
42 244
42 338
43 194
43 279
44 330
45 17
45 91
46 35
47 56
47 275
47 293
47 325
48 99
48 306
49 240
50 258
51 45
51 110
52 18
52 134
52 345
53 159
53 165
53 208
53 283
54 80
55 206
55 330
56 41
56 171
56 244
56 316
56 344
57 8
57 39
57 62
57 79
58 16
58 166
58 326
59 20
59 269
60 120
60 136
60 268
60 347
61 26
61 34
61 47
61 69
61 174
61 329
62 57
63 79
63 242
63 271
63 280
63 349
64 154
65 24
65 25
65 98
65 121
65 245
66 40
66 58
67 32
67 59
67 102
67 199
67 283
67 344
68 113
69 94
69 155
70 13
70 20
71 43
71 190
72 203
72 318
73 218
73 223
73 310
74 8
75 87
75 120
75 125
75 128
75 196
76 132
76 193
76 334
77 80
77 270
78 35
78 100
78 238
79 26
79 187
80 153
80 224
81 106
81 131
81 231
81 259
81 277
81 303
81 321
82 283
82 297
83 333
84 92
84 342
85 49
85 107
86 72
86 85
87 75
87 336
88 17
88 143
89 18
89 25
89 65
90 28
90 54
90 109
90 121
90 148
90 176
90 281
91 110
91 190
91 201
92 35
92 154
92 171
92 251
92 324
93 122
93 200
93 281
94 26
94 28
94 84
94 183
94 260
94 292
95 10
95 111
96 20
96 30
96 90
96 100
96 177
96 296
96 300
97 137
97 157
100 193
101 50
101 151
101 170
102 42
102 108
102 339
104 50
104 98
105 12
105 63
106 17
106 206
106 250
107 1
107 49
107 74
107 98
107 131
107 282
107 286
107 338
108 155
108 212
109 218
110 167
111 50
111 76
111 335
112 49
112 256
113 78
113 107
113 142
113 283
113 308
114 313
115 27
116 339
117 252
117 257
117 342
118 47
118 83
118 115
119 151
119 251
120 296
121 345
123 9
124 52
124 346
125 36
125 70
125 227
125 285
126 178
126 233
126 343
127 93
127 129
127 135
127 168
127 250
128 108
128 239
129 36
129 185
129 228
129 309
130 21
131 220
131 232
131 308
132 311
133 132
133 141
133 163
133 297
134 228
135 68
135 206
135 219
135 278
135 304
135 307
135 340
136 125
136 193
137 181
137 249
137 293
138 6
138 37
138 111
139 162
140 321
141 296
141 311
142 175
143 2
143 12
143 51
143 53
143 103
143 156
144 150

