4490 3382 3018
1 1
1 635
3 255
3 1941
3 2968
6 820
6 1418
7 1213
8 2220
8 2325
8 2428
11 2863
13 2352
17 1980
22 951
22 2319
22 2945
23 926
23 2851
24 252
24 2952
26 1391
30 1104
32 47
32 2281
33 662
33 2163
35 485
35 2971
37 3034
37 3267
38 3252
39 1798
39 2610
41 3144
48 2691
53 3025
54 1900
55 610
55 2453
58 1172
60 3022
63 256
63 2602
64 3103
68 3052
69 261
69 3261
72 984
74 2399
77 1953
77 1956
78 1154
78 1640
81 1255
81 1508
81 3248
83 2957
87 120
88 2857
89 2011
89 2413
90 2020
92 1295
92 2044
94 1311
95 3287
96 506
96 1397
97 425
97 1346
98 1645
98 2700
99 633
99 1623
107 388
107 2164
107 2332
108 2346
111 296
112 2655
115 1468
116 1359
117 1286
117 2793
122 258
125 475
125 812
127 918
127 1655
127 2526
128 415
133 933
133 3227
134 1660
135 947
135 1791
135 1891
138 338
140 1201
141 852
143 497
144 1315
144 2343
150 2084
151 251
151 1863
152 3051
154 837
155 2609
158 3273
161 1425
162 770
162 1775
163 3371
164 971
165 2420
167 2244
168 1136
169 2948
171 2202
177 2382
178 2373
181 3137
183 2149
183 2163
185 270
185 1103
188 1582
188 1763
193 1328
194 1207
195 1395
195 2646
196 130
196 2268
197 789
198 1099
199 513
201 373
203 1960
207 72
210 748
212 442
213 1658
213 1967
213 2372
215 1162
215 2724
216 2686
217 1668
217 1684
217 1914
219 145
219 437
219 1286
220 1611
221 1236
224 450
224 651
224 1964
225 2213
225 2778
229 2624
231 2192
233 2853
236 1475
237 319
241 1556
241 2151
247 1779
247 2446
247 2626
250 1640
251 2913
258 1342
259 527
260 218
262 2232
265 1764
265 2784
268 975
270 3281
271 473
275 272
277 85
277 2005
278 3024
279 2843
281 1792
283 2968
283 3216
284 2157
286 271
289 555
289 1695
289 2292
290 2643
291 1979
293 1018
293 1878
293 2001
295 1358
297 1706
298 2627
304 538
304 3364
305 895
306 2907
307 786
310 142
310 3131
311 976
312 669
312 2817
315 482
316 1612
320 2135
322 1768
323 2017
324 85
324 3256
326 1075
327 409
328 2440
329 2321
330 3278
331 2506
334 1189
339 2394
339 2474
344 1225
347 2103
347 2401
347 2431
349 2007
350 1884
351 2711
353 2812
356 1016
356 1802
356 3314
360 2818
365 1179
365 2927
367 2537
367 2736
370 315
370 2114
370 2931
372 1083
374 709
374 1382
376 429
376 1430
379 2344
380 2760
382 2558
385 2412
387 160
388 586
388 1204
388 2083
389 789
389 1671
390 1942
394 817
394 1728
395 279
396 246
397 1689
399 836
399 3371
401 1371
405 1147
405 1346
407 1157
408 886
411 2135
412 2598
414 2031
417 154
417 1948
418 375
422 833
423 3173
424 2932
424 3248
425 2962
426 1315
426 1951
426 2949
428 2759
431 1675
432 167
433 478
433 2247
433 3258
434 1818
435 1004
435 1364
436 805
437 2255
437 2723
438 946
440 924
440 3178
441 932
442 2294
451 1197
451 1789
452 3366
454 1131
454 2606
457 899
460 2252
460 3371
461 666
462 1402
462 2647
464 644
464 3176
471 648
471 1121
471 2687
471 3224
472 2851
473 2005
474 478
475 2028
481 1940
483 2022
489 1210
491 2291
498 906
500 1737
501 299
501 3324
507 1244
514 130
516 3223
517 2514
518 2100
519 1754
524 3216
526 2279
527 2898
534 1239
534 1888
535 1476
537 1243
537 3053
538 1862
539 978
540 914
543 3347
544 3017
544 3233
553 247
554 1373
556 1649
558 797
560 2867
561 2386
561 2469
569 1773
569 2855
571 823
574 1905
574 2195
574 2816
575 2029
576 832
579 224
580 128
580 165
582 1780
584 2510
584 3254
585 1364
587 2695
588 1007
588 1609
590 3143
592 1476
595 247
595 746
595 2673
599 1819
599 2054
600 448
601 2805
605 1248
607 153
607 2091
609 2641
612 1705
612 2222
613 3143
615 2052
615 2394
617 2659
619 377
623 1028
623 2196
629 320
629 2791
629 3229
630 2172
631 3375
632 1508
633 1618
638 787
639 777
639 2972
641 155
641 602
643 1546
647 558
647 2671
649 883
649 1823
650 1106
650 2865
651 1596
653 1113
655 1314
656 1295
658 2285
659 2759
660 1141
661 1754
662 1663
662 2135
662 3145
665 1917
665 2210
668 949
671 2357
671 3356
673 1163
674 1784
677 912
677 2347
679 1002
680 1374
681 1334
681 3304
682 889
687 2122
688 1530
688 2955
689 1618
690 1591
691 59
692 1591
692 2377
693 395
693 1547
697 2454
698 2664
700 22
700 1829
700 3015
703 2697
704 1801
706 245
706 1499
708 1846
708 2831
710 3332
711 964
711 2381
712 2343
716 616
716 3013
719 2904
722 2187
723 492
723 904
723 1704
725 2921
729 2570
734 600
736 1435
737 3135
739 2067
739 2987
740 1751
741 2099
741 2314
745 523
746 413
747 321
748 2434
748 2749
748 3020
749 1482
750 2762
751 1976
752 577
753 518
753 3382
754 1855
754 3159
755 1484
756 1004
759 3357
760 581
761 1774
762 1782
768 1085
772 2770
773 3035
774 2990
775 998
777 1924
778 2211
782 671
782 1754
783 2226
784 849
784 1431
784 2253
788 430
789 2438
793 293
793 1588
795 1044
795 1267
796 2222
797 328
800 2548
803 540
803 1213
804 2959
805 2002
805 3086
806 1490
806 2291
806 2617
813 1010
817 1635
818 151
825 2283
827 1218
828 717
828 1442
831 3189
833 1490
835 2013
839 1282
840 2555
843 2133
844 1455
845 3303
850 454
858 98
861 995
864 2280
865 1994
866 229
867 880
870 918
871 228
871 2935
874 425
874 2101
877 1838
878 2823
880 1798
887 758
887 1307
888 40
889 285
893 2798
898 2434
899 241
900 2647
900 2757
902 1098
907 2209
907 2392
907 2600
907 3276
909 80
909 1994
912 1097
913 2762
915 3014
919 489
919 2314
921 2030
923 2272
925 1302
926 1219
927 1682
928 540
930 547
930 1806
931 2586
933 355
936 1734
936 1782
936 3054
937 1325
938 1696
941 2168
942 1862
948 342
948 538
948 670
951 296
951 682
951 1541
952 567
952 2740
952 2968
955 1436
956 588
956 656
961 1498
961 1501
965 1746
965 2282
966 282
968 2121
972 3003
973 340
974 1212
974 1293
974 2782
975 3338
976 1755
976 2712
978 2902
979 185
981 421
981 2600
982 607
982 1098
985 469
985 1387
987 1274
991 1710
996 3340
998 1397
1003 1148
1006 1582
1006 2560
1009 1355
1011 3177
1012 1128
1013 1970
1014 786
1017 202
1017 2840
1018 188
1021 392
1021 417
1025 1212
1025 1723
1026 122
1026 783
1028 41
1028 2076
1028 2453
1031 547
1033 639
1034 2549
1037 1576
1037 2767
1038 224
1039 283
1041 1221
1041 2833
1043 568
1048 459
1049 2631
1050 1755
1053 1174
1057 359
1058 2908
1059 3143
1060 1303
1060 3191
1061 194
1061 1970
1064 285
1064 361
1065 408
1065 2244
1067 1534
1068 117
1068 630
1068 2782
1069 2135
1069 3008
1072 9
1073 638
1078 1711
1078 2963
1080 475
1080 2342
1081 608
1083 283
1087 160
1088 902
1089 3236
1090 1475
1090 3193
1091 173
1091 1440
1092 885
1094 284
1094 907
1094 996
1095 2811
1101 3145
1103 696
1103 2818
1106 2055
1107 1484
1109 1832
1110 1979
1110 2734
1114 1598
1115 201
1115 3377
1116 37
1117 2354
1118 1850
1120 512
1121 581
1123 3203
1124 2570
1127 313
1127 748
1128 2625
1129 387
1130 2331
1133 1455
1133 2624
1134 3335
1136 985
1139 1282
1139 1472
1145 2687
1150 2991
1152 2735
1154 2728
1155 2971
1156 293
1159 872
1159 3066
1160 2667
1161 1105
1162 1342
1164 3248
1165 1065
1166 1739
1166 2210
1167 2575
1168 868
1168 1032
1171 892
1171 2530
1172 1430
1175 1800
1179 1300
1179 2977
1180 1161
1182 3370
1183 2124
1185 968
1185 3367
1186 1439
1187 1820
1189 1426
1189 1746
1190 1691
1191 5
1191 670
1195 1464
1197 959
1200 1530
1201 267
1202 2816
1204 1813
1204 2542
1213 1954
1216 3378
1218 1549
1218 1773
1219 2590
1220 3223
1221 1368
1224 1807
1225 1647
1226 1499
1228 176
1228 1452
1229 1901
1230 130
1230 2216
1231 2697
1232 161
1236 226
1237 357
1241 1764
1243 1888
1245 449
1247 900
1248 2214
1248 2595
1248 2612
1249 896
1253 2287
1256 759
1257 944
1257 1237
1259 552
1260 2642
1262 907
1262 2224
1264 1414
1265 637
1267 1467
1272 1389
1273 312
1276 2198
1277 45
1278 2525
1280 752
1282 2367
1286 2867
1286 3132
1288 364
1288 1625
1289 1510
1290 1877
1290 2998
1290 3228
1291 1397
1293 463
1295 446
1296 2263
1297 2897
1298 1680
1300 1089
1300 1841
1301 1056
1301 1356
1302 3308
1304 1687
1304 2514
1304 3280
1306 1955
1307 1509
1307 2913
1310 1239
1311 1945
1315 274
1319 1898
1319 3220
1320 768
1320 2970
1320 2977
1323 2237
1325 488
1325 3131
1326 1051
1326 2739
1331 1608
1333 2600
1335 685
1336 2330
1338 1386
1338 2049
1341 1106
1342 1488
1347 2421
1350 397
1350 2741
1352 2502
1353 47
1353 1029
1353 1673
1354 726
1354 1934
1361 100
1367 1414
1368 106
1369 123
1369 1392
1370 3232
1371 525
1371 803
1371 2007
1373 2597
1374 1183
1374 1388
1375 1842
1376 124
1376 958
1376 1634
1378 621
1380 2195
1382 884
1387 2333
1387 3087
1388 2190
1389 2096
1393 2768
1394 2645
1395 1404
1396 1725
1398 885
1398 1172
1398 2324
1401 2131
1401 3059
1404 2025
1404 2637
1405 3020
1406 1858
1407 3372
1408 2423
1409 2388
1414 2802
1417 1109
1419 1892
1428 144
1437 2382
1437 3366
1439 2478
1442 587
1445 2989
1446 2384
1448 362
1449 1484
1450 36
1450 438
1452 1805
1456 200
1456 252
1456 682
1459 497
1461 2983
1462 2033
1463 1398
1464 774
1465 87
1466 1399
1467 1103
1467 1804
1472 644
1476 1689
1476 2257
1477 1585
1477 2259
1479 857
1479 2681
1480 2592
1483 1053
1484 446
1484 1755
1484 1953
1485 1423
1485 3375
1488 2962
1488 3006
1489 1986
1491 385
1491 1297
1492 241
1494 2852
1496 2101
1499 2283
1499 2717
1499 2828
1499 3290
1503 39
1505 2306
1508 236
1509 1189
1509 2976
1515 435
1515 976
1517 2636
1518 1345
1518 2949
1519 2828
1520 1232
1522 856
1523 191
1524 868
1527 61
1529 2115
1530 3199
1531 3063
1535 917
1538 1298
1540 1788
1540 2510
1542 1248
1542 2998
1545 3354
1546 383
1547 147
1548 2546
1549 170
1549 718
1549 2646
1549 2984
1555 1411
1555 2969
1559 751
1561 2078
1563 980
1564 1577
1564 2329
1568 322
1569 2510
1570 1610
1570 2376
1570 3220
1572 3327
1573 3355
1574 2812
1577 586
1582 1955
1586 1989
1586 2399
1586 3134
1587 473
1589 118
1590 48
1596 1995
1597 366
1600 261
1600 938
1602 2970
1603 2134
1603 3294
1604 594
1606 1033
1607 1017
1607 1132
1609 2583
1610 3225
1611 3307
1613 1947
1618 963
1619 1923
1620 136
1620 2295
1624 2621
1626 2224
1626 2524
1629 1
1629 2645
1630 1493
1630 2375
1633 218
1634 1374
1634 1517
1635 735
1635 1599
1636 274
1636 1972
1637 2452
1644 492
1644 976
1644 2176
1645 1241
1645 2355
1645 2543
1646 2326
1646 3301
1649 1821
1650 2614
1651 2088
1651 2812
1653 379
1654 3146
1661 1023
1662 2091
1662 2208
1664 678
1664 2079
1668 1826
1669 2702
1671 2352
1672 343
1674 890
1676 513
1677 1445
1678 1368
1678 3102
1679 1772
1681 1053
1682 211
1682 1381
1683 3264
1687 546
1689 1174
1689 1553
1690 1879
1692 2667
1698 1029
1698 2351
1699 2282
1701 3199
1704 165
1707 2424
1709 2402
1711 821
1714 2721
1714 3071
1715 2172
1717 1456
1718 543
1722 3304
1726 2530
1727 3252
1728 2498
1729 2946
1730 1492
1730 2117
1731 1662
1731 2443
1732 1519
1734 1732
1740 150
1740 3032
1742 1609
1743 2517
1748 1324
1748 3004
1751 3069
1752 132
1752 2508
1753 121
1754 1077
1755 2886
1756 2005
1757 2670
1760 2075
1761 2543
1762 1169
1763 1762
1765 2135
1766 2790
1767 2626
1769 74
1771 3219
1772 1272
1772 3132
1776 227
1776 838
1779 1121
1781 1938
1782 2795
1788 1335
1790 27
1790 2311
1791 2515
1792 879
1792 1833
1793 918
1798 156
1799 1643
1802 1018
1802 2191
1803 432
1803 1198
1803 3323
1805 1054
1806 1498
1807 2017
1807 3164
1808 1980
1808 2635
1809 2361
1811 510
1812 898
1812 1073
1813 410
1819 1281
1821 783
1821 3104
1822 1317
1822 1674
1827 50
1830 3162
1832 2907
1833 1278
1834 1294
1835 1221
1836 2180
1838 3356
1841 1190
1841 1550
1843 799
1843 3205
1844 2792
1845 313
1845 2784
1846 649
1849 3134
1850 3216
1851 1188
1854 1758
1855 3268
1856 2013
1857 77
1857 188
1859 765
1860 604
1861 2049
1862 1658
1863 2476
1871 661
1873 1365
1875 1891
1875 1949
1876 1029
1877 1821
1878 3009
1879 1855
1879 2094
1880 1632
1880 1691
1884 3151
1887 2725
1887 2949
1888 1215
1889 1834
1890 1427
1892 2755
1895 595
1896 197
1898 2246
1899 975
1900 19
1900 2369
1901 3183
1905 764
1906 623
1909 3331
1910 85
1910 847
1910 1688
1913 451
1914 551
1914 1038
1918 1678
1919 2596
1922 3197
1925 1265
1927 1148
1928 806
1928 2315
1928 3075
1929 589
1929 3254
1932 1030
1932 2854
1940 1493
1940 1872
1940 2243
1941 1763
1944 2496
1945 1003
1948 1211
1949 1011
1956 2594
1957 232
1958 669
1959 1108
1960 2309
1961 2264
1962 2441
1964 2900
1965 920
1966 2054
1967 309
1967 2212
1973 324
1973 1374
1974 3277
1976 2017
1978 1175
1978 2782
1980 3230
1982 402
1983 2080
1984 3161
1985 88
1986 216
1986 886
1986 2202
1987 1143
1988 2914
1988 3247
1990 2199
1991 220
1993 118
1993 866
1993 1044
1994 314
1994 854
1996 2792
1996 3363
2004 825
2005 1632
2005 2598
2006 2392
2007 2480
2008 1126
2008 2091
2009 1255
2012 164
2014 2498
2015 463
2015 1031
2016 2782
2018 3265
2019 948
2020 1214
2020 2542
2023 2424
2024 2465
2025 3114
2028 511
2028 1001
2028 1531
2029 2605
2031 1625
2031 3006
2034 3255
2035 1376
2035 1852
2035 2671
2037 772
2038 2569
2039 2891
2045 1342
2046 2108
2051 471
2053 2238
2053 2276
2053 2473
2054 1540
2056 409
2058 488
2060 1211
2061 2178
2062 386
2062 1598
2064 1503
2065 336
2065 2384
2066 1054
2067 1265
2074 505
2074 1509
2074 2182
2074 2750
2075 826
2075 1155
2075 1497
2077 3227
2080 764
2080 2555
2082 2609
2086 85
2086 549
2088 452
2089 2393
2090 2509
2090 2516
2091 2985
2093 1294
2093 2932
2094 2846
2095 640
2097 957
2100 1971
2101 1392
2102 2537
2105 2971
2106 1288
2106 3106
2107 1068
2107 3208
2108 1600
2111 139
2113 2473
2118 2903
2120 3165
2121 2971
2123 768
2126 44
2135 1394
2135 1533
2142 771
2142 2160
2144 622
2144 1195
2145 1476
2146 198
2146 1317
2147 2417
2149 889
2151 3184
2152 2789
2153 1017
2153 2183
2153 2264
2155 1294
2156 1126
2157 2440
2159 1010
2159 2469
2163 8
2164 2113
2166 1022
2169 2585
2169 3192
2170 840
2171 1972
2175 354
2177 2455
2178 346
2180 483
2181 1003
2185 598
2185 1918
2189 1659
2189 1889
2189 2131
2190 2767
2190 3044
2192 1381
2193 1427
2195 2265
2198 2496
2200 1297
2200 1848
2200 2633
2201 1353
2201 1460
2201 2980
2201 3125
2204 3156
2205 1800
2205 2464
2210 413
2211 252
2211 1693
2213 2083
2224 1304
2226 1944
2227 686
2230 1183
2231 773
2231 2413
2231 2972
2232 1963
2237 792
2238 1280
2242 1168
2246 601
2248 1748
2249 811
2250 690
2250 2043
2250 3094
2252 877
2254 1409
2254 2586
2255 3215
2257 2991
2258 1165
2260 2262
2261 3161
2262 3001
2263 1865
2264 2088
2265 1974
2269 2940
2274 1080
2275 738
2276 1897
2281 2328
2281 2417
2281 2958
2282 2643
2282 2879
2285 2702
2287 2830
2288 227
2288 376
2288 662
2288 1654
2289 1977
2290 2519
2291 1434
2291 1999
2292 2992
2294 1230
2294 2930
2295 1930
2296 2297
2300 1729
2300 2308
2301 2529
2303 2247
2305 2378
2306 2409
2306 2617
2307 1144
2307 1611
2308 1885
2309 220
2309 298
2312 3167
2313 366
2313 387
2313 3261
2314 1471
2314 2722
2316 1151
2322 1728
2323 3248
2324 2383
2325 2260
2327 217
2327 1012
2327 1829
2327 2177
2330 53
2332 1745
2334 753
2334 1462
2336 533
2337 1262
2339 1963
2340 1272
2340 1478
2341 2751
2342 1615
2343 1507
2344 2455
2349 997
2349 1390
2352 3091
2355 716
2358 1830
2358 2507
2361 1926
2362 764
2362 2503
2363 189
2364 854
2365 1065
2365 2015
2365 3060
2366 292
2367 228
2368 2669
2370 799
2370 1689
2376 1794
2376 2849
2379 1264
2379 2168
2380 801
2382 502
2383 2696
2384 2452
2386 2991
2387 124
2390 790
2390 1312
2396 2460
2397 2641
2400 1631
2400 3369
2402 608
2403 1289
2404 420
2409 1286
2409 2692
2410 283
2410 1218
2411 1866
2413 499
2414 195
2415 2064
2416 1833
2417 74
2417 2262
2419 3292
2422 2449
2422 2618
2424 2591
2424 2956
2426 1106
2427 960
2428 2442
2428 2503
2431 1921
2435 3230
2442 2298
2446 1721
2447 950
2449 1378
2449 1670
2451 2650
2451 2783
2451 3208
2452 2663
2454 1853
2455 668
2455 1632
2455 1777
2456 60
2458 618
2458 1576
2458 2824
2459 2582
2461 1764
2461 2375
2462 3043
2463 2437
2466 471
2467 4
2469 218
2470 2209
2473 1681
2474 2506
2475 3313
2479 462
2482 1826
2483 2839
2485 739
2485 1781
2486 1989
2486 2870
2490 2328
2491 1373
2491 1386
2491 2257
2491 3133
2492 499
2493 1250
2495 432
2499 745
2499 3043
2500 881
2502 3142
2503 2329
2504 559
2504 3249
2505 35
2505 293
2505 2237
2506 1520
2507 2446
2508 398
2511 2737
2513 2169
2513 2963
2514 969
2516 1953
2517 2219
2517 2887
2519 3066
2520 1382
2523 426
2523 2279
2523 2983
2524 2770
2528 3102
2529 137
2529 684
2529 1935
2529 3100
2530 1411
2530 2263
2531 825
2531 1091
2532 1122
2532 1523
2533 279
2533 2043
2538 2688
2540 2420
2542 2257
2544 342
2544 1321
2544 2969
2546 789
2550 2786
2550 3300
2552 2161
2552 2468
2553 928
2554 59
2554 3032
2555 451
2558 1284
2558 2226
2560 762
2561 852
2563 1846
2564 1683
2565 363
2565 1723
2570 1746
2570 2147
2572 1314
2572 2877
2573 2135
2573 3224
2574 1209
2578 124
2578 3283
2579 649
2579 701
2580 1150
2583 1202
2584 1020
2585 723
2585 1502
2585 2563
2588 306
2595 2269
2596 2667
2597 2824
2601 1479
2603 2577
2606 163
2607 2343
2611 300
2611 2622
2612 1492
2613 2266
2613 3129
2616 3129
2618 2326
2618 2982
2621 2950
2622 1888
2623 2050
2624 342
2627 2277
2628 2032
2630 2262
2632 1258
2636 104
2636 237
2636 2456
2639 2819
2639 3008
2646 1070
2648 2552
2649 2560
2650 1281
2652 1871
2654 2092
2655 3234
2657 1624
2657 3327
2658 985
2662 940
2662 2761
2665 1900
2669 2848
2670 2381
2673 2803
2673 2906
2677 370
2679 3310
2680 968
2682 802
2682 2442
2685 948
2687 1128
2688 2710
2689 1371
2690 3037
2692 298
2692 1752
2692 2730
2694 1170
2697 892
2698 2527
2698 3319
2704 2426
2704 3320
2705 2307
2707 1869
2707 2834
2710 1319
2716 390
2716 1698
2718 3189
2719 1353
2721 1273
2722 2587
2724 948
2725 1933
2726 2316
2727 162
2730 2095
2731 537
2732 1337
2736 1368
2738 3082
2741 3217
2742 3046
2743 3368
2744 989
2744 1432
2745 73
2745 888
2746 1292
2746 1479
2747 1729
2749 3109
2750 78
2751 1052
2751 2664
2753 1073
2754 1228
2754 3233
2757 1897
2758 465
2759 3379
2765 1110
2765 2187
2766 3297
2768 2729
2769 855
2770 2057
2771 473
2771 838
2771 2721
2775 489
2776 3100
2776 3251
2777 918
2778 1380
2779 622
2783 599
2784 2787
2789 406
2790 812
2790 2289
2792 2239
2793 1327
2793 1344
2794 1014
2794 1029
2794 3020
2794 3116
2795 1610
2795 2362
2796 2585
2799 2624
2802 3356
2802 3381
2807 980
2807 3059
2809 590
2811 313
2815 806
2816 2048
2816 2870
2817 2229
2817 2368
2818 2974
2819 1343
2819 1643
2821 3185
2824 2446
2824 2556
2831 2608
2833 2025
2839 1226
2839 1376
2840 1981
2842 2020
2845 684
2847 1547
2847 2935
2849 832
2851 1265
2851 1342
2853 1911
2856 1495
2857 2147
2859 1957
2859 3314
2860 1933
2860 2317
2862 182
2862 765
2862 1821
2863 671
2864 101
2864 1913
2866 1796
2867 2709
2867 2807
2868 8
2868 1136
2868 1212
2874 1066
2874 2697
2874 2850
2875 2633
2876 1734
2878 1610
2879 643
2880 1480
2883 247
2887 3008
2888 939
2889 840
2890 425
2893 1839
2897 980
2897 2591
2899 1138
2901 2731
2902 1866
2904 2390
2905 2366
2905 2851
2907 2949
2912 512
2912 1003
2914 674
2915 2964
2916 2569
2917 1789
2920 2621
2921 959
2921 2333
2922 1662
2922 2146
2925 1853
2927 1132
2929 1983
2931 612
2931 2231
2932 405
2932 500
2939 627
2939 1543
2942 2684
2943 2544
2947 436
2947 500
2948 2127
2953 1255
2957 1636
2958 837
2958 1862
2961 1752
2961 2345
2962 2919
2963 2590
2963 2591
2964 2179
2965 3229
2967 621
2970 1719
2970 2255
2971 2957
2972 2918
2974 463
2975 173
2979 358
2979 3130
2983 1019
2985 344
2985 754
2986 1109
2986 2819
2986 3330
2987 2561
2989 1618
2990 1651
2993 2193
2994 1780
2994 2479
2994 2774
2997 547
3000 474
3003 3215
3005 1592
3006 310
3006 1122
3011 2349
3013 786
3013 1316
3014 1887
3019 384
3020 1884
3021 1046
3021 2841
3022 1363
3022 3189
3023 1195
3023 1198
3024 1671
3025 726
3027 990
3029 2175
3029 2182
3032 1836
3036 2314
3037 2086
3040 734
3040 2000
3041 1164
3042 2777
3043 1380
3044 2976
3045 2124
3048 473
3049 181
3050 312
3052 1070
3055 2660
3057 573
3057 2322
3058 2519
3058 3185
3060 2894
3061 435
3062 2388
3064 1268
3068 2225
3069 3339
3070 1215
3073 1400
3074 1037
3076 1123
3077 2189
3078 1370
3078 1815
3079 716
3081 2550
3083 1237
3083 2834
3086 1641
3086 2468
3089 1565
3091 187
3091 3211
3094 1111
3099 813
3099 2884
3102 2563
3103 2212
3104 1912
3107 2762
3108 694
3109 3232
3111 2075
3112 959
3113 459
3114 1241
3115 2518
3119 2133
3119 2510
3121 1758
3124 1162
3124 2707
3126 608
3133 231
3138 801
3138 1936
3142 1728
3144 1515
3147 2110
3149 2211
3150 1116
3150 3093
3159 1018
3160 1039
3161 1078
3162 2293
3164 2796
3167 1732
3168 816
3169 2902
3171 2682
3172 1344
3173 3300
3174 150
3177 2373
3178 857
3180 2985
3181 981
3181 3173
3182 724
3185 31
3188 333
3188 1301
3189 1584
3190 15
3190 707
3192 3028
3196 705
3197 3076
3199 2684
3204 2777
3205 2219
3208 92
3208 1902
3217 574
3218 2251
3219 558
3220 581
3222 3298
3223 3080
3225 602
3225 633
3225 2501
3227 1801
3229 618
3231 1247
3232 1
3232 1124
3235 1393
3235 1469
3238 582
3238 2728
3242 389
3243 1898
3243 3315
3244 2546
3246 2756
3247 1352
3250 1113
3252 1703
3252 1902
3254 3147
3257 178
3259 844
3260 742
3261 483
3261 3242
3263 1409
3265 2829
3267 143
3270 2763
3272 1374
3276 1205
3276 3255
3277 1655
3278 2186
3279 2087
3280 2403
3280 2471
3282 1480
3286 1332
3287 381
3289 346
3289 2734
3291 2137
3293 614
3294 1132
3295 1310
3295 2054
3296 1858
3296 1905
3296 2756
3298 2854
3301 997
3302 1069
3305 2426
3306 241
3306 1385
3306 1893
3306 2291
3308 1942
3311 1444
3313 753
3313 1184
3313 1427
3314 684
3314 1243
3314 2102
3314 2982
3317 188
3320 58
3320 136
3322 1810
3323 3090
3323 3225
3325 1756
3325 2267
3326 758
3327 1166
3330 2007
3331 1058
3331 1075
3332 2833
3333 2826
3335 1547
3337 3048
3339 1104
3339 1164
3341 1516
3345 668
3345 1190
3345 2787
3345 2923
3346 2715
3347 1477
3347 1948
3349 254
3349 360
3349 1413
3350 651
3352 1415
3356 1475
3357 18
3357 381
3357 1272
3358 646
3358 1114
3359 2070
3359 2265
3361 2910
3362 2695
3364 3215
3366 1202
3371 1559
3371 2039
3371 2062
3371 2588
3374 3377
3376 349
3376 1022
3376 1281
3380 32
3380 3270
3383 438
3383 2940
3384 512
3384 883
3384 1164
3384 1632
3388 1176
3389 118
3392 2380
3395 965
3395 1793
3396 157
3399 2569
3400 370
3400 1840
3400 3021
3407 456
3415 278
3415 3281
3416 298
3423 402
3424 3117
3425 2579
3426 3367
3427 1739
3429 2006
3429 2076
3430 2065
3434 556
3440 412
3444 1687
3444 2545
3448 57
3451 2049
3453 203
3453 633
3453 2304
3454 549
3455 776
3456 1722
3460 2388
3466 2095
3466 3318
3467 1195
3471 370
3474 65
3476 2486
3480 887
3481 400
3481 2686
3483 2309
3488 2908
3490 3320
3491 2808
3492 232
3492 1063
3494 134
3494 896
3496 1945
3498 3314
3500 159
3500 3268
3503 67
3503 373
3503 2240
3503 2594
3506 1792
3506 2268
3507 1313
3507 1917
3508 1000
3508 1049
3508 2430
3509 769
3512 2104
3512 2442
3513 1048
3516 1661
3520 1323
3520 2375
3521 1852
3522 491
3523 2161
3525 165
3525 2591
3526 1585
3526 2847
3530 594
3531 516
3531 2520
3531 3250
3532 731
3533 2233
3534 2824
3536 575
3540 3049
3542 464
3543 545
3544 789
3545 994
3546 3006
3552 867
3554 1747
3557 350
3557 1622
3558 618
3558 2677
3559 716
3559 1430
3560 2852
3561 60
3563 1233
3564 2674
3567 2487
3568 130
3570 209
3572 3237
3573 1037
3573 1961
3575 1017
3575 3304
3585 3265
3586 942
3587 191
3588 29
3591 476
3591 2200
3593 2175
3594 285
3594 2899
3596 1493
3597 2094
3597 2751
3606 267
3607 1322
3612 2591
3616 2428
3618 1091
3618 2044
3619 9
3620 988
3620 1672
3624 475
3625 1514
3627 3288
3628 913
3629 61
3630 1112
3631 1825
3632 662
3632 1108
3633 91
3637 2235
3639 605
3640 2407
3641 1763
3642 2065
3642 2234
3643 2274
3645 246
3645 932
3645 3256
3646 2010
3649 1714
3649 2883
3651 1284
3652 1947
3654 950
3656 953
3657 1132
3659 970
3659 2326
3663 768
3663 3314
3664 402
3669 2134
3673 1841
3673 2875
3675 471
3677 2941
3682 236
3685 816
3685 3118
3686 6
3688 920
3689 2050
3690 2113
3691 352
3691 406
3691 3203
3692 83
3692 816
3698 123
3698 1639
3699 2907
3699 3073
3700 1737
3700 2677
3702 431
3702 1599
3704 1005
3706 3233
3707 267
3708 465
3709 1704
3711 3219
3714 429
3715 2877
3716 709
3717 1569
3717 2611
3720 2273
3724 519
3725 3066
3725 3148
3731 1125
3731 1251
3731 2444
3731 2809
3732 140
3732 1590
3732 2538
3733 2318
3733 2966
3737 624
3739 74
3739 1070
3740 2810
3746 1872
3752 3269
3753 1082
3754 935
3754 3302
3759 3105
3760 165
3761 2004
3762 322
3762 583
3762 1390
3762 2909
3763 1789
3765 157
3765 1856
3767 334
3770 492
3770 1775
3771 2247
3771 2913
3774 1125
3777 758
3777 991
3780 202
3782 1571
3783 916
3783 2386
3783 3019
3784 1459
3784 1938
3787 3285
3788 2430
3789 3063
3790 1438
3791 759
3791 3319
3793 954
3793 2096
3795 2334
3796 190
3799 2262
3799 2398
3802 1246
3802 1900
3803 1006
3803 2025
3804 543
3805 458
3808 1463
3810 1877
3811 789
3811 860
3811 2214
3814 11
3815 2541
3815 3316
3816 1185
3818 81
3818 193
3819 2502
3822 928
3823 2099
3824 1238
3825 1393
3825 1685
3828 138
3828 222
3828 2791
3830 2582
3831 123
3831 656
3832 252
3832 1447
3833 1088
3834 764
3834 1205
3835 1197
3836 2761
3838 364
3839 1432
3841 2442
3845 2425
3845 2665
3846 481
3846 1039
3849 2600
3850 72
3851 1855
3852 2276
3853 1447
3855 1221
3855 2009
3855 2566
3856 733
3857 287
3857 1467
3857 2213
3859 1532
3859 2641
3860 805
3862 1161
3863 509
3864 419
3864 837
3864 2663
3866 3288
3870 1629
3873 2878
3873 3260
3875 142
3875 1053
3878 1419
3881 802
3881 847
3882 3205
3883 3010
3884 1953
3884 2743
3886 2310
3894 158
3894 258
3898 1161
3899 1122
3900 2941
3901 134
3901 336
3902 559
3904 1621
3907 537
3907 838
3908 308
3908 3365
3912 715
3912 2021
3912 3022
3913 1251
3914 2365
3916 1192
3918 1199
3919 2459
3921 2817
3923 2793
3924 1370
3925 2011
3925 2359
3926 51
3929 488
3932 1877
3933 2467
3938 1134
3939 1277
3944 836
3945 2877
3948 2689
3952 3327
3956 1930
3959 718
3959 1101
3959 1863
3961 2055
3967 799
3967 3212
3968 777
3968 1541
3968 1836
3972 2801
3972 2922
3975 1107
3975 2543
3976 2329
3978 2116
3979 658
3981 3031
3985 647
3985 1173
3985 1232
3992 1254
3993 1993
3994 2704
3995 1034
3996 2717
3997 1600
3997 2964
3999 1661
4000 3355
4002 1358
4005 2940
4006 2360
4007 2926
4008 160
4014 822
4016 1483
4017 2976
4022 1968
4023 1646
4025 1667
4026 1114
4026 1651
4027 1369
4034 1959
4037 1045
4039 463
4039 3145
4042 2495
4044 1958
4045 127
4045 3184
4045 3216
4046 1190
4047 2808
4047 3021
4049 3115
4050 285
4050 3016
4051 2461
4052 304
4052 2856
4053 3108
4059 1724
4060 1469
4063 466
4063 617
4066 376
4067 2608
4068 315
4068 1564
4068 1901
4071 1979
4072 2565
4073 2154
4075 1288
4077 951
4077 2694
4078 3371
4081 165
4082 62
4082 3370
4083 2489
4084 1820
4085 860
4086 3132
4088 719
4088 2506
4088 3232
4095 303
4095 3175
4096 2316
4097 3047
4100 2250
4101 2083
4101 2482
4102 1998
4103 1603
4104 1089
4105 700
4105 1161
4106 2084
4110 1904
4111 3170
4112 3181
4113 2979
4118 363
4120 2974
4121 2131
4122 3306
4123 2668
4126 441
4128 1509
4129 409
4130 3189
4132 662
4133 1032
4136 2756
4136 2925
4138 2057
4140 1642
4142 2272
4142 2283
4144 1528
4147 704
4152 321
4152 1524
4153 1141
4158 1041
4159 2776
4160 1588
4161 480
4163 1998
4166 1237
4166 1632
4167 2420
4168 2764
4173 1614
4174 2573
4175 1019
4175 1546
4176 2189
4176 2631
4177 626
4177 1258
4179 1922
4182 2547
4183 1159
4184 210
4184 2720
4189 1776
4190 303
4190 2429
4191 2951
4197 468
4197 2481
4198 1222
4198 2682
4199 3154
4200 1511
4203 1487
4205 1708
4209 39
4211 207
4211 1223
4212 114
4212 3124
4213 563
4214 566
4217 1276
4217 2205
4219 194
4220 1136
4220 1205
4222 854
4222 3007
4222 3203
4225 1372
4226 2283
4226 3287
4227 1142
4227 1526
4228 1974
4229 3347
4230 1675
4232 3366
4233 982
4234 2719
4236 566
4236 2712
4237 10
4238 2085
4238 2532
4238 3361
4239 2715
4240 2240
4241 1644
4244 2682
4245 1168
4249 532
4249 928
4249 2723
4250 2453
4252 133
4253 896
4253 2254
4257 254
4259 3140
4260 2825
4263 1396
4263 2671
4263 2811
4264 1360
4264 1379
4264 2533
4265 126
4265 2018
4265 2855
4266 2897
4271 237
4271 2853
4272 648
4272 2064
4273 2027
4273 2061
4274 1335
4277 1391
4277 2158
4278 5
4279 986
4282 3150
4284 3304
4287 113
4287 3081
4289 21
4290 2097
4291 903
4292 2280
4295 469
4297 1153
4299 1147
4300 315
4302 2046
4303 946
4305 2527
4307 1979
4308 3235
4309 1369
4310 638
4311 275
4314 334
4317 2570
4317 3319
4319 1525
4322 1979
4323 1254
4324 1
4324 3184
4325 1460
4328 3100
4330 2029
4330 2745
4334 576
4334 720
4335 511
4338 1565
4338 1643
4339 304
4339 1441
4339 1481
4339 2968
4340 256
4342 1839
4342 2506
4343 2267
4344 348
4344 588
4348 2418
4348 2420
4349 1015
4351 111
4351 734
4352 3187
4353 2455
4354 2349
4354 2824
4358 111
4359 1481
4363 2970
4363 3089
4365 2206
4368 2373
4369 145
4370 2909
4373 2785
4373 2803
4376 1282
4378 3163
4382 2536
4384 128
4387 485
4391 2916
4392 1024
4392 1366
4393 1646
4394 2691
4399 117
4400 2525
4401 965
4402 878
4404 2603
4405 863
4407 1599
4407 2148
4409 3137
4410 2378
4411 2120
4415 588
4415 2958
4418 577
4420 358
4421 984
4422 3162
4423 1700
4423 1892
4425 1332
4426 1014
4426 1415
4427 2117
4429 709
4429 1650
4431 743
4433 2982
4435 848
4438 955
4438 1010
4438 1298
4438 1567
4439 199
4440 524
4441 996
4441 3349
4442 294
4442 3064
4443 385
4446 2256
4447 1651
4447 2186
4449 3201
4450 2376
4450 2599
4450 2882
4451 310
4452 2421
4452 3128
4453 870
4455 691
4458 1487
4460 1953
4465 3027
4466 274
4468 1366
4468 2404
4468 2815
4469 2933
4474 88
4474 1465
4480 827
4482 1824
4482 2725
4483 1476
4487 2926
4488 3065
4489 186
4489 2815
4489 3258
4490 365
4490 844

