6730 8396 2944
1 1
1 1258
1 3891
2 859
4 4564
5 140
5 3670
7 3913
9 904
16 2765
19 2450
20 544
20 4990
22 4182
22 5498
24 6348
25 2987
26 2092
31 5178
31 5965
34 1245
38 5751
39 3956
39 4335
45 492
45 3991
46 481
46 7383
49 3279
52 5773
54 3383
54 7659
56 2137
56 7547
58 2276
58 7238
67 4469
69 3965
70 7545
71 2765
73 4521
73 8188
75 7971
77 6761
78 1891
78 3274
80 5279
81 3037
83 1691
85 562
86 6161
88 1122
101 765
101 3950
102 8222
103 2863
104 512
105 6190
106 5310
111 3720
113 831
118 6025
122 5266
126 2903
127 6839
129 2948
132 7082
133 7721
133 8277
142 5386
146 6633
146 6895
147 1269
154 3839
155 3978
156 6000
160 2751
164 5150
168 7927
171 1534
173 6215
176 2778
181 5447
186 2793
186 5315
186 5609
187 5927
189 357
190 1318
190 6638
201 388
204 3371
205 401
205 482
209 4207
210 4097
211 3754
212 1228
217 6302
223 7859
226 3585
228 3144
230 6321
232 2805
232 5640
243 3557
247 3789
251 671
251 3345
253 160
253 4873
256 7181
264 7119
266 7969
272 3460
273 7440
274 147
277 4933
278 4241
278 6391
286 7764
287 596
287 5830
291 1144
297 7676
300 7585
302 957
303 5226
305 1280
305 2769
305 7039
306 493
309 2576
310 1903
311 1804
311 3489
312 1090
317 4893
318 7644
321 3200
322 4467
324 3050
327 3788
329 432
330 4125
331 4181
335 2751
336 7460
341 6046
343 4269
344 6031
345 2887
346 2380
349 4098
350 1974
351 886
351 4608
352 6301
352 7718
353 7115
356 7437
359 8295
364 3321
366 7819
369 7684
372 3981
377 22
377 3724
380 5760
384 4832
385 8115
388 7898
390 7594
403 5111
411 7331
412 2640
417 7745
419 5667
420 4701
421 5508
427 4112
433 1956
434 7519
436 2816
436 6372
439 6447
440 6356
441 1749
443 4076
446 5740
451 569
453 6601
455 4900
456 7942
461 5361
463 7257
464 3247
469 8156
470 2226
471 8280
473 837
482 6798
485 2220
487 517
488 3373
496 8000
500 6397
511 151
511 5956
519 7401
521 2222
522 2606
525 4549
527 8261
528 5826
530 7364
532 7787
532 8313
534 4118
535 2088
535 5830
536 253
537 3150
538 4856
541 3998
545 289
545 8046
547 4755
547 6281
549 946
552 1096
559 2272
561 5828
568 5681
568 7138
570 2810
571 2003
571 3642
573 184
576 5473
579 5290
583 2357
584 5012
587 2757
591 7029
592 3863
593 1128
594 1107
595 3051
596 2851
597 4205
597 6224
599 8008
602 3772
604 2438
606 7574
607 5514
608 8125
609 70
613 756
613 6847
614 4681
615 3125
619 5394
622 1890
623 3183
624 5722
626 1416
626 8205
632 7982
636 5167
637 739
637 3375
638 1356
638 2200
640 423
641 2448
656 5786
656 7107
659 467
660 4532
662 6201
664 471
664 4706
667 1854
667 3983
670 6914
672 2796
677 967
685 3419
690 5198
695 2922
697 7270
702 6975
703 2637
703 6391
709 1657
710 6582
712 2310
715 1665
717 2101
723 4320
727 4100
729 1014
734 336
734 5431
736 953
738 691
741 1008
750 813
750 4255
750 7748
751 1307
752 2039
752 8039
753 5291
755 4609
756 7067
757 328
766 7983
768 1238
771 1068
774 1386
777 1949
777 4889
779 7651
782 280
784 1609
786 3104
786 6766
788 175
793 7204
794 5302
795 7841
796 2228
798 5932
800 6313
803 7137
804 5960
805 3698
809 2115
810 5780
814 4388
817 5508
818 6581
820 4170
820 6350
820 7562
821 3770
821 5188
826 177
827 2067
828 5041
829 4402
830 7470
831 2047
833 2181
834 3010
836 6754
837 126
838 980
839 7401
841 3325
842 7464
843 3999
848 7819
849 3675
850 7143
858 7606
859 625
863 7471
868 2275
871 4881
874 2124
875 5898
876 1034
879 572
880 7615
880 7933
883 1884
883 2933
884 5933
885 7132
892 362
893 1897
896 4205
897 27
898 2754
901 4539
901 8097
903 3068
904 8071
908 6176
910 3199
915 4375
916 7608
917 5594
917 7678
923 8016
925 7835
928 5328
931 8026
933 3494
933 3626
934 2828
935 7292
937 4914
937 5364
939 910
940 6813
942 6700
943 5458
943 6580
944 562
949 8120
950 5076
954 6487
955 4001
957 4282
957 7835
961 4593
963 1010
963 3766
965 5827
967 6250
968 2643
968 3822
969 988
969 5312
971 2214
971 5281
975 5823
975 7081
978 1124
980 182
982 5242
989 4051
992 4468
993 2601
995 5667
998 1508
998 3791
998 7393
1000 6159
1006 6540
1006 8291
1011 387
1013 6743
1015 4053
1015 4675
1019 1941
1026 844
1034 1342
1035 6438
1036 1917
1037 3106
1037 6710
1040 5665
1046 2254
1049 2986
1052 5633
1053 4798
1059 2145
1060 1959
1072 2201
1077 2899
1078 3606
1081 2621
1083 208
1088 301
1093 4565
1096 3442
1097 7644
1098 3096
1102 1009
1102 3754
1103 7082
1106 7921
1107 771
1109 2645
1111 6038
1112 5792
1113 126
1117 2238
1119 13
1122 3294
1122 6518
1123 6646
1128 2529
1129 7787
1130 6381
1135 7995
1138 7491
1148 6460
1157 4377
1162 5824
1163 2821
1165 5297
1166 6856
1166 7279
1170 3733
1172 784
1185 4675
1185 5898
1191 4355
1196 6187
1198 4829
1200 3146
1206 2083
1206 7225
1210 1298
1211 3743
1216 4736
1216 6585
1217 8260
1218 1026
1220 4628
1221 1950
1225 1506
1225 6932
1227 7008
1227 7504
1232 4458
1235 6933
1237 1805
1237 2371
1238 7060
1238 7597
1242 830
1245 1020
1246 3504
1246 4615
1246 7741
1246 8384
1251 5053
1252 5490
1252 7755
1253 8204
1254 4489
1256 444
1257 3536
1257 6277
1258 4305
1259 8181
1261 1959
1262 5671
1268 8079
1269 2820
1269 2977
1271 4386
1273 2190
1273 6142
1275 2832
1276 3251
1277 2871
1278 7929
1281 1789
1281 7939
1281 8140
1283 7259
1285 7719
1286 7807
1287 323
1287 690
1288 2737
1289 5065
1290 5208
1292 1504
1296 2031
1298 2512
1302 3701
1308 143
1308 5994
1313 974
1315 2310
1317 1512
1318 5851
1319 920
1320 1240
1320 1936
1321 6704
1323 11
1325 8273
1327 7186
1335 1102
1337 4046
1338 1152
1338 1276
1339 1937
1343 6865
1344 7257
1349 5034
1351 7276
1352 2941
1352 3927
1356 1479
1359 3454
1360 6996
1361 6415
1364 6773
1365 2082
1369 27
1369 2922
1372 4675
1375 938
1376 7057
1377 4333
1383 7120
1384 6036
1384 7063
1387 2840
1388 1211
1389 2928
1392 3751
1392 5682
1393 374
1394 2223
1394 7637
1401 973
1401 8263
1403 4936
1404 6178
1404 7818
1408 2255
1408 2574
1409 6257
1413 5938
1420 4444
1421 7104
1423 5206
1428 7053
1433 4175
1437 6932
1437 7642
1441 1971
1441 3533
1442 3551
1443 1473
1446 6207
1448 337
1450 4051
1451 3732
1453 4903
1454 1759
1454 6494
1455 8286
1461 3244
1461 6157
1463 2427
1464 376
1466 1334
1470 6779
1470 8132
1478 1021
1478 3906
1487 3706
1490 5796
1491 6048
1496 5610
1500 2528
1501 7518
1507 6233
1509 1633
1510 862
1515 4882
1518 535
1519 3921
1519 6622
1521 3659
1526 6553
1530 7765
1533 2681
1535 2046
1537 1671
1538 5982
1539 4656
1547 5837
1547 7162
1548 8138
1549 751
1549 3631
1550 3913
1551 5522
1552 6903
1552 7108
1554 6032
1557 3378
1557 5799
1562 4140
1565 6046
1570 7054
1571 1434
1572 7823
1574 2825
1574 3884
1574 7076
1575 3032
1582 3296
1583 7841
1585 7313
1586 635
1588 6408
1588 6564
1589 3796
1590 4200
1591 3657
1594 6491
1596 7209
1598 2409
1598 5978
1599 7721
1600 309
1608 617
1613 4820
1616 2443
1617 5102
1617 6159
1620 6161
1627 5781
1632 7253
1637 2400
1644 5488
1646 3927
1648 3355
1649 2835
1649 3572
1651 1644
1652 3605
1653 3831
1655 6299
1656 521
1660 1193
1661 7937
1667 5239
1668 7138
1670 3157
1670 8021
1671 5219
1673 924
1677 4601
1679 7925
1682 6458
1683 5139
1690 4725
1690 7289
1692 7133
1697 6373
1699 7475
1700 7277
1704 1814
1708 2535
1712 3137
1714 4754
1716 103
1716 6514
1717 6725
1718 2569
1719 3204
1720 453
1723 3145
1724 5797
1728 3552
1728 4483
1730 1542
1733 2061
1736 1946
1736 4612
1736 7133
1736 7307
1737 3064
1738 4886
1743 2553
1743 7800
1744 2491
1744 4579
1746 2946
1748 2462
1758 2211
1759 7972
1762 2533
1769 7705
1772 4211
1773 2728
1774 8317
1783 7498
1787 3133
1788 1226
1789 6141
1794 188
1794 6098
1796 7819
1799 5047
1800 6369
1803 2253
1809 5730
1811 5050
1815 6568
1816 3822
1828 4423
1828 5717
1832 7436
1839 1042
1839 6162
1839 7251
1841 714
1843 5600
1844 7527
1853 2110
1854 2787
1855 5536
1856 1004
1861 5033
1864 1548
1865 6266
1869 5436
1874 4275
1874 5108
1875 3405
1876 3071
1877 3448
1878 2877
1879 1354
1884 1329
1886 699
1888 7855
1889 3460
1890 545
1890 6871
1892 6873
1893 7065
1895 6462
1895 6743
1899 5101
1901 5447
1902 7543
1905 5634
1906 6704
1908 3527
1911 1773
1912 4597
1914 1347
1924 1290
1924 4222
1941 5717
1943 949
1951 7908
1952 5207
1953 6179
1954 5090
1954 6916
1958 2015
1960 151
1965 4651
1966 4464
1966 6980
1970 6365
1971 5517
1973 8259
1975 4094
1976 3505
1976 5310
1976 5902
1981 1182
1986 6389
1989 2525
1991 710
1994 3196
1997 4941
1998 8092
1999 5076
2000 2649
2001 7581
2002 7108
2003 4940
2005 3501
2005 4815
2007 6573
2011 1963
2012 52
2013 1837
2013 6534
2017 4308
2018 1319
2018 1865
2018 5327
2021 3374
2021 4898
2024 8222
2025 676
2026 2776
2026 4532
2026 5513
2029 4076
2029 4670
2034 7554
2038 2138
2040 392
2041 5322
2045 4024
2045 6513
2046 6547
2050 1964
2050 7693
2052 4887
2055 2684
2061 506
2065 2926
2070 4457
2076 6465
2078 2400
2080 3767
2084 2834
2085 6436
2086 4268
2093 378
2094 1491
2097 3465
2105 2631
2106 6493
2107 637
2108 118
2108 3285
2110 110
2111 6399
2113 6571
2116 1253
2117 4771
2120 7698
2120 7801
2126 3351
2126 8181
2127 2432
2136 8205
2138 7832
2138 8077
2139 3905
2141 6193
2142 1684
2143 3169
2146 6785
2147 7466
2150 7858
2153 8343
2157 2959
2165 6587
2166 96
2168 5842
2168 6634
2170 3208
2172 4294
2173 3395
2175 1560
2176 2712
2176 4778
2178 2141
2180 6806
2187 5867
2196 8081
2197 2124
2197 6598
2198 3387
2201 1509
2206 7897
2208 1059
2208 3988
2211 2014
2214 1432
2216 4991
2224 2166
2225 1241
2228 641
2232 3266
2233 5439
2236 8308
2237 6698
2237 6905
2239 3803
2244 8349
2248 7962
2255 6780
2256 4228
2258 3713
2262 4840
2270 3790
2271 5817
2274 3252
2279 1831
2279 4223
2283 8013
2284 6727
2287 4083
2287 5209
2288 2559
2288 3759
2289 158
2293 5659
2296 2850
2301 2647
2301 3241
2302 7169
2307 1517
2308 6308
2309 2713
2310 3187
2310 6910
2310 6935
2311 3858
2311 8184
2312 3359
2315 461
2317 1431
2319 2286
2319 3916
2322 2962
2324 5169
2328 4154
2329 6208
2332 157
2332 4410
2333 1429
2334 3427
2337 1222
2337 2048
2338 5346
2341 6232
2343 3768
2343 8038
2347 2631
2349 2750
2349 7972
2349 8288
2353 7739
2358 6718
2359 2995
2361 5954
2362 137
2369 1009
2369 3981
2370 7439
2370 7885
2371 1928
2372 4151
2374 1774
2378 3209
2378 4272
2379 1460
2380 2699
2381 4454
2381 6022
2383 202
2386 4615
2393 7196
2394 102
2396 1831
2398 7797
2399 4808
2399 6396
2405 2862
2405 3371
2411 2334
2413 5496
2415 2614
2416 7493
2417 5682
2421 7106
2423 1103
2432 88
2432 8283
2433 435
2435 1451
2437 3473
2437 5287
2439 3991
2441 3771
2441 4516
2444 7165
2449 6239
2451 4652
2455 2079
2457 6918
2457 8299
2458 1081
2458 7115
2463 812
2464 3640
2467 7986
2468 628
2469 7174
2472 5023
2473 3414
2473 6262
2474 4717
2474 5431
2480 6659
2485 276
2487 6993
2490 7612
2506 2087
2513 662
2513 1895
2514 3253
2515 1138
2515 3502
2517 7909
2519 2914
2519 5685
2522 5024
2525 5471
2526 3126
2527 186
2527 3300
2540 2614
2542 2158
2548 1775
2549 7359
2551 183
2551 5837
2552 5312
2557 4767
2563 7661
2565 1339
2566 6826
2566 7512
2568 3687
2571 14
2571 2221
2571 7653
2577 7682
2577 7903
2579 6434
2580 254
2581 6053
2582 6107
2586 2213
2589 2548
2589 5894
2590 3861
2591 786
2595 1500
2599 4936
2600 6743
2602 2752
2610 7708
2612 4400
2616 4520
2623 564
2625 6663
2626 2745
2628 1134
2629 5231
2630 487
2631 2068
2632 5509
2635 2921
2637 4157
2638 4048
2646 654
2646 6148
2648 5192
2649 6083
2650 1629
2651 366
2652 1769
2652 7169
2653 3757
2655 1829
2659 4764
2659 5418
2660 4848
2661 3811
2663 1721
2663 2826
2667 1452
2667 5568
2670 4676
2672 200
2673 192
2673 5282
2675 1897
2677 590
2677 6386
2679 2960
2679 5890
2681 4757
2683 6539
2683 7135
2684 2839
2689 2933
2692 2890
2693 5951
2695 7383
2696 3422
2696 7544
2699 3205
2700 5976
2701 602
2703 7259
2709 7755
2711 4118
2717 1336
2722 6042
2722 7021
2724 1522
2724 1762
2728 1145
2729 4337
2734 4033
2735 3278
2736 2548
2741 5126
2742 1622
2743 2161
2746 491
2749 4976
2750 5863
2757 213
2757 5841
2758 541
2759 2496
2760 1716
2760 1757
2760 2632
2760 4970
2761 2119
2761 8315
2762 3947
2764 7912
2764 8264
2769 2223
2770 7243
2773 1103
2777 1162
2781 1321
2782 2989
2787 3633
2790 2361
2792 4521
2793 164
2795 3139
2797 6493
2797 8108
2799 298
2801 3193
2802 6110
2804 3577
2806 7158
2809 5994
2816 4926
2823 944
2827 1964
2830 5748
2831 7256
2833 7608
2834 4024
2834 6145
2838 1655
2840 6863
2843 3267
2843 6094
2851 3140
2852 2506
2853 999
2856 7588
2857 6277
2857 6681
2861 67
2862 7396
2863 6320
2868 2184
2868 3315
2869 3182
2869 8135
2870 6443
2875 1585
2876 928
2879 7427
2880 4231
2882 1433
2883 6263
2885 1112
2889 6301
2891 7152
2895 5081
2898 7964
2903 2873
2904 992
2906 6849
2907 3489
2909 1625
2909 1736
2913 7242
2917 7439
2928 3487
2928 4161
2935 7646
2942 2135
2944 3822
2946 83
2946 2419
2953 226
2959 6698
2959 6980
2960 5323
2963 6238
2964 8235
2966 146
2967 3154
2968 3362
2968 5939
2976 916
2979 8190
2987 1587
2992 1141
2994 4383
2995 1121
2996 2509
2998 7191
2998 8352
3005 6742
3007 5764
3008 5319
3011 3238
3014 787
3016 5566
3021 4218
3024 1957
3025 1107
3027 3388
3033 4061
3036 4307
3037 1697
3041 744
3041 2628
3041 7854
3043 5888
3044 2609
3046 6368
3046 8335
3050 5269
3052 2271
3053 1070
3053 6221
3056 4302
3062 6170
3064 1061
3066 4426
3067 484
3069 4854
3074 345
3077 2957
3077 3660
3079 5760
3083 2722
3083 4398
3084 483
3085 4442
3089 4582
3090 4463
3091 4353
3091 5651
3094 4128
3101 5208
3101 5945
3102 5381
3103 3851
3105 1161
3107 421
3109 1945
3109 3512
3111 7764
3113 5888
3115 3895
3116 6329
3124 4588
3125 7742
3128 1450
3130 4038
3131 8242
3132 6710
3134 3259
3136 4478
3142 1781
3143 2049
3148 3837
3148 5343
3151 7352
3153 5192
3155 7074
3156 6378
3162 2561
3164 5371
3164 6175
3166 7238
3167 2740
3175 8329
3184 6650
3189 3546
3190 593
3191 1097
3191 5521
3193 3784
3196 4590
3203 5797
3205 3540
3205 6717
3207 7156
3208 2651
3211 2880
3214 3555
3216 311
3218 7153
3218 7819
3222 1214
3222 4099
3228 7772
3232 2692
3232 8258
3235 3982
3237 3468
3244 7278
3246 6709
3250 5258
3251 953
3253 123
3261 5414
3263 5235
3266 347
3269 2858
3274 4794
3276 222
3276 4777
3282 7704
3283 3531
3283 5986
3288 563
3290 7669
3293 2338
3293 6061
3293 7574
3295 5772
3296 4303
3297 7064
3300 1397
3305 2405
3308 1242
3310 615
3310 7349
3313 1027
3314 2005
3314 3415
3317 4780
3319 1951
3323 4476
3323 4685
3324 7284
3325 5773
3328 7516
3328 7898
3329 4327
3331 722
3332 6394
3334 6044
3334 7397
3338 468
3340 1514
3344 4190
3349 5565
3350 5173
3350 6294
3352 4272
3355 4882
3359 2967
3361 2008
3361 2809
3363 1766
3365 3915
3366 4214
3367 4261
3368 3747
3369 6432
3370 5055
3373 3990
3374 4080
3374 5676
3377 7521
3382 8022
3383 1858
3386 2859
3389 5550
3392 7022
3396 3077
3400 1795
3403 7452
3405 554
3412 8246
3423 4891
3424 513
3424 2316
3428 4824
3428 5619
3429 6265
3431 8135
3433 8096
3435 3120
3436 5044
3437 5266
3440 338
3440 7472
3441 6538
3444 250
3448 6026
3452 5989
3453 4119
3455 3036
3462 1550
3465 2669
3466 1015
3467 7390
3472 6008
3472 7731
3477 1303
3478 1506
3479 5815
3479 7825
3480 2887
3480 7076
3481 4945
3481 7090
3485 7789
3487 5761
3488 3467
3495 1484
3496 989
3498 7643
3501 2416
3504 1952
3504 2223
3508 4683
3512 7519
3525 1373
3525 6864
3526 2219
3526 6251
3532 6565
3532 7888
3534 1557
3535 475
3537 5464
3537 5849
3538 3725
3542 6842
3544 8318
3546 2694
3548 1355
3548 5607
3549 2206
3556 1530
3558 7247
3558 7748
3562 5532
3564 2458
3566 1973
3570 5330
3571 4666
3573 2168
3575 6060
3577 5525
3578 633
3579 2763
3583 1710
3584 407
3584 8125
3585 4164
3586 300
3586 1094
3586 1646
3586 4440
3587 1609
3589 6865
3590 278
3593 5926
3596 4647
3597 4980
3598 5110
3604 541
3604 7876
3613 2938
3613 4449
3613 7403
3615 4704
3618 6034
3620 8338
3622 4685
3626 6852
3626 7498
3629 328
3632 3907
3635 2531
3636 630
3639 928
3641 4439
3642 8043
3644 4029
3644 4469
3648 521
3652 457
3657 3953
3658 1554
3659 6324
3662 8299
3664 4245
3667 5447
3669 6562
3670 5878
3671 4526
3673 8340
3674 2241
3675 2924
3683 4921
3683 8012
3684 7065
3686 3536
3689 7104
3691 1264
3692 602
3692 1952
3693 372
3694 922
3700 1578
3700 4242
3700 6796
3702 3502
3703 5206
3706 6937
3709 3729
3711 1636
3712 6232
3715 55
3715 3302
3715 4118
3721 1984
3722 1302
3724 4535
3725 4235
3733 6838
3735 1644
3737 4376
3738 1122
3738 6140
3739 5758
3740 2236
3740 2500
3741 3800
3750 2215
3751 3941
3754 3833
3754 6522
3757 6300
3757 7249
3759 3792
3761 1031
3762 3719
3772 7530
3777 881
3777 5498
3779 3191
3783 2744
3784 7868
3785 3247
3792 3434
3792 3865
3792 6096
3794 418
3794 1644
3799 3635
3800 4305
3802 4422
3802 6015
3803 7917
3809 7424
3811 6136
3811 7731
3817 7212
3817 7655
3818 4038
3825 666
3825 2362
3840 7476
3848 6470
3850 7946
3854 8308
3858 2150
3858 6340
3859 6807
3860 7772
3864 633
3867 2389
3867 4738
3868 1663
3868 6813
3871 775
3874 3993
3875 1087
3881 4009
3888 4170
3888 7052
3891 2372
3893 2380
3897 4217
3898 6315
3899 4684
3903 6307
3904 2041
3906 637
3908 2838
3909 1233
3912 1304
3914 1938
3918 5771
3919 8306
3922 5697
3922 7186
3923 326
3928 8189
3943 8202
3947 440
3955 4978
3956 7839
3957 3476
3959 5465
3964 165
3965 6920
3969 1165
3969 1733
3970 7455
3971 2441
3974 1859
3975 6955
3976 2733
3979 4119
3979 6773
3979 8378
3981 8194
3983 2457
3985 4030
3990 763
3991 1166
4000 5457
4001 5492
4001 7186
4002 550
4005 3476
4007 514
4007 6656
4016 2039
4016 5267
4017 5645
4019 2636
4019 3186
4021 2462
4022 6337
4027 3774
4030 2867
4033 8127
4040 178
4040 1361
4040 4184
4042 100
4044 1328
4045 2605
4049 1957
4049 2852
4049 5608
4053 5796
4053 6280
4057 6150
4058 174
4058 5035
4059 6913
4062 67
4062 6353
4067 2626
4070 2827
4072 6906
4073 4552
4077 4870
4080 7087
4092 1495
4095 3103
4095 7259
4097 2593
4100 6448
4101 547
4101 6587
4106 4595
4107 7353
4111 6957
4113 4970
4114 7456
4117 3216
4118 347
4122 397
4125 3785
4130 3190
4133 2269
4138 5330
4140 861
4140 2364
4141 7380
4148 6515
4149 2052
4152 634
4153 1252
4154 1211
4164 3907
4166 2799
4169 1022
4175 2902
4178 1525
4179 1032
4182 2383
4189 3506
4190 5668
4190 6239
4193 2772
4195 2015
4198 2652
4199 4665
4199 7853
4203 6428
4215 7798
4219 7020
4221 350
4222 6290
4225 2526
4225 5730
4231 5201
4231 6267
4233 2617
4236 1019
4239 4696
4239 4799
4241 7684
4242 8111
4243 4036
4245 4215
4245 5824
4249 4207
4251 2098
4259 3777
4260 7389
4262 3193
4264 5796
4269 7138
4269 7923
4270 2056
4271 1375
4274 2301
4276 682
4276 3451
4277 2813
4277 3090
4277 7021
4282 5190
4282 6942
4283 6164
4293 7991
4295 718
4298 57
4301 731
4302 3476
4306 5812
4307 1445
4307 5078
4309 1039
4309 1896
4312 2427
4313 415
4314 3615
4317 2914
4323 1466
4328 1935
4328 2685
4329 1495
4330 3989
4332 3901
4334 3877
4334 7008
4340 1365
4340 3208
4341 7643
4343 2438
4344 7504
4345 3128
4347 7540
4349 8160
4350 3357
4351 5404
4353 4413
4353 4433
4354 5771
4358 8034
4359 3664
4362 6719
4366 7543
4368 256
4374 6403
4375 1771
4376 2536
4382 683
4384 1145
4389 147
4394 3428
4395 2511
4396 4484
4399 314
4399 3148
4402 2133
4405 4906
4408 6856
4409 3480
4411 3188
4413 3790
4413 5931
4414 182
4414 7485
4416 3754
4418 5134
4423 6002
4428 2105
4433 3823
4435 2007
4436 2563
4436 4345
4437 7088
4438 5771
4439 1112
4439 1337
4439 6355
4441 1734
4441 4256
4447 7479
4448 4028
4451 7810
4452 3203
4453 2531
4453 5928
4454 1871
4457 832
4460 3325
4463 5382
4466 4696
4466 6498
4471 4715
4472 3795
4472 7415
4475 7636
4476 7377
4481 7854
4491 366
4491 5226
4492 3444
4494 3296
4496 8383
4499 2166
4501 4832
4503 8051
4504 1645
4505 7781
4509 6701
4510 1062
4514 1897
4514 6498
4517 3289
4518 1290
4521 1632
4521 5018
4531 7334
4534 7976
4536 2934
4539 8212
4540 4311
4541 1759
4541 7589
4542 2220
4544 1550
4545 359
4550 556
4550 5032
4551 5381
4552 2027
4555 3298
4556 3058
4557 6621
4558 5103
4558 6560
4559 6095
4563 5683
4563 5852
4565 494
4566 7712
4567 5057
4577 2667
4579 4111
4585 3455
4589 3377
4592 7026
4595 3628
4596 7860
4599 31
4602 1585
4603 2911
4604 4848
4606 5462
4607 414
4607 7031
4607 7482
4615 7771
4620 1183
4620 3321
4623 7888
4624 7852
4626 1998
4626 6681
4626 7605
4627 7242
4628 1296
4628 4338
4630 6348
4631 776
4633 93
4634 8097
4635 6394
4636 7701
4637 4531
4640 521
4641 161
4642 828
4646 3575
4647 7507
4648 8102
4649 7005
4651 7759
4652 647
4654 4560
4656 3015
4657 8312
4659 7207
4662 3867
4664 2511
4664 3194
4667 4244
4670 5380
4671 6573
4673 5785
4674 5419
4679 556
4683 61
4686 8189
4687 2462
4687 7466
4688 7622
4691 2040
4691 6327
4697 5828
4699 3118
4699 7127
4704 237
4705 4388
4713 2172
4715 1755
4715 4009
4721 2994
4722 5245
4723 2059
4725 2579
4727 7582
4729 3628
4730 1936
4736 989
4739 4365
4740 4208
4741 2409
4743 4889
4745 824
4745 6722
4748 6792
4750 6458
4751 3187
4752 492
4754 4624
4762 2962
4764 1458
4765 297
4766 7394
4768 3919
4769 2907
4769 3152
4769 5438
4771 7842
4772 8250
4774 2186
4774 3544
4789 152
4790 1203
4790 1607
4790 6247
4791 3791
4792 7598
4796 4547
4801 523
4803 2699
4804 7930
4806 8325
4807 5771
4812 6732
4814 2224
4815 7835
4816 4734
4818 3450
4821 1247
4822 2750
4822 7965
4824 21
4825 1806
4832 6877
4833 2132
4834 3688
4834 7823
4838 6488
4841 5192
4842 2445
4846 3335
4847 5811
4851 5188
4852 7905
4854 1713
4856 7570
4858 4362
4858 7295
4860 65
4862 4803
4865 1546
4865 8114
4868 8014
4869 3111
4872 5392
4872 7057
4874 1949
4875 1692
4880 7120
4884 420
4884 4129
4885 7732
4890 7684
4892 1170
4895 3687
4903 3480
4904 316
4904 2367
4905 1892
4906 850
4906 4883
4907 2344
4908 4145
4909 4176
4909 4414
4912 7261
4913 5608
4913 7674
4913 7686
4915 1540
4916 1693
4920 23
4921 5643
4932 1874
4932 3319
4933 8297
4937 5197
4938 5139
4939 8023
4943 1712
4944 1961
4945 1744
4947 1936
4947 6556
4947 7328
4949 7665
4951 8110
4953 7959
4955 1633
4959 5819
4962 2192
4962 2791
4965 4775
4966 719
4969 6327
4970 1782
4971 3239
4972 4149
4973 781
4980 2691
4983 1634
4985 5380
4986 405
4988 5347
4990 734
4991 2099
4995 254
4996 7697
5001 2279
5002 125
5005 5761
5007 4433
5010 5396
5011 1049
5012 2063
5012 4521
5012 7912
5013 5240
5014 638
5016 5738
5017 809
5019 3207
5021 1121
5026 2656
5027 2103
5027 5510
5030 1051
5037 2922
5040 7627
5042 3641
5043 4486
5044 3967
5044 5434
5050 1614
5053 3613
5053 6328
5059 1023
5064 6964
5068 4150
5071 505
5071 6014
5072 6234
5073 1975
5073 6860
5074 701
5077 2031
5079 906
5079 4426
5082 4236
5087 8034
5097 6074
5107 3359
5115 1182
5117 5170
5118 5652
5121 1139
5121 2788
5123 7288
5124 637
5130 2998
5131 2521
5134 4936
5136 2685
5136 4174
5136 4798
5137 4521
5140 7651
5141 6452
5146 5510
5150 7409
5154 2428
5164 5855
5167 2991
5170 592
5173 7466
5177 7197
5178 2832
5186 6762
5190 2478
5194 4185
5195 1247
5196 1396
5198 2581
5198 3767
5200 1540
5208 3018
5209 3463
5213 7185
5214 7172
5215 5715
5217 6705
5218 205
5226 4432
5230 1442
5231 3005
5231 5718
5231 5803
5232 6504
5234 5703
5235 131
5235 7444
5238 6969
5240 2830
5240 3553
5244 3296
5248 3767
5248 6178
5249 5513
5251 258
5257 2980
5264 6633
5267 2336
5267 8053
5273 1452
5274 568
5277 683
5279 1601
5286 1817
5300 1720
5300 6663
5301 4717
5302 4168
5302 4344
5305 3390
5307 3656
5309 5659
5312 1425
5312 7122
5314 1721
5317 3276
5318 3812
5318 7408
5320 556
5324 4497
5326 541
5328 132
5329 3835
5329 4640
5330 536
5330 4045
5331 1185
5331 4134
5331 8187
5333 8176
5335 5017
5336 1414
5337 541
5337 7007
5340 6928
5341 4550
5341 5127
5341 6433
5344 5832
5346 6826
5351 4793
5352 7070
5353 5123
5365 758
5370 4410
5373 3500
5374 8374
5376 303
5377 1231
5377 7036
5378 2591
5386 7497
5388 4128
5390 7646
5393 530
5399 1733
5399 3173
5399 4472
5401 1781
5401 7621
5406 6552
5412 3379
5413 3622
5413 8052
5416 4028
5416 6884
5417 542
5418 414
5418 8309
5420 1405
5420 2287
5422 7927
5428 5320
5428 5762
5428 7183
5435 3010
5435 3475
5435 3825
5435 4044
5437 7914
5437 8074
5439 7673
5445 3884
5448 1308
5450 1356
5451 7374
5455 3060
5455 6124
5456 3458
5459 3058
5459 6114
5461 1464
5466 4417
5467 7695
5471 4541
5477 186
5479 6591
5480 5280
5481 4913
5483 1027
5485 7780
5486 843
5488 4735
5488 5781
5489 5705
5490 6980
5497 2171
5502 5302
5504 303
5506 3897
5508 5305
5511 1071
5514 4299
5519 7243
5520 3232
5521 794
5526 3408
5527 3579
5527 7764
5531 6378
5532 7761
5534 3362
5543 1297
5543 3429
5548 8328
5549 3946
5555 5846
5563 3300
5567 2986
5567 6264
5567 7576
5567 8287
5568 1567
5569 1667
5570 3767
5570 6044
5572 6403
5577 3801
5579 210
5584 3783
5584 4878
5585 5792
5588 860
5589 6273
5592 7840
5596 8259
5608 355
5608 3398
5610 3078
5611 7823
5614 4071
5617 7978
5622 6185
5623 6482
5628 8178
5629 1001
5631 3880
5631 7780
5632 7197
5633 3014
5635 4200
5636 5320
5639 7106
5645 2520
5646 4311
5650 5458
5653 1301
5663 5860
5664 1068
5673 5067
5675 82
5676 3633
5680 830
5680 5067
5680 5869
5682 4172
5683 3269
5684 1363
5686 5680
5690 4740
5691 1097
5691 3760
5691 5116
5691 5829
5697 4564
5699 1377
5699 6067
5699 6576
5704 2017
5704 5063
5705 7518
5714 6784
5714 8016
5717 6406
5718 6308
5722 3899
5723 482
5725 5629
5726 6603
5735 4913
5737 3380
5739 77
5744 5937
5745 1361
5746 856
5749 7037
5749 8027
5753 2622
5755 890
5758 438
5759 5984
5764 3374
5765 5410
5767 1246
5772 6573
5784 5533
5786 2854
5786 7681
5789 2232
5790 3375
5792 5410
5792 5599
5797 7215
5798 7235
5799 4897
5801 24
5804 3192
5804 3517
5812 2828
5813 2996
5816 208
5821 6662
5822 2011
5822 5983
5824 5328
5828 2319
5832 7676
5846 2899
5853 7379
5854 5361
5855 6548
5857 5094
5859 2776
5861 1368
5865 4078
5867 1666
5867 3802
5877 3506
5886 5744
5887 3368
5887 5486
5890 8260
5895 1468
5895 4059
5898 878
5898 4310
5899 6125
5901 7578
5902 5562
5906 2381
5907 2082
5909 2443
5911 1551
5917 7424
5919 6542
5921 6481
5922 3450
5923 1537
5925 3472
5926 3860
5926 4870
5929 2555
5940 5862
5943 1401
5944 1321
5944 3031
5946 7670
5951 3020
5956 2242
5956 5985
5957 347
5957 5105
5967 2780
5968 5358
5968 6732
5972 3173
5973 3536
5973 4628
5974 5422
5975 2336
5980 6745
5981 7261
5984 59
5984 2900
5989 1285
5989 5835
5995 7770
5996 353
5997 8072
5999 1933
6000 5730
6003 7311
6005 6409
6008 1120
6012 1950
6013 2061
6016 2739
6016 5484
6016 6043
6017 3498
6021 1354
6025 6186
6026 2526
6027 2769
6028 4780
6028 6627
6035 3749
6038 3407
6039 8015
6040 3116
6040 3237
6043 7595
6044 7373
6052 919
6052 3900
6061 6728
6065 3117
6066 8364
6067 6633
6068 2727
6069 3078
6073 7628
6074 8033
6076 2220
6078 5549
6082 5045
6087 8164
6088 2212
6092 5631
6097 2107
6109 4831
6109 5363
6111 4521
6116 1306
6116 3261
6118 222
6118 2128
6119 2277
6125 2686
6126 8066
6128 183
6130 2586
6130 6629
6131 1365
6134 5066
6137 5405
6139 3582
6139 5147
6148 160
6149 2718
6153 3685
6155 5687
6156 605
6156 3524
6161 6359
6162 4980
6164 2703
6172 7555
6178 4336
6179 2953
6185 2357
6185 2399
6187 4721
6189 2458
6189 5161
6190 4026
6190 5727
6191 6267
6192 2336
6194 7299
6195 2355
6201 1774
6201 3942
6202 2825
6202 4350
6203 3201
6210 5383
6211 7036
6212 3028
6214 714
6216 3618
6216 6634
6217 4455
6218 4541
6221 5172
6227 907
6229 555
6229 6370
6231 2043
6236 308
6238 6306
6242 2082
6254 396
6254 4144
6256 6906
6263 2392
6264 6313
6274 2319
6275 2295
6284 884
6288 5884
6289 3808
6294 1569
6294 7989
6297 6693
6299 1599
6300 5980
6303 1837
6303 4613
6304 5360
6306 203
6308 5405
6309 3096
6318 1490
6319 7713
6322 1298
6329 4216
6330 8309
6331 6290
6333 7216
6336 6821
6336 7911
6337 1080
6338 7614
6339 866
6341 7168
6345 4
6346 230
6349 7864
6350 3041
6353 5492
6354 1194
6354 7388
6356 7743
6361 4012
6362 1777
6366 4814
6370 3264
6372 454
6372 3913
6372 6612
6375 2577
6378 6397
6379 4372
6379 5169
6379 6047
6380 1931
6380 3245
6383 4225
6384 4425
6387 1295
6387 2887
6390 6565
6397 2763
6397 4836
6398 2739
6400 4200
6409 476
6409 1955
6409 7043
6418 2798
6418 6552
6419 4470
6420 2840
6421 8258
6425 7529
6426 849
6426 5431
6428 2158
6432 7790
6435 5773
6436 3334
6436 6875
6437 4722
6439 3633
6442 702
6443 69
6447 5554
6449 3956
6449 5953
6458 5502
6459 3825
6459 4543
6463 5508
6463 5808
6464 3231
6464 7848
6466 3120
6467 1420
6467 3074
6468 4745
6469 8145
6471 4886
6472 4387
6472 6844
6476 2210
6479 3551
6484 222
6484 1852
6484 7416
6488 939
6489 1339
6490 4902
6495 2871
6498 909
6501 4362
6503 3427
6503 4958
6505 7927
6507 5420
6508 688
6512 7093
6512 8286
6519 681
6521 117
6522 7536
6528 4602
6528 8305
6532 8082
6533 733
6534 7094
6537 1872
6539 5951
6543 790
6547 867
6547 1572
6550 2541
6554 7103
6557 3079
6557 6301
6562 3508
6562 7844
6564 4878
6567 2856
6571 6432
6573 2642
6574 8274
6575 2269
6580 220
6581 1661
6584 2766
6586 6612
6587 651
6588 3293
6590 8204
6593 134
6593 1289
6594 8218
6595 1456
6595 3647
6597 6662
6598 19
6601 5619
6602 2427
6602 6376
6604 7852
6606 5946
6607 7210
6611 3347
6612 6940
6613 7308
6619 7286
6622 3499
6626 2716
6626 4152
6627 4006
6627 4158
6630 7475
6633 434
6633 7204
6634 1219
6634 3828
6636 4336
6637 7517
6638 228
6642 198
6643 1137
6645 5555
6648 1801
6650 2149
6653 8087
6654 1972
6659 6966
6666 583
6672 550
6675 2677
6676 4090
6677 7869
6679 257
6679 4125
6679 7941
6682 4672
6685 115
6686 5281
6686 6920
6687 1657
6689 7649
6690 6162
6690 6654
6695 5886
6696 7337
6698 3751
6700 11
6705 907
6707 913
6710 3695
6711 967
6712 5956
6716 78
6719 4280
6721 6663
6721 7163
6722 1198
6722 4661
6724 3980
6725 6080
6729 2676
6730 2194

