5117 7795 1365
1 1
4 4253
4 7397
6 2584
28 4552
32 5117
36 3608
38 4317
43 3901
44 1687
46 2316
47 7171
49 2454
59 4411
63 1855
67 4777
69 4937
75 594
76 5162
78 842
79 2840
79 7340
81 658
82 239
82 5541
83 2014
83 3377
86 5302
99 559
104 3000
117 5231
125 7621
148 4529
153 7164
154 5522
163 38
164 5056
177 2601
195 1044
199 6231
212 589
212 4841
220 2195
223 803
223 1413
226 4581
228 254
229 2718
229 5639
238 3196
239 5771
241 6594
243 4337
250 1619
250 3761
256 5977
257 6349
258 999
261 3405
263 1372
265 245
273 841
279 5312
280 4157
288 775
291 3232
292 1208
292 1971
293 3277
300 2215
303 3604
306 4907
308 4597
313 6689
318 4717
325 6050
326 1075
330 4551
336 2526
338 5366
343 5557
346 1831
349 6791
354 4535
369 1083
369 6509
378 5830
382 114
387 5264
392 696
394 2299
398 3660
401 1854
401 5634
402 3949
404 1739
413 1303
420 5225
424 979
427 3213
430 3037
438 6720
442 5575
448 2884
450 2165
450 4530
454 3881
456 6030
457 5653
459 7644
463 4011
465 55
465 6752
469 7639
479 979
484 6902
486 2310
489 6809
493 3729
494 897
494 6081
495 2930
495 4632
501 6417
503 6727
519 421
522 6066
530 3656
543 3471
548 346
552 766
553 3624
558 4381
567 859
571 5869
572 6957
577 2999
581 3068
586 1655
588 615
591 5214
593 2315
602 993
603 6307
608 7281
610 2819
623 4242
626 1380
632 1912
633 5795
638 6877
645 1614
648 5191
652 1837
652 2505
658 5567
659 7533
673 5698
675 944
675 4149
677 2015
682 1606
685 127
685 5933
688 159
692 7783
693 5160
696 2364
699 1724
700 6529
705 5174
709 5887
712 451
715 4390
718 2051
730 5089
737 7048
739 934
739 7738
741 4013
753 2525
760 3819
765 6970
772 2329
773 1049
775 422
779 502
779 2951
783 2995
787 1633
791 4431
797 3286
809 4060
813 2235
818 3026
819 7087
820 2255
824 216
829 5456
831 6767
836 2961
836 3766
848 635
849 643
850 7566
853 7473
859 1367
860 314
860 7105
861 5931
862 2591
862 5073
869 6339
873 4329
874 746
879 7455
880 3896
880 6222
886 4645
887 646
895 5253
903 7605
906 5679
908 1210
921 2675
922 4986
923 322
926 4096
932 2365
934 3586
935 513
941 3759
948 6720
952 2730
953 1823
960 7556
961 2693
966 4791
966 5096
972 633
975 2371
975 6597
982 6244
986 7450
988 6567
999 3413
1000 753
1003 1940
1008 1252
1024 2454
1026 584
1037 4433
1042 568
1043 591
1045 6428
1052 4915
1055 180
1060 2438
1061 4178
1066 4785
1071 626
1071 1968
1073 1121
1084 4619
1087 2897
1090 3982
1097 4764
1107 6328
1108 3380
1111 1947
1113 1332
1114 6428
1118 2916
1125 1816
1127 3410
1131 614
1131 7153
1137 5917
1138 1488
1143 1263
1151 6784
1153 285
1154 2148
1156 2147
1156 5728
1159 4576
1167 4864
1171 7276
1185 4976
1186 7538
1190 155
1191 3668
1197 3303
1199 5531
1200 7365
1202 3167
1202 4841
1204 5126
1215 150
1222 919
1224 464
1225 5951
1226 2628
1236 2198
1240 2758
1248 5722
1249 4655
1251 207
1252 3559
1254 4404
1255 6548
1260 2201
1265 7176
1267 1344
1267 1437
1270 4530
1271 3743
1279 4229
1284 1155
1284 1430
1285 3651
1286 1190
1310 4082
1310 4418
1311 3420
1312 486
1317 7754
1320 900
1325 4996
1329 3675
1330 2907
1330 7101
1333 2869
1336 5486
1337 111
1348 7440
1352 4774
1356 3673
1357 6950
1366 7320
1367 428
1377 6068
1378 4041
1380 2532
1380 6150
1382 3132
1400 3952
1404 6090
1408 2918
1413 6224
1417 129
1422 2373
1423 2655
1433 5296
1441 4359
1445 3551
1451 4892
1461 6768
1463 3535
1463 4416
1463 7413
1465 1419
1468 549
1469 7610
1471 227
1472 6613
1485 446
1485 6988
1489 6934
1490 2443
1490 5688
1494 429
1498 486
1498 1318
1499 5056
1501 2702
1503 399
1504 6537
1511 2729
1512 957
1518 7496
1519 7653
1520 5668
1523 1671
1523 2048
1524 7560
1528 1107
1529 7093
1533 5492
1540 3332
1544 2095
1545 5857
1546 739
1546 2078
1550 52
1550 5472
1552 2201
1555 3463
1556 3250
1556 4144
1560 4407
1564 2751
1573 4090
1574 4278
1578 4629
1583 1797
1584 5138
1586 6302
1599 2141
1599 6877
1601 2535
1604 1101
1606 5966
1609 3976
1615 3060
1615 6462
1619 638
1623 423
1625 3295
1630 6102
1632 4665
1636 1740
1636 7741
1640 1556
1642 5809
1648 6509
1650 3683
1660 6997
1665 5174
1672 1313
1672 7118
1676 1208
1684 1320
1686 271
1688 994
1689 3073
1689 6576
1691 4657
1694 7740
1697 3321
1698 4886
1701 2393
1711 4577
1720 572
1737 3341
1741 1528
1749 1356
1751 6649
1751 7160
1753 4864
1764 6188
1767 2756
1769 472
1776 7745
1777 2758
1778 5012
1780 7536
1784 1992
1789 358
1792 3243
1800 6577
1806 3589
1806 7415
1808 2552
1809 3716
1810 1949
1810 2469
1815 6470
1816 3364
1817 1948
1821 4726
1826 1672
1827 3552
1831 3244
1839 3397
1841 2757
1844 5929
1848 5066
1859 5895
1868 5174
1873 5188
1882 6447
1890 4866
1892 1399
1896 2331
1903 5256
1909 4668
1912 3595
1918 109
1920 1018
1920 5020
1930 7248
1935 757
1937 3607
1937 3642
1938 2596
1948 2067
1962 5217
1963 5355
1971 761
1977 1669
1979 6715
1981 2991
1984 525
1997 1338
1998 969
1999 6845
2001 7710
2007 5711
2009 3704
2012 5279
2012 7473
2015 3546
2017 4696
2021 4145
2024 1879
2024 4441
2024 6210
2039 7685
2041 3621
2041 4820
2043 7452
2048 3294
2056 5838
2058 6835
2063 5595
2064 3109
2064 5790
2074 6936
2075 4937
2090 658
2091 775
2091 7384
2104 3563
2114 4302
2117 5892
2117 7207
2119 4593
2120 4045
2126 296
2126 1654
2129 4460
2134 524
2138 3764
2144 4642
2145 2794
2155 4560
2162 60
2162 1685
2169 3994
2172 7404
2177 799
2177 4009
2189 1795
2191 3464
2192 2634
2192 5869
2192 7736
2199 6264
2201 2170
2203 2724
2203 4523
2210 5285
2215 382
2216 642
2222 5121
2223 1426
2229 545
2230 5148
2233 4909
2238 6983
2239 1799
2259 1851
2261 4560
2263 5056
2264 4678
2265 42
2265 6957
2271 7009
2273 2445
2275 356
2278 341
2278 4147
2280 1548
2283 3351
2284 4918
2289 1158
2291 304
2291 3722
2292 3229
2292 4344
2300 1965
2302 1366
2304 4015
2305 1467
2305 3543
2318 2024
2323 2354
2324 262
2324 4843
2332 1659
2333 2216
2334 7410
2335 6865
2342 4812
2346 5790
2349 3248
2352 4287
2364 6700
2376 3951
2378 1344
2378 4518
2379 6996
2382 6644
2383 487
2383 3313
2385 4825
2390 216
2392 3351
2396 6691
2405 6398
2412 3938
2427 2365
2430 6621
2431 5926
2432 4306
2432 4916
2435 2490
2442 824
2456 39
2456 5893
2462 603
2468 54
2476 3762
2479 865
2480 1800
2480 7556
2483 5094
2484 2818
2487 3492
2493 5801
2494 1443
2495 5385
2495 7034
2505 5476
2515 1402
2516 455
2517 810
2520 7042
2525 1736
2528 4958
2531 2027
2532 720
2532 2665
2538 2976
2540 4155
2544 392
2547 6852
2550 1229
2555 2470
2556 5932
2557 5963
2564 5698
2566 7062
2567 166
2567 4836
2570 934
2570 2749
2574 7756
2580 367
2582 5277
2589 1099
2592 6021
2593 874
2608 6681
2609 3122
2611 530
2624 5753
2628 688
2630 5495
2633 5329
2637 5499
2643 3422
2643 7752
2650 6235
2652 5410
2662 822
2667 567
2687 6924
2690 4833
2690 5347
2693 4456
2695 2227
2700 2566
2701 2664
2702 6440
2703 7733
2704 7604
2705 7603
2708 3922
2711 463
2724 3031
2729 3598
2736 2150
2739 57
2739 3803
2742 1778
2748 6436
2749 3889
2749 7730
2750 6707
2756 3898
2759 6546
2765 3561
2766 5616
2770 5885
2771 2452
2786 1111
2786 5633
2794 3902
2794 7750
2801 7690
2813 6606
2816 6576
2820 2485
2827 6473
2828 2712
2829 3768
2832 3830
2832 4404
2833 329
2837 1483
2838 1305
2840 2597
2841 5653
2842 2984
2847 5250
2849 1701
2857 5982
2859 6920
2868 5982
2872 3993
2874 6735
2876 478
2892 3747
2892 6607
2893 95
2898 2230
2899 7795
2901 2735
2901 7618
2908 331
2910 404
2918 866
2918 7624
2946 4362
2953 3582
2954 6153
2955 1765
2956 2903
2957 1470
2961 2108
2963 2187
2967 2477
2968 3999
2983 3711
2988 1674
2988 5261
2990 4897
2991 2070
2993 7138
2995 4294
3003 5737
3006 1499
3007 1451
3012 642
3016 6843
3021 5486
3030 7050
3030 7557
3033 5569
3035 3161
3035 6346
3036 3088
3036 5145
3047 2052
3048 5017
3052 680
3058 5199
3062 5040
3063 93
3066 329
3066 2539
3068 713
3070 5090
3071 3480
3073 1255
3075 1542
3079 5911
3081 5614
3085 6738
3089 1780
3090 3655
3093 984
3096 1013
3100 3973
3100 4137
3104 1519
3104 6624
3117 5387
3118 6546
3120 136
3121 5632
3121 7562
3123 4130
3126 6665
3132 898
3132 7276
3137 3753
3141 2168
3142 4492
3142 7358
3150 5007
3151 5471
3151 6490
3167 1082
3176 4833
3178 7417
3186 3292
3196 767
3198 7630
3203 1553
3204 1500
3212 1526
3217 6376
3223 2914
3223 6854
3225 5173
3227 2901
3230 4609
3232 738
3234 2542
3235 5470
3237 7447
3239 5746
3241 7124
3244 6771
3246 3627
3246 6236
3246 6834
3253 6692
3259 7663
3261 2209
3263 6656
3267 4503
3267 7197
3274 3254
3278 3975
3278 6195
3282 4271
3282 7643
3287 981
3290 7348
3293 5007
3293 7395
3297 3147
3298 4159
3299 5734
3299 5786
3302 3750
3305 2316
3306 6218
3308 814
3309 7342
3314 3122
3316 2948
3325 3090
3331 134
3335 4363
3336 6555
3337 1542
3342 3860
3342 7472
3345 3730
3347 1669
3349 5834
3355 5211
3358 5032
3369 6191
3370 1534
3375 6363
3378 679
3379 4505
3384 6701
3386 1036
3387 5016
3393 311
3404 771
3407 1822
3410 5718
3413 5584
3418 7684
3421 4338
3434 7247
3437 5276
3438 4175
3442 7320
3443 6041
3446 358
3450 899
3453 2138
3454 337
3462 2700
3462 6847
3463 3375
3463 5834
3464 3306
3466 2216
3475 4279
3485 5052
3485 7687
3495 3329
3505 6841
3507 3778
3516 5030
3519 6094
3539 3873
3548 641
3548 3330
3555 7611
3558 4644
3560 1726
3565 5313
3566 2152
3568 5741
3569 4777
3572 190
3586 6663
3587 7042
3588 1197
3588 3833
3595 5322
3596 5572
3598 5657
3612 307
3612 4967
3617 4113
3620 1226
3625 762
3625 4097
3633 1756
3634 7109
3635 5440
3636 626
3639 1201
3642 4280
3644 6983
3646 5459
3646 6477
3648 2571
3658 2743
3659 3212
3663 5023
3666 3456
3671 2802
3674 5581
3680 1820
3690 4591
3696 1819
3700 7280
3707 5154
3714 3661
3717 2414
3725 3697
3727 4104
3735 1564
3736 7522
3738 2751
3738 7776
3740 7140
3741 179
3746 4247
3746 5621
3755 7762
3759 1351
3760 5133
3762 2639
3768 3285
3768 6314
3771 7081
3772 1862
3773 6647
3785 3543
3793 509
3793 7496
3798 1869
3805 64
3810 3290
3810 6461
3812 4466
3815 394
3817 5106
3819 359
3834 1054
3834 6990
3836 6225
3838 4532
3840 2972
3849 904
3856 5031
3866 4249
3871 5794
3872 3734
3874 3300
3878 5419
3880 6112
3887 2182
3888 4492
3890 350
3890 2414
3894 6865
3900 3487
3905 4371
3907 632
3907 5071
3912 2862
3917 7475
3920 5374
3925 2753
3927 1379
3928 1874
3928 1935
3933 601
3935 2813
3945 1497
3946 1840
3947 7114
3951 7428
3952 5860
3953 7611
3956 7507
3957 1647
3961 2469
3962 3181
3964 4772
3965 5503
3966 7464
3967 4394
3969 1131
3971 3313
3975 4172
3979 1824
3979 4809
3980 5277
3986 7252
3990 5578
3995 4593
3996 6665
4001 4859
4005 683
4005 6443
4013 1179
4013 2514
4015 4649
4017 85
4017 5369
4025 2357
4028 4341
4036 1235
4043 6699
4045 5600
4046 603
4046 4971
4047 2384
4051 5125
4051 5432
4054 4428
4058 4470
4058 5743
4059 7782
4062 5413
4066 3257
4072 3650
4073 2715
4082 7013
4084 1653
4088 5378
4090 4235
4092 3454
4096 295
4102 2971
4104 3401
4110 2302
4110 7299
4112 497
4112 5522
4117 7660
4129 3736
4132 3146
4137 693
4137 3078
4137 5600
4138 5564
4139 4692
4140 1373
4144 2370
4145 253
4150 5524
4151 4613
4156 7427
4160 1199
4162 588
4162 5294
4163 4251
4167 7600
4171 3134
4174 6747
4181 2563
4181 4338
4181 4594
4184 2074
4186 110
4194 6196
4203 1514
4204 4413
4206 1842
4207 6417
4211 1857
4211 7684
4212 6122
4215 3764
4215 6833
4219 328
4219 5138
4220 7175
4221 2414
4225 1634
4226 4938
4229 5099
4229 6306
4236 3066
4241 3888
4242 7305
4243 5175
4246 1893
4248 2128
4249 5256
4250 4294
4251 483
4251 3848
4253 274
4254 1754
4257 6438
4259 4309
4260 7059
4261 6320
4267 1826
4277 3767
4283 7504
4288 7214
4289 1696
4292 4884
4296 4268
4297 530
4297 5907
4300 2434
4308 1387
4313 1172
4313 2265
4320 5284
4323 921
4324 3882
4328 762
4329 1726
4347 288
4349 2298
4350 7518
4353 7066
4354 2759
4355 3615
4362 1717
4368 4455
4372 4613
4376 1090
4376 5715
4381 4667
4384 2944
4385 6907
4386 702
4387 7288
4393 777
4395 6172
4396 3224
4403 2696
4404 4514
4404 5049
4409 7434
4411 4681
4412 7537
4413 6233
4414 5964
4416 2669
4418 464
4421 6005
4424 991
4426 1695
4426 1963
4426 5583
4426 7750
4427 885
4431 5927
4445 1706
4448 3710
4454 1148
4460 2401
4491 4071
4496 270
4496 3755
4496 6362
4500 5536
4505 181
4505 6488
4513 4509
4514 7100
4517 3076
4526 2271
4526 2572
4534 4344
4534 5673
4536 5994
4545 5817
4547 1427
4552 3208
4557 5728
4565 2351
4569 3470
4571 2726
4572 5174
4574 1753
4577 4639
4580 7186
4581 2821
4581 5640
4584 5846
4596 6752
4598 946
4600 123
4614 3909
4618 2966
4626 270
4629 7387
4631 3763
4632 3716
4641 2787
4643 247
4644 3674
4660 7076
4663 1117
4666 1211
4666 2161
4668 2062
4668 4103
4672 1217
4673 7769
4677 5155
4679 22
4681 1620
4684 1090
4694 2241
4697 183
4702 6046
4704 6389
4711 5710
4720 6201
4721 3393
4721 6859
4722 325
4729 3360
4730 6211
4741 1925
4742 6039
4746 2503
4756 3287
4769 4568
4771 4264
4775 295
4775 1802
4785 933
4786 1720
4789 4875
4791 1214
4791 5148
4792 654
4804 3504
4805 7225
4806 1744
4806 3268
4812 153
4816 7507
4822 224
4834 6604
4867 5540
4871 1247
4872 6061
4876 7227
4885 563
4885 955
4885 4810
4887 4967
4890 2386
4896 504
4897 453
4897 3337
4911 2694
4911 3932
4913 1064
4918 1590
4920 2701
4921 7329
4925 7187
4926 431
4929 4725
4931 5701
4939 3255
4947 4500
4950 568
4952 6511
4955 844
4955 6194
4959 2641
4959 3647
4959 4214
4960 4204
4961 7386
4962 7242
4963 2628
4967 6844
4975 3589
4976 5534
4977 329
4987 658
4994 3442
5005 2574
5006 1745
5006 2236
5006 7364
5015 6338
5017 196
5018 7007
5019 3904
5022 994
5034 7634
5038 4243
5042 7149
5048 6190
5050 4480
5059 3532
5068 7264
5071 1950
5072 409
5080 4103
5090 7258
5092 7041
5097 6991
5109 538

