9772 3402 52
1 1
199 3085
278 1109
834 1812
884 1125
959 1106
1001 2245
1241 708
1340 2790
1475 2751
2146 815
2485 3305
2666 512
2720 2499
2811 2581
2898 188
2951 1843
3147 857
3297 3309
3494 340
3878 1097
4595 898
4738 2118
4814 132
4856 1979
4867 2761
5209 2458
5302 3065
5323 2597
5602 1165
5914 314
6001 3350
6094 2995
6214 903
6261 1201
6548 1268
6671 395
6791 1208
6894 1335
7076 2234
7308 513
7664 2562
7852 1984
8756 259
8767 149
8822 204
9007 1904
9419 165
9464 2071
9509 2447
9681 2379
9704 1193

