9584 2805 7515
1 1
2 81
4 1445
5 83
6 2402
7 2347
8 122
9 815
11 2758
12 1560
13 2232
14 803
17 1159
17 1406
17 1482
18 1724
21 698
21 761
23 2205
28 1341
28 1965
29 1630
31 2558
36 2687
38 56
40 188
40 1550
40 2191
41 1412
44 1182
45 2364
46 1441
46 1807
47 2238
48 1148
50 611
50 2098
52 894
52 1919
54 2681
55 1102
56 225
56 328
58 1954
59 1211
60 2364
63 313
64 551
66 879
70 1219
71 1524
74 508
76 472
76 1944
78 23
78 1297
80 977
81 27
81 1437
82 959
82 1219
82 1748
84 894
84 2167
85 2761
86 294
86 2177
88 1257
89 620
92 1260
93 1934
95 1473
97 990
98 464
98 630
101 199
101 1601
107 1742
108 820
109 2513
110 2427
111 210
111 2703
113 807
114 1528
115 15
115 1491
115 1503
115 2187
115 2623
117 1653
118 1908
120 680
122 214
123 2566
124 457
124 1074
124 1358
124 1449
126 436
129 1860
131 1919
134 692
136 440
137 440
139 782
140 2076
141 419
141 1656
144 98
145 376
146 991
147 132
148 2395
152 77
152 1484
153 181
154 1999
155 2654
165 581
166 948
169 1900
170 1787
171 2477
173 967
173 1095
173 1589
175 644
176 2239
176 2277
177 502
177 1562
177 2074
180 1247
181 292
181 425
181 844
181 2499
186 1023
190 1842
192 539
192 2644
195 14
195 299
196 1991
196 2185
196 2485
201 1039
203 871
205 327
205 1261
205 1775
206 1180
207 2243
208 1017
209 191
210 2146
211 2240
211 2283
212 37
212 498
212 1451
215 1858
216 520
217 2438
218 1305
219 1038
219 1393
219 1928
219 2501
221 175
221 411
222 127
222 2368
222 2371
223 1834
226 2666
230 1937
232 184
232 754
232 1028
233 464
233 1026
234 1157
236 14
236 2663
238 2153
239 546
242 7
243 215
243 1715
244 2692
246 58
254 1275
255 1688
257 1044
257 1552
260 770
261 1189
266 720
266 850
266 1679
268 2464
270 1460
271 2081
273 717
273 2340
276 2159
277 2411
278 1493
278 1751
279 1133
280 1992
283 142
283 2169
284 39
284 132
284 973
284 2097
284 2324
285 1868
286 2647
287 2106
289 39
292 773
292 2779
293 61
293 466
293 1124
293 2629
294 1216
295 1784
296 1632
297 1974
301 944
307 974
307 1295
307 1819
309 1559
313 330
314 2061
316 1407
317 1458
319 99
320 2050
320 2479
321 2486
323 1331
324 1018
326 423
326 2161
327 545
328 441
328 2178
328 2255
330 64
330 827
332 1714
336 477
336 2255
337 723
338 1159
338 2301
341 2791
342 118
343 1237
344 2517
345 299
345 2766
347 629
347 907
349 1701
350 2605
352 942
354 1397
355 897
355 1039
356 2578
357 1874
360 987
360 1202
360 2703
361 298
361 1606
361 2578
362 395
362 1090
362 1841
364 1206
366 1492
367 1289
368 361
368 1042
369 1368
372 803
375 1094
375 2059
376 2380
377 265
377 962
377 2136
378 1743
379 1614
379 2340
380 2602
380 2622
381 1775
381 2454
382 965
383 1966
384 402
387 1156
387 1992
391 751
396 1223
398 2381
400 923
400 1104
401 2103
405 2032
405 2247
407 1863
408 30
408 1915
409 2704
410 1725
415 988
418 2725
419 2359
423 256
424 2426
425 2036
426 317
427 596
427 898
427 1416
431 129
432 2766
433 927
433 1284
434 28
434 2784
435 975
435 977
436 300
436 2056
438 606
441 1587
442 1293
443 1477
444 1847
444 2745
447 470
447 901
449 2235
453 1043
454 2393
465 232
465 2798
466 1576
466 2259
469 663
470 556
473 124
473 1921
476 2095
479 255
479 2020
479 2569
480 951
480 2223
481 2331
482 950
482 2577
483 573
483 2236
486 2463
489 1866
491 1733
491 1885
493 1589
494 1731
495 1420
495 1787
498 1062
499 1432
499 2133
499 2184
501 1334
501 1345
505 1210
512 838
512 1973
514 384
515 1015
517 1371
520 1221
521 1400
523 1140
523 1491
524 2641
526 2180
528 888
530 2703
532 98
532 916
535 1693
536 2265
537 2550
538 1008
540 2013
542 193
543 937
544 1089
546 893
546 2471
548 1526
548 2255
549 116
549 2417
549 2585
550 879
551 161
551 393
551 940
551 1173
552 2256
554 1723
555 1937
555 2572
556 2518
557 83
557 782
559 778
559 798
561 1112
561 1911
563 1729
563 1825
565 473
567 514
567 1738
569 1368
570 658
570 1273
570 1500
570 2240
570 2468
572 910
572 2653
573 862
574 1351
576 2025
577 185
579 519
584 1409
586 1219
588 1841
588 2296
588 2460
590 60
590 201
590 1124
590 1439
592 878
593 606
593 2248
595 783
598 1057
600 1184
601 288
603 629
604 1570
605 314
605 448
607 2651
609 1365
609 2569
610 824
611 80
611 336
612 1061
613 1769
616 1694
617 128
617 495
618 1991
620 2615
621 324
623 1733
624 2529
625 1277
627 1185
629 442
629 759
629 2079
631 271
633 564
634 357
635 2485
635 2544
636 133
638 1344
640 1176
642 1302
645 998
646 1227
647 1460
647 2447
648 1164
651 1006
652 1011
653 2585
654 2739
657 286
657 618
658 1792
659 1732
660 314
666 1146
667 1802
668 1429
668 1440
671 1481
671 2467
672 837
672 1962
673 43
679 2246
680 1112
680 2133
681 2561
684 1589
684 2585
685 632
686 1253
686 1393
687 174
688 1100
689 1095
689 2525
690 1002
691 358
693 357
696 2174
702 1117
702 1237
706 934
710 1065
710 2000
711 1425
712 2727
713 879
713 984
713 1383
714 1766
716 302
716 907
717 1689
720 417
720 1621
720 1924
722 2093
725 92
727 258
729 1315
734 1304
734 1491
734 2016
735 1877
737 1825
738 2585
739 508
740 108
740 569
743 2350
747 1991
750 1866
752 176
753 1035
756 168
756 1776
760 1365
762 220
762 1749
763 1291
763 1892
764 23
764 1456
766 2797
769 2013
771 474
772 2123
772 2554
773 2212
774 1606
777 1640
777 2786
778 155
778 705
779 1645
782 2788
783 578
783 605
786 2158
787 177
787 477
787 609
787 2382
788 2722
789 601
792 902
795 126
795 270
795 1220
795 2729
797 1873
802 825
802 1609
803 1773
805 63
806 213
808 458
808 1925
811 1529
812 179
815 740
815 1190
816 1370
816 1585
817 275
820 2289
821 738
821 1509
822 1176
822 1907
830 1063
832 1959
834 1291
836 881
838 72
838 330
840 520
840 838
841 1438
843 1316
844 2217
845 88
845 533
847 1416
848 256
852 1068
852 2241
854 1475
856 1437
858 1351
858 1705
858 1818
861 2172
861 2753
864 1440
866 129
867 1926
871 422
873 362
873 821
873 2126
874 2388
875 728
875 1510
875 2397
877 554
877 603
877 1800
878 107
879 1541
879 1775
879 1776
882 952
883 2322
886 1608
887 823
890 1663
892 2100
895 496
895 2472
896 379
896 393
896 2497
897 2682
898 1462
899 2108
901 611
904 2309
905 1811
907 1568
909 1007
909 2567
910 1776
910 2552
910 2769
911 1640
911 2168
913 2255
914 1512
918 1436
920 2510
923 1457
924 1299
924 1459
928 128
928 1051
928 2669
932 292
933 1094
934 2205
934 2386
935 676
935 1339
935 1566
935 2096
935 2138
937 1166
938 115
938 806
939 2651
943 2192
943 2658
944 2379
945 2143
946 1533
946 1599
946 2112
947 461
949 2204
949 2294
950 602
950 623
954 2396
956 1632
956 1726
958 2212
959 480
961 2481
964 931
965 1831
966 771
966 2017
967 2687
968 1136
969 431
972 178
972 384
972 550
972 2272
973 607
973 1035
974 1949
974 2220
978 1717
979 1389
980 124
980 1099
980 1203
980 1474
981 982
982 745
986 1746
988 200
988 1692
989 1894
989 2097
992 493
992 1990
993 451
996 1470
996 2546
998 31
998 2505
998 2665
1000 1783
1000 2080
1001 763
1002 549
1003 233
1004 259
1004 1943
1005 1897
1006 810
1006 1630
1007 1840
1010 1985
1011 1726
1014 2109
1016 1593
1021 255
1021 2323
1022 2029
1023 1069
1025 523
1026 719
1026 2567
1030 454
1030 1819
1034 1942
1035 2053
1037 2246
1041 2784
1045 2252
1047 1069
1049 199
1049 2626
1050 645
1050 1984
1051 2684
1054 1241
1055 2544
1058 1177
1059 353
1059 881
1062 559
1062 1454
1063 1575
1067 1493
1069 1828
1074 2769
1075 980
1078 2747
1079 1711
1079 2023
1080 1829
1081 338
1082 734
1082 2506
1084 2559
1087 516
1087 1999
1089 2102
1090 439
1090 1306
1092 1643
1093 2244
1093 2459
1095 1367
1096 1267
1099 2738
1100 1939
1102 2421
1103 670
1103 1099
1103 1894
1107 106
1107 1849
1110 50
1112 1513
1112 2282
1113 263
1113 2534
1117 204
1121 1463
1122 773
1123 833
1124 290
1125 523
1127 979
1130 285
1130 535
1134 162
1135 1167
1136 20
1136 829
1136 1399
1139 342
1141 2479
1142 2753
1144 1427
1145 1486
1146 14
1146 1530
1147 2146
1147 2558
1149 2699
1150 2563
1153 766
1154 2224
1155 481
1156 600
1157 2185
1159 784
1161 650
1161 1928
1161 2763
1162 959
1162 1075
1162 1418
1162 2441
1164 1365
1165 1733
1166 1020
1167 173
1169 349
1169 1914
1172 1188
1173 581
1173 1836
1176 200
1176 2716
1181 65
1181 1062
1182 2565
1183 1228
1183 2154
1186 817
1187 1658
1187 1830
1190 1944
1192 526
1197 2025
1197 2692
1200 2352
1203 711
1204 487
1204 927
1204 1866
1205 336
1205 1898
1206 230
1208 1108
1208 2431
1209 481
1209 2649
1210 57
1214 159
1214 1700
1215 2474
1218 2561
1219 279
1219 456
1219 2765
1220 752
1221 1153
1222 1682
1223 836
1223 1425
1223 1531
1225 1231
1225 2559
1225 2715
1226 2394
1227 429
1229 1025
1231 1695
1231 1783
1231 2210
1232 2323
1234 1366
1238 147
1238 1289
1239 1351
1241 424
1241 1423
1242 1446
1242 1628
1243 1973
1246 673
1246 2541
1254 2268
1257 2205
1259 1811
1260 1930
1262 417
1262 1961
1262 2178
1262 2217
1263 748
1265 1194
1265 1836
1266 261
1267 1788
1269 32
1269 1100
1270 937
1271 804
1274 2193
1276 2089
1276 2544
1277 2525
1279 357
1281 2541
1284 2003
1286 1396
1288 2390
1289 500
1289 1989
1289 2693
1290 1843
1291 1047
1294 216
1294 721
1296 626
1297 2424
1298 122
1298 134
1298 2494
1300 1539
1300 2156
1301 2046
1302 266
1305 1080
1306 1060
1308 152
1308 1442
1309 1689
1313 277
1313 1515
1313 1603
1313 1989
1314 2730
1316 376
1319 259
1319 868
1320 638
1320 2062
1321 2563
1323 561
1323 1000
1323 1794
1323 2608
1323 2651
1326 443
1328 2100
1330 2160
1331 459
1332 1247
1333 314
1334 2627
1335 2544
1338 381
1338 909
1338 1111
1339 1357
1341 1376
1344 1826
1345 1555
1345 1960
1345 2219
1346 532
1346 1112
1347 421
1348 2185
1350 2410
1351 1765
1352 2072
1353 156
1353 2576
1355 289
1357 2077
1360 2565
1360 2721
1361 1161
1364 629
1365 1970
1366 698
1370 1524
1370 2411
1371 2244
1372 452
1374 356
1374 384
1374 1263
1375 1116
1375 2535
1378 2166
1380 1971
1381 2008
1382 974
1385 2751
1387 2030
1388 356
1390 1977
1390 2229
1390 2476
1391 2444
1392 1385
1394 312
1397 867
1397 1868
1398 1072
1399 1784
1400 887
1401 490
1401 863
1401 1727
1402 482
1402 1495
1402 1592
1405 778
1406 2173
1412 970
1415 768
1416 1053
1417 321
1421 1556
1423 2388
1428 1334
1430 25
1430 904
1431 558
1432 50
1433 657
1435 1350
1437 205
1437 2073
1437 2568
1438 258
1439 188
1440 2668
1442 996
1445 2013
1449 747
1450 1822
1454 52
1455 2050
1455 2600
1455 2717
1456 1795
1461 2101
1462 682
1463 1551
1464 141
1465 2689
1468 2059
1468 2576
1469 2544
1470 1918
1474 2122
1480 1232
1480 1246
1481 637
1482 1185
1489 6
1489 941
1490 340
1492 927
1492 2383
1494 1688
1495 752
1497 2640
1498 1945
1498 2151
1498 2222
1498 2296
1498 2741
1502 668
1504 2401
1506 340
1510 1047
1510 1455
1513 2094
1513 2210
1514 1547
1516 2473
1518 1877
1519 1073
1521 1324
1522 1174
1524 1099
1525 558
1527 2226
1528 644
1532 782
1534 2353
1538 997
1538 1008
1538 1082
1538 1677
1540 154
1541 933
1542 208
1542 503
1542 571
1542 1154
1542 1241
1542 1416
1542 1511
1544 1440
1544 1836
1546 2480
1547 1001
1547 2593
1549 2235
1550 1572
1550 2285
1550 2757
1554 2777
1555 2204
1557 2051
1558 2305
1559 864
1559 1157
1560 2179
1561 176
1563 721
1568 1034
1568 1184
1568 1384
1569 1981
1569 2691
1570 334
1572 1431
1572 1896
1574 1414
1575 2704
1576 1056
1577 2050
1579 1716
1579 1747
1581 283
1581 576
1587 585
1588 2055
1588 2800
1591 79
1591 684
1591 1771
1592 2054
1592 2525
1594 1368
1594 2409
1595 344
1595 1564
1596 239
1598 29
1598 171
1598 1573
1599 923
1600 2621
1602 658
1602 1382
1606 2035
1606 2527
1607 805
1609 2419
1610 221
1610 2407
1611 1653
1615 495
1622 2587
1625 2337
1625 2443
1625 2549
1628 693
1629 105
1631 1810
1631 2551
1632 340
1632 435
1633 1153
1633 2696
1634 2514
1640 1988
1642 906
1642 2492
1650 1177
1651 617
1654 85
1654 2249
1655 221
1657 444
1658 222
1661 236
1661 2582
1662 155
1662 1719
1663 2064
1664 178
1664 2188
1665 1232
1665 1747
1666 514
1666 2563
1667 1616
1667 2605
1667 2649
1668 819
1669 1777
1671 335
1674 911
1674 2271
1676 314
1676 2759
1679 666
1680 1901
1681 2761
1684 1281
1686 245
1686 1044
1686 1689
1687 89
1687 1828
1688 558
1688 734
1691 1433
1693 1052
1698 498
1698 1829
1699 748
1699 2763
1701 1389
1704 2445
1705 1470
1705 2507
1706 1036
1707 1148
1708 1113
1708 1590
1709 835
1710 811
1712 35
1712 2092
1712 2271
1713 1455
1714 1317
1719 642
1719 1667
1720 2802
1723 144
1723 275
1724 350
1724 466
1725 1244
1726 701
1726 964
1726 2489
1727 839
1729 1975
1729 2317
1730 1871
1731 1017
1735 137
1735 537
1737 2339
1738 1450
1740 2242
1740 2317
1741 1226
1743 635
1743 2365
1745 598
1745 1698
1745 2119
1746 850
1746 1062
1747 1487
1747 2097
1749 433
1750 796
1750 2430
1751 350
1751 2671
1752 1401
1754 422
1754 492
1754 1130
1757 836
1758 33
1758 330
1760 2596
1761 2623
1763 1354
1764 293
1767 115
1768 2756
1770 1631
1771 481
1773 1777
1774 641
1775 89
1779 23
1779 2703
1781 700
1783 832
1783 1042
1783 1611
1784 212
1784 2643
1785 1676
1785 2564
1785 2593
1787 2086
1788 2164
1789 1225
1789 1555
1789 2621
1793 941
1793 1626
1794 783
1794 1120
1795 1172
1795 2488
1797 1196
1798 1012
1802 2639
1803 1073
1803 1506
1804 351
1804 518
1804 2065
1805 330
1808 616
1809 4
1809 923
1809 1183
1809 1388
1811 2547
1812 89
1812 2213
1814 475
1814 1998
1816 2516
1818 1000
1823 394
1823 1409
1824 72
1824 2060
1826 1148
1827 1525
1829 1233
1829 2592
1831 1451
1832 363
1835 2417
1836 1891
1837 600
1838 884
1839 24
1839 34
1839 1640
1842 1465
1845 526
1846 1174
1846 1626
1852 15
1853 667
1853 2601
1854 834
1854 986
1855 465
1855 1374
1856 439
1860 281
1860 1168
1861 1131
1862 2151
1863 1472
1867 2542
1869 6
1872 1931
1873 1177
1873 2598
1875 1533
1876 1727
1879 1156
1879 1176
1881 1898
1882 1271
1889 225
1892 2259
1893 2371
1895 1243
1896 2467
1897 2600
1899 346
1899 616
1901 227
1901 1517
1902 1970
1903 324
1905 203
1905 209
1905 398
1907 2077
1910 634
1911 2490
1912 1692
1916 587
1916 1255
1917 2329
1918 242
1918 752
1918 1755
1919 1931
1920 786
1921 1856
1922 2467
1923 434
1924 2758
1927 1982
1931 2217
1932 2511
1932 2796
1933 1980
1935 421
1937 1843
1938 1619
1938 2274
1939 1751
1940 606
1940 2224
1941 1636
1946 1896
1947 2347
1947 2526
1949 1003
1949 2036
1950 2518
1951 807
1957 709
1960 885
1961 2661
1963 575
1963 689
1965 61
1966 758
1966 1772
1966 2326
1966 2495
1967 2674
1972 463
1978 1176
1978 1350
1980 192
1982 108
1988 2118
1988 2437
1992 303
1992 727
1992 2487
1993 1469
1994 2016
1999 2247
2001 1222
2001 1781
2001 2400
2002 1002
2002 2684
2003 255
2004 702
2005 1537
2006 986
2006 2547
2007 1006
2007 1030
2008 1666
2008 1922
2010 398
2010 1102
2010 1749
2013 1392
2014 1819
2015 1579
2016 2040
2016 2057
2017 183
2018 2523
2020 1829
2025 681
2026 1698
2027 96
2027 1228
2028 1812
2028 1818
2029 501
2033 2226
2033 2316
2036 2258
2038 2391
2040 1335
2042 573
2043 588
2045 1017
2048 44
2048 1722
2048 2338
2048 2368
2049 263
2050 1381
2051 331
2052 212
2055 793
2060 1463
2060 2646
2061 1592
2062 2679
2065 812
2068 1019
2069 1709
2071 700
2072 410
2072 1546
2074 2072
2075 89
2075 710
2075 977
2075 1000
2078 567
2079 1870
2080 177
2080 639
2080 798
2081 1029
2085 651
2085 2487
2086 19
2086 2314
2087 352
2087 1462
2089 2376
2091 2671
2092 780
2093 566
2093 835
2094 2388
2096 407
2098 43
2098 639
2098 2195
2099 349
2099 1375
2100 111
2100 1738
2103 322
2103 1544
2103 2396
2105 1988
2107 1345
2109 677
2109 2048
2110 754
2110 1166
2111 351
2111 1854
2112 2765
2113 2176
2115 491
2116 2417
2119 577
2119 2375
2120 334
2120 1119
2121 1295
2124 806
2126 2007
2127 1209
2127 2114
2130 910
2130 2398
2132 1018
2133 659
2135 2200
2141 220
2141 1627
2142 2218
2143 302
2144 789
2145 1082
2146 1026
2147 2051
2152 255
2153 3
2154 498
2156 490
2158 283
2159 1255
2159 1534
2159 2327
2159 2716
2161 902
2162 2343
2165 2120
2167 2440
2169 383
2170 154
2172 283
2172 472
2175 2224
2176 751
2177 1088
2179 1630
2180 753
2185 2043
2185 2318
2185 2493
2187 626
2187 2012
2189 2559
2190 227
2190 260
2190 588
2191 432
2193 98
2195 1067
2196 2677
2197 1269
2201 797
2204 1629
2206 681
2206 860
2206 1000
2209 2090
2210 2225
2211 556
2211 2678
2213 1634
2217 2012
2217 2518
2217 2543
2218 2447
2219 2611
2220 2618
2221 173
2221 2722
2222 1416
2224 2402
2227 1619
2229 1574
2231 748
2232 221
2234 993
2234 1844
2234 2455
2235 2526
2235 2619
2237 2508
2239 1289
2239 2106
2239 2360
2240 494
2240 875
2240 1445
2241 342
2241 2089
2243 546
2243 2242
2244 1676
2245 1465
2247 503
2249 1520
2252 585
2252 1122
2253 2311
2253 2519
2254 70
2257 295
2258 970
2258 1101
2258 1144
2260 1430
2260 2315
2261 2792
2263 232
2263 1854
2264 2620
2267 2271
2267 2709
2268 2051
2269 1067
2270 92
2270 919
2270 1649
2271 1625
2274 433
2275 740
2275 2129
2276 1777
2278 389
2279 2447
2281 865
2282 307
2283 1339
2284 1233
2284 2762
2286 2735
2286 2738
2289 2750
2290 296
2290 1741
2292 2243
2295 532
2295 1383
2295 2400
2296 2454
2299 1887
2300 2437
2303 2646
2305 867
2305 1728
2307 2743
2309 2627
2311 2429
2312 1415
2312 2217
2314 2373
2315 2002
2316 330
2317 1731
2321 2
2321 2390
2322 55
2322 991
2326 1346
2326 1452
2332 989
2332 1280
2332 1366
2333 1820
2335 469
2335 571
2335 1458
2335 1918
2335 2663
2337 1727
2338 81
2340 2461
2341 1440
2342 1606
2343 1960
2345 377
2350 2503
2351 120
2351 2745
2352 259
2352 2476
2353 931
2356 230
2359 2721
2361 1866
2363 971
2363 2304
2366 275
2366 1913
2366 2684
2367 1482
2370 639
2371 176
2373 256
2373 510
2373 1570
2373 2046
2375 1754
2375 2367
2377 1494
2377 1555
2380 1219
2381 1668
2382 2546
2383 1285
2383 2097
2385 1498
2386 707
2386 1161
2386 2087
2388 597
2388 1032
2390 798
2392 1826
2393 933
2394 937
2395 2554
2396 43
2402 274
2402 2734
2403 1407
2403 2618
2404 817
2405 1346
2405 2669
2406 16
2406 510
2406 1855
2408 618
2408 2521
2412 1526
2412 1596
2416 1589
2417 2701
2418 816
2418 1106
2420 674
2420 2126
2421 1162
2422 1202
2424 349
2424 394
2425 1454
2427 2659
2428 71
2428 1503
2428 2715
2429 110
2429 948
2429 1004
2430 75
2430 2546
2435 430
2435 2181
2438 1850
2438 2286
2442 1851
2444 338
2444 403
2448 891
2449 2685
2450 2025
2451 2618
2452 2209
2460 2194
2461 208
2461 2805
2466 2455
2470 1919
2470 2013
2470 2623
2471 608
2471 1556
2471 1984
2471 2450
2472 1384
2472 1485
2472 2440
2474 434
2474 736
2474 833
2477 1938
2477 1941
2477 2421
2482 924
2484 1561
2484 2328
2484 2805
2487 1870
2488 2674
2494 1259
2496 831
2496 1576
2497 195
2501 1534
2502 75
2503 486
2506 340
2509 368
2510 669
2512 1608
2513 1138
2514 1755
2515 606
2515 1678
2521 95
2522 2203
2522 2269
2524 1000
2527 2430
2527 2440
2527 2560
2529 411
2530 42
2530 166
2531 772
2533 1916
2534 1539
2536 2233
2539 173
2539 2013
2539 2274
2541 856
2544 1182
2544 1804
2546 1518
2546 2260
2547 1839
2548 161
2549 1276
2549 1781
2550 754
2550 1779
2551 4
2552 1148
2553 1503
2557 667
2557 1797
2559 155
2559 2726
2560 2059
2562 1172
2562 2042
2562 2169
2563 2180
2564 1416
2565 82
2565 252
2566 937
2566 1368
2568 2151
2569 2394
2571 2752
2572 465
2576 32
2576 815
2577 1845
2580 1515
2581 2671
2582 838
2584 676
2587 1857
2588 2706
2589 406
2589 715
2591 2327
2592 33
2592 1808
2593 2712
2594 1868
2595 1624
2597 2344
2602 440
2603 1196
2604 357
2604 1150
2604 2390
2606 1378
2606 1824
2609 1536
2609 2504
2611 264
2612 1693
2613 760
2613 1967
2614 333
2614 1303
2614 2573
2616 2344
2617 43
2617 1204
2618 2274
2621 818
2621 1334
2622 230
2622 2556
2623 1945
2624 2560
2626 614
2628 1917
2628 2123
2632 1976
2633 373
2635 2045
2635 2792
2638 1022
2638 1984
2640 2567
2650 1229
2652 472
2652 2490
2653 20
2653 1594
2653 2653
2654 2511
2657 1640
2658 762
2659 663
2660 1309
2660 1842
2661 2555
2661 2801
2663 99
2663 1616
2663 2108
2665 122
2666 213
2666 645
2667 1206
2668 1981
2668 2206
2669 1265
2671 787
2671 2767
2674 2479
2675 2202
2676 780
2676 1262
2676 1566
2679 2313
2680 772
2684 806
2685 130
2685 311
2685 683
2685 1201
2687 508
2687 519
2687 984
2687 1501
2687 2382
2688 2380
2689 870
2690 442
2690 1896
2691 2571
2691 2718
2692 1067
2692 2731
2697 1939
2698 2490
2699 315
2703 1291
2703 2320
2704 1070
2705 187
2705 815
2707 288
2710 2018
2710 2424
2713 2691
2714 1417
2715 1309
2715 1327
2718 255
2719 57
2724 87
2725 2639
2727 1406
2729 860
2729 970
2730 816
2730 1353
2730 2095
2731 1126
2735 2334
2736 901
2738 395
2739 8
2740 914
2740 2649
2741 1002
2742 767
2743 610
2743 1385
2743 1663
2745 378
2746 7
2747 2523
2748 1178
2748 2223
2753 1830
2754 207
2755 895
2759 677
2759 1870
2760 2174
2761 323
2762 1509
2763 1074
2764 2207
2767 1009
2769 2598
2770 1048
2772 500
2773 615
2773 2190
2774 829
2775 1073
2775 2674
2776 1309
2778 2438
2780 2323
2781 74
2781 1913
2782 661
2782 2137
2782 2391
2786 575
2786 1133
2788 1101
2788 1512
2789 1101
2795 1872
2798 52
2798 208
2798 2319
2799 38
2799 362
2800 379
2801 2016
2801 2424
2805 693
2807 196
2808 2245
2810 2386
2810 2668
2812 1997
2816 2174
2817 111
2817 1262
2819 2482
2822 1133
2823 548
2824 1885
2825 1278
2826 344
2826 368
2827 57
2827 1052
2828 116
2828 487
2828 1737
2829 574
2829 1395
2830 2576
2831 161
2832 618
2834 1630
2835 2724
2836 323
2840 1153
2840 1837
2841 26
2841 978
2841 2260
2842 21
2843 2555
2846 572
2846 1953
2847 2176
2847 2257
2848 625
2851 1203
2851 2414
2851 2791
2852 767
2853 2702
2856 2764
2857 815
2857 1661
2857 1855
2857 2305
2858 151
2858 546
2859 580
2859 794
2860 629
2860 1913
2861 2667
2865 1080
2872 10
2872 809
2873 1719
2874 356
2874 561
2875 408
2875 2476
2876 144
2878 494
2878 1294
2880 17
2880 1300
2882 864
2882 1613
2882 1846
2882 2774
2883 784
2883 800
2883 1881
2884 198
2884 1947
2886 1676
2886 1814
2887 374
2889 2294
2890 688
2890 2155
2893 464
2893 1918
2896 2585
2897 444
2898 2214
2899 1644
2899 2610
2900 460
2901 793
2901 1075
2903 1116
2906 1980
2907 858
2908 2468
2909 878
2911 1947
2912 2140
2914 1294
2915 914
2916 930
2916 1493
2919 826
2923 445
2926 963
2926 2058
2929 1389
2929 1672
2931 1085
2931 1425
2931 1432
2933 424
2939 967
2940 1760
2941 174
2941 1200
2941 1287
2943 1214
2943 1249
2944 2609
2946 1314
2947 1191
2947 2307
2949 1613
2950 655
2950 2375
2952 1897
2953 1875
2955 196
2956 1978
2956 2260
2960 2078
2961 2142
2963 2403
2967 2778
2968 1248
2969 1943
2971 1441
2971 2639
2972 1613
2976 2103
2978 2523
2979 2067
2980 6
2983 198
2984 589
2984 1371
2985 2394
2986 433
2986 1031
2986 2685
2989 96
2989 297
2990 559
2990 1706
2992 1683
2995 1768
2996 483
2996 1422
2998 230
2998 2448
2999 311
3000 2203
3001 339
3001 1932
3003 17
3003 1059
3003 2646
3004 1712
3005 1258
3005 2542
3009 2700
3010 1848
3013 2714
3015 227
3016 1537
3020 1229
3022 1503
3027 325
3027 2080
3028 1305
3028 2311
3030 1184
3030 1945
3031 186
3034 1629
3036 1419
3037 181
3038 1456
3038 2408
3041 21
3041 73
3051 111
3056 758
3059 2105
3060 2751
3061 1684
3062 2407
3063 63
3063 119
3066 529
3067 328
3069 517
3069 2643
3070 1832
3070 2200
3071 985
3072 1228
3073 335
3073 1140
3075 1453
3076 375
3076 957
3077 2005
3079 1136
3079 1474
3080 1317
3081 1659
3082 285
3082 1212
3082 1285
3084 1867
3086 2511
3087 853
3087 2070
3089 822
3092 941
3094 808
3095 1258
3096 2218
3098 2447
3103 2442
3104 522
3104 2751
3105 820
3107 578
3109 2035
3110 401
3110 1972
3112 579
3113 2361
3114 775
3114 1213
3115 1357
3115 2090
3117 2536
3118 1012
3118 1531
3119 426
3124 1978
3126 1562
3126 1697
3127 1132
3128 1926
3128 2226
3130 2174
3133 714
3135 284
3135 839
3136 181
3137 2403
3139 924
3141 371
3142 748
3143 2586
3144 37
3148 2220
3152 1237
3152 1565
3153 1930
3154 506
3155 88
3160 882
3160 963
3160 1292
3162 1015
3164 1877
3165 31
3165 2548
3166 1238
3168 635
3168 2017
3171 529
3171 1568
3172 1237
3173 1642
3173 1913
3175 2093
3176 1549
3176 2213
3178 532
3178 1344
3179 826
3179 2665
3181 128
3181 1468
3182 156
3182 968
3182 1101
3182 1632
3182 2353
3183 2152
3184 1325
3185 2562
3185 2724
3186 1712
3187 2639
3189 1104
3190 459
3190 2099
3191 2775
3192 562
3193 196
3195 2019
3197 2287
3198 90
3198 1138
3198 1776
3199 700
3199 2233
3200 2444
3203 1215
3204 49
3206 1133
3208 2088
3212 11
3214 313
3218 1001
3219 966
3219 1634
3220 2294
3221 1760
3224 203
3224 2231
3225 2682
3226 1172
3227 2158
3228 18
3228 360
3229 2034
3230 2325
3234 1443
3234 1593
3235 1935
3236 2568
3237 2004
3239 1623
3242 2295
3242 2623
3243 2683
3246 1471
3247 586
3247 1461
3247 2358
3250 2001
3253 258
3254 218
3259 651
3260 393
3263 1851
3263 2468
3264 241
3265 1420
3265 2123
3266 1101
3267 599
3267 1018
3267 1174
3273 1653
3276 42
3276 1259
3278 1406
3278 2714
3279 701
3281 724
3281 861
3281 1939
3282 1641
3282 2252
3282 2653
3283 574
3284 1021
3284 1367
3286 1594
3287 2006
3288 1910
3289 1233
3289 2270
3290 1659
3290 2095
3292 92
3293 328
3293 2055
3294 641
3295 2562
3296 225
3296 1802
3296 2774
3297 841
3298 2493
3299 1778
3301 1118
3302 2157
3303 171
3305 334
3306 2151
3310 890
3310 1602
3312 1682
3313 2239
3314 1889
3315 2788
3317 2319
3318 2366
3319 1154
3320 819
3320 2172
3321 1286
3324 302
3325 1260
3326 195
3329 476
3329 2654
3330 908
3331 2330
3332 2489
3332 2515
3334 445
3337 2193
3337 2449
3338 2025
3339 2687
3340 1959
3343 1649
3345 2325
3348 517
3349 844
3349 1956
3351 421
3351 533
3352 738
3353 59
3353 535
3355 846
3355 2501
3355 2697
3358 1768
3359 992
3360 162
3360 1369
3360 1792
3361 659
3362 24
3362 2222
3364 161
3365 132
3365 2230
3367 1834
3368 2021
3369 1100
3373 110
3373 642
3373 2282
3373 2334
3375 924
3375 2092
3378 119
3378 650
3378 1056
3379 1058
3380 902
3380 1421
3381 2235
3382 1876
3385 831
3385 1822
3386 1733
3387 2142
3387 2626
3388 648
3388 2326
3389 914
3391 403
3391 2250
3392 1865
3393 336
3393 1968
3394 790
3394 848
3395 964
3396 2697
3397 514
3397 639
3398 2046
3401 228
3401 679
3401 1973
3402 1661
3402 1751
3403 899
3403 1083
3404 325
3404 1349
3404 1362
3406 592
3406 625
3406 2779
3408 55
3409 1819
3409 1909
3412 810
3417 505
3418 769
3418 857
3419 460
3420 220
3421 1903
3422 355
3423 220
3424 584
3424 1978
3424 1991
3425 160
3425 190
3425 1720
3426 1968
3427 1145
3431 1945
3432 273
3433 2770
3437 429
3437 1440
3437 2038
3439 2168
3440 2253
3441 878
3443 1262
3443 2068
3444 458
3444 1608
3445 2214
3445 2332
3450 1553
3451 2283
3453 1929
3454 2667
3455 1814
3455 2686
3455 2700
3456 1587
3457 687
3458 1725
3462 79
3462 404
3462 2757
3463 1165
3466 1767
3466 2315
3469 911
3471 2345
3474 1579
3476 1690
3477 67
3477 2709
3480 1757
3480 1787
3481 984
3482 437
3485 94
3485 865
3487 1
3487 1493
3487 1619
3490 1070
3494 910
3495 1728
3497 21
3498 317
3501 103
3501 123
3503 1191
3503 2449
3504 512
3504 1582
3506 1235
3507 1569
3512 356
3513 41
3513 1264
3514 1650
3515 1726
3519 2529
3520 1253
3521 1508
3522 2791
3527 1483
3529 1024
3531 1019
3537 70
3538 1129
3539 2100
3541 2090
3541 2138
3541 2385
3542 1251
3542 2482
3543 2583
3544 99
3545 2393
3546 341
3546 577
3546 1095
3546 1828
3552 2276
3553 1189
3555 1327
3556 628
3556 1330
3560 2387
3561 53
3562 570
3563 343
3564 1984
3566 1684
3567 2746
3569 1467
3574 2123
3576 1345
3576 1965
3577 200
3579 77
3579 423
3580 2196
3584 1685
3588 757
3589 750
3590 110
3590 1169
3590 2464
3591 931
3591 1744
3592 2423
3594 621
3597 41
3598 619
3598 1222
3601 929
3602 1008
3602 1212
3603 1375
3604 1709
3605 1120
3607 1309
3609 373
3611 2736
3614 1680
3616 159
3616 2173
3617 2583
3619 1987
3620 1757
3621 1739
3622 1250
3624 369
3625 1212
3625 2312
3628 822
3629 312
3634 1148
3635 2053
3636 2577
3637 1359
3640 2419
3641 2172
3642 2643
3644 1364
3645 799
3645 2802
3646 254
3646 366
3647 989
3647 1237
3648 2040
3649 2742
3650 711
3650 1031
3650 1073
3652 1152
3653 857
3657 484
3658 2158
3660 2032
3660 2172
3662 195
3662 2270
3663 1175
3663 2784
3664 159
3665 2000
3666 802
3668 276
3668 1314
3670 43
3671 2419
3672 817
3672 1836
3672 2546
3672 2557
3675 2198
3678 2030
3678 2241
3681 1541
3681 1627
3688 2170
3689 1908
3689 2530
3690 1961
3692 306
3692 2755
3693 1494
3694 1183
3695 2279
3697 396
3699 2712
3701 1463
3705 531
3705 953
3708 158
3711 526
3711 1362
3712 308
3712 2474
3713 1316
3715 329
3716 1567
3718 1745
3719 170
3719 429
3720 2665
3723 901
3724 2241
3725 449
3726 2684
3727 1660
3730 1521
3730 2572
3731 1063
3732 675
3735 1725
3736 258
3736 1696
3736 2241
3736 2710
3738 2185
3741 2571
3741 2712
3742 1240
3742 1474
3742 2611
3747 2206
3748 2137
3749 404
3750 1586
3752 1580
3754 472
3754 858
3755 2528
3756 2636
3757 2208
3758 97
3758 1018
3761 2211
3761 2571
3763 316
3763 1882
3765 814
3767 686
3768 519
3772 421
3772 1127
3773 1912
3773 2326
3774 2374
3774 2672
3777 179
3777 1203
3779 2122
3779 2243
3780 1476
3780 2764
3781 1120
3781 1975
3781 2488
3781 2699
3782 2756
3783 270
3783 2135
3784 1378
3785 127
3785 1332
3786 113
3787 1139
3789 1830
3789 2473
3790 2497
3791 1832
3794 848
3794 2045
3795 96
3799 1178
3807 39
3807 853
3807 2506
3808 1414
3809 227
3809 801
3809 2358
3810 118
3812 1945
3813 524
3813 2632
3814 1656
3815 325
3817 1084
3818 1165
3819 292
3821 1037
3821 2636
3824 901
3825 16
3825 307
3825 931
3827 1385
3827 2345
3830 2282
3832 2178
3835 539
3835 1851
3835 2757
3837 1182
3837 1460
3840 727
3841 97
3842 1138
3844 1254
3845 437
3847 2352
3848 666
3849 960
3851 931
3853 18
3853 136
3853 483
3854 1192
3855 623
3855 2450
3857 885
3857 1176
3859 2801
3862 2604
3863 1636
3864 1069
3864 1387
3866 546
3868 846
3870 1641
3871 17
3872 1569
3873 477
3875 1461
3875 1834
3876 92
3879 1049
3879 1672
3885 906
3885 1369
3885 1834
3887 2360
3889 1906
3891 108
3891 2065
3892 1333
3893 722
3893 1525
3894 377
3894 1365
3894 1910
3895 820
3895 1122
3896 1270
3898 1339
3898 2771
3899 1931
3900 1800
3901 683
3903 2378
3907 871
3907 2191
3908 663
3908 1334
3908 2040
3910 2628
3912 1696
3912 2200
3915 659
3915 863
3919 713
3920 1710
3921 434
3921 1709
3923 1302
3926 1614
3928 362
3929 2523
3930 698
3930 2193
3931 1244
3932 318
3932 689
3932 1684
3935 44
3936 2733
3937 1830
3938 85
3940 1606
3940 1715
3940 1761
3941 47
3941 2134
3942 1175
3944 143
3944 454
3944 2499
3945 59
3945 1134
3946 1670
3948 2063
3952 804
3952 1180
3953 1894
3954 826
3957 1632
3957 2072
3958 1668
3960 125
3960 516
3960 1900
3961 2142
3962 1261
3962 1494
3963 86
3965 1565
3970 1837
3979 165
3979 1102
3980 1461
3980 2559
3983 932
3986 2695
3988 69
3989 691
3991 1902
3992 459
3992 2202
3994 543
3995 1004
3997 153
3999 1111
3999 1349
3999 2472
4001 1148
4001 2089
4002 1235
4002 2217
4002 2481
4004 285
4004 1402
4004 1682
4006 351
4008 1344
4008 1676
4008 2211
4010 639
4010 2450
4011 765
4011 1305
4012 671
4012 1004
4013 13
4016 232
4016 2014
4018 1495
4019 1789
4019 2768
4020 1883
4022 2522
4027 1311
4027 2147
4030 1606
4030 2250
4032 82
4032 184
4033 1722
4034 1004
4034 1050
4035 1013
4038 116
4039 2646
4041 828
4041 1516
4043 1877
4044 249
4045 54
4046 2214
4048 730
4048 786
4048 1036
4048 1651
4051 1916
4051 2450
4052 2332
4053 487
4053 1120
4053 1651
4054 1004
4054 1458
4056 1143
4056 1374
4056 2009
4058 2798
4060 1464
4061 185
4061 668
4061 2444
4062 1006
4065 1049
4066 499
4066 755
4066 1824
4070 504
4072 1929
4074 674
4075 2011
4079 2367
4080 2602
4081 1719
4084 141
4085 1462
4086 1649
4087 1411
4088 2328
4089 550
4090 1590
4090 2026
4090 2363
4091 1150
4091 1277
4091 1724
4092 691
4093 1533
4098 79
4099 595
4099 896
4099 1158
4099 1258
4099 1367
4101 2638
4103 316
4103 2160
4104 1191
4107 772
4108 868
4110 1802
4117 1606
4118 1089
4118 1872
4121 821
4122 309
4127 908
4128 2617
4129 1730
4130 1388
4131 1491
4135 326
4135 838
4149 2101
4151 2502
4152 2111
4153 958
4153 2096
4154 793
4159 598
4162 1918
4162 2659
4164 2672
4165 1847
4167 2755
4168 2329
4169 2569
4171 1462
4172 4
4172 737
4173 2681
4174 330
4174 903
4177 69
4177 861
4178 232
4178 2786
4179 811
4180 2774
4181 2355
4181 2400
4183 1183
4183 2330
4184 1091
4185 50
4185 1045
4186 2166
4186 2305
4188 2610
4189 747
4190 1958
4191 935
4191 2574
4192 1500
4192 1523
4193 2518
4194 937
4194 944
4195 1685
4198 725
4200 2074
4201 90
4201 2027
4202 126
4202 2727
4204 332
4205 1619
4210 511
4213 2388
4215 120
4215 169
4215 1251
4215 2116
4217 2281
4219 1599
4220 260
4221 1724
4221 2293
4224 2558
4225 500
4225 759
4231 1968
4233 13
4233 454
4233 1797
4234 810
4235 483
4237 1755
4238 193
4238 816
4238 1010
4238 1025
4238 1702
4238 1933
4239 1861
4241 69
4241 310
4242 1630
4245 859
4245 2628
4246 1688
4251 2527
4252 708
4253 43
4254 810
4255 800
4255 1080
4256 83
4257 1113
4258 283
4258 773
4260 326
4262 1433
4265 471
4266 1944
4267 1394
4268 1261
4269 2059
4272 1201
4272 2068
4274 210
4278 922
4278 1299
4279 563
4279 2050
4280 311
4283 1749
4284 176
4284 613
4288 1294
4289 2044
4289 2299
4290 1666
4295 473
4296 1067
4296 1596
4296 1885
4297 743
4297 1542
4298 1639
4301 739
4302 1087
4304 178
4305 2006
4305 2496
4306 1543
4307 157
4309 884
4311 1570
4316 2510
4320 594
4321 159
4321 538
4323 1262
4323 2614
4324 277
4324 1297
4325 1282
4326 831
4326 1994
4327 314
4327 2506
4330 1506
4334 65
4336 1552
4337 2694
4338 1850
4340 15
4342 153
4343 382
4343 1083
4343 2587
4344 56
4344 1895
4347 274
4347 1610
4351 868
4352 1036
4353 2409
4355 995
4355 1780
4357 6
4358 2123
4364 519
4364 852
4364 2381
4365 1084
4366 786
4366 2275
4368 2506
4369 807
4370 2510
4370 2560
4370 2749
4372 1846
4372 2785
4374 1420
4375 964
4375 1122
4377 567
4377 1215
4379 1638
4380 832
4381 251
4381 1096
4381 2434
4383 2580
4385 124
4386 187
4386 2779
4389 759
4391 639
4392 705
4392 2760
4396 2132
4399 698
4402 96
4410 1990
4411 883
4414 2353
4416 2462
4419 1676
4420 2146
4422 2140
4423 1012
4423 1061
4424 825
4424 1404
4424 1753
4428 333
4428 1762
4429 1839
4429 2623
4430 2247
4431 191
4431 1683
4433 872
4433 1146
4435 1323
4437 2656
4439 1885
4439 1954
4440 864
4440 1160
4440 1181
4440 2613
4440 2701
4443 875
4443 1124
4445 431
4445 446
4445 898
4445 1372
4448 331
4448 1968
4449 2615
4450 1894
4451 2600
4452 1703
4454 2731
4458 2431
4460 2463
4462 1741
4463 2794
4464 655
4466 403
4470 18
4470 2309
4470 2755
4471 1782
4472 749
4472 2726
4473 2144
4474 1737
4475 1694
4479 354
4482 199
4482 1087
4483 2285
4484 289
4489 2627
4490 1178
4491 864
4493 1508
4497 728
4497 1167
4500 518
4500 2666
4501 764
4501 2743
4502 903
4502 1352
4502 2114
4503 1287
4504 1115
4507 1576
4509 2750
4511 580
4513 327
4515 1260
4516 848
4516 2075
4517 2517
4519 1003
4519 1550
4519 1721
4519 2369
4520 354
4520 845
4521 275
4522 870
4524 2394
4527 298
4530 1560
4530 2708
4531 2073
4532 794
4533 2416
4534 207
4534 2434
4535 2754
4536 282
4537 2373
4540 2242
4543 2258
4546 2487
4549 589
4553 2217
4555 1176
4558 942
4559 2637
4560 530
4562 425
4563 1165
4567 2128
4568 1576
4572 1269
4572 1776
4573 2335
4575 527
4575 1656
4577 910
4577 1143
4579 2199
4580 52
4581 410
4581 2182
4582 1337
4586 1702
4587 421
4590 722
4590 2759
4591 2720
4592 313
4592 2614
4593 1719
4594 1433
4597 188
4600 1719
4602 1165
4604 80
4604 2535
4607 288
4610 368
4610 639
4610 984
4611 1141
4613 2
4613 492
4615 27
4616 1458
4620 1759
4621 60
4624 1918
4626 1826
4628 116
4635 891
4636 1938
4638 526
4639 89
4639 225
4639 1234
4640 805
4642 1242
4646 81
4646 1570
4649 1608
4649 2327
4651 611
4654 143
4655 925
4655 1351
4657 1656
4659 558
4661 1816
4663 2059
4664 2555
4665 416
4668 23
4668 1494
4669 2210
4671 2439
4674 796
4675 1708
4677 1551
4680 2459
4681 2311
4685 1414
4686 150
4686 2499
4689 513
4690 1944
4691 702
4691 1349
4693 39
4693 1666
4694 1503
4695 2377
4696 1905
4697 776
4698 140
4698 790
4699 641
4700 2490
4702 2351
4702 2427
4703 1301
4704 1013
4706 2216
4707 9
4710 1944
4712 1771
4713 1218
4715 1895
4716 1980
4717 1664
4718 330
4718 2166
4720 739
4722 1197
4722 2312
4723 645
4723 1883
4724 1507
4726 550
4728 1735
4728 1867
4729 278
4731 2649
4733 1945
4734 283
4734 900
4737 707
4738 1671
4739 302
4739 306
4739 1988
4741 1535
4743 2294
4744 236
4751 1357
4752 2417
4754 833
4754 2457
4756 645
4757 1890
4758 1016
4759 1499
4760 35
4760 672
4760 1810
4762 2273
4767 2695
4769 2505
4771 355
4771 2618
4772 1917
4774 2567
4775 1
4776 153
4776 2601
4777 14
4777 275
4777 1059
4777 1993
4778 193
4778 2709
4780 951
4782 850
4783 2273
4784 1646
4785 921
4785 1250
4786 44
4786 1507
4786 2769
4787 112
4787 1254
4787 2408
4791 123
4793 1843
4793 2416
4796 2176
4796 2334
4798 2201
4798 2653
4798 2686
4799 483
4799 1055
4799 2537
4800 731
4802 265
4803 1025
4805 1144
4806 1456
4807 667
4808 836
4811 365
4813 10
4813 1232
4815 909
4818 1604
4818 2443
4823 589
4824 854
4826 1138
4828 1696
4830 2732
4833 403
4841 1547
4842 667
4846 858
4846 1576
4849 269
4852 248
4856 2178
4857 718
4859 1767
4860 1383
4860 2713
4861 2141
4863 94
4863 1329
4863 1819
4863 2761
4865 2205
4866 1814
4867 1409
4871 455
4871 1134
4871 1561
4876 2365
4878 421
4878 2233
4880 2571
4881 2130
4882 967
4882 2607
4884 699
4884 2359
4887 969
4890 340
4891 1834
4895 25
4895 1774
4897 353
4898 589
4898 1778
4900 1235
4901 2005
4903 12
4904 979
4905 129
4905 1665
4905 1963
4906 2294
4907 433
4908 405
4908 703
4909 163
4909 521
4909 833
4910 231
4910 1219
4912 196
4912 1936
4912 2803
4914 1093
4916 1221
4916 1562
4917 71
4917 949
4917 1338
4917 1354
4920 2264
4921 452
4922 176
4926 1700
4929 1913
4930 1002
4931 1772
4934 801
4935 779
4936 869
4936 2043
4938 2187
4942 1216
4942 2604
4943 1457
4945 280
4945 1573
4946 113
4946 2435
4946 2597
4947 1113
4947 2622
4948 828
4951 1908
4953 1628
4955 1995
4956 1390
4958 2254
4962 439
4962 1424
4962 1655
4964 2018
4966 823
4966 2729
4967 421
4967 963
4968 91
4971 923
4973 661
4975 540
4979 2274
4982 290
4986 252
4987 2514
4988 2266
4989 901
4990 712
4990 1614
4990 2781
4991 89
4994 959
4994 2340
4995 983
4995 1131
4998 2031
4999 1740
4999 2069
5000 2676
5002 157
5005 1612
5009 43
5012 1368
5012 2381
5013 2375
5014 1661
5014 2179
5016 796
5018 1041
5022 292
5022 871
5022 2293
5024 585
5025 1273
5025 2647
5026 1117
5026 1424
5026 1759
5029 104
5029 2469
5033 2633
5036 876
5040 2435
5041 2584
5043 581
5045 555
5045 2208
5046 208
5047 133
5047 1830
5048 1384
5050 1225
5050 1917
5050 2198
5050 2798
5051 1453
5052 781
5052 1940
5052 2535
5053 1778
5057 590
5060 2469
5061 72
5061 520
5062 152
5062 1111
5062 1979
5064 2121
5065 909
5065 2342
5065 2532
5065 2654
5066 2385
5068 787
5069 415
5071 1120
5072 2217
5073 813
5073 2091
5073 2339
5077 243
5077 1560
5082 498
5082 894
5082 1041
5083 1392
5085 130
5085 1290
5085 2394
5086 2741
5088 671
5089 133
5089 1863
5091 273
5092 226
5093 1926
5095 520
5095 1962
5096 2667
5098 421
5098 2541
5102 340
5102 1963
5104 481
5104 1248
5104 2048
5109 2565
5109 2805
5111 31
5112 1110
5112 1263
5115 276
5117 1360
5118 599
5118 1014
5118 2078
5119 253
5121 76
5123 527
5124 1776
5125 573
5125 792
5125 1541
5126 2174
5129 1097
5129 1875
5129 2198
5130 332
5130 468
5132 2501
5133 71
5133 1999
5136 2284
5137 2186
5138 2536
5139 556
5143 2001
5144 1865
5145 2006
5145 2636
5149 298
5149 2506
5151 1276
5152 234
5152 1371
5152 2044
5152 2204
5152 2404
5154 428
5158 255
5159 2695
5160 143
5160 1700
5160 2719
5161 402
5161 1141
5162 255
5165 769
5165 1749
5165 1764
5165 2038
5166 1211
5167 2577
5171 402
5172 399
5176 906
5176 2762
5178 2421
5178 2428
5180 1485
5181 2094
5182 304
5182 986
5183 740
5183 2534
5184 2266
5185 1690
5186 1846
5189 625
5189 1674
5191 440
5191 2100
5192 132
5192 1960
5196 2681
5198 325
5198 1245
5198 2121
5202 1336
5202 2222
5204 1290
5204 1424
5204 2704
5205 2562
5205 2647
5206 1042
5206 1297
5207 793
5207 1460
5207 1725
5207 1803
5208 2355
5210 266
5211 1718
5211 1942
5211 2184
5214 2603
5220 2685
5222 1445
5222 1924
5226 640
5229 1210
5231 2068
5233 1236
5235 2260
5237 700
5239 2541
5241 2725
5243 2156
5244 1387
5244 2734
5245 2703
5245 2799
5246 1816
5246 2216
5249 146
5251 864
5251 987
5253 592
5253 1907
5255 1216
5258 1615
5259 1997
5260 1483
5263 606
5264 1541
5266 967
5266 1285
5266 1349
5266 2492
5268 4
5268 1691
5274 1048
5276 682
5277 116
5277 567
5278 258
5279 15
5279 1356
5281 834
5282 886
5282 1128
5283 1881
5284 1189
5286 567
5287 2119
5288 344
5288 1479
5288 2034
5288 2263
5289 458
5289 752
5290 327
5290 1663
5290 2360
5291 1411
5292 664
5293 2099
5295 1307
5299 1428
5300 63
5300 492
5300 2469
5301 1998
5301 2706
5302 836
5304 1442
5305 2466
5306 1095
5309 801
5309 1676
5310 683
5311 95
5311 1448
5312 1114
5314 1224
5315 1216
5317 1548
5317 2024
5321 1915
5324 1361
5325 1459
5327 27
5328 1601
5329 2650
5332 2355
5333 2537
5335 2072
5335 2153
5337 1611
5338 1167
5338 2472
5339 2080
5343 103
5343 1594
5344 1658
5344 1763
5345 2132
5347 1993
5348 19
5349 605
5351 1364
5353 1314
5354 720
5354 947
5354 2526
5357 1447
5358 2586
5360 437
5364 543
5365 779
5366 72
5366 375
5368 400
5368 1933
5369 1517
5370 1484
5370 2210
5374 809
5374 1361
5375 2112
5378 2457
5381 2751
5382 165
5384 1591
5386 642
5387 1807
5388 1785
5388 1988
5389 2092
5390 1449
5391 2312
5393 1471
5395 1719
5398 769
5400 1048
5401 311
5404 1646
5406 533
5406 2145
5407 82
5407 1626
5407 2013
5408 610
5410 532
5411 2446
5413 666
5416 660
5417 556
5417 703
5420 1327
5421 2628
5422 834
5422 1348
5422 1567
5426 113
5427 1158
5429 532
5429 2461
5431 658
5432 40
5432 78
5432 2237
5433 1522
5434 1981
5435 2297
5438 1470
5439 1589
5440 387
5440 1796
5440 2699
5441 2519
5442 49
5443 6
5444 267
5444 2592
5445 230
5447 527
5447 1532
5450 233
5450 1136
5451 803
5452 2262
5453 2517
5454 936
5455 419
5456 531
5459 760
5459 1888
5462 446
5463 1001
5463 2401
5465 1865
5467 933
5467 1969
5467 2261
5468 486
5468 2747
5469 1831
5473 647
5475 2540
5478 2787
5479 1274
5479 1371
5480 2253
5482 2162
5484 1581
5485 237
5486 691
5487 1274
5488 1295
5490 1004
5490 2500
5491 1551
5493 1627
5495 1447
5497 971
5498 461
5500 1642
5502 2249
5503 1663
5504 246
5505 1184
5506 2037
5507 316
5507 827
5510 1845
5511 524
5513 1049
5514 1252
5518 2079
5518 2677
5520 2216
5521 1722
5521 2672
5522 1013
5523 1110
5523 2048
5524 1017
5525 1406
5525 1757
5525 2503
5526 2091
5528 313
5530 2595
5531 1280
5532 1250
5532 2430
5536 1946
5537 808
5538 11
5538 1133
5540 1162
5540 1223
5541 2647
5542 789
5543 594
5543 741
5543 2611
5544 1015
5547 26
5547 1177
5547 2022
5548 274
5548 1545
5550 1203
5550 2696
5551 1547
5554 2335
5555 169
5558 166
5560 1899
5561 636
5561 2092
5566 1022
5569 2519
5570 2695
5571 2321
5573 2321
5574 1034
5575 887
5576 44
5576 2659
5577 260
5578 406
5582 161
5584 140
5585 1364
5585 2611
5586 145
5587 1323
5587 1855
5588 1037
5589 2707
5591 1265
5593 515
5594 1659
5598 465
5598 1789
5599 880
5599 2081
5603 1647
5603 1786
5603 1888
5604 607
5607 2518
5609 2442
5612 1452
5613 819
5614 251
5614 1222
5614 1605
5617 2587
5620 1475
5623 1075
5626 2243
5627 2786
5629 996
5629 2133
5630 738
5631 2116
5632 191
5634 612
5639 524
5640 1889
5641 1385
5641 2388
5642 1561
5644 2141
5644 2312
5645 1888
5648 47
5648 1076
5650 1866
5653 537
5653 1409
5653 2185
5655 540
5655 1908
5656 516
5659 2615
5660 413
5662 686
5662 2623
5663 88
5663 932
5665 1734
5666 2603
5667 907
5670 313
5670 2346
5670 2794
5671 1888
5672 2033
5673 2084
5674 1802
5678 531
5680 451
5682 991
5682 2606
5683 2605
5684 252
5684 378
5684 1646
5685 1292
5688 1551
5690 1130
5691 197
5692 488
5692 659
5694 1944
5695 2148
5695 2218
5696 2792
5698 1422
5699 1956
5705 2425
5706 379
5713 1359
5713 2628
5714 1849
5715 529
5715 1246
5717 1050
5719 351
5720 1525
5721 164
5721 1129
5724 998
5726 464
5726 2399
5728 1115
5728 1318
5728 2746
5730 915
5731 1969
5732 966
5734 1092
5735 1323
5737 51
5737 257
5738 449
5739 205
5742 742
5744 896
5747 2733
5748 2747
5749 1431
5749 1774
5750 2079
5752 996
5753 377
5754 165
5755 1004
5756 122
5756 502
5758 170
5759 190
5760 965
5760 1635
5761 1357
5763 517
5764 487
5764 987
5766 1570
5766 2774
5771 72
5771 120
5773 690
5774 1475
5775 950
5775 2497
5776 615
5776 2213
5776 2513
5776 2556
5778 1786
5779 522
5779 2291
5780 465
5780 659
5780 1856
5780 2065
5781 492
5781 961
5781 1510
5785 476
5785 613
5786 1415
5787 2286
5790 2709
5791 2489
5792 182
5792 1156
5793 1472
5793 1837
5795 76
5796 1358
5797 1902
5798 1017
5798 1989
5800 474
5801 197
5802 672
5802 2012
5805 1604
5807 70
5808 1456
5809 1819
5810 1019
5812 1720
5812 2612
5813 611
5817 349
5817 579
5818 1848
5818 2200
5820 949
5820 1829
5820 2303
5824 1021
5824 1365
5825 738
5825 1843
5826 2387
5827 2074
5830 1415
5831 346
5831 1577
5832 501
5832 1075
5832 1125
5834 719
5834 1008
5834 1144
5836 402
5837 116
5837 1898
5839 812
5841 208
5844 783
5847 1250
5848 2548
5850 1802
5852 2752
5853 172
5855 20
5855 471
5855 925
5855 1110
5856 2145
5858 1862
5858 2579
5863 1426
5865 919
5866 2550
5867 229
5868 1791
5868 2456
5870 2036
5872 622
5873 1891
5875 1193
5875 1548
5877 806
5877 1230
5878 946
5879 716
5882 605
5883 419
5883 1269
5885 1628
5885 2688
5891 536
5891 2228
5891 2569
5893 1531
5894 504
5897 445
5900 2385
5902 1297
5903 347
5903 1727
5904 1129
5904 1707
5906 1304
5908 1707
5911 2424
5913 264
5913 646
5914 1178
5916 2133
5916 2534
5917 71
5920 1797
5922 1338
5924 670
5925 1285
5929 1471
5930 566
5930 2704
5934 1790
5936 2604
5937 139
5938 183
5942 1216
5945 1082
5946 2435
5948 445
5949 929
5949 2460
5949 2629
5952 919
5955 1968
5956 2313
5957 2592
5959 1644
5962 1296
5963 2767
5967 1753
5968 2754
5969 2545
5973 2454
5974 304
5975 2091
5976 1074
5978 1728
5978 1955
5979 40
5979 2231
5983 713
5984 778
5985 289
5987 220
5987 251
5987 663
5989 2729
5990 973
5993 1895
5994 522
5997 1395
5998 2267
5999 490
5999 1751
5999 2689
6000 2401
6001 1844
6001 2160
6002 400
6002 2378
6003 1477
6005 1467
6005 1519
6007 719
6010 1567
6010 2160
6011 745
6011 2242
6012 746
6012 2090
6012 2653
6013 1844
6014 2499
6014 2573
6015 2169
6018 2648
6019 11
6026 1430
6026 1510
6028 325
6030 159
6030 610
6031 2508
6032 5
6033 2324
6033 2645
6034 1521
6036 1719
6038 282
6040 102
6040 316
6042 2383
6042 2582
6049 1073
6052 1550
6053 376
6054 408
6054 816
6057 2085
6059 2767
6061 343
6062 37
6062 2248
6063 1133
6063 1209
6063 2733
6065 1078
6065 1299
6067 1211
6069 843
6070 222
6070 1993
6073 2063
6073 2529
6075 2107
6076 2429
6077 2069
6077 2512
6080 87
6082 471
6084 1403
6084 2336
6085 1263
6085 2542
6086 343
6086 1370
6087 2200
6088 1568
6088 1806
6088 2693
6090 688
6091 875
6093 881
6094 127
6094 942
6094 2280
6095 535
6096 929
6100 1728
6105 164
6107 1154
6108 498
6112 2780
6113 946
6113 2605
6115 1920
6117 1010
6117 2490
6122 858
6123 1358
6127 420
6127 2600
6128 1026
6129 2781
6131 348
6132 378
6133 1715
6134 1538
6134 2224
6135 667
6138 2745
6139 2448
6140 35
6141 317
6144 623
6144 652
6144 2607
6146 822
6147 2357
6151 1051
6151 1178
6151 2402
6159 100
6159 1181
6160 2577
6166 133
6166 1581
6167 1647
6169 2040
6170 1407
6171 705
6171 1708
6173 1185
6174 935
6175 1663
6178 370
6178 1447
6178 2529
6180 1522
6182 2452
6183 123
6183 2289
6184 1842
6184 2351
6186 1
6186 987
6186 1071
6186 2750
6192 1193
6193 1432
6196 1304
6196 1792
6196 2394
6196 2726
6197 1478
6197 2308
6200 368
6200 954
6208 1588
6208 1800
6209 136
6211 2197
6215 1050
6215 1252
6216 1181
6217 218
6217 1995
6221 1178
6227 2291
6230 410
6230 1805
6231 446
6231 735
6232 1900
6233 1729
6233 2062
6233 2541
6239 965
6239 1107
6239 2160
6239 2786
6242 1748
6245 1231
6245 2267
6247 460
6248 95
6251 393
6255 880
6255 2053
6256 231
6258 2269
6259 2418
6260 40
6262 1874
6263 2041
6264 258
6264 1191
6264 1464
6266 2121
6267 2109
6267 2434
6269 1900
6269 2177
6271 180
6273 654
6273 1314
6274 1194
6274 2280
6274 2707
6275 1893
6276 294
6279 149
6279 1578
6282 1164
6282 1598
6283 1755
6284 2122
6284 2770
6285 646
6285 1001
6285 1301
6287 898
6290 2467
6291 766
6291 1519
6292 2778
6295 1602
6296 241
6297 111
6299 370
6299 403
6299 2319
6300 104
6302 1537
6302 2185
6305 79
6305 1563
6305 2570
6306 1789
6308 473
6310 706
6313 1718
6317 340
6318 2311
6320 1469
6320 2274
6321 1535
6327 680
6329 717
6334 2422
6335 2672
6336 2220
6338 246
6338 1757
6339 397
6340 1020
6340 2006
6342 1485
6343 2035
6344 1716
6344 2179
6344 2422
6345 1319
6345 2019
6346 2413
6346 2743
6347 1198
6347 1938
6348 2709
6351 22
6351 356
6351 2483
6352 1432
6354 2415
6355 1048
6359 1459
6359 1641
6359 1951
6363 2062
6365 2591
6370 2338
6372 825
6372 1647
6372 1997
6374 2449
6376 1444
6379 576
6380 2559
6385 745
6386 1646
6386 2085
6387 1097
6389 1491
6390 1540
6390 1949
6390 2043
6393 1481
6393 1527
6395 2252
6398 2099
6402 311
6402 1448
6402 2273
6404 1790
6405 2686
6406 2047
6409 1442
6409 1682
6409 2318
6411 2048
6414 2522
6415 1567
6417 954
6417 1093
6419 752
6419 1681
6421 1783
6422 1322
6422 2237
6424 937
6424 1687
6428 2674
6434 1925
6434 2333
6435 565
6435 1092
6437 1172
6437 1883
6438 121
6439 919
6441 308
6442 1734
6443 80
6444 1097
6445 2335
6447 2081
6449 45
6449 1656
6450 845
6450 1279
6452 578
6452 983
6453 2263
6455 200
6455 676
6455 2512
6456 317
6456 1028
6459 927
6461 1960
6466 73
6466 391
6467 826
6467 2400
6471 288
6472 2340
6475 121
6475 422
6477 2433
6482 1253
6484 510
6486 1449
6486 1848
6486 2514
6487 2684
6488 1224
6488 1364
6489 1210
6490 531
6492 1917
6493 793
6496 717
6501 20
6501 383
6501 1570
6503 1847
6506 1900
6506 2693
6508 2283
6511 1410
6512 2373
6515 1509
6515 2066
6515 2750
6517 611
6517 1929
6518 621
6520 2098
6522 646
6523 1182
6525 2755
6526 981
6528 1062
6528 1580
6529 2373
6535 1435
6535 2095
6536 1112
6537 353
6537 356
6538 2143
6539 59
6539 671
6539 1424
6539 2418
6542 2169
6543 2027
6546 2187
6547 13
6547 1663
6548 714
6550 1011
6550 1208
6550 2551
6551 200
6552 790
6553 1842
6556 2081
6557 1020
6557 1643
6558 308
6559 1977
6561 215
6561 890
6562 1890
6562 2448
6566 1259
6567 1122
6569 676
6570 445
6571 1745
6573 2389
6575 1333
6575 2375
6577 302
6577 960
6577 1648
6578 135
6578 1220
6578 2518
6583 1240
6585 1633
6587 614
6588 1
6588 1613
6588 2215
6588 2412
6589 24
6589 706
6589 993
6589 2186
6591 28
6591 843
6593 2673
6594 1809
6596 2479
6598 1626
6599 1817
6603 107
6603 1512
6604 299
6604 1655
6604 2017
6606 2053
6607 2289
6608 650
6609 342
6611 1453
6612 1582
6612 2100
6612 2320
6614 623
6616 1704
6618 2214
6618 2502
6619 2105
6620 36
6620 757
6621 1289
6622 1057
6624 1289
6627 490
6628 2294
6629 2789
6631 165
6632 818
6632 2014
6634 402
6639 2527
6640 711
6645 1764
6647 2677
6651 43
6653 2081
6655 133
6656 642
6658 997
6659 1483
6660 120
6660 1230
6663 2266
6665 1025
6667 562
6668 1123
6669 1202
6669 2749
6670 1147
6672 1246
6672 2650
6674 1204
6676 1525
6678 2037
6679 1377
6681 2406
6682 132
6682 1733
6683 1467
6687 1042
6688 1143
6688 1300
6688 2583
6691 1335
6694 2156
6700 1708
6703 665
6703 2133
6704 633
6705 1103
6705 1221
6706 1211
6708 460
6708 874
6711 345
6713 2774
6717 1184
6717 1879
6718 540
6720 1869
6721 1389
6722 31
6723 430
6724 2249
6725 290
6725 2280
6725 2700
6726 1581
6726 2446
6726 2629
6729 1693
6730 505
6730 2489
6731 890
6731 2116
6732 2021
6734 2112
6739 919
6739 2227
6740 582
6740 1458
6741 1238
6743 463
6744 1998
6746 837
6747 1800
6747 2148
6747 2245
6751 1208
6751 1754
6751 2040
6751 2163
6754 1111
6755 1306
6760 1660
6760 2242
6765 77
6766 1532
6767 1394
6767 1767
6769 235
6769 1703
6770 1595
6770 2624
6771 158
6771 907
6772 118
6772 2455
6773 808
6773 2119
6774 2123
6775 1397
6775 2478
6777 1183
6778 1126
6779 2203
6779 2593
6781 855
6781 1818
6781 1885
6782 30
6783 2432
6785 1401
6786 1295
6788 2330
6789 1776
6791 20
6791 952
6793 1193
6794 2577
6795 725
6795 1829
6797 108
6800 2174
6801 388
6804 224
6804 2496
6806 62
6807 1707
6807 2208
6808 928
6808 1402
6811 1484
6812 2714
6813 138
6816 1120
6817 894
6818 1680
6819 895
6819 2080
6819 2579
6821 2065
6821 2461
6823 947
6825 2650
6829 1051
6830 958
6831 1525
6831 2059
6835 43
6835 2188
6838 1896
6839 1461
6839 2165
6840 1379
6841 1471
6841 1611
6841 1739
6841 2727
6842 27
6842 2433
6843 2223
6844 135
6844 181
6845 347
6846 1090
6846 2604
6847 1427
6850 1162
6852 1438
6854 412
6854 1956
6854 2585
6856 674
6857 1882
6858 68
6859 498
6859 2042
6860 171
6863 295
6865 1406
6866 2649
6867 2251
6870 1841
6872 2611
6873 925
6875 1201
6876 947
6876 1169
6877 654
6877 2672
6878 1879
6881 67
6881 2776
6883 2498
6885 352
6885 2539
6886 894
6887 1806
6888 2304
6890 270
6891 2019
6891 2718
6892 2144
6895 2053
6897 1058
6899 54
6899 998
6900 508
6900 521
6900 2135
6902 673
6904 604
6905 2481
6907 1302
6909 433
6910 965
6910 1421
6911 2389
6912 448
6914 762
6915 2592
6916 26
6918 37
6920 2716
6921 72
6922 1005
6923 1895
6925 707
6926 478
6926 1843
6927 2347
6928 113
6928 1436
6929 2671
6931 232
6934 1163
6934 1413
6934 2531
6935 14
6936 21
6936 1522
6937 2448
6938 1965
6939 1658
6940 1640
6940 2648
6941 869
6941 2349
6943 1298
6944 2745
6947 148
6949 1895
6951 248
6951 2653
6952 1222
6952 1408
6955 128
6956 477
6957 1848
6962 1192
6963 1920
6966 600
6966 1554
6967 2392
6969 2117
6969 2553
6970 1676
6971 2482
6972 2144
6974 831
6977 379
6977 439
6978 1762
6979 1670
6980 1540
6980 1549
6980 2173
6982 797
6982 2263
6983 1459
6989 135
6989 1010
6989 2264
6989 2563
6990 272
6993 1017
6995 1871
6997 394
6997 2543
6997 2641
6998 703
7001 1023
7002 725
7002 1506
7003 218
7004 2182
7006 138
7006 1067
7006 1804
7007 1808
7009 73
7010 1892
7010 2125
7011 654
7015 2469
7017 1038
7020 1647
7022 415
7024 2319
7027 1480
7030 545
7034 2410
7038 917
7039 2120
7041 2756
7044 419
7045 2754
7046 676
7047 779
7047 2577
7049 383
7049 2685
7050 2475
7051 1189
7051 1519
7051 2402
7055 1104
7057 1647
7058 313
7059 1884
7062 1752
7063 1146
7063 2133
7063 2196
7065 1644
7069 2400
7070 847
7075 137
7075 559
7075 2134
7077 43
7077 1682
7079 2230
7081 1465
7082 2243
7083 1967
7084 620
7084 1761
7086 306
7087 2753
7089 2744
7092 407
7092 905
7092 1144
7093 383
7093 1787
7094 2233
7095 455
7101 2387
7102 439
7103 621
7103 1350
7103 2152
7106 1004
7106 1389
7107 110
7107 171
7108 1232
7108 2395
7109 1345
7110 423
7110 973
7111 562
7112 1354
7114 1095
7117 1531
7117 2767
7120 1063
7122 1419
7123 2259
7123 2600
7123 2796
7124 1252
7124 1506
7126 1370
7128 309
7128 1147
7130 1146
7136 323
7138 2442
7141 177
7143 457
7144 597
7144 2634
7145 1197
7147 2538
7149 970
7150 1014
7150 2328
7152 2752
7154 1253
7154 1487
7156 482
7158 1571
7158 2534
7159 260
7159 1550
7159 2091
7160 109
7161 53
7161 2143
7162 1262
7163 535
7163 2427
7164 1403
7165 531
7165 2601
7166 395
7166 1099
7168 1183
7168 1793
7170 1586
7170 2262
7171 2490
7172 757
7172 2605
7173 1020
7174 1484
7177 2029
7182 1457
7182 1735
7183 30
7184 625
7185 839
7185 1177
7185 1841
7186 2110
7187 2411
7189 1872
7191 410
7193 1474
7196 1334
7196 1998
7197 1882
7198 1077
7198 1119
7199 658
7204 1117
7210 1019
7210 2175
7213 1103
7215 2410
7216 815
7218 659
7219 1954
7222 352
7224 10
7224 1465
7225 1710
7226 304
7226 845
7227 1201
7228 626
7228 1758
7228 2719
7230 2696
7233 481
7233 2776
7234 1960
7235 546
7238 1883
7238 2173
7239 1170
7240 406
7240 2613
7241 525
7243 628
7243 2349
7243 2796
7247 1850
7249 2161
7250 719
7251 268
7251 1004
7252 163
7252 1040
7257 284
7257 644
7260 256
7260 919
7264 2785
7266 1831
7268 2094
7269 2474
7270 2121
7271 1398
7272 232
7272 1550
7272 2299
7273 861
7273 1774
7273 2636
7274 861
7276 1853
7278 156
7278 2797
7281 536
7281 2327
7282 586
7285 1409
7289 1701
7294 1010
7295 790
7295 1161
7296 572
7297 224
7297 651
7297 2660
7298 1138
7301 967
7302 116
7302 273
7302 1491
7304 1365
7304 1649
7304 2285
7307 1900
7308 1513
7309 823
7309 2129
7313 167
7313 714
7313 722
7313 2330
7317 1839
7319 1082
7320 988
7320 2238
7321 1734
7322 1403
7323 290
7325 264
7325 2747
7328 1599
7330 1288
7333 252
7333 962
7337 221
7337 1452
7340 926
7342 410
7343 630
7344 1042
7346 898
7346 2531
7350 1829
7352 1637
7352 2548
7355 2382
7356 2603
7357 478
7357 568
7357 2160
7357 2541
7359 439
7360 1596
7360 2204
7360 2228
7361 498
7361 2441
7365 745
7365 1237
7366 1001
7366 2422
7366 2516
7367 1493
7371 158
7371 1742
7377 437
7379 222
7379 1306
7383 1942
7384 2423
7387 418
7388 2481
7389 1228
7390 937
7390 2168
7391 965
7391 1758
7391 2415
7398 295
7398 685
7400 1575
7401 1432
7404 423
7404 2556
7405 1685
7405 2424
7407 606
7410 1193
7411 2095
7411 2497
7413 390
7414 2611
7416 1604
7416 1668
7421 2262
7424 2433
7424 2527
7425 1147
7426 372
7428 1249
7428 1549
7430 2723
7432 608
7432 650
7434 2704
7435 1030
7436 1523
7436 2608
7437 2398
7442 1705
7443 1008
7443 2795
7444 1051
7445 1033
7445 2698
7446 459
7446 554
7448 2373
7453 585
7453 2344
7454 1768
7456 2765
7460 1491
7461 193
7462 337
7463 805
7468 794
7470 546
7470 817
7477 540
7477 1012
7479 597
7482 1324
7482 2161
7482 2162
7483 844
7483 1655
7483 2232
7485 2312
7486 1344
7487 745
7487 954
7487 1047
7490 1686
7492 538
7492 585
7492 1037
7492 1802
7492 2372
7497 1833
7498 544
7499 1048
7500 1756
7501 117
7503 847
7505 1333
7505 2795
7506 2344
7507 2
7507 2267
7509 1983
7509 2508
7512 130
7515 1700
7515 2251
7517 143
7517 969
7518 1597
7519 1100
7520 57
7520 1217
7522 239
7524 2723
7525 1813
7526 1430
7526 2417
7528 885
7528 2518
7529 2277
7530 2310
7535 2368
7537 323
7537 971
7540 821
7542 1046
7543 1692
7552 1402
7553 920
7553 1093
7553 1550
7554 1127
7555 327
7555 1341
7557 531
7558 2377
7558 2764
7561 86
7561 888
7562 710
7563 1000
7565 1205
7565 2179
7566 950
7568 773
7569 2587
7571 1898
7571 2233
7572 685
7573 2755
7574 598
7575 316
7575 1454
7576 2529
7580 2707
7582 1734
7582 2118
7587 1439
7587 1990
7588 60
7588 2339
7589 1241
7590 115
7590 921
7590 1125
7592 1864
7596 308
7596 2473
7597 187
7598 377
7598 945
7599 2771
7601 2179
7606 1089
7608 1088
7610 2016
7611 441
7614 75
7617 249
7617 970
7618 151
7618 222
7618 1780
7620 1817
7621 2798
7623 2091
7625 756
7627 403
7627 1939
7630 2326
7631 2301
7634 1033
7634 2250
7636 1903
7637 2579
7638 1659
7639 2778
7640 844
7640 1418
7641 2272
7643 90
7645 1788
7646 427
7647 543
7649 1046
7650 840
7651 2398
7652 1681
7653 1140
7653 1333
7653 2633
7654 2150
7655 2162
7656 555
7658 1695
7660 2028
7662 1381
7668 2751
7670 1042
7672 2347
7674 2226
7675 2576
7678 368
7678 494
7680 945
7681 771
7681 2330
7684 571
7684 1495
7687 2483
7688 151
7690 2804
7691 2295
7693 2461
7695 2291
7697 524
7697 782
7698 568
7702 2638
7705 1405
7714 83
7714 1104
7715 371
7715 925
7717 1202
7719 1306
7719 2719
7720 2027
7724 1512
7726 434
7726 755
7726 1776
7729 884
7729 2542
7731 2501
7732 1272
7734 1142
7734 2314
7734 2736
7735 2421
7737 486
7738 1973
7740 2509
7744 2135
7748 643
7748 861
7749 97
7749 1199
7752 688
7753 217
7753 220
7753 1522
7757 1520
7758 323
7759 2763
7760 2453
7763 2355
7764 2469
7765 995
7767 1438
7768 1287
7770 1226
7770 1489
7771 1570
7773 2095
7774 1053
7774 2325
7774 2598
7775 232
7777 2671
7778 804
7779 2182
7780 1736
7784 445
7785 975
7786 1161
7786 1946
7787 1191
7788 1519
7789 1495
7790 1158
7790 1908
7793 454
7794 613
7794 1539
7794 2583
7795 1961
7796 107
7797 476
7798 2045
7799 2765
7800 770
7802 595
7802 899
7803 370
7803 2622
7807 356
7808 2095
7810 2261
7811 1309
7812 406
7812 2657
7813 2136
7814 156
7815 1647
7816 706
7817 493
7817 2575
7820 2681
7821 432
7826 146
7827 1284
7831 178
7831 956
7834 432
7835 2330
7837 2766
7838 1858
7840 282
7841 1725
7842 55
7843 613
7843 800
7843 879
7843 2604
7845 64
7845 1420
7846 1076
7847 1797
7850 1627
7851 1140
7851 1980
7851 2066
7852 39
7852 795
7852 1850
7852 2398
7857 182
7858 2638
7859 2358
7861 59
7863 459
7863 474
7866 1614
7867 740
7867 2055
7870 1862
7870 2503
7873 814
7873 1251
7874 1694
7877 1697
7881 314
7891 1726
7893 370
7894 501
7894 1758
7895 449
7896 1768
7897 1888
7898 2075
7901 2443
7903 1276
7904 233
7906 1377
7908 2128
7908 2274
7909 1216
7912 2692
7913 1051
7917 120
7918 1073
7920 2252
7921 2056
7922 565
7922 903
7924 258
7924 647
7926 325
7926 1611
7927 527
7928 578
7928 2594
7929 838
7930 952
7930 2422
7932 1856
7936 824
7937 1419
7938 769
7939 1463
7940 1949
7940 1970
7942 1404
7942 2268
7943 2062
7944 260
7945 2163
7945 2425
7946 2094
7946 2634
7947 1987
7948 401
7949 412
7950 270
7950 1895
7951 1365
7953 304
7953 313
7954 2772
7955 783
7957 2783
7958 1098
7958 1258
7959 820
7962 572
7962 857
7962 1936
7962 2725
7963 1375
7963 2519
7965 1050
7965 1189
7968 625
7972 2043
7974 588
7976 1934
7976 2768
7978 2277
7980 1343
7981 1361
7987 291
7987 2625
7989 539
7989 2600
7990 938
7990 2008
7990 2532
7992 1346
7993 200
7993 931
7994 1005
7995 494
7995 1416
7996 1192
7997 1005
7998 1858
7998 1977
8000 1218
8000 1421
8001 548
8002 2003
8003 1146
8006 1181
8007 191
8007 1815
8011 1490
8012 1608
8013 1881
8014 646
8018 148
8018 2510
8019 2432
8023 549
8024 2062
8025 382
8030 1590
8030 1788
8030 2056
8031 367
8031 2115
8032 720
8035 274
8035 2726
8036 2061
8036 2076
8037 3
8037 2258
8038 2620
8039 222
8041 2432
8042 992
8043 592
8047 718
8048 316
8049 1829
8051 2674
8055 646
8057 893
8058 817
8058 1504
8058 2043
8058 2562
8059 752
8060 463
8060 728
8061 7
8062 193
8062 492
8063 503
8063 544
8063 1305
8065 235
8065 1470
8068 707
8068 2499
8069 1349
8071 916
8071 1608
8072 307
8073 1718
8075 229
8075 640
8076 1875
8081 1868
8083 274
8084 1514
8084 2629
8087 1284
8088 997
8090 31
8090 1563
8092 1984
8093 1994
8093 2308
8094 1414
8096 204
8096 1501
8098 1556
8099 1514
8100 2772
8101 614
8103 1258
8104 2115
8106 2253
8108 2186
8109 825
8111 34
8111 2334
8111 2614
8111 2658
8112 335
8113 417
8114 666
8114 1815
8114 2088
8115 1193
8115 2296
8118 55
8118 589
8119 991
8119 1656
8119 1790
8121 218
8121 1400
8122 695
8122 1621
8123 802
8124 2295
8125 765
8125 1561
8125 1817
8127 1084
8127 2059
8130 579
8130 2746
8135 1912
8137 1006
8137 2793
8143 1811
8146 229
8148 2356
8149 1031
8150 1349
8151 261
8151 2396
8155 1200
8156 262
8158 582
8158 1269
8159 1478
8159 2347
8161 881
8163 112
8163 490
8165 453
8166 632
8166 2203
8167 1329
8170 1511
8171 356
8175 841
8176 1878
8179 615
8179 2208
8182 1222
8183 1044
8184 40
8185 1627
8185 2554
8186 2333
8187 121
8187 458
8187 911
8189 1706
8189 2464
8191 153
8191 408
8191 631
8191 1656
8192 281
8192 2611
8195 1622
8195 2478
8197 2138
8199 1061
8199 1968
8199 2589
8200 1530
8202 1850
8202 2392
8204 231
8207 2070
8208 2304
8209 2333
8210 2178
8210 2492
8214 2696
8215 354
8215 2054
8216 90
8217 1941
8218 251
8218 935
8218 1840
8219 2504
8220 1393
8222 2243
8223 2716
8225 822
8226 1961
8227 681
8227 1118
8231 743
8231 2157
8232 1135
8233 1292
8233 1303
8234 150
8235 724
8235 1408
8236 2396
8237 230
8239 2801
8243 1170
8243 1895
8245 1526
8245 2673
8246 2710
8248 894
8249 492
8249 1171
8249 1281
8249 2079
8251 1321
8251 2049
8251 2162
8252 40
8252 466
8253 754
8254 253
8254 1576
8255 2113
8255 2164
8259 363
8260 1494
8261 300
8261 633
8261 699
8262 1092
8263 273
8264 2084
8265 263
8265 795
8265 1580
8267 556
8267 2346
8268 1594
8270 2083
8270 2320
8271 307
8274 654
8274 713
8275 452
8275 1576
8276 764
8277 1654
8278 2540
8279 1249
8281 181
8282 371
8283 668
8285 1125
8285 1609
8287 1361
8289 464
8289 2016
8290 1428
8294 2634
8296 2050
8297 335
8297 508
8298 2326
8299 1639
8305 2132
8307 729
8309 1001
8310 1596
8310 1963
8312 1561
8314 313
8315 2735
8316 1685
8317 1546
8318 660
8320 1028
8322 913
8322 1689
8323 1792
8323 1872
8327 720
8327 2007
8327 2659
8328 5
8328 226
8328 663
8328 1975
8329 2282
8330 2167
8331 1727
8333 332
8333 1538
8333 1998
8337 1803
8338 1754
8338 1925
8339 1022
8342 1641
8342 2684
8343 812
8346 498
8349 739
8350 216
8350 2531
8354 2758
8355 960
8356 62
8356 2159
8357 1251
8359 1414
8359 1714
8360 2396
8360 2489
8361 1277
8361 1912
8361 1939
8362 894
8363 43
8364 1880
8366 796
8366 2635
8368 346
8369 1215
8370 469
8370 2000
8371 1929
8374 673
8376 259
8377 2420
8378 1654
8378 2798
8380 1268
8380 1470
8383 2455
8387 1058
8388 1102
8388 1889
8389 1625
8390 414
8390 448
8390 529
8391 386
8394 1746
8395 1275
8396 1052
8400 2711
8401 1223
8401 1719
8402 972
8405 554
8405 1376
8408 559
8410 311
8410 2429
8411 293
8412 952
8412 955
8414 1473
8414 1512
8417 2500
8418 1688
8419 856
8419 1907
8420 2399
8421 2266
8425 1033
8427 2260
8429 2302
8431 78
8431 1834
8434 1122
8436 2441
8438 1916
8441 1060
8442 1141
8443 1546
8447 2165
8448 417
8451 1201
8453 1393
8455 819
8455 941
8455 1708
8460 31
8461 2443
8462 1033
8465 1053
8466 1968
8467 1013
8468 936
8470 236
8473 713
8474 1152
8474 1467
8476 1734
8476 2284
8478 336
8478 2409
8479 685
8479 1280
8479 1583
8485 1554
8487 285
8487 2146
8489 2062
8490 80
8491 188
8493 475
8494 2064
8498 1788
8499 1892
8500 350
8501 379
8503 1965
8503 2418
8504 89
8505 1072
8506 289
8506 2421
8507 418
8508 683
8509 1075
8512 2494
8512 2661
8513 1212
8513 1773
8514 760
8514 987
8515 2318
8515 2721
8516 943
8516 1431
8516 1505
8519 2278
8520 163
8520 166
8520 2375
8521 2012
8524 1762
8528 5
8528 483
8529 2251
8530 783
8532 1302
8533 647
8535 1879
8535 2177
8539 299
8543 877
8543 1933
8545 308
8545 686
8545 1152
8545 1578
8547 2282
8548 486
8548 1900
8549 2181
8551 1818
8556 382
8556 2223
8558 1728
8558 2132
8559 1325
8559 2400
8561 1241
8561 1659
8562 1896
8565 457
8565 2419
8566 1116
8567 1606
8568 1809
8571 638
8576 1100
8579 821
8579 2458
8580 930
8582 137
8582 597
8585 946
8585 2154
8586 1205
8586 1915
8587 1612
8588 804
8589 1560
8589 2595
8590 2632
8592 1238
8595 2351
8596 1145
8597 632
8598 1440
8599 2576
8601 1080
8602 1930
8602 2249
8603 1417
8604 764
8605 679
8608 2573
8612 890
8612 1097
8612 2729
8613 303
8614 1271
8617 2553
8619 282
8620 1141
8622 102
8622 492
8622 2119
8624 2469
8627 2275
8629 1177
8630 2515
8631 953
8633 217
8634 879
8635 1984
8636 554
8638 1389
8639 2012
8640 515
8640 1132
8641 1287
8643 22
8643 2642
8643 2685
8649 1015
8651 1343
8652 2614
8652 2798
8654 1164
8654 1272
8654 1365
8655 610
8655 2167
8656 456
8656 1988
8657 750
8659 1221
8659 2119
8659 2764
8660 796
8661 1003
8663 2022
8664 1900
8666 1480
8666 1992
8669 227
8669 553
8670 2075
8671 1772
8671 2682
8672 695
8674 269
8676 850
8677 2276
8678 2043
8682 1781
8682 2438
8683 1802
8685 245
8685 2019
8687 864
8687 2151
8689 11
8690 454
8690 2353
8692 72
8692 1948
8692 2597
8693 1582
8694 2027
8695 515
8695 2214
8697 2028
8702 1495
8703 2436
8705 1361
8705 1446
8711 1520
8712 1612
8713 673
8717 791
8718 872
8718 1324
8718 1760
8719 1281
8720 745
8720 2508
8721 796
8722 611
8722 1194
8723 557
8723 2088
8724 2002
8725 1269
8736 1858
8738 268
8740 543
8742 2013
8743 2332
8745 1092
8748 1334
8749 331
8750 1561
8752 678
8753 1743
8754 1262
8754 1939
8759 643
8760 1857
8761 1890
8763 2090
8764 2234
8766 1507
8767 1794
8768 911
8768 982
8769 1639
8770 1023
8770 1550
8773 2586
8775 595
8776 908
8776 1239
8776 1386
8779 2544
8780 620
8781 1265
8782 149
8782 1853
8786 1607
8786 2360
8787 13
8787 435
8788 1849
8790 646
8793 1515
8794 1389
8796 2258
8797 1809
8801 2231
8801 2359
8802 45
8802 1322
8803 296
8803 1406
8803 1628
8804 433
8805 2139
8808 2019
8809 11
8811 979
8811 982
8814 2084
8815 204
8821 1063
8822 1831
8822 2363
8823 660
8823 988
8823 2589
8824 670
8824 1290
8825 168
8827 771
8827 2702
8828 6
8828 2658
8829 2027
8830 2136
8832 373
8832 967
8832 2592
8833 64
8833 168
8833 1218
8834 1033
8835 1989
8836 2584
8839 1735
8840 649
8840 2317
8842 2204
8844 2603
8845 1189
8846 1183
8846 1516
8847 2320
8849 2554
8851 1008
8852 1785
8854 907
8856 2260
8857 1661
8858 2481
8861 1964
8862 610
8863 745
8865 948
8866 1452
8867 156
8867 2425
8868 1942
8869 2331
8872 2752
8874 1212
8874 2469
8875 464
8875 2002
8875 2701
8878 146
8878 1995
8886 2729
8889 1149
8889 1839
8889 2635
8892 1243
8894 890
8894 1992
8894 2134
8896 534
8897 993
8899 596
8899 1228
8899 1495
8899 1889
8900 1783
8901 314
8901 1690
8903 929
8904 149
8905 692
8907 483
8909 1308
8911 2504
8912 2795
8914 1336
8915 240
8915 1303
8915 1440
8915 2719
8916 1844
8918 2571
8920 328
8920 858
8921 1629
8921 1879
8921 2583
8921 2751
8922 2030
8922 2563
8923 2093
8927 2779
8928 284
8928 1131
8930 1528
8930 2601
8931 743
8931 1677
8931 2509
8933 732
8933 1095
8933 2182
8933 2463
8934 1468
8934 1977
8935 1689
8936 206
8939 2408
8943 576
8944 1622
8949 1888
8951 1791
8951 1849
8951 2541
8952 380
8952 1580
8952 2783
8954 1957
8957 17
8957 113
8957 407
8957 872
8958 2179
8961 1099
8964 111
8964 1802
8966 1993
8966 2797
8968 1013
8968 1820
8969 2714
8970 1942
8975 1443
8976 236
8977 1440
8978 1733
8978 1988
8979 853
8982 242
8982 302
8982 2230
8983 2558
8987 239
8988 1518
8988 2131
8988 2732
8991 250
8991 961
8991 2357
8993 1305
8996 888
8998 181
8999 2080
9005 300
9006 676
9006 767
9007 527
9007 2424
9007 2456
9008 447
9008 2484
9010 15
9010 712
9012 1765
9012 2379
9014 642
9016 2109
9016 2534
9019 2790
9021 932
9021 1350
9022 1281
9022 1747
9025 2785
9028 1700
9029 2386
9031 365
9032 1276
9032 2694
9033 1665
9034 2176
9036 1780
9036 2641
9037 69
9037 2740
9039 2743
9042 798
9046 1837
9047 2157
9048 852
9048 2076
9050 593
9050 2646
9051 2217
9052 37
9052 755
9054 2575
9055 2698
9056 1581
9056 2131
9058 840
9058 2436
9060 628
9062 1802
9064 227
9064 944
9066 923
9068 302
9068 495
9070 2036
9071 2649
9073 392
9073 1989
9074 2211
9075 36
9076 994
9077 1145
9077 1961
9078 570
9080 1942
9081 1489
9083 371
9084 104
9084 752
9085 195
9088 1337
9088 1994
9089 2676
9090 1990
9091 1530
9092 1068
9092 2780
9096 1643
9097 1174
9097 2082
9097 2437
9099 1426
9100 1186
9101 907
9101 2685
9104 535
9104 2331
9107 566
9107 1043
9107 2150
9107 2473
9108 813
9109 1383
9116 86
9116 1563
9117 1022
9118 2449
9120 231
9122 51
9123 2476
9125 1059
9125 2301
9127 790
9129 567
9129 2269
9130 812
9130 1682
9132 1023
9134 324
9135 1944
9136 2492
9140 69
9140 1348
9142 439
9143 93
9144 1497
9146 1865
9148 473
9148 707
9149 1024
9149 1381
9150 2621
9151 113
9152 1900
9153 1833
9157 1150
9157 1574
9157 1815
9157 1997
9159 1952
9160 602
9161 825
9161 2374
9163 204
9163 1213
9167 1865
9168 325
9168 2212
9170 2162
9172 758
9174 1218
9175 2341
9178 913
9178 1364
9179 1767
9180 1100
9184 572
9184 2289
9185 1755
9186 1107
9188 1284
9192 460
9196 488
9196 1605
9197 2132
9198 812
9198 2030
9201 586
9203 862
9204 2044
9204 2396
9206 2722
9207 1091
9207 1396
9210 1732
9211 1177
9211 2610
9212 462
9213 2141
9214 201
9216 2305
9218 1119
9219 1164
9222 2433
9224 90
9228 495
9228 1420
9228 1836
9229 104
9229 178
9230 213
9230 436
9230 1076
9231 797
9231 1269
9236 963
9240 35
9244 958
9244 1500
9245 789
9245 2161
9251 294
9252 10
9253 505
9253 2231
9254 126
9254 686
9255 96
9257 891
9258 596
9259 1693
9259 2170
9260 156
9260 659
9261 2113
9263 145
9263 816
9263 2450
9264 2452
9266 2393
9269 572
9269 1121
9269 2624
9270 680
9270 2792
9271 1821
9272 1798
9274 632
9274 1403
9275 710
9275 883
9275 2165
9275 2460
9276 2105
9277 1099
9278 234
9278 2405
9281 446
9281 2405
9283 309
9283 1883
9283 2031
9288 34
9288 260
9288 694
9289 1311
9292 2416
9293 926
9296 275
9301 1702
9301 2345
9302 1328
9305 2490
9306 2028
9307 1160
9309 1557
9309 1839
9310 1356
9310 2225
9313 769
9313 2633
9318 1339
9319 609
9319 1753
9320 1958
9322 934
9324 692
9324 1410
9326 2452
9326 2650
9329 1507
9329 2229
9330 1721
9331 418
9332 427
9332 1971
9333 1543
9333 2650
9334 1796
9337 941
9338 659
9340 704
9341 2520
9342 1633
9343 2102
9344 2399
9345 123
9345 1289
9347 1904
9348 1224
9349 510
9351 744
9351 1220
9353 1565
9355 1505
9359 1871
9361 164
9367 102
9367 2331
9371 1053
9374 1043
9374 1180
9374 1384
9376 2290
9377 1721
9381 1451
9382 1941
9387 2400
9388 809
9389 2243
9392 156
9392 682
9393 431
9393 682
9399 1632
9404 2631
9410 2476
9412 2764
9415 12
9415 344
9418 914
9419 21
9419 1861
9422 2005
9423 831
9423 2498
9425 1618
9426 1270
9426 2453
9427 46
9427 181
9429 2277
9430 954
9431 1058
9431 2083
9431 2273
9434 128
9434 1409
9435 679
9435 1063
9435 2176
9435 2518
9437 864
9438 559
9438 2204
9439 1019
9439 2523
9441 1919
9443 186
9443 541
9444 333
9444 1658
9446 491
9447 2237
9448 1489
9450 231
9451 187
9451 1107
9452 2721
9453 1486
9453 1621
9454 999
9455 1717
9456 2776
9457 229
9458 169
9463 1930
9464 1414
9465 1376
9466 1595
9467 1414
9468 2728
9469 460
9475 778
9475 810
9481 2201
9486 486
9486 840
9489 88
9490 1044
9491 1692
9491 2663
9494 55
9494 1076
9495 1398
9501 2318
9503 419
9504 38
9504 177
9504 777
9505 2362
9507 2121
9508 1237
9510 794
9510 1752
9510 2275
9511 359
9516 23
9516 2159
9518 140
9518 2732
9518 2803
9519 1073
9522 664
9523 1333
9524 2461
9527 1857
9528 994
9530 672
9530 1294
9530 2457
9530 2561
9531 334
9531 1952
9532 1077
9532 2692
9533 2574
9536 1035
9537 578
9537 2501
9538 1265
9538 2624
9539 722
9539 1138
9540 1052
9542 793
9542 1499
9543 333
9544 116
9544 674
9545 2763
9546 548
9546 780
9547 2770
9549 57
9549 1364
9551 45
9553 2649
9555 938
9555 2268
9556 2701
9558 162
9558 2598
9561 1667
9562 286
9562 1199
9566 1138
9567 1149
9570 1201
9570 1676
9571 1464
9572 357
9574 1801
9575 1797
9578 683
9578 1205
9582 1718
9582 1749
9583 299

