3574 6486 4949
1 1
1 1920
1 2655
2 4457
3 2364
3 6450
5 4898
5 5017
6 1556
6 3540
9 888
12 1912
12 4060
13 4180
14 457
14 3217
15 707
15 5382
16 3573
16 5240
19 5885
20 2976
20 6240
20 6310
23 3638
24 547
24 5388
25 1706
25 2808
25 3541
25 6331
26 862
26 1672
28 6166
29 1620
31 3387
31 3712
33 85
33 4727
35 1844
35 2074
36 2353
36 3261
37 4780
39 5147
42 2104
43 3282
44 948
44 6027
49 2188
56 6031
57 1426
59 3545
59 4393
59 4870
60 281
60 2832
61 1700
61 5541
61 5752
62 1563
62 1835
66 4539
66 5002
67 2456
67 3205
67 5074
68 940
68 2851
68 4260
69 3352
70 955
70 4838
71 3435
71 3824
72 1124
72 2282
73 284
73 589
73 1224
75 3429
75 4089
76 4648
77 5905
80 5087
81 5475
84 3228
84 5203
85 394
86 5446
87 5320
88 1771
88 4103
89 1297
90 2356
90 3393
91 2053
92 5386
97 2783
97 3006
97 4311
99 2923
100 1928
100 5174
101 3408
101 3683
102 4328
102 5370
102 5743
103 353
104 276
104 5269
105 4709
106 1525
106 2725
107 102
107 4401
108 1408
108 3357
108 3679
108 3821
108 5162
110 4378
110 6122
112 11
112 494
112 6287
113 3061
113 3069
114 4284
116 2579
117 795
117 6047
118 3831
118 4497
118 6086
120 5617
121 3831
121 4235
123 6052
125 269
126 594
126 6102
129 2119
129 4296
131 2784
136 5400
137 1662
139 6165
140 1301
140 1499
141 1682
142 2050
143 517
144 1548
144 2327
145 2312
146 5857
147 397
147 2893
147 4818
148 4426
149 5422
150 1794
151 2788
152 128
152 1177
152 2261
152 2565
153 519
153 5795
154 3357
156 1138
156 1250
157 2843
157 3339
158 6419
159 3128
160 1458
160 2224
162 174
163 4073
164 149
165 4419
165 5122
166 4507
166 5345
166 5419
167 3726
168 3640
168 5827
172 496
174 4952
175 5007
176 4825
176 5067
177 1056
177 3412
177 4088
178 2715
178 4010
180 5038
181 2712
181 4104
182 3145
183 6386
184 342
184 349
184 1849
185 3707
185 4725
186 3263
188 700
189 1509
189 3199
189 3400
189 5763
190 3580
190 6367
191 94
191 433
191 2920
191 3266
191 6180
192 3406
193 2686
194 2255
194 3262
197 5094
197 5700
198 2011
200 136
200 3479
201 668
201 764
201 4647
203 635
203 1687
203 3356
203 3381
204 94
206 2529
207 3314
207 3871
207 6369
208 2479
208 5846
209 3416
209 5274
210 3932
211 2997
211 3690
211 5079
212 1585
212 2426
215 2677
215 4091
215 5412
215 5664
216 2328
216 3281
217 1081
217 3784
217 5986
218 2806
219 3777
219 5338
222 277
222 3737
223 1102
224 841
224 6428
225 306
226 6438
228 6453
229 3108
229 4201
229 5898
230 4534
231 584
231 5509
234 1516
235 2965
235 3964
236 5642
237 2587
237 3875
237 4853
237 6057
238 5790
240 3422
240 3588
241 4280
242 347
243 1832
243 5270
244 94
244 1024
245 5680
246 30
246 514
246 5410
247 6218
248 1183
249 3476
250 3500
250 3756
252 4593
254 2706
254 3513
255 42
255 1029
255 1440
255 6131
256 310
256 982
257 2535
257 3096
257 6292
257 6315
258 55
258 5900
259 670
259 3997
259 4504
260 6368
261 5626
261 5874
262 4543
264 2397
265 4848
266 265
267 2702
267 5965
267 6378
268 2552
268 5469
269 2963
271 76
271 5885
272 187
273 73
274 766
274 2959
275 2254
275 6482
276 818
277 5266
278 1668
279 3781
280 2185
282 425
283 3651
286 4074
286 4319
286 5506
287 5958
288 1583
288 1945
288 4078
288 5457
289 1038
289 2311
290 213
291 3956
292 4385
292 4673
292 4909
293 1198
293 3941
295 272
295 1930
297 4485
298 4364
299 3781
300 135
300 1448
300 6406
301 18
302 3555
304 33
304 4117
305 4512
306 1224
306 2155
306 3184
306 4673
308 878
308 1975
308 5467
309 4882
310 4701
310 5869
311 158
311 2252
311 2275
311 5854
312 5120
313 1804
313 2506
313 3484
313 4527
314 41
314 1930
314 5410
317 5955
318 6460
319 4713
321 2925
323 2704
323 2882
323 3787
323 4446
324 3056
325 2716
326 2273
326 4137
327 4546
328 2065
329 5431
333 342
333 5484
334 2319
336 2040
337 5522
338 2078
339 1220
339 1972
340 495
340 4790
341 1533
342 5401
343 4512
343 4825
344 4154
344 6250
344 6449
345 1557
345 6294
346 3344
346 5780
347 3552
347 4173
348 3118
348 3233
349 3606
351 3813
351 5114
352 1581
352 1974
353 4756
355 2232
355 2956
355 5026
355 5241
356 3163
357 4234
359 224
359 5391
360 538
360 2338
361 894
362 2953
362 3513
363 725
363 2781
366 307
366 1887
366 5983
367 2602
367 5605
368 1007
368 4265
369 643
369 794
369 4214
369 5012
370 4148
371 859
371 975
372 603
373 4963
373 6230
375 2935
375 4156
376 4314
376 5794
376 5820
377 1639
377 2455
378 199
378 371
378 464
378 2451
378 2717
379 300
379 1503
379 1658
380 2658
380 5969
381 1211
381 4138
382 2866
383 2312
384 921
385 5446
386 1808
389 779
389 3775
391 411
391 1045
392 38
392 1813
392 2891
393 126
393 727
393 5466
394 1255
394 3467
395 175
395 1636
395 2453
395 4116
395 4633
396 554
396 4954
399 3832
401 2260
401 4715
401 4887
402 1429
402 4401
404 1595
406 2394
406 4005
409 353
410 4303
412 3946
412 4834
414 4483
415 2435
416 882
416 1377
416 1937
416 2754
418 5332
419 378
419 1109
420 2860
421 3950
423 1417
423 4640
424 1874
424 5933
424 5962
425 1142
425 1190
425 3737
425 5431
426 1921
426 3230
426 4059
426 5951
426 6376
428 3738
429 3199
429 3335
430 333
430 636
431 2940
432 6132
433 3804
433 6148
434 2168
434 2434
435 4811
436 468
436 1334
436 1532
436 5513
437 4829
438 4304
438 5864
439 628
439 6480
440 741
440 3990
440 5273
440 6075
440 6440
442 1926
442 2706
443 72
443 3097
443 4673
444 13
444 2701
444 3257
444 4662
445 5731
446 333
446 541
446 2995
447 1710
447 3386
448 6315
449 2264
449 3130
449 5676
450 5532
450 5997
452 2922
453 883
453 4818
454 1254
454 2790
454 5838
455 1744
455 3404
455 4662
456 3584
456 5069
457 1723
457 3778
457 5724
458 3394
458 4103
460 596
460 2360
460 4610
461 1756
461 3259
462 4268
463 5520
463 6064
464 1452
464 4640
465 740
467 3088
468 706
468 4547
470 5993
471 525
471 1320
472 3730
472 6290
473 2120
473 3926
473 5368
474 1778
474 1928
475 3103
476 2945
477 3292
477 3544
477 5014
478 1447
478 4198
478 6361
479 736
479 1454
480 2118
480 5637
480 6398
481 1104
481 1717
482 3212
482 5911
482 6368
483 268
483 4754
484 1316
484 4485
484 5805
484 5886
485 2046
486 4644
487 2570
487 2647
487 3836
488 628
488 2232
488 5831
489 4523
489 4942
489 5624
491 382
491 2396
492 4963
493 1342
494 2575
494 2602
494 3166
494 5059
495 3710
496 5408
498 1952
498 5123
498 5670
499 1840
499 2049
499 5222
500 426
502 816
502 1281
502 5412
503 6425
504 3141
504 4234
505 6317
506 3482
509 3719
509 4714
513 190
514 2313
514 2891
514 6380
515 2588
516 1787
517 3597
517 4793
518 5869
519 6006
521 2705
523 4103
523 4687
523 6051
524 294
525 4768
526 571
526 742
526 1401
526 3482
526 3753
527 4905
528 3120
529 1926
530 2746
530 4865
531 6195
532 811
532 5142
533 2060
533 2392
534 297
535 678
535 1212
536 1081
536 3111
536 4976
537 5865
538 1007
538 2049
538 6366
540 3460
542 5155
543 3538
543 4710
545 1916
545 4809
546 554
546 4920
546 5323
547 4678
547 5122
548 705
549 84
549 1588
549 4615
549 5217
551 1637
552 3391
554 2997
555 571
557 6421
558 2642
559 310
559 997
559 4141
560 1302
561 4319
563 4047
565 2760
567 3020
567 4928
567 6057
568 2515
569 2167
570 179
572 2612
573 5221
574 1030
575 742
576 263
576 1073
576 1319
576 2669
577 4048
577 5607
578 148
578 4345
579 323
579 3087
579 3589
580 3951
581 6202
582 1570
582 4595
585 3402
587 3716
587 4106
587 6347
588 2098
589 4965
590 294
590 2471
590 4606
590 4663
592 2061
593 3483
598 2832
598 3446
598 3727
598 4436
598 4984
599 890
601 1832
602 4231
602 5097
603 2142
604 279
605 1979
605 2937
605 3979
606 538
606 2124
606 4607
607 1604
607 2320
607 2390
607 3950
607 5770
608 580
608 1486
609 1709
609 1713
610 1324
611 4117
611 4150
612 6433
613 1057
613 2371
613 4724
615 2663
615 2676
618 949
619 1494
619 4233
619 4248
622 1029
622 1680
623 2420
623 4405
623 5189
624 122
624 883
624 2115
625 1841
625 2171
626 1864
627 148
627 585
627 3092
627 3562
629 1068
629 2754
630 3167
631 907
631 1961
631 4071
631 6275
632 990
634 1217
634 1423
635 696
635 2902
635 4671
635 4980
636 2755
638 1692
639 4370
641 218
641 2973
643 4510
643 4637
643 5899
644 12
644 1350
644 2909
644 4280
645 1502
646 2536
646 3468
649 1010
650 2650
651 3382
654 4301
655 2189
656 1983
656 2878
656 5983
657 5744
659 1263
660 4435
661 60
664 2072
664 5152
665 1598
667 4093
668 5334
671 4940
672 73
672 1672
673 5291
674 1823
674 5588
676 2996
677 3021
679 1742
682 5581
683 978
683 2644
683 5573
684 4599
685 5081
686 5687
687 2055
687 2420
687 3114
688 17
688 793
689 988
689 3430
690 6080
692 1556
692 3998
692 5659
694 2080
694 3995
696 3626
699 2288
700 1197
700 5442
702 2166
702 6139
703 531
703 4263
704 5947
705 1327
705 2064
705 6451
706 4503
707 933
707 2107
707 4756
708 3492
708 4151
709 1250
709 2611
710 1595
710 5969
710 5979
715 3281
715 3806
716 397
716 798
718 77
718 4511
718 5137
718 5312
719 4369
721 224
721 1031
722 6438
723 3025
723 4958
724 2647
724 5208
725 2284
725 5586
729 4894
731 2621
731 3696
732 831
732 1538
732 5753
733 1599
734 2484
735 1338
735 1547
735 6214
737 1144
738 251
739 5066
739 6239
741 2527
741 4769
741 6206
742 5417
742 5640
744 3738
746 2523
746 5652
747 520
747 4323
748 2680
749 5076
750 3228
750 5932
751 1659
752 1663
754 232
757 1134
757 3764
758 6485
760 238
761 1343
761 4374
761 5427
762 6200
764 5464
764 6389
766 696
766 2464
769 3969
769 4321
769 4544
770 4098
770 5245
771 1532
771 1923
773 486
773 1535
773 3065
774 326
777 4637
777 5178
778 4333
778 5104
778 6221
778 6457
779 261
779 779
780 1049
781 1199
781 1508
781 2411
782 140
783 4210
783 4669
783 6108
785 233
787 352
787 6069
789 2967
790 517
790 5257
791 204
791 520
791 2616
793 1732
793 6460
794 1783
794 2450
795 450
797 1879
798 63
798 4668
799 1348
799 1763
799 2256
799 2635
800 4627
800 5094
801 1684
801 2809
801 5425
802 5874
802 5896
803 616
803 2527
805 907
806 1982
806 5680
806 6179
807 2265
807 5885
810 2456
810 2775
810 5537
811 288
814 6438
816 279
816 1876
817 794
818 3275
820 767
821 1386
821 5930
822 616
822 4454
823 138
826 201
826 2905
826 5453
827 70
831 1193
831 6105
833 182
833 1947
833 2181
833 6310
834 1321
835 1630
836 3011
836 5386
836 5619
838 1144
838 4372
841 4712
842 2396
843 264
843 780
843 1941
843 5164
844 2222
844 4128
847 3667
848 2661
849 6195
850 89
850 956
852 579
852 4106
853 213
853 4689
853 5548
854 3206
854 4031
857 5094
858 196
858 4990
859 5578
859 6261
859 6423
860 1794
860 3393
862 1756
863 508
864 1167
864 2223
865 2438
865 3951
866 3009
866 5768
867 1070
867 2293
867 6103
868 5888
871 5944
872 1534
872 3470
873 3736
873 4181
874 2507
874 4635
877 2465
877 2638
880 1609
880 2119
880 4258
881 805
881 2474
881 3878
881 4742
882 1930
882 3869
883 3470
883 6015
884 3787
885 5310
886 5792
886 6389
887 5530
887 6257
888 1509
889 3704
889 3815
889 5140
890 4541
891 2492
891 3744
892 1249
892 3141
892 6051
893 4898
893 5369
893 6011
894 1364
894 2112
894 2649
895 1277
898 1522
898 1987
898 3926
899 3196
899 5516
899 6428
900 874
901 2126
901 6338
902 6121
903 38
905 6237
905 6325
908 1488
908 3413
909 5030
910 366
910 713
911 913
911 5143
912 2985
912 5518
912 6456
914 5048
915 3153
915 4750
916 6000
916 6264
917 6212
918 2783
919 3227
920 4843
921 169
921 6357
923 4158
923 4317
923 5851
924 2778
924 3803
925 1226
925 2569
925 3866
926 5280
929 2088
930 3334
931 42
931 2740
932 759
933 1383
934 3151
935 800
935 2889
936 1482
940 532
940 3677
941 3166
941 5268
942 2091
942 2449
942 3395
943 371
943 1268
943 5330
944 743
944 2020
944 3595
946 1098
946 1956
947 2439
947 2466
947 3555
949 1682
950 849
951 1353
953 1462
953 3916
954 2344
954 2419
954 4123
954 4620
955 1369
955 4410
956 1260
957 965
957 971
957 3959
958 4080
959 5463
961 5609
961 6207
961 6447
962 5385
963 3283
965 3857
966 1614
966 1745
966 3301
967 4712
967 5350
967 5712
968 4960
968 5420
969 59
969 1590
970 2878
970 3804
971 1372
972 105
972 6254
973 982
973 1504
973 1992
973 5705
975 3555
976 1173
977 174
977 2610
980 1062
980 3645
982 1923
983 265
984 2933
984 6170
985 547
986 2285
987 493
988 5847
989 1171
990 3519
992 905
992 4115
993 172
993 1010
993 1743
993 2354
994 1818
994 3954
996 413
996 1346
996 5405
997 2067
998 4132
998 5268
1000 3287
1000 5131
1000 5304
1000 5335
1001 1654
1001 5986
1003 386
1003 4226
1005 5899
1006 1989
1006 2250
1007 14
1007 1512
1007 4038
1008 2773
1008 4918
1009 1165
1009 2978
1012 3199
1012 3221
1014 1399
1014 2855
1015 4653
1017 799
1018 2030
1018 2631
1020 5073
1021 784
1021 2569
1022 2720
1023 1952
1025 4541
1026 396
1027 3010
1027 3385
1027 5617
1028 5553
1029 3507
1029 5111
1031 1504
1031 4639
1033 4835
1033 6127
1035 2955
1035 3222
1035 4777
1036 3622
1037 690
1037 5551
1039 2621
1039 3103
1041 303
1041 1371
1041 4711
1042 395
1042 1781
1042 3191
1042 3751
1042 3919
1042 5479
1042 6023
1043 3769
1045 1773
1045 4014
1045 4999
1046 4967
1047 5088
1048 4385
1049 5017
1050 622
1050 4436
1050 4505
1050 5496
1051 6116
1052 2458
1052 3932
1052 5914
1052 6046
1054 4090
1054 5404
1055 847
1056 1285
1057 5630
1058 718
1058 4227
1060 4848
1060 5918
1060 6282
1062 1249
1062 1251
1062 4385
1062 5839
1062 6254
1063 6276
1064 5271
1065 3410
1068 5916
1069 517
1069 2028
1069 4103
1070 1759
1070 4516
1070 5580
1071 4090
1072 120
1072 3818
1073 1883
1073 2227
1073 2263
1073 3302
1075 990
1075 1742
1075 2005
1075 5228
1076 2769
1078 2996
1078 5532
1080 3684
1080 6001
1081 3239
1082 2743
1083 1749
1083 2382
1083 3695
1084 4652
1085 1185
1085 4438
1086 3690
1087 2199
1087 5475
1087 6070
1088 955
1088 4793
1088 5868
1090 1459
1090 3643
1091 4300
1091 4707
1093 1095
1093 2627
1094 1004
1094 4647
1095 2738
1095 4791
1095 6174
1096 5424
1097 2997
1097 4688
1098 1984
1098 2800
1099 1315
1099 1973
1099 4447
1100 3480
1100 6027
1101 2696
1101 5894
1102 3155
1102 3744
1103 5025
1106 1107
1107 3541
1109 1186
1109 2829
1111 6438
1112 770
1112 1301
1112 1994
1112 5134
1113 1949
1114 6021
1117 2462
1118 3565
1118 3628
1120 2175
1120 2292
1121 269
1122 4545
1122 5337
1123 363
1124 40
1124 831
1125 919
1125 1914
1125 4689
1125 6001
1128 4764
1129 5638
1129 5804
1130 2211
1131 140
1131 1339
1131 2361
1131 3732
1131 6267
1132 964
1132 4284
1132 6130
1134 4890
1135 4506
1136 2563
1136 2795
1137 394
1138 610
1139 876
1139 4112
1140 5669
1141 1480
1141 3221
1142 2899
1143 1033
1143 1564
1144 1377
1144 3985
1144 5077
1145 3366
1145 6151
1146 389
1148 448
1148 6078
1150 3569
1151 5818
1152 1231
1153 3329
1154 1251
1154 2051
1154 3728
1155 2458
1155 3755
1156 2146
1157 5362
1158 108
1158 1419
1159 3604
1161 5226
1162 4439
1162 4948
1163 941
1163 3652
1163 5879
1164 2940
1165 5102
1165 5263
1165 5543
1166 5581
1166 6339
1167 2980
1167 3806
1167 4112
1168 2421
1169 3133
1170 1075
1170 3288
1171 3410
1172 4
1173 3773
1174 389
1174 785
1174 1533
1175 1119
1177 6026
1178 2990
1179 884
1179 1424
1182 1784
1183 714
1183 5932
1184 3663
1184 5070
1184 5293
1184 5306
1184 6038
1185 722
1185 5329
1185 5968
1186 5541
1187 982
1187 1256
1188 5622
1190 3365
1191 4650
1192 2067
1193 5995
1194 4013
1195 540
1195 1026
1195 3413
1196 672
1197 1621
1197 2559
1200 854
1200 955
1201 622
1201 2715
1203 1749
1203 4689
1203 5633
1204 1793
1204 5808
1205 193
1206 3142
1206 4299
1206 4911
1207 4704
1209 1508
1209 5062
1210 2708
1210 4332
1210 4709
1210 6304
1211 3878
1212 1009
1212 5907
1213 4005
1214 1468
1215 4672
1215 5165
1216 2162
1216 3052
1217 2976
1219 6080
1220 5730
1221 4107
1222 27
1222 1889
1222 4831
1222 5682
1223 30
1223 5831
1224 3627
1224 3767
1225 4599
1227 1128
1227 1665
1227 4919
1228 3319
1228 4112
1228 5492
1229 4465
1230 1183
1231 2329
1231 2601
1231 5656
1232 2832
1234 3639
1235 1503
1235 1586
1235 2220
1235 4548
1235 4890
1237 2883
1239 2823
1239 6389
1241 172
1241 4105
1241 6372
1242 500
1243 71
1244 6300
1246 3692
1246 4256
1247 5175
1248 1071
1248 4638
1248 4964
1249 2516
1249 5784
1250 520
1250 6063
1251 368
1251 2395
1251 2676
1251 3010
1251 3773
1251 4519
1252 3442
1253 3791
1254 404
1255 4071
1256 4401
1256 5175
1256 5619
1257 1852
1257 2945
1257 3810
1258 267
1258 5900
1258 6441
1260 1316
1260 4478
1261 6179
1262 1542
1263 4503
1263 6279
1264 2008
1264 6017
1266 2958
1268 5951
1269 923
1269 2134
1271 1316
1273 6433
1274 355
1274 3425
1275 632
1275 2643
1276 329
1276 1497
1276 2282
1276 4582
1277 3259
1277 4186
1277 5821
1278 344
1279 746
1279 4190
1279 4405
1279 5014
1280 6083
1280 6416
1282 5036
1283 3596
1284 4839
1284 5291
1285 2853
1287 713
1287 3523
1287 3829
1288 486
1288 5200
1288 5398
1289 2417
1289 2793
1289 3805
1289 5924
1289 6183
1290 23
1290 3031
1290 4950
1290 5846
1291 2347
1291 2590
1291 5019
1292 1995
1292 2295
1293 1025
1293 3268
1293 5909
1295 5710
1296 2860
1296 3762
1297 2001
1299 1456
1299 2178
1299 2714
1299 4174
1299 5326
1300 581
1300 861
1300 3001
1300 5982
1301 327
1302 1738
1302 5440
1303 611
1303 2316
1305 2568
1305 5630
1306 5476
1309 4508
1309 6005
1310 2842
1310 3974
1311 4627
1311 4931
1311 4967
1313 400
1314 6303
1315 801
1315 5768
1316 2668
1316 5400
1317 752
1317 1749
1317 1894
1317 4171
1317 6255
1318 577
1318 4012
1318 6219
1319 777
1319 1513
1319 2763
1320 202
1320 1090
1321 3086
1322 4561
1323 4196
1324 5640
1325 4560
1325 4668
1325 5409
1328 3653
1328 3660
1328 3860
1328 6124
1329 53
1329 2881
1330 1254
1330 1867
1330 5399
1331 255
1331 2828
1333 4364
1335 1464
1335 2827
1335 4300
1335 4933
1336 1039
1336 2705
1336 3379
1336 3564
1337 718
1337 1247
1337 1406
1337 2880
1338 3056
1338 5063
1339 2780
1341 781
1341 782
1341 1180
1341 5020
1342 1936
1342 3307
1343 22
1343 177
1343 3927
1345 1989
1346 1499
1346 5760
1348 3625
1349 3122
1350 345
1350 3791
1350 5098
1351 841
1351 2738
1351 2747
1352 1417
1353 1965
1353 3880
1353 4457
1353 4472
1354 247
1354 3887
1354 5660
1355 3903
1355 4585
1356 1156
1358 1302
1358 3869
1360 3999
1362 5903
1363 2427
1363 6047
1364 1072
1365 5956
1367 1002
1368 4539
1371 497
1371 1360
1371 1380
1372 4047
1372 4891
1373 2891
1373 5372
1374 1881
1374 5362
1375 644
1375 5674
1376 2264
1377 1332
1379 1303
1379 2271
1381 2139
1382 1444
1383 2521
1384 2766
1386 1784
1387 1291
1388 4496
1390 5209
1392 6105
1393 3352
1393 3927
1393 5607
1394 1524
1394 3546
1397 1981
1397 4372
1398 322
1399 662
1399 6067
1400 1723
1402 6024
1403 4156
1403 4777
1405 239
1405 5670
1407 2037
1407 2813
1408 4947
1409 2097
1409 2329
1412 2365
1412 3398
1413 231
1413 478
1415 2982
1415 6318
1416 3160
1417 1509
1417 1575
1417 2920
1417 3837
1417 5175
1418 4134
1419 732
1419 1025
1419 6436
1420 2940
1420 5915
1421 4287
1422 2165
1422 3306
1423 3528
1424 1588
1425 4264
1425 4595
1427 3135
1428 1202
1430 5185
1431 1723
1431 4805
1432 4020
1432 4359
1433 1710
1433 3151
1433 4765
1434 1369
1434 3219
1435 5938
1436 5254
1436 6203
1437 3633
1437 5358
1438 802
1438 1183
1438 5718
1438 5743
1441 1671
1441 2258
1442 2075
1442 5790
1443 2675
1444 1536
1444 4347
1445 1703
1445 4554
1445 6243
1446 2024
1446 4408
1447 2318
1450 2649
1450 5574
1451 38
1452 5152
1453 5736
1453 6379
1454 2417
1454 4037
1455 1709
1456 3076
1457 4655
1458 3907
1458 4873
1459 1883
1460 385
1460 5350
1461 1580
1461 3278
1462 1843
1462 5236
1463 583
1463 930
1463 5273
1463 6094
1464 1632
1464 5690
1465 2006
1465 3067
1466 356
1466 3088
1466 5398
1467 2039
1467 2321
1468 726
1468 3990
1468 5578
1469 1130
1469 2233
1469 5129
1469 5957
1469 6271
1470 1379
1472 2380
1472 4586
1473 1063
1474 3117
1475 4799
1476 2390
1476 6288
1478 386
1479 2189
1481 113
1481 2283
1481 3820
1481 5452
1482 179
1482 2862
1482 2961
1483 5186
1484 3963
1484 6397
1485 4372
1486 3420
1486 3888
1486 4181
1486 4902
1488 366
1488 5434
1489 339
1489 2307
1491 1081
1491 4314
1493 560
1493 1873
1494 623
1494 2345
1496 1455
1496 4030
1496 4590
1497 1235
1498 1303
1499 6217
1499 6299
1501 6309
1503 1851
1503 2079
1503 2372
1504 1520
1504 6379
1505 1426
1506 478
1506 4305
1507 6439
1509 1186
1510 1374
1510 4307
1511 1945
1511 3903
1512 3003
1512 4684
1512 6151
1513 1279
1513 1620
1513 3898
1514 57
1514 436
1514 1589
1514 2098
1515 3588
1516 2660
1516 4843
1517 3690
1517 4077
1517 5858
1518 1246
1518 3910
1519 5805
1520 1267
1520 1759
1520 5544
1520 6237
1521 3485
1521 4066
1523 922
1525 2453
1526 4632
1526 6140
1527 1843
1527 6107
1528 1852
1530 1184
1530 1417
1531 2725
1531 4596
1532 2196
1532 2703
1533 3053
1533 4847
1534 3311
1534 3392
1534 3727
1534 4446
1535 163
1535 452
1535 664
1540 5222
1542 1202
1542 2508
1543 2272
1543 2914
1543 2986
1544 5348
1546 404
1546 2853
1546 5713
1547 1056
1547 4016
1547 4205
1549 922
1549 2391
1549 5048
1550 782
1550 2643
1550 5283
1550 6378
1551 2571
1551 5857
1551 6459
1553 402
1555 1012
1555 3818
1556 4940
1557 795
1557 4417
1557 5820
1558 2199
1558 3543
1558 4506
1559 356
1559 6252
1560 3618
1560 4045
1560 6109
1562 3325
1563 3734
1564 781
1565 887
1565 2423
1566 5088
1566 6042
1566 6458
1567 2144
1568 59
1568 3653
1569 4905
1570 612
1571 5590
1571 6445
1572 3355
1572 4308
1573 4748
1574 452
1575 5132
1576 2375
1576 3162
1578 1840
1578 2202
1579 5473
1581 151
1581 3565
1581 4045
1583 1558
1583 5166
1584 69
1584 4114
1585 4069
1586 380
1586 1009
1586 5189
1587 5539
1589 882
1589 3366
1590 5811
1592 2482
1593 1545
1593 2881
1595 1710
1595 5097
1596 2680
1598 836
1599 2814
1599 3527
1600 6040
1601 2477
1601 4130
1604 1711
1604 6263
1605 276
1606 392
1606 2125
1607 3858
1609 369
1609 816
1609 1503
1609 2184
1609 3142
1611 1353
1611 4023
1613 3223
1613 3364
1614 4066
1615 829
1615 3279
1615 5308
1616 1312
1616 5915
1617 774
1617 795
1617 4758
1618 3158
1619 2847
1619 5684
1620 1135
1620 3923
1623 3909
1624 154
1624 999
1624 6479
1625 1952
1625 5245
1626 409
1626 6398
1628 5419
1630 2528
1631 1092
1632 297
1632 1130
1632 4569
1632 5043
1633 3787
1633 5138
1633 6005
1634 5725
1635 2958
1635 5070
1636 1832
1636 2864
1637 1916
1637 4638
1637 5938
1639 2642
1639 5880
1642 1251
1642 2568
1643 1304
1643 6297
1644 5829
1646 2560
1646 4917
1648 4631
1649 91
1651 2973
1651 6012
1655 623
1655 3054
1656 279
1657 5929
1658 2423
1658 2993
1659 729
1659 3464
1659 3801
1660 3708
1661 4712
1662 5086
1663 4426
1664 389
1664 598
1664 1918
1664 3799
1665 869
1665 5501
1665 6222
1667 2409
1667 5100
1667 6411
1669 5764
1670 1792
1670 2452
1672 3878
1672 4247
1672 6285
1673 330
1673 1517
1673 4633
1675 5764
1676 493
1677 5153
1678 1806
1679 2065
1680 2399
1680 2908
1681 17
1681 635
1681 1616
1682 5231
1683 961
1683 1833
1683 1844
1683 3407
1683 5275
1684 4121
1685 960
1686 2645
1686 4614
1688 1855
1691 599
1692 3510
1692 4150
1692 4682
1693 4139
1694 1243
1695 2007
1696 810
1696 1798
1696 5707
1697 2586
1698 5676
1699 41
1699 668
1699 1532
1700 45
1701 3234
1701 4509
1702 5372
1703 2579
1703 5903
1704 113
1704 368
1705 1147
1705 1799
1707 1836
1707 3434
1707 4111
1708 739
1710 2298
1710 5329
1715 6375
1716 655
1718 2797
1718 3588
1720 5606
1722 1578
1722 4254
1723 5789
1724 5635
1725 2874
1726 5401
1726 6004
1726 6304
1727 2288
1728 6176
1729 1196
1729 5681
1729 6080
1730 1172
1730 3584
1732 1210
1733 2954
1733 3073
1734 3741
1735 2809
1735 3764
1736 786
1736 4960
1737 6301
1738 4815
1739 2570
1740 2962
1740 5590
1741 1498
1741 6064
1742 1937
1742 4168
1743 4683
1743 5608
1745 3983
1746 679
1747 2356
1747 3768
1748 1547
1748 2723
1748 2733
1748 3603
1748 6047
1749 1851
1749 1878
1751 3489
1751 3918
1753 4239
1756 524
1756 1227
1756 3837
1757 1163
1757 4584
1758 5036
1759 3070
1759 4330
1760 1022
1760 5517
1761 2311
1761 2452
1763 601
1765 669
1766 1320
1766 2954
1768 2376
1769 143
1770 5728
1772 27
1772 253
1773 2235
1774 1278
1774 5498
1775 3990
1775 4063
1775 5596
1777 3115
1778 2630
1779 981
1779 2221
1780 1878
1780 6201
1781 5171
1782 6429
1783 1450
1783 5086
1784 947
1786 2859
1787 1485
1787 3413
1788 4166
1788 4268
1789 3754
1789 4162
1790 3307
1792 6112
1793 2876
1793 3622
1793 4879
1793 6435
1794 5804
1795 3402
1796 486
1796 1878
1796 3650
1796 4546
1797 1320
1799 2028
1799 3364
1800 2776
1801 2565
1803 1257
1804 5665
1804 6310
1805 1204
1806 5404
1807 4838
1807 5564
1807 5937
1808 1027
1808 6036
1809 1253
1809 5944
1810 2023
1812 3468
1813 5301
1814 667
1814 5172
1815 3923
1815 4611
1818 1329
1818 5063
1819 1203
1819 2557
1820 3428
1821 495
1822 2783
1824 3211
1824 5475
1829 365
1829 1036
1829 2293
1829 2986
1829 4900
1830 3017
1830 3070
1830 3358
1831 283
1832 808
1832 1367
1832 5568
1833 2515
1834 769
1834 2944
1834 3757
1835 1930
1835 2656
1835 4719
1836 1496
1836 3317
1837 5337
1838 52
1838 1166
1838 3997
1838 4147
1839 1711
1840 3811
1840 4117
1841 3600
1841 4443
1842 4541
1844 4869
1845 5974
1845 6417
1846 5912
1847 2080
1847 2426
1847 2932
1848 2611
1848 3104
1849 3593
1849 5740
1850 4325
1851 5423
1852 520
1852 2429
1852 4049
1852 6011
1853 6068
1854 5623
1857 276
1857 5589
1857 6096
1858 4576
1859 6030
1862 184
1862 1331
1863 2311
1863 3625
1864 439
1864 3037
1864 3435
1864 4859
1866 1508
1866 3955
1868 686
1868 3793
1868 4877
1868 5170
1868 5769
1868 5841
1868 5896
1870 108
1870 447
1870 1886
1870 3034
1870 5440
1872 1224
1872 2268
1872 5629
1873 5920
1874 2188
1874 6247
1875 1301
1875 4473
1876 366
1877 3547
1878 5966
1878 6379
1880 524
1880 2795
1881 1753
1881 5840
1882 3476
1884 2582
1884 3105
1886 891
1887 4826
1887 4887
1889 3628
1890 905
1890 1057
1891 344
1891 1796
1891 2516
1892 985
1892 2934
1893 2464
1893 2865
1894 915
1894 2854
1895 3525
1896 1571
1898 2399
1899 1831
1900 1811
1900 5378
1901 5071
1902 762
1904 775
1905 1902
1906 1649
1906 2011
1907 5616
1908 2186
1908 3194
1908 6040
1911 1685
1912 4803
1913 2245
1915 2944
1916 5738
1917 819
1918 343
1918 1243
1919 5767
1921 2274
1921 3067
1922 865
1922 2459
1923 748
1923 5205
1924 5616
1925 1394
1925 2003
1925 4729
1928 3481
1929 3637
1930 1640
1930 1747
1932 1687
1933 4318
1935 1199
1935 1867
1935 5182
1935 5941
1936 4317
1937 2314
1937 4619
1937 6093
1938 1135
1939 51
1939 518
1939 5386
1940 5162
1942 2700
1942 3559
1943 3106
1944 386
1944 2755
1945 5117
1945 5135
1946 1720
1946 2602
1946 4830
1947 2099
1948 48
1949 2593
1951 1790
1951 2067
1953 731
1953 3822
1955 51
1955 571
1955 2935
1956 1031
1956 3398
1957 2462
1957 5003
1958 581
1958 3405
1958 4150
1958 4874
1959 1749
1962 558
1962 772
1963 3798
1963 5443
1964 126
1964 1505
1964 5297
1967 66
1969 203
1969 1564
1970 1379
1970 2352
1971 4439
1972 2932
1972 3279
1973 2993
1974 3370
1976 1039
1976 1759
1976 2303
1976 3032
1976 5465
1977 5321
1977 5841
1977 6181
1978 1865
1979 3411
1979 5688
1980 2717
1982 1484
1983 6070
1984 818
1984 4274
1984 4355
1985 413
1985 1108
1985 2436
1986 5607
1986 6130
1987 4646
1988 1936
1990 149
1990 4264
1991 2003
1991 3721
1993 4057
1995 685
1995 1977
1995 4874
1995 5088
1995 5394
1995 5915
1997 5950
1998 1094
1998 2904
1998 3669
1999 3007
2001 1815
2002 1915
2002 4571
2002 4760
2002 5000
2003 6090
2006 3875
2006 5562
2007 3499
2008 440
2008 1674
2008 4174
2009 4470
2009 6158
2011 2380
2011 3646
2012 1224
2012 2419
2014 1883
2016 1280
2017 1993
2018 4284
2018 5589
2019 1886
2019 5316
2020 116
2020 2335
2020 5270
2021 2481
2022 4471
2023 5847
2024 5388
2026 1398
2026 4079
2026 5164
2028 958
2028 2005
2028 3350
2028 4840
2029 2587
2029 4585
2030 2187
2031 1374
2031 3947
2033 2794
2034 2906
2034 5540
2035 1957
2035 2715
2035 3539
2035 4620
2036 884
2038 1848
2038 4249
2038 6392
2039 85
2039 236
2039 1144
2040 4547
2041 499
2042 2036
2042 2753
2042 4094
2043 2326
2043 5627
2044 1188
2045 2112
2045 2251
2045 5026
2046 2613
2046 3917
2047 988
2047 2184
2050 22
2052 1716
2052 5028
2053 4970
2053 6273
2054 2778
2055 1197
2055 3835
2055 5589
2056 3127
2056 5175
2057 3947
2058 2104
2058 4456
2060 513
2060 2091
2060 4429
2060 5283
2060 5976
2062 295
2063 185
2064 1299
2067 2908
2067 4171
2068 2583
2068 4924
2069 5844
2070 37
2071 4704
2072 16
2072 107
2072 1009
2075 798
2077 335
2078 1086
2078 1638
2080 4943
2080 5501
2080 5793
2080 5888
2082 2339
2083 1879
2083 2163
2084 3154
2085 738
2085 2273
2085 6235
2086 4118
2086 6256
2089 4950
2089 4954
2090 4588
2093 877
2093 1559
2093 4834
2094 2256
2094 5163
2096 1718
2097 2419
2097 4671
2098 1904
2098 2829
2098 6224
2100 4270
2101 1611
2101 4614
2102 1681
2102 5246
2105 2907
2105 5746
2105 6309
2106 2898
2107 1271
2107 5543
2108 4310
2108 5089
2108 5091
2109 2911
2109 3234
2109 4167
2111 6364
2114 6333
2116 5832
2117 1140
2117 5984
2117 6259
2118 5683
2121 688
2121 1720
2121 3743
2121 6447
2122 799
2122 4792
2124 496
2124 2013
2124 2285
2125 4612
2126 3541
2127 1371
2127 3908
2129 714
2129 1898
2129 2763
2129 3430
2130 4046
2130 6140
2131 4513
2131 4608
2131 5748
2132 263
2132 2685
2133 695
2134 594
2134 1484
2134 4253
2134 6441
2135 2893
2135 5895
2136 3420
2136 5957
2137 3693
2137 5513
2138 3130
2138 3420
2138 5524
2139 3719
2139 4088
2144 2652
2144 4372
2146 5963
2147 4269
2148 712
2149 3964
2149 3968
2150 3622
2151 4118
2152 1481
2152 3253
2153 1289
2153 5010
2154 785
2154 3262
2155 2
2155 4729
2156 1443
2156 2307
2156 5689
2159 291
2159 2860
2161 3994
2161 5938
2163 4809
2164 2227
2164 5390
2165 3656
2166 720
2166 1413
2166 5059
2168 16
2168 3520
2170 471
2170 547
2170 1008
2171 3602
2172 1209
2173 2221
2175 532
2175 4283
2175 5734
2177 1034
2177 3803
2177 6326
2178 5121
2179 6268
2180 1792
2181 87
2181 4461
2182 1270
2183 3655
2184 112
2184 129
2184 681
2184 5347
2185 2028
2185 2558
2186 3008
2187 493
2187 2152
2189 1581
2189 4769
2189 5242
2189 5988
2191 5548
2193 3905
2194 3144
2194 5510
2195 151
2195 1328
2195 3118
2195 3685
2196 3218
2197 2135
2197 2558
2198 805
2198 4462
2199 216
2199 3332
2199 4148
2201 3805
2204 142
2205 2246
2206 1017
2207 1939
2208 4133
2210 1249
2212 1662
2212 4114
2214 1302
2214 1918
2214 2276
2214 2463
2215 1906
2216 1428
2217 1145
2217 3828
2218 5086
2221 986
2221 5591
2222 49
2223 3104
2223 5268
2224 3719
2225 2810
2225 2909
2225 5691
2226 4518
2227 4596
2227 4752
2228 2402
2229 990
2229 2560
2229 5640
2230 4656
2231 2437
2234 5910
2234 5982
2237 5435
2238 2288
2238 3389
2239 5000
2240 4548
2241 1398
2241 1679
2241 2109
2241 3774
2241 4054
2241 4354
2242 588
2246 2683
2247 1370
2248 6152
2250 2122
2251 296
2251 1290
2251 6398
2252 2968
2253 2491
2253 3456
2255 3049
2255 4333
2255 5182
2259 10
2259 821
2261 561
2261 4644
2262 2222
2262 5330
2263 2918
2265 5456
2266 1537
2266 4387
2267 1142
2267 5333
2268 4686
2270 1889
2271 1408
2271 2080
2272 1950
2272 5250
2273 13
2273 1730
2273 3217
2275 2686
2278 633
2278 1716
2279 872
2279 1601
2280 192
2281 2336
2281 5459
2282 73
2283 5281
2284 854
2285 5048
2285 6023
2286 5912
2286 6465
2288 1898
2288 3269
2289 665
2289 5151
2290 3816
2291 810
2292 1884
2292 4277
2292 5693
2292 6192
2292 6349
2293 4067
2296 2644
2297 10
2297 2021
2297 3273
2298 4439
2299 1425
2299 3834
2300 460
2301 1696
2301 5805
2301 5847
2301 6254
2303 4593
2304 800
2304 4248
2304 5663
2305 1378
2306 1106
2307 5559
2307 5819
2308 3931
2308 4802
2308 5214
2311 1995
2316 3487
2317 2400
2318 2956
2320 2082
2320 3060
2321 2128
2323 3302
2323 3639
2323 4359
2323 5468
2324 1845
2324 1920
2324 2534
2324 5404
2325 2831
2325 5320
2327 996
2328 1494
2328 4974
2329 3173
2329 3359
2329 5374
2329 6195
2330 3020
2331 3063
2331 3085
2331 4052
2333 2468
2333 2767
2334 1098
2334 1607
2335 3517
2335 4280
2336 3654
2337 585
2338 108
2338 2019
2339 6147
2341 5941
2342 4849
2342 6453
2344 3427
2344 3711
2344 5107
2344 5126
2345 5324
2345 5808
2348 4379
2349 1855
2350 729
2351 3842
2351 5120
2353 1613
2355 333
2356 3433
2357 629
2357 5229
2357 5760
2358 680
2358 1176
2358 2163
2358 4384
2359 5711
2359 6001
2360 3849
2360 5762
2361 3083
2361 6201
2362 2838
2362 4935
2363 2017
2363 5271
2364 160
2365 514
2365 2562
2365 5776
2367 2276
2368 2040
2368 5962
2369 3050
2371 636
2371 4585
2372 537
2373 1822
2374 2898
2374 3012
2374 4214
2374 5862
2375 3768
2375 5090
2375 6222
2375 6425
2376 4055
2376 5454
2376 5951
2377 1625
2377 2344
2377 4361
2379 5018
2381 2528
2382 1207
2382 1856
2384 5375
2385 4528
2386 3165
2387 4235
2387 6419
2388 1111
2388 2687
2388 3309
2389 3001
2390 1162
2390 2025
2390 3629
2390 5067
2391 5959
2392 662
2392 2926
2394 3134
2394 3604
2395 1414
2396 2772
2396 3666
2398 3139
2398 5936
2399 6333
2400 4544
2400 5192
2400 6411
2401 1409
2402 846
2402 3676
2405 4248
2406 1281
2406 3494
2406 4805
2408 3833
2408 5843
2410 1296
2410 3793
2410 5337
2411 1258
2412 4901
2412 6090
2413 4570
2414 347
2414 436
2414 2353
2414 6420
2415 3052
2416 1590
2416 1911
2416 2663
2420 2775
2420 6324
2422 3054
2422 4609
2423 2980
2424 4415
2424 5321
2425 298
2425 575
2426 1702
2426 5778
2427 1011
2427 2159
2428 3883
2428 4762
2429 14
2429 1988
2429 5210
2431 3638
2432 5956
2433 2085
2433 3489
2433 3814
2434 308
2434 1163
2435 1846
2435 3811
2435 6162
2436 435
2436 1214
2436 2559
2436 5177
2438 189
2439 3175
2439 5208
2440 1220
2440 1684
2441 4200
2441 4825
2442 2462
2443 1595
2444 2607
2445 2797
2445 5342
2446 2516
2447 726
2447 3529
2447 3650
2447 4236
2451 2041
2453 2136
2454 1850
2455 5562
2457 2160
2457 4670
2457 5505
2458 2943
2458 3443
2458 5404
2459 1866
2459 3884
2459 5054
2460 216
2461 1883
2461 2462
2462 2297
2462 2820
2463 1282
2463 4115
2465 5700
2466 201
2466 921
2468 5042
2468 5909
2469 5915
2470 178
2470 4466
2471 1538
2471 2327
2471 2446
2471 6416
2473 2585
2473 3879
2474 5939
2476 1282
2476 4776
2479 2744
2480 3398
2480 4692
2483 3607
2483 4944
2483 5125
2483 5261
2483 6394
2484 3909
2487 6311
2489 3286
2490 3337
2492 4112
2493 1378
2494 505
2494 5117
2495 284
2496 5403
2496 6458
2497 4649
2498 3977
2498 3994
2498 5353
2499 4184
2499 5306
2500 3794
2500 5806
2502 3306
2502 3751
2503 2469
2503 4933
2504 5236
2505 6041
2506 4631
2507 605
2507 6177
2511 218
2511 5479
2512 2952
2513 3579
2514 2661
2514 4385
2514 5161
2514 5777
2515 3645
2515 4459
2516 4227
2516 5744
2517 693
2517 4676
2517 6384
2518 538
2518 1148
2519 4107
2520 1491
2522 3794
2523 3036
2524 459
2524 1442
2524 4037
2526 4032
2527 118
2527 5052
2528 4534
2529 2116
2530 934
2530 1059
2531 5067
2534 3731
2535 1532
2535 2401
2536 2122
2537 707
2537 2910
2537 3049
2540 4509
2540 5873
2541 4742
2543 2137
2543 3785
2543 6184
2544 3463
2545 12
2546 5182
2547 1323
2548 2057
2548 6052
2549 923
2549 1607
2550 4075
2553 1703
2553 4350
2553 5166
2554 3377
2554 5264
2556 657
2556 3127
2557 1164
2558 6142
2559 2591
2560 3260
2562 6434
2564 113
2564 970
2565 1028
2565 5147
2567 407
2568 5844
2569 3773
2569 5068
2570 4605
2571 3426
2572 6231
2573 4576
2573 5549
2574 207
2574 461
2574 1123
2574 1929
2574 2875
2574 5369
2574 5389
2577 2681
2580 1716
2581 4440
2582 3561
2583 1825
2586 3401
2586 6284
2587 1221
2587 5886
2588 2009
2588 6091
2589 5211
2589 6098
2591 4292
2591 5135
2593 3805
2593 3808
2594 5610
2595 765
2595 3450
2596 4125
2596 5294
2596 6384
2597 2391
2597 5995
2598 754
2598 1018
2598 1696
2598 2279
2598 4148
2600 983
2600 1143
2601 6424
2602 641
2602 688
2603 5150
2605 2612
2605 4283
2606 2246
2606 4871
2606 5842
2607 4225
2608 986
2608 2298
2611 1660
2611 2290
2611 2651
2612 1768
2612 3415
2612 3704
2613 4083
2613 5958
2614 5248
2614 5386
2615 2854
2618 5251
2618 5329
2619 2992
2620 5404
2620 6382
2621 3672
2622 4387
2623 885
2624 3456
2625 3146
2627 5664
2628 3208
2628 4784
2628 4842
2629 3137
2630 2843
2630 3210
2631 3203
2631 3771
2631 5070
2632 5745
2633 1613
2633 6063
2634 4552
2634 5815
2635 5322
2636 44
2636 5015
2636 5187
2637 4167
2637 5673
2638 352
2638 2030
2638 2637
2639 1326
2639 1465
2639 2365
2639 4754
2640 6197
2641 4488
2641 4561
2641 5817
2642 825
2645 4759
2646 4764
2647 244
2648 2325
2650 1147
2650 2006
2650 2114
2650 2145
2650 3735
2651 2391
2652 1431
2652 1510
2652 1983
2652 2146
2652 2708
2652 2821
2653 713
2653 2538
2656 1159
2656 1384
2656 4581
2657 67
2657 1980
2658 1805
2658 1866
2658 2247
2658 4244
2659 331
2660 924
2660 3470
2660 4838
2661 2554
2661 5629
2663 3131
2665 2564
2665 4724
2665 6272
2666 4572
2668 1603
2670 2863
2671 3302
2671 5630
2672 826
2672 1552
2673 1784
2674 1983
2675 2194
2675 2418
2675 5880
2676 111
2676 3995
2676 5996
2679 6136
2680 4018
2681 1799
2681 3008
2682 4664
2683 790
2683 6133
2684 4731
2685 1085
2685 6234
2686 2593
2686 6283
2687 3196
2689 4215
2690 210
2690 764
2690 2078
2692 800
2694 1677
2694 1786
2694 5699
2695 2939
2695 4845
2696 663
2699 2802
2700 2966
2700 3583
2702 4104
2702 4542
2702 5175
2703 2831
2703 4404
2704 292
2705 38
2706 2763
2707 3939
2709 3451
2710 5635
2711 5562
2712 4651
2714 1056
2714 1940
2715 5725
2716 883
2716 2162
2716 2520
2718 197
2718 2944
2720 1630
2720 2855
2722 505
2722 1758
2722 2320
2724 1270
2725 5142
2727 529
2727 931
2728 696
2730 852
2730 3327
2731 5866
2732 4948
2733 3784
2733 4843
2734 2358
2735 4288
2735 5217
2737 1859
2737 6437
2740 3406
2740 4436
2741 2308
2741 5815
2742 4109
2742 4982
2742 6374
2744 5594
2745 4043
2745 4977
2745 5518
2745 6356
2746 3547
2747 3903
2747 4782
2747 5147
2748 5543
2751 1257
2751 6390
2752 2490
2753 2594
2754 5959
2755 374
2755 697
2756 983
2757 2855
2760 461
2760 524
2760 2686
2760 5195
2761 3221
2763 2214
2764 2399
2764 3413
2766 4980
2768 655
2768 848
2769 1075
2771 3476
2771 5670
2772 472
2773 4525
2776 988
2776 1090
2777 4368
2780 756
2782 1736
2783 1043
2783 2258
2784 38
2784 5375
2784 5503
2786 5226
2787 2485
2787 4964
2788 2260
2788 4476
2788 5471
2789 166
2792 289
2792 4301
2793 176
2794 530
2794 1145
2794 5165
2795 1101
2796 4053
2796 4136
2798 2489
2798 3085
2798 5295
2799 5700
2801 4498
2801 5614
2802 353
2802 3921
2805 752
2805 4975
2807 878
2807 1200
2808 6245
2809 2937
2809 3115
2809 5443
2810 4475
2811 5276
2812 2323
2814 3853
2814 5366
2815 4736
2816 5327
2817 2406
2818 597
2818 5837
2819 1578
2819 5623
2820 2795
2822 2368
2823 6112
2824 1306
2824 5288
2825 786
2825 2912
2826 1860
2826 3215
2828 2391
2829 603
2829 1407
2829 2430
2830 1475
2831 3552
2832 615
2833 243
2835 1793
2836 5152
2836 6234
2837 6332
2838 1937
2838 5868
2839 6213
2841 494
2841 2907
2841 6032
2842 769
2845 3459
2845 4791
2845 5079
2846 3302
2846 4199
2847 847
2849 6094
2851 1174
2851 3780
2851 6144
2852 1547
2852 2900
2852 5754
2856 297
2858 4767
2858 4875
2859 208
2859 210
2859 2829
2859 3354
2859 6093
2862 649
2863 793
2863 6032
2864 3241
2865 6047
2867 388
2867 1844
2867 2395
2868 375
2868 554
2868 1628
2868 4930
2869 103
2869 793
2869 1688
2869 1852
2871 2372
2871 4153
2871 4347
2872 3341
2874 4329
2875 2060
2875 3974
2876 91
2876 2589
2876 3277
2877 2011
2878 1828
2878 2479
2879 1061
2879 2176
2879 5453
2880 1884
2880 2973
2881 191
2881 5693
2882 1952
2882 1991
2882 3222
2883 740
2885 1666
2887 804
2890 4581
2890 5824
2890 6231
2891 2046
2891 4135
2895 527
2895 1129
2896 1149
2896 1292
2896 1813
2897 4062
2897 5350
2898 626
2899 1722
2899 3158
2900 2033
2900 3702
2900 5790
2903 1260
2903 3511
2903 5081
2904 654
2904 5541
2908 6123
2909 283
2909 2929
2909 3213
2909 4941
2910 1156
2910 6059
2911 6132
2913 600
2913 1429
2914 4269
2915 2666
2915 3511
2916 1013
2916 3724
2916 4582
2918 2344
2918 6437
2920 796
2920 1275
2920 3995
2921 4040
2922 2466
2923 1174
2923 6188
2924 1446
2924 1700
2924 2340
2924 2547
2925 4330
2927 1604
2927 3609
2929 3075
2930 2991
2930 6255
2930 6319
2931 2822
2932 1796
2935 827
2936 3596
2936 4859
2937 291
2937 1532
2937 3293
2937 3587
2937 3989
2937 4130
2937 4385
2938 2542
2938 5003
2938 6051
2939 4064
2940 624
2940 3050
2940 3106
2940 4163
2941 931
2942 621
2942 2880
2942 5283
2943 317
2943 2465
2943 4025
2945 2206
2945 2595
2945 6107
2946 166
2946 269
2948 1823
2948 5368
2950 2706
2952 4158
2955 1488
2955 2135
2956 3931
2958 6142
2959 3818
2959 5726
2960 3126
2960 3661
2961 3090
2961 6402
2962 4010
2962 4248
2963 2085
2963 3347
2963 5373
2963 6066
2965 2027
2965 3194
2966 391
2966 5137
2967 230
2967 963
2968 899
2968 3740
2968 4331
2969 943
2969 1230
2969 3203
2969 3646
2970 4720
2971 3407
2972 4907
2973 727
2973 6133
2974 5836
2975 465
2975 4098
2977 2890
2977 3101
2977 4388
2979 1193
2979 1381
2979 1670
2980 3816
2980 4284
2981 285
2981 640
2981 3239
2981 6037
2984 4913
2985 1139
2987 421
2987 6486
2988 2177
2988 2818
2988 3442
2989 1139
2990 1480
2990 3986
2991 4032
2992 3646
2993 3175
2993 4638
2994 23
2994 786
2995 4979
2996 4551
2997 162
2997 1384
2997 2584
2997 2726
2998 162
2999 987
2999 1779
3001 3028
3001 5948
3002 1330
3002 5144
3002 5454
3004 1534
3004 2304
3005 2222
3005 5198
3008 3971
3009 870
3009 1050
3009 3052
3011 1963
3011 5490
3012 1902
3013 2310
3014 4315
3014 6077
3015 1589
3015 3683
3015 5441
3016 1876
3016 2642
3016 2862
3016 6047
3017 1567
3018 1675
3018 2168
3020 5083
3021 4259
3021 5608
3022 3046
3022 4747
3024 394
3024 2497
3025 2316
3030 3771
3031 2993
3033 3519
3033 6021
3034 2402
3036 2994
3036 5994
3038 525
3038 6109
3039 1131
3039 1915
3039 3777
3039 4409
3040 3422
3041 2396
3041 4855
3042 563
3042 5404
3043 3260
3043 6151
3044 4906
3045 5223
3046 42
3046 6121
3049 2165
3049 3404
3049 3629
3050 3835
3051 2957
3051 3190
3053 3207
3054 182
3054 2501
3056 2384
3056 3771
3057 955
3057 1887
3057 2383
3057 2887
3057 5349
3058 349
3058 5394
3058 5618
3060 2245
3060 4806
3065 1387
3065 1964
3066 4799
3068 5220
3068 5995
3070 1125
3070 5386
3073 3315
3074 3482
3074 6200
3075 2491
3075 4167
3075 6110
3076 192
3077 4409
3078 2833
3080 2945
3080 5697
3081 858
3081 2643
3083 5785
3084 1824
3084 4163
3084 4995
3085 2563
3086 348
3086 2205
3086 6483
3087 3926
3088 628
3088 1558
3088 4467
3089 1784
3089 4494
3090 4043
3090 5016
3092 1361
3094 3012
3094 4722
3094 4960
3095 5253
3097 282
3098 847
3098 2250
3098 2870
3099 354
3100 48
3100 2630
3100 2820
3101 2647
3101 5736
3104 3139
3104 4614
3105 1381
3105 2121
3106 4790
3106 5034
3106 6100
3107 5568
3107 5687
3108 1945
3109 1062
3110 334
3111 1190
3112 3789
3113 543
3113 1118
3113 3969
3113 5430
3114 1041
3114 3158
3114 5995
3116 631
3117 2807
3117 5478
3118 169
3120 2751
3120 6305
3121 4225
3122 3932
3123 5775
3124 2749
3124 4142
3125 697
3125 1934
3126 1596
3126 3917
3126 6192
3129 2122
3129 2674
3129 3042
3129 6065
3130 899
3130 6094
3131 1468
3131 1915
3131 4053
3131 5905
3132 833
3132 1046
3133 2118
3136 4986
3137 1288
3137 1585
3137 5295
3138 1488
3138 5282
3138 5720
3139 5855
3139 6347
3140 377
3140 2817
3140 5927
3141 526
3142 2463
3143 5050
3145 1444
3145 4043
3146 2903
3146 3425
3146 3600
3147 2038
3148 1861
3148 5943
3149 129
3149 3350
3149 3482
3150 4860
3150 4890
3152 2477
3154 5300
3157 1975
3158 484
3158 3215
3159 5184
3160 5412
3161 2638
3161 2947
3161 3553
3163 2386
3163 4059
3163 5438
3164 1077
3164 1780
3165 4506
3165 6245
3166 3725
3167 4101
3167 5177
3167 5512
3167 6273
3167 6430
3168 1299
3169 1663
3169 3518
3170 1083
3170 2373
3172 1009
3172 2771
3172 3544
3172 3953
3174 2097
3174 4588
3175 641
3176 1858
3176 5323
3177 4020
3177 4792
3177 5021
3178 4827
3179 1331
3179 4051
3180 3942
3181 2235
3182 1902
3182 3155
3183 779
3183 3686
3184 4114
3184 4117
3185 650
3186 1886
3190 5193
3190 6242
3192 4390
3194 5816
3195 855
3196 809
3198 4816
3199 590
3199 882
3199 1946
3199 2385
3200 4709
3201 5180
3202 4214
3202 5173
3203 729
3203 2693
3204 1339
3204 2908
3204 6075
3205 2301
3206 3888
3206 5961
3208 962
3209 61
3211 4553
3211 5807
3212 1646
3213 2933
3214 5410
3215 2197
3215 4715
3216 114
3216 939
3217 4973
3218 1998
3218 2659
3219 5656
3220 221
3220 4468
3222 1177
3222 3673
3222 3910
3223 2699
3223 5724
3224 4851
3224 6297
3225 363
3225 2953
3225 3170
3226 3670
3226 4008
3226 4406
3226 5265
3227 2058
3228 153
3229 2980
3230 1803
3231 2099
3231 5194
3234 1795
3234 5123
3234 5577
3235 145
3235 3291
3236 2314
3237 1803
3237 3990
3238 2510
3238 6108
3239 20
3240 2157
3241 416
3241 1866
3241 2115
3241 6068
3242 4589
3242 5746
3243 590
3243 5119
3243 6219
3245 3770
3246 407
3246 3302
3246 4207
3248 1032
3248 2321
3249 2598
3249 3503
3249 4505
3250 318
3252 4306
3254 3139
3254 3887
3255 1613
3256 2999
3257 2265
3257 2400
3257 4394
3258 4991
3259 4205
3259 5987
3260 1784
3261 4585
3262 3106
3262 5369
3263 2306
3263 5739
3263 5951
3263 6030
3264 4570
3265 1987
3265 5456
3266 2148
3267 3456
3267 4115
3268 3226
3268 3447
3268 3577
3269 4731
3270 2297
3270 3437
3272 2014
3272 5556
3274 1044
3274 2711
3274 3663
3274 4843
3275 1166
3278 5120
3278 6216
3281 1483
3283 928
3283 2304
3283 4311
3284 207
3284 3420
3286 2644
3287 1909
3287 3054
3290 3926
3290 6060
3291 1602
3291 2889
3292 5742
3293 163
3293 5744
3293 5809
3296 1370
3296 5045
3297 5076
3297 5909
3298 1915
3298 3029
3299 4866
3300 3003
3303 4757
3305 325
3306 1804
3306 2230
3307 3090
3308 213
3309 425
3309 710
3309 2890
3309 4583
3310 96
3310 3518
3310 4083
3310 4443
3311 5035
3312 1727
3313 4188
3313 6428
3315 244
3315 3108
3315 5912
3316 705
3316 2090
3316 3152
3317 432
3319 4603
3319 4903
3320 3277
3320 4809
3321 4952
3321 6232
3323 3316
3324 4385
3324 5581
3325 897
3326 926
3326 4728
3327 2045
3327 6249
3328 2122
3328 2630
3328 3104
3328 5890
3330 369
3330 2621
3331 2209
3332 437
3332 562
3332 2403
3332 5434
3332 5525
3335 379
3335 1019
3336 4666
3336 6221
3339 4153
3340 4227
3341 787
3342 163
3342 1272
3342 3679
3342 4412
3342 5507
3343 2568
3343 4297
3343 6051
3344 2789
3344 5839
3345 1109
3347 1201
3347 1482
3347 5518
3349 3591
3349 4525
3349 5957
3351 2150
3352 224
3352 2635
3353 6151
3354 5078
3355 3053
3355 4264
3356 2712
3358 758
3360 161
3360 473
3360 4424
3363 2845
3364 2306
3364 3607
3365 3897
3366 2432
3367 560
3367 2832
3369 3279
3369 5494
3370 1506
3370 3676
3370 4679
3370 5278
3371 5582
3372 6075
3372 6417
3373 2044
3373 5214
3374 1002
3375 920
3375 1692
3375 4987
3376 493
3376 3285
3378 591
3378 6279
3378 6473
3379 4857
3379 5002
3379 5963
3380 1942
3380 2788
3381 4721
3381 5047
3381 5549
3382 1759
3382 5116
3385 64
3386 5743
3387 1797
3388 594
3389 4236
3390 1809
3393 1004
3395 1975
3396 3596
3396 4552
3396 5874
3398 728
3398 1906
3399 16
3399 1333
3400 1601
3400 2647
3400 3107
3402 2082
3403 1686
3406 3154
3406 4918
3407 2047
3407 5011
3408 4567
3409 1235
3410 1231
3410 1979
3410 2146
3410 3455
3410 4834
3411 587
3412 1560
3414 3987
3415 6336
3417 4145
3419 957
3421 2481
3421 4771
3422 1614
3422 2008
3422 4128
3423 4084
3424 603
3424 605
3425 2118
3425 6282
3426 5672
3427 5
3427 1925
3427 2053
3428 3527
3429 2249
3429 5512
3430 5087
3430 5504
3431 6294
3432 3566
3432 3793
3433 743
3433 4737
3434 140
3434 5907
3434 6180
3436 3852
3440 6150
3441 3637
3441 6347
3443 331
3443 1672
3443 4702
3444 1641
3444 2821
3445 1297
3445 5119
3446 1612
3446 3512
3447 5139
3448 3900
3448 4033
3450 4946
3451 1858
3451 6249
3452 2287
3453 4248
3453 5169
3454 988
3454 2068
3454 3972
3454 4980
3455 2593
3456 454
3456 3617
3459 5994
3461 2591
3461 3181
3461 3328
3462 4140
3462 5998
3462 6277
3463 1060
3463 1727
3463 4754
3463 5857
3466 1003
3466 2464
3466 6449
3467 381
3467 6045
3468 2973
3470 2334
3470 6460
3471 666
3471 3397
3475 1474
3475 3426
3476 5659
3477 3799
3478 3553
3479 586
3479 4589
3480 251
3480 4300
3481 781
3482 3796
3483 106
3483 3187
3483 3931
3486 4770
3486 6356
3487 1170
3487 3232
3487 4399
3488 4122
3489 5335
3491 4162
3491 4165
3497 4737
3499 3737
3499 4253
3500 4319
3500 5027
3501 228
3501 1122
3501 2078
3503 2771
3503 4210
3504 3300
3505 4058
3506 4202
3506 5970
3507 1494
3508 1712
3508 4100
3509 2996
3509 4435
3510 969
3510 3323
3512 245
3514 4521
3516 3166
3518 338
3518 5888
3519 201
3519 2230
3520 3358
3520 3583
3520 4741
3522 1083
3522 3880
3522 5937
3522 6363
3523 711
3523 5006
3524 3522
3524 4227
3525 3860
3526 1651
3528 2136
3528 3038
3529 2795
3529 6192
3530 2736
3530 5029
3531 4306
3532 2994
3533 432
3534 2377
3535 3713
3536 3507
3536 4665
3537 3242
3539 277
3539 369
3539 1526
3539 3827
3541 2406
3543 5656
3544 1968
3546 3963
3546 6440
3547 1354
3547 5276
3548 5098
3549 535
3550 5029
3552 3529
3553 3918
3554 6132
3555 3445
3555 5235
3556 939
3557 4125
3557 5476
3558 1389
3558 2701
3558 6296
3559 5300
3560 455
3560 5133
3561 1885
3561 5568
3561 6463
3563 5154
3564 3905
3564 5115
3565 5880
3566 913
3566 5450
3567 3723
3567 6012
3568 188
3568 3669
3570 4815
3570 5021
3571 285
3571 3546
3572 1369
3572 2779
3573 6030
3574 620
3574 2017

