9715 2291 970
1 1
17 373
23 1880
32 246
34 1044
34 1586
48 861
68 553
99 2002
131 1668
136 2021
158 1896
158 1974
168 1199
175 19
178 1021
189 1533
197 2256
202 2017
208 1858
217 1056
239 811
270 2014
279 699
280 1845
285 1302
290 1932
292 364
299 1456
300 2282
319 381
325 939
333 2217
338 2163
343 2032
344 1017
379 623
385 494
396 437
396 1432
420 94
422 148
444 837
461 1049
467 1578
481 1051
483 884
498 1572
499 1129
506 1970
508 1793
514 713
536 689
556 711
560 1806
577 1782
595 1053
597 1492
638 220
645 2108
676 1712
687 1534
700 813
714 2262
715 1718
716 504
726 1209
752 586
752 2167
757 2043
762 990
791 978
809 1891
833 1683
838 2135
842 1308
854 2088
858 2126
864 853
868 796
868 1940
883 1285
916 1470
943 802
943 1549
947 1145
953 482
967 2291
973 704
989 568
1000 461
1009 1635
1032 535
1032 1772
1047 4
1050 920
1058 633
1086 1892
1099 77
1110 491
1111 1505
1114 1874
1115 726
1121 438
1124 1148
1127 1319
1133 1757
1135 688
1139 1007
1147 1329
1168 1700
1189 2086
1191 1
1196 734
1203 202
1214 485
1216 61
1227 1416
1242 1901
1253 2071
1256 1993
1258 1021
1264 2280
1270 1034
1276 1515
1284 1648
1288 1301
1303 1639
1315 131
1339 399
1341 657
1346 2006
1351 2222
1352 268
1361 1124
1364 1541
1370 1696
1383 314
1397 2214
1432 437
1432 2225
1435 2186
1438 1044
1453 1147
1460 261
1469 1655
1479 1106
1482 822
1509 19
1527 1837
1529 613
1536 1530
1544 1903
1550 69
1550 1756
1558 416
1560 178
1580 735
1582 479
1597 1497
1624 1611
1631 49
1655 2278
1669 1837
1678 1103
1683 785
1685 210
1692 1227
1700 1815
1704 1
1704 1593
1718 1315
1773 2095
1774 660
1780 237
1817 85
1828 1155
1838 1841
1841 1191
1843 1722
1845 260
1858 1085
1859 2080
1861 406
1874 368
1893 1763
1900 1660
1908 253
1948 67
1963 2149
1979 2284
1982 1876
2006 620
2016 1158
2020 1950
2028 29
2032 1972
2047 2020
2054 540
2056 752
2057 1369
2096 345
2099 1072
2109 80
2124 1199
2133 98
2144 1975
2172 2106
2175 1060
2179 2283
2203 1722
2209 1431
2212 1815
2213 231
2226 949
2233 662
2268 428
2268 1500
2294 1312
2297 1314
2306 881
2311 469
2315 906
2318 454
2334 1651
2346 707
2347 687
2349 1941
2365 1553
2370 1801
2376 1179
2414 1151
2425 2178
2437 1836
2450 1550
2455 1472
2456 407
2477 1263
2477 1442
2498 1398
2505 2023
2548 378
2576 846
2577 2250
2585 2125
2589 2047
2591 2234
2593 2043
2601 2080
2642 1274
2649 209
2654 7
2668 371
2672 337
2702 1106
2714 1596
2728 2153
2731 32
2749 729
2750 1430
2752 1491
2760 2041
2763 1420
2766 1815
2775 2148
2841 1084
2845 1959
2883 312
2886 115
2896 2115
2917 1084
2939 1857
2949 1774
2952 1138
2974 1654
2981 714
2985 688
2991 2163
2992 853
3005 1281
3039 73
3040 294
3043 1572
3066 1824
3096 1119
3104 2228
3112 541
3137 1961
3156 1263
3156 1498
3176 2127
3198 1795
3203 311
3204 2251
3210 1727
3228 860
3233 1272
3243 1808
3276 1876
3289 1608
3290 797
3317 744
3321 2275
3335 895
3346 435
3346 2072
3346 2129
3358 1006
3369 1237
3369 2124
3387 1698
3400 279
3414 1729
3417 2143
3433 1605
3440 83
3446 944
3458 2031
3472 316
3483 202
3486 1628
3492 892
3495 1172
3498 326
3505 2139
3537 1354
3537 1915
3556 254
3560 784
3563 1902
3567 206
3572 840
3573 230
3601 133
3605 355
3630 782
3641 1335
3642 2162
3651 62
3655 1920
3663 516
3672 795
3679 1202
3693 1888
3724 345
3726 1752
3735 1981
3738 386
3744 1863
3764 440
3779 1919
3791 1908
3795 293
3820 137
3823 1446
3853 590
3884 1239
3890 2063
3893 2123
3904 1544
3907 1701
3908 1917
3916 2020
3924 1119
3938 1875
3957 1077
3958 2128
4009 1946
4024 196
4036 1295
4046 169
4052 597
4061 683
4078 1297
4078 2261
4094 889
4102 878
4117 778
4117 1613
4121 1822
4125 640
4137 2156
4153 128
4156 1323
4158 210
4176 462
4182 153
4183 1432
4202 377
4227 973
4235 1244
4249 582
4258 1815
4262 931
4262 1481
4263 1184
4289 337
4298 1205
4306 1601
4313 739
4315 563
4322 1655
4328 1543
4334 796
4347 657
4375 558
4400 1863
4407 894
4428 2207
4446 1354
4449 521
4454 1592
4478 471
4478 1862
4487 128
4487 384
4488 271
4491 890
4511 1856
4514 861
4516 912
4517 1626
4521 1937
4524 767
4530 1251
4539 1149
4565 1032
4567 601
4569 1940
4570 1075
4585 109
4588 1156
4617 1403
4628 914
4636 329
4656 788
4667 1878
4670 724
4678 1993
4679 1715
4688 788
4693 179
4701 1187
4702 123
4703 263
4708 1434
4712 790
4732 94
4741 66
4770 125
4778 1356
4781 1084
4783 96
4783 2148
4807 1691
4810 1487
4820 626
4826 1278
4829 2047
4833 483
4836 860
4853 2173
4855 118
4865 1021
4875 242
4897 903
4907 288
4942 899
4952 682
4963 574
4968 1540
4981 164
4996 459
5005 1287
5009 5
5014 615
5016 1751
5020 1178
5024 1401
5034 1907
5037 151
5065 1338
5085 973
5103 661
5109 1245
5110 1454
5121 1689
5127 471
5136 291
5149 930
5151 550
5163 2139
5175 281
5184 1436
5188 837
5190 1386
5206 2180
5208 1643
5217 171
5218 186
5225 2241
5229 1160
5250 1491
5269 272
5317 1174
5323 81
5337 1288
5349 616
5381 1399
5397 1727
5407 1795
5410 2030
5432 1434
5433 2243
5437 2003
5446 1727
5453 2044
5471 1854
5479 486
5499 1086
5545 1798
5555 173
5560 1704
5567 614
5571 573
5583 469
5584 1651
5585 1249
5612 1034
5619 2225
5621 1281
5640 1959
5654 98
5665 849
5678 2221
5684 1760
5713 268
5723 1547
5725 1011
5727 797
5734 378
5753 1745
5761 622
5761 1347
5774 887
5776 130
5785 393
5800 2211
5803 769
5809 1399
5819 1462
5823 1238
5834 2253
5854 330
5888 884
5889 981
5898 1557
5939 1412
5941 1814
5951 1357
5952 1162
5967 335
5971 1665
5976 493
5978 2239
5988 1222
5993 445
6002 809
6004 2234
6006 214
6013 1339
6015 2027
6036 1460
6040 460
6056 731
6067 1405
6068 480
6071 1785
6074 1464
6097 521
6097 1217
6099 1927
6120 1787
6139 986
6142 866
6153 2050
6164 537
6170 1655
6171 1495
6184 1677
6206 490
6206 2260
6214 786
6225 1075
6228 909
6230 1074
6232 27
6244 2137
6257 1429
6269 2266
6276 1203
6298 1467
6299 1377
6306 412
6308 803
6332 431
6333 635
6353 1866
6362 1943
6368 81
6393 452
6400 687
6413 1473
6422 1595
6425 1725
6427 1843
6434 2266
6448 441
6452 1536
6464 40
6465 1388
6489 246
6519 634
6522 656
6543 405
6550 113
6558 863
6565 923
6568 1185
6569 1441
6576 522
6578 1058
6581 1428
6606 558
6612 1334
6614 29
6617 763
6624 837
6634 2151
6648 2114
6650 216
6674 1177
6737 191
6738 741
6742 912
6771 1471
6778 1025
6792 1707
6800 892
6802 405
6817 774
6844 2068
6858 34
6878 165
6880 848
6880 1609
6889 1573
6891 127
6895 704
6906 187
6913 2144
6920 772
6923 235
6948 924
6948 929
6952 146
6992 1606
7017 258
7030 1887
7036 662
7037 1075
7043 2210
7049 1616
7067 392
7068 133
7080 45
7085 1545
7092 488
7122 1245
7125 1191
7145 66
7146 1608
7154 218
7166 410
7167 19
7173 26
7177 1823
7185 606
7207 1095
7208 697
7220 1402
7227 1573
7241 312
7244 2032
7245 845
7253 1109
7276 2244
7282 1626
7290 1150
7297 2026
7301 1241
7306 2049
7344 233
7346 146
7348 164
7354 1708
7376 249
7380 1510
7395 776
7424 23
7443 1417
7453 1648
7453 1985
7469 1080
7471 240
7482 364
7484 2183
7517 1411
7523 292
7524 1636
7527 1311
7530 722
7543 341
7559 800
7562 360
7567 1199
7574 1239
7576 1308
7595 1199
7603 253
7605 1680
7606 1563
7614 1242
7634 534
7644 349
7645 592
7649 489
7653 1923
7670 167
7674 2156
7682 842
7688 1160
7694 1272
7698 963
7727 711
7729 561
7730 2064
7733 1461
7734 943
7736 604
7740 1817
7769 362
7772 431
7778 402
7785 1371
7786 524
7790 83
7800 1607
7805 526
7823 1824
7829 114
7834 1226
7845 907
7850 1332
7859 1350
7860 2143
7864 828
7879 117
7891 1829
7899 1377
7908 645
7911 554
7928 186
7936 643
7941 113
7952 2140
7957 1258
7969 675
7986 1829
7997 1020
8005 1002
8008 561
8009 1663
8028 1679
8035 983
8039 1985
8043 102
8051 1904
8055 1377
8062 492
8062 1623
8064 460
8071 599
8082 228
8082 1443
8099 129
8100 1775
8101 223
8121 1373
8126 2186
8146 1475
8154 27
8181 1191
8184 375
8228 646
8261 677
8265 1001
8273 1413
8274 1418
8285 1735
8289 273
8290 172
8298 862
8315 80
8317 1513
8326 1795
8327 1098
8330 199
8339 1158
8346 1019
8355 1514
8371 966
8372 2004
8374 9
8375 2258
8387 1012
8393 1201
8397 126
8406 971
8432 337
8434 62
8443 343
8459 35
8481 139
8489 35
8532 1794
8544 55
8548 824
8549 33
8554 1834
8556 100
8561 1127
8563 652
8567 1653
8572 276
8572 1274
8578 186
8584 1264
8596 2247
8607 1657
8618 1452
8621 2122
8622 1720
8637 1744
8638 1664
8642 1200
8654 1621
8673 912
8674 1798
8686 916
8694 259
8696 1649
8698 630
8702 380
8709 515
8726 1433
8726 1847
8750 674
8751 2255
8795 1629
8809 1495
8813 1997
8818 1319
8830 2162
8837 28
8842 1616
8867 651
8872 1336
8887 114
8900 194
8900 1110
8900 1346
8925 161
8939 1767
8943 890
8943 2139
8945 109
8948 2019
8953 943
8962 844
8962 1693
8965 146
8966 86
8968 957
8968 1705
8972 1585
8981 1254
8982 2210
8987 909
8992 301
8995 1529
8997 1030
8998 507
9011 338
9021 2200
9025 760
9047 1640
9051 1064
9057 401
9061 1790
9081 1432
9094 1345
9098 446
9103 652
9114 782
9124 652
9139 1649
9146 1550
9148 371
9170 1026
9186 1340
9190 1551
9191 1307
9201 2121
9223 865
9242 1632
9243 2182
9277 704
9296 2112
9306 605
9306 1298
9310 678
9312 41
9312 1221
9346 1017
9396 1120
9406 963
9411 643
9419 1650
9420 883
9425 868
9449 1741
9451 1326
9456 2157
9458 1970
9464 1711
9481 979
9481 2099
9496 660
9509 1349
9534 988
9537 959
9554 771
9572 1920
9583 2091
9603 234
9604 432
9604 625
9605 919
9612 2238
9618 315
9630 733
9654 926
9665 1023
9668 2091
9671 772
9676 1031
9694 365
9706 1224
9712 425

