7065 1874 1899
1 1
1 412
4 879
7 1148
10 1291
12 729
15 1810
17 408
20 93
23 696
28 757
32 455
35 556
35 726
39 1097
47 374
51 1195
57 20
59 385
85 1035
91 1770
92 1036
109 1337
110 483
114 1164
115 54
125 135
129 1547
133 630
133 933
139 1232
140 231
142 112
155 908
156 1667
163 1803
167 397
170 635
173 151
173 297
180 15
181 1338
188 735
193 1633
203 581
205 618
207 822
209 294
215 434
216 497
223 96
227 1429
229 147
233 378
236 380
244 1474
246 215
246 1627
250 808
251 561
254 948
261 798
273 370
275 438
276 665
277 1553
278 1425
280 1248
285 1062
288 1329
290 1045
293 1323
297 1775
299 143
307 525
308 988
311 848
314 1750
318 1465
326 1269
327 350
329 277
331 1113
335 1295
338 564
339 238
343 1185
358 185
360 721
368 253
370 214
371 950
371 1475
372 997
372 1283
379 411
380 1203
383 1581
384 248
392 292
395 190
395 361
405 1319
406 1472
407 835
410 992
411 428
412 1306
414 1123
415 1489
420 240
421 339
427 1318
429 883
431 1060
442 1703
455 1061
460 1149
466 1683
467 741
468 722
469 655
469 1080
477 1179
485 430
486 1304
486 1308
489 408
498 944
504 96
504 942
518 923
520 675
527 139
532 4
538 197
545 1075
546 863
547 26
554 754
561 470
565 1628
566 857
567 1185
570 336
572 723
573 1080
575 1585
583 1631
584 1014
587 1176
594 1339
597 248
599 1271
601 383
605 155
610 478
610 603
611 1729
614 1310
616 385
634 1019
635 1540
636 1129
636 1203
638 632
644 1678
645 1432
647 1619
665 1353
665 1850
670 1401
681 668
683 1019
684 375
686 605
691 502
696 376
698 410
698 1205
702 446
708 1001
709 214
710 483
715 463
718 190
721 1585
723 135
724 565
730 912
736 1263
743 1045
743 1439
749 1692
751 271
754 12
760 1439
770 1507
771 6
774 1047
776 828
783 1489
785 703
785 970
791 1102
796 594
796 879
809 447
811 1162
813 498
821 1321
830 601
836 1719
838 216
839 405
844 829
844 1719
858 883
862 1872
871 195
876 578
882 1303
882 1346
883 1350
887 260
889 1693
891 1103
894 575
897 367
904 979
905 1848
906 1612
908 306
909 1844
927 93
933 1852
940 1495
949 1842
952 1726
954 1504
973 639
975 630
981 1599
992 1102
993 1642
996 1857
1005 1189
1006 1455
1007 116
1011 1369
1011 1829
1017 1152
1018 53
1019 680
1020 945
1021 583
1024 847
1037 806
1041 1466
1044 369
1046 874
1065 539
1068 118
1075 547
1079 1070
1084 72
1091 41
1104 935
1107 1079
1109 1246
1114 426
1122 1357
1126 917
1131 1242
1131 1643
1137 1717
1139 1607
1141 670
1143 878
1145 735
1148 1611
1151 908
1156 708
1156 1149
1158 62
1168 79
1179 153
1188 472
1192 1319
1195 1205
1199 1053
1209 873
1213 956
1218 922
1220 587
1222 1669
1223 1620
1230 1108
1235 1221
1246 294
1249 1108
1250 1015
1250 1708
1252 1245
1256 100
1258 12
1262 363
1263 1708
1264 393
1274 863
1283 253
1295 128
1296 938
1300 1012
1308 276
1315 345
1321 893
1324 780
1324 1728
1326 955
1335 918
1336 792
1337 88
1339 59
1343 133
1353 994
1367 1675
1383 1678
1387 586
1388 778
1388 1238
1393 784
1403 232
1413 936
1415 489
1425 415
1428 1411
1432 1703
1435 192
1437 866
1439 1865
1440 1554
1441 1395
1443 538
1447 152
1451 668
1456 1466
1461 828
1469 319
1469 537
1469 1544
1474 502
1481 1054
1488 1253
1493 1694
1513 503
1514 1836
1515 811
1515 1097
1517 1738
1519 1391
1521 1461
1525 785
1526 916
1529 93
1530 842
1530 1259
1531 80
1541 688
1544 585
1553 732
1562 510
1569 1585
1571 55
1582 1092
1583 1603
1587 597
1587 1449
1592 275
1592 570
1594 690
1604 700
1606 333
1608 1154
1609 176
1616 1583
1621 1659
1623 696
1625 1471
1635 163
1640 726
1654 1575
1661 1679
1662 1407
1662 1799
1669 1336
1671 189
1671 405
1673 892
1675 516
1678 1023
1682 1452
1684 345
1686 24
1687 1071
1696 168
1700 1451
1701 1580
1705 1470
1706 966
1710 670
1712 1674
1725 1396
1725 1491
1731 1603
1738 277
1739 1794
1741 1008
1743 163
1745 840
1746 1820
1749 801
1751 1658
1756 1659
1769 986
1772 1561
1773 687
1787 1347
1789 738
1792 842
1799 583
1799 1634
1809 1101
1809 1266
1814 985
1822 977
1832 1237
1837 1481
1844 1670
1851 1507
1855 876
1858 1493
1864 994
1867 1262
1873 28
1878 141
1878 1420
1881 185
1887 609
1892 6
1895 1113
1897 1178
1905 1462
1910 819
1914 759
1914 1712
1916 1076
1917 466
1920 1795
1923 1162
1936 208
1941 1191
1942 484
1943 1690
1950 1508
1958 959
1960 326
1961 189
1976 1430
1976 1550
1978 13
1980 430
1987 1623
1995 441
1996 1566
1997 843
1997 1125
2006 1584
2010 94
2012 139
2015 192
2017 1685
2020 1485
2025 1661
2027 1504
2033 933
2036 374
2041 1288
2044 1465
2057 814
2069 900
2071 1616
2074 634
2077 982
2084 720
2088 1452
2089 1345
2096 748
2105 1681
2109 21
2114 1340
2114 1694
2114 1746
2117 1084
2120 646
2122 1555
2139 1439
2156 262
2156 268
2157 522
2157 561
2165 855
2173 293
2181 1315
2183 860
2183 1710
2186 49
2186 1858
2191 559
2196 318
2197 994
2210 1594
2212 1298
2215 696
2216 609
2219 996
2219 1250
2220 1147
2221 395
2222 338
2229 818
2235 3
2238 656
2239 604
2243 147
2250 1097
2260 1588
2265 685
2265 1305
2269 670
2272 673
2276 1748
2278 1488
2286 361
2297 1232
2299 430
2299 934
2300 763
2308 771
2313 1418
2321 1344
2322 238
2324 606
2325 1818
2327 569
2337 1789
2347 1041
2354 692
2356 1761
2358 822
2358 1499
2363 184
2367 1134
2367 1689
2369 502
2372 390
2372 695
2373 856
2375 1474
2375 1704
2379 1761
2380 118
2380 951
2380 1205
2384 1420
2388 811
2391 1246
2393 774
2396 912
2413 1797
2414 1296
2416 1420
2419 1208
2420 1459
2423 126
2423 164
2426 981
2429 803
2429 1669
2433 393
2434 893
2440 1163
2440 1813
2444 1417
2447 926
2448 1274
2449 1664
2459 689
2462 407
2466 255
2467 1810
2470 1367
2474 144
2476 1659
2480 1250
2485 695
2488 1585
2493 1565
2499 1377
2500 1029
2503 1562
2514 786
2520 1668
2523 68
2527 289
2531 853
2532 136
2535 1708
2537 208
2540 171
2546 385
2552 262
2554 1383
2556 742
2556 1169
2556 1308
2557 656
2560 1096
2560 1347
2565 1149
2578 1532
2581 1334
2582 425
2582 1455
2586 691
2586 960
2587 390
2588 876
2588 1707
2592 711
2602 811
2622 1775
2628 800
2634 97
2634 496
2638 162
2639 631
2663 729
2664 1131
2666 1141
2669 542
2673 849
2674 573
2676 1049
2678 1638
2680 1805
2683 1857
2699 774
2700 366
2710 1511
2710 1714
2713 1173
2717 359
2720 1686
2721 1365
2723 1110
2723 1148
2732 1812
2733 269
2734 100
2737 622
2738 1448
2744 1454
2744 1867
2746 1001
2746 1636
2749 1013
2751 908
2760 249
2777 264
2780 1218
2780 1431
2780 1459
2787 1433
2794 1699
2797 148
2798 624
2800 804
2801 928
2804 548
2804 1014
2806 1475
2809 322
2811 675
2811 1395
2814 1539
2816 1193
2824 659
2827 632
2827 1717
2832 124
2832 196
2836 377
2847 636
2850 1078
2859 942
2865 1717
2866 1797
2870 1088
2874 1145
2882 760
2894 329
2912 608
2912 862
2918 1145
2919 1262
2928 772
2931 1110
2932 1874
2934 1307
2937 631
2938 1745
2945 1699
2951 1580
2955 1156
2955 1374
2957 635
2959 1471
2960 291
2973 314
2976 579
2980 402
2981 1214
2983 1847
2989 597
2994 1563
3000 20
3004 512
3009 1490
3010 1563
3018 1742
3020 539
3024 1563
3026 1663
3028 1626
3037 502
3040 1670
3041 389
3047 1296
3049 1350
3055 957
3060 1866
3061 1326
3067 1735
3071 102
3072 905
3076 560
3077 894
3077 909
3077 1297
3079 1198
3084 799
3085 17
3092 1106
3100 314
3110 976
3112 225
3116 1810
3117 205
3120 1725
3129 336
3135 329
3137 1281
3142 1579
3149 1638
3159 219
3163 826
3166 445
3166 1838
3171 778
3171 1501
3174 1527
3174 1667
3177 1130
3178 938
3185 1022
3187 1470
3188 902
3189 1399
3196 579
3204 890
3205 84
3208 1397
3210 80
3210 1553
3211 403
3212 475
3217 547
3221 1452
3224 66
3225 1225
3226 1603
3239 1048
3243 445
3245 76
3245 896
3257 1330
3273 283
3275 723
3276 691
3276 1586
3277 1071
3280 1091
3281 871
3285 551
3292 1407
3298 58
3301 343
3304 831
3309 311
3309 352
3309 829
3309 1384
3314 1816
3319 1037
3319 1491
3329 183
3347 780
3350 1586
3354 688
3356 1361
3357 222
3358 1714
3361 627
3366 202
3366 487
3384 1131
3385 216
3387 133
3389 1403
3391 169
3395 367
3400 602
3402 1642
3404 1483
3409 916
3420 1454
3435 853
3437 95
3442 639
3443 1436
3444 75
3447 1431
3456 1839
3464 67
3466 781
3471 53
3472 1024
3474 585
3477 1589
3479 1509
3480 1399
3498 34
3500 1515
3505 1686
3506 168
3511 595
3518 1525
3532 902
3532 1349
3533 207
3535 1610
3537 532
3538 1510
3543 1616
3547 1709
3549 343
3552 1127
3553 989
3558 1462
3559 123
3563 1137
3569 1209
3570 448
3573 368
3573 1772
3581 40
3583 674
3583 685
3585 106
3585 587
3585 1210
3591 761
3593 1000
3603 1608
3603 1728
3608 1145
3609 1056
3610 501
3622 598
3622 1618
3625 1736
3626 662
3637 823
3638 1117
3639 1725
3641 1719
3647 1625
3651 448
3653 1420
3654 895
3662 1099
3665 742
3667 1367
3672 627
3672 995
3672 1070
3672 1326
3673 352
3675 1217
3675 1669
3676 1372
3680 1304
3682 20
3689 630
3691 373
3696 332
3696 454
3696 1083
3696 1724
3702 514
3706 511
3708 206
3709 276
3709 474
3713 130
3714 847
3716 1606
3717 476
3719 1334
3720 998
3726 1286
3729 970
3731 942
3733 251
3733 1015
3733 1537
3734 1057
3735 57
3741 1169
3744 140
3744 1712
3745 27
3745 592
3749 1260
3750 1245
3755 723
3762 35
3763 298
3768 248
3769 1347
3771 1834
3777 1740
3779 868
3783 1399
3785 1386
3786 1064
3788 1743
3790 128
3797 7
3797 672
3799 1865
3804 1510
3805 737
3807 948
3809 1521
3816 1421
3818 946
3825 1043
3826 830
3830 780
3831 1823
3834 1852
3842 49
3849 1284
3863 1597
3867 837
3867 1455
3868 1426
3869 613
3876 868
3876 996
3879 704
3883 1394
3883 1644
3884 440
3887 1443
3891 529
3893 303
3902 1852
3903 1028
3908 1376
3910 493
3910 772
3920 863
3920 1423
3925 885
3929 1296
3937 568
3937 1015
3960 649
3962 243
3962 604
3962 1331
3969 544
3971 1517
3972 589
3972 992
3975 814
3980 465
3981 1327
3990 1016
3997 746
3998 99
4005 1450
4013 640
4014 1065
4016 1530
4018 1666
4019 9
4020 1737
4022 731
4025 761
4025 1783
4036 1228
4037 1284
4041 1358
4044 1767
4048 257
4052 432
4055 746
4058 178
4061 30
4063 1326
4072 606
4075 1353
4087 150
4090 1321
4094 1325
4095 570
4105 225
4111 854
4111 988
4118 1517
4119 848
4119 1834
4120 1424
4120 1595
4121 1339
4124 28
4129 536
4132 221
4139 1006
4139 1212
4141 194
4141 404
4154 491
4162 1064
4179 1519
4185 430
4186 1044
4187 142
4189 676
4195 78
4197 898
4201 741
4202 741
4206 1346
4216 1243
4216 1326
4222 1461
4224 396
4224 819
4226 1196
4227 1295
4228 1003
4229 1056
4230 1571
4231 59
4233 533
4235 1779
4238 283
4242 731
4245 1558
4248 417
4252 1803
4253 335
4257 1035
4259 1670
4261 1496
4262 1246
4276 1310
4286 21
4287 148
4287 392
4289 626
4291 1638
4301 337
4306 1665
4307 1509
4309 511
4311 1849
4314 612
4314 693
4314 902
4326 605
4326 905
4329 806
4330 164
4330 535
4332 746
4336 624
4337 1454
4348 645
4354 1637
4355 815
4355 1030
4356 1313
4364 1323
4365 138
4365 283
4366 601
4367 333
4368 425
4375 1832
4376 1113
4377 1024
4379 594
4384 1448
4396 706
4402 1330
4404 582
4404 738
4424 891
4426 685
4429 782
4429 1676
4430 516
4432 1051
4434 333
4437 110
4437 311
4438 835
4444 1217
4445 10
4445 1722
4449 1568
4450 806
4455 957
4456 676
4456 1693
4458 937
4459 1660
4463 1707
4478 200
4479 1588
4491 427
4493 461
4494 351
4496 1725
4506 246
4506 1871
4509 1800
4516 600
4516 1817
4520 1727
4524 203
4526 790
4530 1385
4535 238
4537 1138
4545 198
4548 555
4548 1427
4552 127
4552 1381
4560 551
4576 1424
4577 1489
4578 1617
4581 553
4589 924
4590 863
4596 834
4597 614
4602 94
4605 1605
4608 683
4611 919
4611 1000
4614 444
4614 477
4614 483
4616 1725
4618 1299
4625 1315
4627 208
4627 815
4630 160
4631 1852
4635 839
4638 1465
4641 272
4658 1102
4665 407
4668 1717
4671 1789
4672 1023
4674 769
4686 1157
4694 607
4696 841
4701 1525
4702 1704
4705 263
4705 345
4705 1363
4708 1143
4710 1856
4719 1577
4723 1040
4724 420
4727 79
4728 929
4737 911
4745 1571
4747 352
4749 463
4751 1085
4754 515
4760 1283
4763 538
4776 1757
4779 578
4781 1428
4785 1846
4797 178
4803 1568
4806 975
4807 251
4808 730
4808 1022
4808 1692
4810 1517
4817 957
4824 152
4825 1781
4830 1014
4843 1685
4846 774
4847 698
4847 1250
4859 1820
4860 506
4860 781
4861 95
4862 563
4863 1226
4871 1384
4872 1084
4880 824
4882 185
4888 933
4889 356
4892 320
4892 699
4900 440
4903 1541
4904 189
4907 411
4910 1203
4916 1131
4918 156
4926 995
4927 1236
4931 568
4931 1078
4938 168
4940 244
4948 414
4949 829
4954 1011
4960 1611
4961 219
4962 185
4962 419
4968 1653
4976 58
4977 1254
4977 1647
4978 1032
4980 226
4980 314
4981 980
4982 311
4988 354
4992 1679
4995 420
5005 1592
5008 1349
5014 777
5014 1430
5015 999
5021 1712
5022 1725
5026 35
5032 561
5038 1639
5040 378
5042 350
5044 1640
5051 766
5061 508
5062 1018
5063 816
5064 1772
5066 138
5076 928
5077 431
5077 1361
5078 294
5080 761
5089 1090
5095 1538
5096 854
5103 1276
5104 146
5110 1094
5111 675
5113 1099
5120 1754
5121 1001
5126 1539
5127 1624
5131 1097
5142 1788
5147 749
5151 106
5154 822
5156 319
5158 429
5158 1637
5161 1324
5163 460
5165 1030
5174 1450
5175 285
5175 1049
5178 1093
5182 801
5187 1016
5187 1237
5188 1330
5192 679
5196 873
5197 1539
5202 1246
5205 670
5206 442
5216 214
5220 651
5220 1234
5221 554
5229 346
5230 418
5230 1400
5232 311
5232 995
5235 243
5235 1353
5237 854
5240 608
5255 529
5258 396
5263 1643
5264 682
5268 1701
5274 1018
5274 1363
5275 1471
5280 339
5280 1309
5281 1850
5290 631
5291 351
5296 684
5300 1850
5304 897
5309 1005
5315 702
5324 919
5324 1573
5325 1328
5332 1192
5333 740
5333 1241
5338 1076
5338 1851
5339 1380
5343 622
5345 752
5349 1346
5364 211
5366 1042
5376 413
5380 1485
5382 1495
5384 305
5385 331
5388 165
5391 1612
5394 1402
5397 187
5398 994
5400 385
5404 256
5408 518
5411 477
5416 66
5417 471
5419 1714
5421 1628
5426 116
5435 1425
5436 369
5439 424
5439 905
5450 1856
5455 560
5471 558
5476 989
5476 1806
5478 805
5479 1666
5483 152
5486 427
5486 733
5495 51
5496 1104
5499 590
5501 191
5501 1297
5504 1051
5506 897
5525 290
5525 1767
5530 1852
5531 1828
5532 257
5535 1300
5538 123
5540 20
5543 457
5543 670
5551 188
5552 360
5554 503
5558 903
5559 1833
5569 518
5570 325
5578 1675
5581 159
5581 1385
5583 1432
5586 645
5587 400
5588 1546
5592 420
5592 1181
5595 661
5598 1410
5602 807
5605 1831
5610 1870
5617 1855
5618 230
5619 284
5627 887
5628 832
5628 1589
5630 835
5635 945
5643 718
5649 1615
5652 1425
5652 1651
5654 943
5655 764
5656 1100
5659 1196
5664 1777
5667 1415
5672 1664
5675 1723
5678 986
5682 389
5683 365
5684 1762
5688 422
5688 1050
5690 819
5695 1151
5699 899
5701 1009
5702 1464
5704 1256
5706 1397
5716 1187
5724 1452
5741 766
5741 1646
5749 1165
5750 103
5752 288
5752 1604
5757 900
5767 1358
5770 1870
5771 27
5772 827
5772 1704
5775 257
5775 318
5775 1705
5784 660
5786 234
5786 1362
5788 917
5790 1794
5793 1005
5796 872
5796 1118
5798 1033
5807 1044
5810 66
5811 203
5812 118
5816 1281
5818 1813
5826 1792
5831 203
5831 1266
5832 741
5834 776
5836 837
5841 829
5848 1193
5857 1737
5859 1733
5860 1295
5863 1070
5868 702
5874 732
5875 1153
5886 1075
5888 1674
5890 1658
5891 1593
5894 1736
5898 480
5901 360
5907 495
5924 1034
5931 1524
5931 1629
5933 574
5940 600
5941 1121
5942 817
5943 857
5954 1802
5966 1741
5968 82
5970 748
5974 737
5974 1812
5976 1542
5988 1758
5990 1507
5997 493
5997 773
5998 1456
6010 1536
6011 1721
6018 468
6020 1760
6022 15
6029 1239
6039 1561
6040 325
6040 1330
6052 209
6052 977
6062 1245
6069 883
6072 1239
6074 125
6092 1746
6096 1027
6096 1158
6100 80
6100 1387
6107 912
6113 996
6113 1358
6133 1016
6133 1019
6138 30
6139 1575
6147 500
6150 4
6156 1560
6161 1105
6167 108
6169 1661
6171 1574
6172 1747
6177 383
6178 787
6179 187
6185 272
6191 54
6192 1051
6193 1379
6199 1447
6199 1704
6202 943
6205 187
6212 1309
6213 527
6214 1333
6215 1594
6216 1698
6216 1813
6219 1379
6227 608
6228 228
6229 602
6233 129
6236 1028
6236 1410
6237 1710
6240 883
6247 1681
6254 844
6257 1562
6260 1044
6267 791
6268 1545
6270 1343
6274 1076
6274 1805
6277 828
6280 649
6280 1242
6288 1280
6289 681
6292 985
6299 339
6315 1287
6316 1582
6317 575
6317 955
6318 1303
6321 749
6321 934
6322 703
6323 1107
6324 353
6327 606
6329 1319
6330 44
6332 888
6333 1522
6334 1702
6335 1627
6337 668
6340 1116
6342 259
6342 521
6344 13
6347 314
6352 203
6354 550
6355 1852
6357 758
6362 446
6365 35
6367 809
6369 1311
6379 692
6383 1207
6384 1807
6385 834
6385 1565
6386 500
6390 350
6390 862
6401 1361
6420 1128
6428 1489
6429 219
6430 89
6430 246
6430 742
6431 101
6433 1837
6435 1213
6437 382
6443 539
6451 397
6451 599
6453 1335
6456 68
6457 725
6460 892
6461 710
6465 1174
6469 1339
6471 898
6472 292
6475 352
6478 1041
6480 916
6489 516
6489 1703
6492 1017
6492 1212
6494 198
6494 537
6495 1351
6502 331
6507 113
6507 188
6507 800
6514 1677
6522 978
6523 264
6529 1807
6531 1609
6534 1748
6536 1238
6538 832
6538 1084
6539 1768
6540 232
6542 221
6546 1816
6550 1488
6552 824
6557 681
6559 947
6560 811
6565 136
6569 1058
6577 335
6577 1828
6579 1045
6579 1857
6582 770
6586 592
6588 51
6597 1728
6598 1844
6601 351
6601 1497
6605 1477
6607 1466
6608 1432
6611 295
6617 466
6618 1096
6621 1318
6624 307
6625 1677
6626 1686
6627 1308
6629 1080
6630 503
6631 1050
6633 134
6634 1209
6634 1822
6635 1021
6647 552
6647 1350
6648 256
6657 352
6671 999
6672 212
6673 221
6679 1213
6681 813
6681 1148
6681 1295
6689 1735
6695 171
6696 442
6697 1314
6702 338
6708 165
6708 1065
6713 809
6717 608
6717 688
6722 1668
6726 593
6726 903
6727 763
6730 207
6732 856
6737 107
6738 1822
6745 90
6749 1294
6750 1427
6755 1472
6759 1545
6759 1772
6765 565
6769 345
6769 418
6780 1518
6782 1114
6786 1569
6791 1098
6794 247
6797 414
6806 81
6813 327
6814 839
6815 47
6815 1519
6817 973
6836 89
6836 1398
6840 69
6847 46
6851 1795
6853 97
6859 877
6859 974
6861 1219
6863 1261
6871 1508
6877 1353
6888 1414
6890 825
6898 1345
6905 1453
6910 262
6912 977
6914 1245
6914 1542
6922 66
6928 1206
6933 829
6944 263
6947 1131
6949 1617
6952 1558
6959 1722
6963 669
6971 1188
6975 218
6980 442
6982 890
6985 1819
6991 392
6999 1279
7008 1190
7008 1731
7017 535
7017 1684
7020 1414
7022 659
7022 1576
7024 844
7025 946
7030 1706
7040 85
7043 842
7048 1266
7049 1416
7057 40
7061 323
7063 1559
7064 788

