8723 7689 4355
1 1
5 938
11 1784
11 6057
13 4912
15 3925
19 3380
19 3415
24 3086
27 369
33 4081
35 2094
35 5264
36 5444
41 6330
51 2524
53 2041
53 4007
53 7529
54 2128
54 3824
55 1858
57 4778
58 2417
59 4088
63 6118
65 3326
66 5246
67 260
68 5229
68 5532
70 554
71 7434
75 2542
76 5861
76 6325
78 1009
78 3001
78 4480
79 4820
79 6030
80 6182
82 654
82 1800
89 6838
90 1561
90 2536
91 4492
92 201
92 2287
95 5481
99 5040
102 6268
103 1313
103 5344
104 237
105 4779
107 693
114 1623
115 2177
117 5912
119 869
119 4451
124 2429
126 4263
126 5431
135 4342
140 6023
142 3331
144 551
144 628
145 6794
149 4125
149 4838
150 542
151 1015
153 2820
156 6664
162 1487
164 847
168 35
168 7171
169 1885
170 6028
170 7463
171 1076
179 4234
190 1619
195 1680
196 3803
197 6065
201 822
201 5022
201 5710
202 4470
203 711
207 4263
209 6666
211 6570
217 895
221 2842
222 4958
222 6916
225 7149
228 4990
229 4148
234 3370
234 3598
238 741
241 748
242 4442
243 2977
245 4244
251 6913
252 5133
253 6905
254 6000
256 2967
257 7410
259 1575
259 2191
260 7140
262 1226
262 2160
265 2821
265 4470
272 6670
273 4388
273 5543
276 203
276 2128
276 4868
281 5283
283 6715
284 1069
292 6001
293 449
294 107
294 290
295 4775
296 3193
298 3716
299 5739
301 5917
302 1382
305 413
306 4706
306 7662
307 4659
310 2111
316 5438
317 4172
318 1478
319 7348
322 164
322 3452
323 3134
325 5499
328 2727
332 7166
334 1280
335 4757
337 3301
338 6333
341 5242
343 3845
343 5634
344 3387
347 1943
352 3337
353 7460
358 5840
362 720
363 2812
369 7089
371 5138
373 3388
373 3699
376 3172
376 6460
377 1487
377 7338
379 1317
381 860
386 6578
387 83
388 3848
390 5896
391 368
393 6965
395 2803
395 7453
396 7621
398 7445
399 750
399 6960
404 263
408 7682
409 1042
413 2392
414 4220
418 2663
420 2659
420 6863
421 1300
423 183
424 6988
433 2508
434 3660
434 6198
437 7189
442 1656
443 1519
443 4954
444 5374
444 7197
448 878
449 7320
450 3216
458 1172
459 1611
461 7549
466 675
466 7678
467 1242
469 2577
470 772
472 7034
473 3014
475 3383
481 90
481 1583
485 7264
486 4120
489 3207
492 358
492 2805
492 2930
496 4668
497 6968
498 158
499 2892
500 6085
502 4657
507 5134
508 6644
509 20
511 4775
512 22
514 5816
516 3253
521 1931
521 6654
522 1582
525 7124
527 4536
529 6141
532 2740
533 5929
539 1594
545 7578
546 819
548 1141
549 2939
550 3589
551 191
552 7671
555 5446
557 313
559 7283
559 7441
566 1853
567 3136
568 3244
568 3889
571 1642
573 1408
576 1766
577 304
580 5489
581 2148
581 6904
582 5617
583 658
583 2755
583 7260
584 4892
585 873
586 1786
587 4810
588 4070
590 969
590 5968
591 842
592 1205
595 1343
600 4010
600 4050
602 4032
604 2912
606 1657
608 1541
608 2947
610 3923
611 6818
614 6558
616 2786
618 895
619 434
619 3790
621 4294
624 119
625 1003
625 1097
625 4472
626 5976
626 7060
629 3001
637 6631
639 1093
640 1341
640 4161
643 3360
645 6443
648 1432
651 1395
652 7083
653 5375
656 7238
662 3268
664 2706
664 7231
665 4597
668 5611
670 3875
673 227
674 6293
674 7161
677 2442
678 596
683 735
683 1475
683 7432
685 531
685 1561
685 1671
685 5943
687 1548
688 6206
690 223
690 4363
691 5410
693 5469
696 1534
698 5463
700 6266
701 869
704 1303
706 3419
707 4850
709 2628
709 3322
711 206
717 391
718 5606
719 654
719 1036
719 2152
719 3961
720 722
723 2825
724 5662
726 2301
727 1915
727 4986
733 263
736 6937
742 4303
744 5173
745 4160
747 7404
751 123
751 5979
756 3544
756 5287
757 4990
758 1710
759 6931
765 3084
768 1542
773 1557
779 2374
787 764
788 1300
791 7401
792 176
792 4344
795 1378
799 3113
799 6704
799 7602
800 3732
805 3658
805 5275
808 4389
809 65
809 7449
816 5306
821 7480
826 2037
831 3656
832 5821
839 1611
840 4907
844 5368
852 6098
854 4682
856 5175
859 417
860 1174
864 2230
867 389
868 2298
872 5497
873 416
875 2997
876 246
876 4829
877 4393
888 2782
889 4197
890 1517
890 3391
893 5136
893 5817
896 1235
898 3077
901 718
903 3309
904 218
904 5906
905 7639
906 2020
908 3537
909 806
910 7356
911 6173
911 7584
919 1516
923 1574
925 2151
925 5680
925 7019
926 5185
926 6516
930 4878
932 1899
937 3838
940 1027
940 5522
942 7568
949 6192
950 939
950 7669
951 5043
951 5835
952 5416
952 5503
954 897
955 7300
956 6
956 1596
958 2788
958 3769
958 4616
962 2583
962 7460
963 4804
968 2091
968 5345
970 4253
970 6932
971 3240
975 4441
975 4879
977 4871
978 1248
978 2437
978 4513
978 6512
982 329
986 2470
991 4112
992 1822
992 4965
994 1338
996 6788
997 244
1000 5237
1008 7507
1016 3405
1016 7282
1020 6318
1024 5799
1025 5715
1026 5487
1029 2536
1029 6158
1031 7628
1034 187
1034 4857
1038 3057
1039 7020
1042 6319
1042 7449
1043 1824
1044 3736
1044 4965
1047 6961
1049 6189
1052 5180
1054 4629
1056 864
1056 5889
1059 157
1060 3465
1061 3891
1061 4187
1061 5168
1062 3086
1064 1248
1066 3615
1068 5034
1074 225
1074 6610
1075 4360
1076 3060
1082 4426
1086 169
1088 1815
1088 3901
1088 6468
1091 1539
1092 1662
1094 989
1095 4812
1096 7202
1097 4454
1098 2961
1098 5915
1098 7188
1104 4133
1104 5568
1105 4866
1107 2795
1107 6512
1108 1654
1111 1474
1111 6577
1112 750
1112 2081
1112 4943
1116 4845
1119 1846
1119 4497
1121 537
1122 852
1128 3620
1128 4841
1128 5159
1129 3618
1129 6465
1131 3452
1134 2841
1135 1259
1136 919
1136 3519
1137 2961
1137 7458
1141 2790
1141 5661
1142 5917
1144 2920
1144 6561
1146 1722
1148 4970
1149 2458
1149 7254
1158 7456
1167 4091
1167 7445
1169 2626
1171 2036
1171 5693
1172 7123
1177 5047
1178 3375
1179 6856
1181 4871
1182 3094
1185 5032
1185 5039
1185 5159
1186 1994
1187 3422
1189 5637
1193 137
1194 4947
1199 5672
1200 1408
1201 5711
1202 3488
1211 1185
1211 1196
1212 2708
1215 5140
1216 346
1216 5949
1216 6131
1217 496
1220 3897
1226 2220
1231 1202
1232 5591
1233 7137
1234 4709
1235 1189
1237 7381
1238 5828
1242 2847
1242 5434
1247 3331
1247 6037
1247 6142
1249 5930
1254 5285
1254 6213
1256 1696
1258 1164
1259 2895
1261 5435
1262 5325
1262 7015
1264 4084
1265 6828
1266 1719
1272 2584
1275 732
1275 1538
1275 6133
1277 3550
1285 3429
1292 6671
1293 2459
1294 320
1297 3275
1298 6096
1300 5738
1301 5052
1302 588
1303 1443
1305 5137
1305 5509
1306 4627
1306 5577
1308 795
1308 3593
1311 3247
1312 3374
1312 4113
1316 5242
1318 3388
1318 7047
1322 1326
1325 1588
1325 2978
1328 1385
1331 607
1331 3730
1339 3304
1341 5523
1343 4099
1343 6907
1347 7097
1348 799
1349 3031
1350 5825
1352 5457
1353 1318
1356 1909
1358 3013
1362 5865
1366 1782
1367 1914
1371 875
1374 7030
1375 7066
1377 109
1377 866
1377 4180
1378 4044
1383 5394
1385 6549
1386 1816
1389 7106
1392 6272
1393 4167
1396 7491
1397 1129
1398 1715
1401 6719
1404 3401
1405 4254
1406 7421
1409 5669
1411 4144
1416 29
1420 898
1421 3607
1421 5238
1421 6068
1424 6908
1425 4069
1426 6070
1430 4261
1431 259
1436 6069
1438 2632
1438 2813
1438 3005
1438 6097
1439 5897
1442 4631
1443 3124
1444 487
1444 841
1444 4339
1445 3481
1445 3662
1447 1250
1447 7384
1453 6919
1454 7363
1454 7674
1455 4265
1457 3340
1459 44
1460 2213
1460 3671
1461 1745
1462 6764
1464 219
1469 165
1469 1208
1471 5120
1471 6181
1472 3483
1473 5724
1477 7280
1478 7673
1483 4381
1488 4253
1491 5852
1492 2330
1492 4101
1495 3033
1498 5733
1499 7160
1503 3154
1503 4132
1508 5014
1509 5622
1511 1142
1513 1212
1513 7279
1514 1489
1514 4486
1514 7504
1515 631
1517 3204
1517 5027
1518 4845
1520 5551
1520 6550
1523 1172
1524 1336
1529 3171
1530 1059
1530 3274
1539 7547
1541 762
1541 1114
1542 6359
1544 3586
1545 4032
1546 2258
1547 5662
1548 5746
1549 2121
1554 7605
1556 5959
1557 100
1561 2180
1566 6716
1567 7570
1568 6182
1568 7384
1569 70
1570 5385
1577 7192
1578 1808
1580 6131
1581 5763
1584 2341
1585 6460
1586 2053
1586 6758
1591 597
1591 7162
1600 34
1601 3304
1602 3967
1605 246
1605 378
1605 2985
1606 2049
1606 7467
1608 4750
1613 1686
1616 1866
1617 787
1617 7138
1619 4985
1624 4755
1626 4154
1635 3074
1638 6681
1639 2896
1640 225
1643 268
1646 2671
1648 2983
1648 5046
1650 4494
1651 938
1651 2207
1651 6460
1653 175
1654 6996
1655 3749
1656 6779
1658 1563
1658 5277
1660 330
1664 3068
1666 3346
1666 7028
1667 657
1667 5781
1670 4993
1672 4127
1672 5484
1672 6111
1673 1560
1677 3306
1677 6646
1678 1011
1679 221
1684 5298
1687 770
1687 2616
1688 7469
1689 2803
1691 3625
1692 34
1693 2573
1694 5714
1699 732
1699 1304
1699 2747
1699 5652
1700 1297
1705 5792
1715 4541
1715 6613
1716 2924
1716 5943
1719 717
1719 7302
1720 5529
1721 3067
1721 3361
1723 5757
1725 2546
1726 397
1726 3304
1734 1341
1734 1942
1736 1318
1737 1879
1739 5122
1743 1335
1744 1182
1744 1584
1746 4467
1746 5790
1747 2908
1748 3176
1751 1332
1752 1567
1753 3629
1757 2376
1757 3647
1758 2746
1761 928
1761 5642
1762 4045
1764 5411
1767 1245
1768 4428
1769 5904
1770 307
1772 6315
1773 5456
1775 4803
1778 2612
1778 6080
1780 5137
1780 5952
1782 5558
1783 1643
1786 5588
1788 3071
1790 6989
1791 1173
1791 3611
1793 7133
1796 2825
1798 7686
1799 6321
1805 6993
1808 5637
1810 2824
1812 4581
1813 2534
1814 2602
1816 4308
1817 4440
1824 119
1825 4216
1826 2120
1827 88
1828 2652
1830 43
1831 406
1832 6223
1833 2636
1833 7013
1835 1550
1836 855
1836 1261
1839 39
1839 261
1840 3495
1843 612
1843 863
1845 5047
1847 4
1849 6358
1850 948
1851 1735
1854 4402
1855 4335
1858 3456
1858 3777
1858 6998
1860 605
1860 4922
1860 7058
1861 1132
1862 4799
1863 2538
1866 1190
1866 2665
1868 418
1869 6807
1870 5088
1876 5348
1880 7663
1881 2815
1881 6318
1883 545
1883 3259
1883 6084
1884 6971
1885 3397
1887 7560
1889 3737
1889 3843
1890 5822
1890 7170
1894 1137
1894 4881
1895 2591
1896 6895
1898 3056
1901 1053
1902 2595
1902 3625
1903 4126
1904 5182
1905 1338
1905 4513
1906 363
1906 1457
1907 60
1907 7430
1908 211
1908 1256
1909 6387
1910 6820
1911 161
1911 7504
1912 1038
1913 1082
1916 682
1917 5963
1918 5706
1921 2076
1921 2267
1928 93
1929 1474
1930 2591
1930 5163
1934 4570
1936 7046
1937 1166
1938 3028
1939 260
1940 5899
1946 7489
1948 7561
1952 4118
1952 4877
1954 5446
1955 1087
1955 5630
1958 2754
1960 768
1961 3517
1967 4336
1968 5530
1969 956
1969 3564
1969 6592
1970 1806
1971 3155
1972 797
1975 1242
1977 1370
1977 3041
1977 5647
1977 6076
1978 7654
1979 3755
1981 326
1990 492
1997 1263
1998 752
2003 4676
2008 3724
2009 6235
2011 1358
2013 289
2013 6543
2019 5926
2020 6021
2024 4531
2029 4631
2030 1523
2030 2690
2030 3173
2031 2967
2033 4774
2040 1463
2042 2706
2047 676
2047 1496
2047 4399
2048 1924
2050 666
2051 3087
2052 1771
2052 4452
2054 4855
2054 6801
2060 6337
2061 4455
2062 2447
2065 154
2065 3119
2069 125
2070 1552
2075 6140
2079 1775
2079 3326
2082 3770
2084 6183
2087 4604
2087 4969
2087 6805
2090 5196
2092 259
2092 2926
2094 1471
2094 3792
2096 5964
2097 2531
2097 6658
2098 6376
2100 3384
2102 1261
2104 3247
2108 1586
2108 4161
2113 5330
2115 4210
2116 3733
2117 3685
2118 5519
2119 4603
2123 5924
2124 3258
2124 3858
2124 4881
2127 2514
2127 5570
2127 7024
2128 1914
2128 4262
2134 6373
2136 3363
2136 5220
2136 7495
2137 189
2137 1968
2137 3939
2139 1526
2140 590
2140 1429
2151 4926
2153 2332
2153 6644
2155 2672
2158 751
2158 7586
2160 3303
2163 2907
2164 3256
2167 5478
2170 4133
2172 2952
2172 6154
2173 1196
2180 6523
2184 5033
2185 378
2185 6702
2188 5509
2190 2501
2190 6067
2191 710
2192 7335
2194 2240
2194 5236
2196 3018
2197 4621
2198 4684
2202 3449
2203 4984
2209 2957
2210 1235
2213 3415
2213 7557
2215 3759
2218 3092
2223 1476
2223 6790
2229 6465
2231 5342
2231 7464
2232 7248
2235 5458
2236 3106
2238 1116
2238 4726
2240 5674
2243 234
2243 3189
2247 1843
2247 4528
2248 4449
2253 472
2253 2239
2253 7346
2255 2093
2257 3821
2258 4768
2259 3986
2260 6671
2261 4806
2263 272
2263 651
2263 5139
2266 6723
2270 1371
2270 4273
2272 380
2278 2906
2281 1998
2285 7475
2285 7681
2287 5961
2288 5806
2288 7106
2289 10
2290 1090
2295 5576
2297 3488
2298 6408
2299 1240
2306 1583
2306 5438
2309 1589
2311 1124
2311 5509
2311 7653
2312 719
2312 5478
2316 1727
2317 5731
2318 10
2320 5189
2328 4294
2333 1226
2334 5565
2335 1945
2335 6509
2336 2001
2336 3979
2337 4449
2337 6933
2338 2886
2340 7067
2340 7091
2341 4425
2347 2779
2348 3432
2353 4175
2354 2891
2354 6161
2359 879
2361 2243
2362 5416
2366 2834
2372 2720
2375 4596
2381 6222
2386 4349
2387 1652
2387 5586
2388 799
2388 1003
2391 662
2391 1665
2392 4067
2395 5615
2403 3327
2405 4297
2406 7501
2407 3524
2409 5190
2411 7635
2420 545
2423 192
2424 1240
2427 3442
2427 3611
2428 5379
2433 2918
2436 7192
2438 5463
2441 7659
2442 4090
2445 6320
2446 534
2447 2693
2448 6017
2449 6494
2453 2785
2455 2085
2458 3868
2458 7352
2463 1505
2468 5246
2470 6011
2471 919
2473 1173
2478 980
2484 3587
2487 4035
2487 5559
2489 4130
2489 4861
2491 4243
2491 5790
2492 5061
2493 5949
2500 979
2503 659
2505 1134
2510 809
2516 803
2518 7565
2528 968
2528 6409
2530 693
2531 2541
2531 2990
2534 1404
2540 2733
2544 3390
2552 4839
2553 3959
2559 6093
2559 7159
2561 1453
2562 937
2562 2109
2562 6282
2564 54
2564 5251
2564 6197
2565 5655
2566 3530
2566 3601
2568 1127
2569 4787
2570 3378
2571 577
2574 3740
2576 6454
2584 222
2585 6351
2591 959
2591 5078
2591 5531
2592 5946
2594 2743
2594 6230
2598 5866
2599 4816
2600 7465
2602 6645
2603 1818
2603 4338
2605 817
2605 923
2608 7619
2614 6773
2616 3598
2622 5917
2623 3527
2624 3387
2624 3496
2628 5689
2631 3607
2632 3487
2634 3621
2637 6806
2639 1174
2646 4408
2646 7563
2647 1977
2647 3109
2647 4472
2649 6124
2650 5893
2654 7264
2655 1224
2656 5580
2658 2338
2658 5510
2660 7393
2665 2423
2665 3042
2667 2308
2667 3386
2668 523
2668 4243
2669 6815
2670 4639
2673 5532
2676 4554
2681 1652
2687 3693
2687 5466
2687 6490
2688 4753
2690 645
2691 4959
2693 4010
2695 4902
2697 5881
2701 5079
2704 6753
2705 4658
2710 7132
2713 3678
2713 7604
2714 1173
2714 2796
2715 3049
2715 3261
2715 5496
2715 7271
2719 6071
2722 4390
2722 7604
2725 1381
2726 4697
2727 1191
2727 5335
2728 4824
2730 4632
2730 6280
2732 7625
2735 7269
2736 442
2739 3193
2742 517
2745 1042
2745 6905
2746 3806
2747 3449
2748 1495
2751 7620
2755 432
2756 6197
2758 2810
2758 5243
2762 2667
2763 1355
2765 948
2765 4126
2768 1236
2768 4496
2777 1173
2777 5788
2779 1416
2780 2680
2784 5518
2784 6903
2787 1377
2788 3140
2788 3204
2788 5768
2789 106
2790 126
2793 3403
2796 5392
2797 378
2802 3101
2802 4285
2806 2300
2806 3047
2808 534
2810 2840
2810 3209
2810 4100
2816 5613
2817 3801
2817 7453
2821 6843
2823 5110
2824 3413
2824 5306
2827 1300
2827 2755
2828 490
2828 494
2830 1116
2830 7410
2832 7242
2833 7467
2834 6840
2837 734
2838 3769
2838 5245
2838 5687
2838 7539
2844 135
2848 6721
2849 7442
2857 646
2858 5397
2860 7323
2869 2379
2873 6953
2874 3318
2874 5324
2876 5826
2879 575
2879 2828
2879 4764
2880 165
2882 6733
2883 1931
2887 339
2891 5779
2892 3928
2893 5473
2894 3296
2901 7270
2903 2530
2903 2733
2906 4104
2908 2690
2911 6954
2912 2895
2912 5917
2912 6087
2914 3048
2917 6140
2917 7171
2918 2256
2920 4359
2920 5473
2921 1967
2923 3800
2924 4703
2925 6054
2926 5900
2927 7643
2928 681
2928 2307
2928 2583
2929 1673
2930 6423
2931 6947
2932 3386
2933 3424
2940 1424
2940 7686
2943 70
2943 6192
2944 7454
2945 3160
2945 7077
2947 1898
2947 4729
2951 537
2951 6808
2954 693
2955 6110
2956 1208
2960 4183
2967 3767
2967 3816
2967 7473
2969 3927
2970 3860
2973 6738
2976 7312
2979 2908
2980 5928
2982 2021
2982 2421
2986 2578
2991 294
2991 1837
2991 6304
2992 7572
2998 2414
3002 798
3003 2749
3006 6859
3008 5486
3013 2592
3015 332
3016 5879
3016 7094
3019 2106
3020 745
3021 1222
3024 2648
3025 190
3026 5203
3027 519
3027 5724
3028 5620
3028 7324
3035 7275
3037 5798
3038 2708
3038 5442
3040 1898
3041 148
3042 6491
3043 1710
3044 2281
3053 5163
3053 7480
3054 90
3056 1156
3057 5428
3058 3844
3061 4073
3061 6900
3062 829
3062 5619
3064 7383
3067 2165
3068 2496
3069 5629
3069 7488
3073 1707
3073 6886
3075 3528
3080 506
3080 4896
3081 5306
3082 2323
3085 5597
3090 5853
3096 687
3101 4102
3108 6495
3112 4164
3114 1012
3114 4254
3115 7634
3119 2120
3119 3780
3120 2765
3124 1138
3124 1373
3131 189
3131 3111
3133 545
3134 2893
3141 429
3141 4835
3142 4963
3152 1498
3152 1746
3157 5445
3157 6887
3165 2515
3165 5001
3168 5442
3174 7368
3177 1488
3178 4100
3179 2267
3179 2757
3182 6066
3189 1711
3191 3457
3195 903
3195 4341
3196 2263
3198 4101
3198 6514
3208 1737
3209 1974
3211 2630
3211 6878
3212 3416
3215 5038
3219 1008
3221 2536
3223 4086
3227 5725
3229 5160
3240 5290
3244 934
3246 3508
3247 5467
3248 370
3251 3391
3253 6505
3253 7184
3255 380
3264 1468
3266 1494
3266 6833
3267 1476
3267 5343
3276 5840
3276 6940
3277 3088
3279 3981
3281 3540
3284 4598
3285 1702
3286 5043
3287 6628
3289 4517
3289 6402
3290 4546
3291 2589
3293 4317
3294 1204
3300 38
3300 2887
3300 3051
3301 3215
3302 6328
3306 227
3306 2991
3307 3528
3308 4152
3312 2237
3313 1899
3314 3175
3314 4116
3314 5850
3315 5180
3317 1365
3321 118
3324 1822
3325 6878
3327 2861
3329 3758
3331 5777
3331 7526
3335 6371
3340 4044
3347 2977
3348 838
3350 3686
3352 5386
3352 6835
3353 2256
3353 5840
3355 1456
3355 2815
3357 1828
3360 5592
3369 2048
3370 6093
3372 5052
3372 6979
3373 1318
3378 1484
3378 3095
3378 6083
3379 335
3382 7043
3383 164
3385 3462
3385 6574
3387 7014
3388 2701
3390 3659
3392 7438
3394 807
3394 1468
3394 3197
3396 4303
3397 4329
3399 4073
3404 6397
3408 2857
3409 4768
3412 1407
3412 6263
3413 5673
3416 3688
3417 862
3419 1478
3421 733
3421 1187
3422 1887
3425 1028
3431 2901
3433 7597
3434 2430
3437 6040
3440 4752
3442 820
3447 3122
3447 5905
3450 1762
3451 363
3451 1422
3455 4102
3455 7413
3456 3005
3457 3037
3459 2059
3461 4549
3462 3942
3464 5374
3471 4360
3472 695
3475 6942
3476 6756
3480 2128
3483 5164
3484 865
3484 3179
3484 4588
3484 6089
3485 3172
3486 6119
3491 2690
3492 912
3493 5906
3495 4979
3496 4918
3499 3163
3499 6361
3502 2424
3503 1792
3503 6770
3505 6886
3506 6036
3509 7171
3511 4105
3512 1983
3512 5609
3514 1236
3515 4691
3517 3565
3520 1422
3521 1726
3525 2915
3526 5074
3527 5856
3529 2261
3530 4862
3531 3016
3533 1942
3535 1705
3537 1322
3540 3178
3541 234
3542 943
3544 2972
3544 5118
3546 1007
3546 3782
3548 207
3553 7586
3554 6621
3555 6948
3558 1007
3559 4386
3565 1839
3567 3638
3572 5441
3576 1760
3577 439
3579 921
3579 4612
3585 4753
3588 2258
3590 785
3591 6
3591 1764
3592 4003
3594 3235
3595 6538
3599 5681
3604 7297
3606 4301
3612 162
3612 5124
3613 6178
3616 3605
3617 3113
3618 3189
3619 5302
3622 5185
3624 4445
3624 4455
3625 3437
3625 6389
3629 2016
3632 3190
3637 2461
3642 6952
3644 6801
3644 7557
3645 6637
3648 1570
3649 3400
3653 4485
3661 6495
3662 2493
3663 6161
3666 1736
3666 2161
3666 2192
3673 1007
3674 4794
3674 5436
3677 2643
3678 1620
3678 3410
3679 4138
3682 7205
3684 5637
3688 3258
3690 6897
3692 2075
3692 2128
3694 611
3697 2513
3701 1031
3704 929
3705 2674
3705 6794
3706 4471
3707 2748
3707 6026
3713 3616
3715 4
3717 6257
3718 4196
3718 4716
3718 6481
3718 6816
3718 7046
3720 1579
3726 69
3727 1708
3728 4929
3728 5002
3730 5794
3732 6456
3733 2633
3737 4274
3743 6421
3746 2953
3748 1832
3749 6486
3754 5644
3770 1092
3773 6509
3775 1493
3775 2961
3781 4644
3781 5808
3783 1406
3785 123
3785 3106
3786 185
3793 2696
3795 2354
3795 4787
3797 6566
3799 5548
3799 7156
3800 7246
3801 7151
3803 1445
3805 6674
3805 6703
3806 4344
3808 2933
3808 5054
3813 7504
3815 7393
3818 396
3818 6917
3827 5187
3830 1482
3830 1492
3830 5172
3832 6826
3833 5014
3834 2332
3834 4944
3835 1892
3835 6789
3837 5632
3838 3187
3839 7097
3843 4850
3845 1558
3849 1777
3849 2369
3849 5643
3850 6174
3855 4494
3856 169
3856 301
3858 4179
3859 1763
3862 573
3862 5389
3869 458
3876 6819
3877 7264
3883 1034
3889 4724
3890 4532
3895 6508
3896 6645
3899 2699
3902 5857
3905 403
3905 2559
3908 1966
3908 6550
3911 2572
3911 4145
3912 7293
3916 3745
3918 5210
3926 6749
3930 6842
3935 6285
3936 7537
3937 3176
3937 6542
3939 405
3939 3435
3949 5625
3950 2965
3950 4343
3956 5272
3956 6852
3956 7475
3957 4436
3959 4593
3960 829
3960 5950
3962 5437
3963 5897
3965 4724
3965 5797
3967 217
3967 2370
3969 1002
3969 3928
3971 2165
3973 3787
3974 5246
3975 4765
3977 2753
3977 7118
3981 2375
3990 789
3994 5243
3995 5528
3999 7275
4000 7003
4001 1002
4002 6440
4003 5974
4006 319
4006 578
4006 2068
4007 28
4009 110
4010 3274
4010 4320
4014 3545
4015 5941
4017 685
4017 3051
4018 4287
4018 5157
4018 7226
4021 2818
4027 3091
4033 4052
4033 6383
4037 249
4038 2822
4038 5587
4043 2857
4043 3074
4043 6901
4044 977
4045 6456
4046 4946
4049 4398
4050 3937
4058 3809
4058 6521
4064 2444
4064 2888
4064 6313
4066 362
4066 3042
4066 7501
4067 378
4067 2798
4074 3714
4076 3063
4076 4453
4080 1674
4086 598
4087 26
4088 4742
4092 227
4093 3806
4093 6770
4095 19
4096 5606
4097 6642
4102 7218
4105 3215
4107 6088
4108 3607
4109 1337
4109 5903
4112 7224
4114 5168
4114 7396
4119 3286
4120 3125
4121 951
4124 4714
4125 2172
4126 4160
4128 1064
4130 4253
4131 7621
4138 3073
4138 3712
4148 4613
4154 457
4156 1208
4158 986
4158 3005
4159 5375
4159 5842
4162 4097
4168 2651
4168 4368
4169 6847
4170 6484
4177 4618
4181 1695
4183 3101
4184 6326
4185 6904
4187 708
4187 1716
4187 6130
4188 5593
4192 1681
4199 2314
4202 287
4203 7453
4204 2804
4204 4886
4205 625
4206 711
4208 2110
4209 6242
4210 3711
4210 4395
4212 8
4213 6617
4214 6972
4216 6494
4217 4769
4219 219
4221 1079
4222 640
4225 2649
4225 5169
4225 6488
4226 1812
4227 2961
4227 6347
4233 5598
4234 1060
4238 5204
4240 1005
4246 7208
4247 1353
4248 2509
4250 4017
4251 5618
4252 2629
4265 2873
4269 3588
4271 563
4276 4472
4276 7421
4277 6749
4279 7409
4280 6187
4288 495
4288 678
4289 3190
4293 5971
4295 4312
4300 142
4302 7484
4303 1042
4307 2950
4307 4171
4311 978
4311 3359
4312 1502
4314 451
4318 806
4320 6182
4328 2764
4328 6925
4330 4073
4331 3123
4334 6048
4336 2413
4340 7129
4343 1810
4343 4649
4344 645
4344 5720
4345 3204
4346 5736
4350 3012
4353 7210
4354 5652
4355 2193
4356 4077
4357 2698
4359 4403
4361 2808
4366 3704
4367 5587
4367 6272
4375 2144
4380 531
4382 1283
4382 4092
4384 402
4386 4224
4390 2319
4391 839
4394 593
4394 6359
4394 7586
4396 1946
4397 3897
4398 586
4399 2152
4399 4514
4401 5891
4407 1229
4408 3835
4409 1114
4411 1546
4414 4215
4418 7017
4424 6209
4428 1750
4438 6203
4439 2962
4439 3282
4439 5140
4442 255
4447 3464
4448 498
4448 2471
4449 5955
4454 1470
4456 21
4457 5083
4457 7157
4458 3153
4459 1639
4468 3077
4469 1039
4470 3173
4474 391
4474 7303
4475 2547
4477 7300
4480 672
4482 7398
4483 423
4484 2675
4485 7062
4487 364
4492 6077
4493 825
4493 6922
4502 830
4502 4018
4502 5048
4516 100
4516 5932
4517 2545
4522 2873
4525 303
4526 7038
4529 205
4529 3795
4531 5132
4534 5341
4538 2376
4539 6766
4545 418
4545 2345
4545 5884
4554 1887
4556 3165
4556 4582
4558 2911
4562 5842
4562 5870
4563 102
4569 1555
4572 6396
4573 5693
4575 3131
4579 417
4579 4856
4582 3721
4584 4457
4584 7136
4586 5489
4588 1769
4591 1027
4592 5889
4599 11
4599 5720
4600 6192
4602 458
4602 4848
4607 2274
4609 2366
4611 6355
4613 2611
4616 5966
4617 4210
4618 2868
4620 1908
4621 6607
4622 3686
4623 412
4624 2124
4626 940
4628 482
4634 3279
4638 4233
4639 230
4641 2237
4642 7490
4643 1218
4645 1694
4647 5706
4650 4848
4652 7012
4653 5446
4654 6879
4658 42
4662 7425
4666 68
4666 5288
4666 7571
4667 4231
4668 7306
4672 3917
4673 3628
4674 1138
4675 1380
4676 423
4679 944
4679 6714
4682 3275
4690 6690
4693 328
4694 928
4694 1869
4699 5901
4701 2568
4703 4464
4704 4250
4704 7624
4709 731
4710 3695
4712 4993
4713 5590
4715 6038
4716 4369
4717 144
4718 2962
4719 3455
4722 457
4723 5580
4729 885
4731 7182
4735 2418
4735 3500
4736 2390
4736 4315
4737 6352
4739 5708
4740 7130
4741 4148
4744 5284
4745 2328
4745 2976
4746 5541
4748 6001
4753 901
4753 3650
4758 2960
4760 6984
4761 4205
4762 1195
4762 2089
4765 3786
4766 3252
4771 2848
4775 5534
4776 6111
4777 1850
4780 7574
4786 4604
4788 6325
4789 5283
4791 5849
4793 6145
4795 787
4800 5791
4803 232
4805 4697
4808 2085
4808 6794
4808 6955
4812 736
4812 6553
4813 1107
4813 2152
4813 3451
4814 3281
4815 5285
4817 5941
4819 1578
4819 4457
4819 5610
4821 4329
4830 242
4830 4853
4831 3974
4832 1004
4833 7226
4836 3152
4840 6683
4843 1804
4845 3659
4847 5019
4854 3305
4862 5261
4862 6380
4864 5819
4873 3808
4878 5655
4885 586
4888 7136
4891 6721
4892 6987
4893 2133
4897 5786
4899 4799
4904 5632
4906 3982
4909 4889
4910 7450
4911 3799
4911 5447
4911 6551
4913 3452
4914 422
4917 6500
4918 4972
4920 1931
4920 7491
4922 1156
4924 6548
4925 1161
4926 1560
4929 6779
4930 5208
4930 6528
4936 3210
4938 5010
4940 1032
4944 4226
4949 558
4951 2762
4951 6806
4952 3463
4954 7351
4958 5336
4962 6360
4962 7455
4971 2065
4973 1110
4973 3792
4975 1515
4978 883
4980 5000
4983 4701
4990 4052
4990 7103
4991 4237
4998 1255
5001 5218
5003 4268
5004 948
5004 6022
5006 7659
5013 147
5015 636
5015 5271
5016 831
5019 2483
5019 2570
5023 5279
5027 3276
5032 2507
5032 5440
5033 1256
5035 6337
5036 419
5039 6320
5040 5330
5043 5391
5047 972
5047 4582
5047 7328
5048 7087
5050 1361
5050 2996
5053 7172
5054 7318
5057 947
5059 688
5061 6460
5062 35
5066 2248
5067 2988
5069 1826
5069 3197
5071 3313
5074 2307
5080 1455
5080 5357
5080 6043
5081 3581
5082 6297
5083 1049
5084 1306
5085 3369
5086 4844
5092 3072
5097 5317
5098 912
5098 3522
5098 7306
5103 4869
5103 6464
5104 2420
5104 6780
5105 4405
5110 3036
5111 2902
5113 6749
5114 5039
5116 2466
5117 979
5118 6580
5120 3988
5121 584
5121 995
5122 1575
5124 5643
5126 5711
5128 4698
5128 4902
5131 2851
5132 2956
5132 6378
5133 404
5146 5723
5148 7066
5150 4350
5150 7150
5151 7124
5152 411
5154 1718
5156 817
5159 17
5162 1369
5164 2476
5167 3248
5169 5761
5170 5050
5171 5995
5172 4303
5172 5400
5172 5777
5174 1699
5180 7633
5181 5549
5182 2188
5183 3185
5187 5312
5192 1377
5193 2069
5195 905
5195 7450
5197 3411
5200 6986
5202 3081
5202 7222
5205 2546
5207 2416
5213 1759
5213 2310
5214 7544
5216 3357
5220 1879
5222 2528
5222 3838
5228 6678
5229 213
5230 7236
5233 7191
5237 4350
5240 1294
5242 3173
5243 3328
5245 7643
5247 2019
5253 3572
5257 640
5258 532
5263 2403
5265 4392
5266 6006
5267 3569
5267 6161
5268 1189
5269 4910
5271 982
5273 3209
5277 4553
5279 205
5280 3200
5281 6342
5282 7015
5283 4524
5285 2920
5286 5984
5289 500
5289 4365
5289 5522
5290 5305
5291 1914
5293 7139
5296 1555
5298 3152
5300 6595
5302 2456
5309 5760
5311 4034
5312 1606
5315 2983
5318 7414
5321 5362
5326 857
5328 2761
5329 7295
5336 2810
5338 3659
5338 6676
5340 2452
5341 1051
5342 7241
5343 6615
5345 4482
5346 3771
5351 1223
5354 1471
5356 3303
5356 3401
5358 5707
5359 5416
5360 140
5361 4360
5362 1406
5362 2855
5363 3059
5364 1084
5365 6883
5367 4197
5371 702
5372 1792
5375 5210
5375 5652
5377 1423
5377 7191
5378 5362
5382 6835
5385 5704
5386 846
5387 3672
5388 1739
5391 6443
5392 3768
5393 4705
5393 5433
5393 7302
5395 6988
5396 3458
5405 2792
5405 3172
5406 5930
5407 836
5408 940
5408 1315
5408 1933
5408 3843
5408 6882
5411 535
5411 7010
5411 7219
5412 5059
5416 6839
5421 5383
5421 6286
5425 5896
5427 3538
5428 7685
5430 6568
5431 4522
5440 1616
5440 6685
5444 7576
5445 6403
5447 4945
5450 6029
5457 5175
5458 4782
5460 1445
5460 2687
5462 4634
5463 3328
5464 2463
5465 3605
5465 5925
5466 1000
5467 2531
5470 947
5472 3625
5477 4263
5482 2193
5482 6768
5486 1144
5486 3363
5487 6008
5489 5111
5491 4909
5494 6675
5496 7252
5500 3208
5501 5138
5505 3033
5506 663
5508 1202
5510 991
5514 6438
5516 6249
5519 5175
5520 4254
5524 4374
5525 3712
5526 4685
5526 6279
5528 743
5528 3877
5528 6878
5532 1090
5541 5563
5542 1315
5549 1540
5550 3022
5551 169
5552 1337
5553 5221
5555 6279
5556 5182
5557 1132
5557 1325
5557 5580
5562 2347
5563 6578
5565 4601
5577 1175
5577 7134
5578 3058
5579 3715
5579 7453
5581 4184
5583 626
5583 3330
5590 3880
5592 2074
5592 5394
5593 338
5597 3451
5603 2704
5603 4670
5607 4607
5607 6192
5608 1605
5609 3589
5611 105
5611 3554
5611 6684
5614 3046
5614 6804
5618 4254
5620 783
5625 7166
5626 5670
5628 2420
5629 1249
5631 3260
5637 1395
5637 1572
5638 859
5640 3576
5640 4876
5641 6529
5641 6744
5649 6924
5651 6242
5652 5813
5653 1541
5653 2293
5654 6293
5657 4729
5657 7207
5659 3084
5659 4767
5663 2710
5664 6341
5672 4068
5674 6572
5675 766
5675 3698
5677 825
5677 1129
5680 1388
5681 4880
5682 5531
5691 6038
5692 1651
5693 774
5696 4185
5699 985
5700 5922
5702 5595
5704 2196
5704 7413
5710 3311
5711 6716
5715 1715
5715 6264
5718 7501
5719 6077
5721 4653
5721 4665
5721 6938
5731 4034
5732 3115
5733 6162
5734 1440
5734 4382
5738 2363
5739 5672
5741 2382
5743 1057
5743 1375
5748 1252
5748 4334
5751 3389
5755 6541
5762 2260
5764 1831
5764 2407
5766 3961
5769 4192
5770 50
5772 1720
5772 2459
5772 7407
5773 1972
5773 2811
5773 3731
5774 5136
5776 2150
5782 3990
5784 5019
5789 4451
5794 1924
5798 3509
5799 3095
5800 3981
5803 3784
5804 1292
5809 4414
5810 7492
5812 212
5812 1232
5812 2597
5813 700
5815 2686
5818 2574
5819 6620
5819 6832
5820 5132
5824 3760
5825 2413
5827 2296
5829 5329
5829 5460
5830 1567
5833 1356
5833 4428
5837 5392
5840 2193
5840 6545
5841 4733
5846 2523
5846 4496
5846 5155
5848 7064
5851 2411
5854 1514
5854 1717
5854 5731
5858 672
5858 4985
5859 3158
5860 994
5860 4377
5864 966
5864 4626
5864 5235
5865 5590
5867 3878
5867 5734
5867 5760
5868 702
5870 2269
5870 5773
5871 2006
5873 2611
5873 6226
5877 1802
5877 2149
5878 1954
5879 2151
5879 6894
5879 7174
5880 741
5880 4432
5887 1699
5888 2430
5892 1789
5892 4520
5893 2489
5893 4296
5893 4539
5893 6235
5895 429
5895 732
5898 3907
5898 7100
5899 1899
5900 6242
5904 4937
5907 5881
5908 4877
5908 7304
5909 6160
5911 1393
5911 7187
5913 6342
5916 4504
5916 5217
5918 1472
5922 6732
5927 1844
5931 2483
5936 7349
5938 5483
5942 1431
5942 6420
5943 2740
5944 2872
5945 433
5945 3944
5949 7446
5954 3740
5956 2528
5956 3765
5957 4047
5961 3257
5961 5675
5965 4104
5965 7221
5966 577
5966 5614
5967 20
5967 262
5967 3628
5972 1402
5973 6108
5973 6747
5975 3459
5976 5147
5982 4513
5982 5480
5987 5350
5989 6532
5990 5464
5998 6067
5998 6596
6000 3338
6001 5511
6006 4039
6007 87
6008 144
6010 4578
6013 4739
6018 2518
6025 3262
6027 1765
6029 6631
6030 7011
6032 52
6033 232
6034 4440
6035 7081
6035 7511
6038 4041
6041 1027
6041 7143
6042 7414
6055 6676
6056 5912
6058 550
6059 5610
6060 4342
6061 7056
6075 6445
6077 6407
6087 3423
6088 3644
6088 5437
6090 3815
6094 5314
6099 2916
6102 1982
6106 3886
6108 6729
6109 7436
6112 3581
6113 6193
6117 1923
6120 1095
6126 5908
6127 1625
6128 5719
6130 7588
6132 5162
6132 6187
6133 3073
6133 6010
6134 4682
6138 2475
6141 3047
6141 7179
6143 3154
6145 4936
6146 6138
6147 4421
6150 992
6151 1001
6153 4018
6154 4243
6155 1867
6155 1975
6155 4579
6156 6706
6157 3044
6160 7260
6164 6451
6166 5485
6167 892
6172 6715
6173 1622
6174 7567
6176 5653
6176 7655
6177 1058
6182 2392
6184 2336
6186 798
6186 6388
6187 294
6187 2520
6197 1252
6197 3318
6201 6968
6203 5581
6204 6076
6206 2939
6206 7202
6209 2293
6210 773
6213 5536
6214 3187
6216 805
6220 6111
6224 1734
6226 6086
6229 3246
6229 6982
6233 5714
6234 6657
6236 4401
6237 3230
6238 2279
6240 3668
6243 3565
6245 4822
6248 1860
6251 4043
6252 2681
6252 2965
6252 7461
6254 1310
6257 1032
6259 1934
6259 2749
6259 3672
6260 842
6265 2654
6266 3137
6270 2584
6271 5837
6273 6192
6281 5921
6282 354
6282 3364
6284 3385
6285 3592
6290 7144
6292 7482
6293 2227
6295 3253
6296 1225
6296 6733
6301 1316
6301 1784
6301 7386
6302 1749
6306 4548
6307 2889
6309 1953
6311 3521
6317 2148
6318 3717
6319 6327
6319 6333
6320 733
6321 1197
6325 6171
6326 2625
6327 2231
6328 7499
6342 5960
6342 7514
6347 6286
6347 6571
6348 4135
6349 3184
6350 3978
6351 527
6352 6666
6353 2204
6353 6245
6354 3885
6358 5432
6360 1520
6360 7155
6361 4685
6364 3261
6364 5342
6366 2309
6366 3879
6367 1240
6372 5099
6374 4805
6377 196
6383 1183
6387 6885
6390 1746
6394 4951
6396 6000
6396 6629
6398 2766
6399 762
6400 6303
6403 1291
6413 2613
6414 5921
6415 5040
6416 3536
6417 710
6418 4910
6419 4191
6420 1493
6425 1415
6430 5602
6431 945
6432 1603
6435 5347
6439 32
6439 226
6441 3361
6441 6338
6442 3990
6446 1804
6447 1595
6447 1946
6447 4487
6448 4022
6448 6374
6448 7508
6448 7512
6451 2637
6452 6817
6454 919
6454 2707
6457 3498
6460 6724
6462 4819
6464 782
6464 4047
6468 2101
6469 3900
6471 4040
6477 6505
6478 7685
6479 4891
6481 1169
6482 320
6485 3075
6486 466
6493 1287
6493 5679
6497 3934
6505 1725
6506 5241
6507 2901
6507 2940
6512 6331
6520 989
6525 215
6525 6547
6526 6483
6531 1785
6536 3633
6538 6541
6541 3686
6541 5110
6542 3365
6544 5274
6545 4432
6550 640
6550 3132
6551 1491
6553 1646
6565 6334
6568 6807
6570 5525
6570 5544
6573 1233
6574 7454
6575 1104
6576 7168
6578 2391
6578 3266
6578 3348
6578 6037
6584 7620
6590 7320
6593 7352
6594 2336
6597 5218
6598 767
6598 1569
6599 7009
6600 2349
6602 3140
6602 5876
6604 6920
6605 90
6606 4851
6608 4982
6613 5328
6614 1960
6614 4490
6618 3898
6620 5298
6622 1607
6622 2783
6623 1805
6623 4334
6626 2202
6626 3856
6628 5216
6629 5512
6631 6439
6633 4987
6634 3910
6634 7023
6635 6584
6642 947
6642 7512
6643 7184
6644 4042
6650 1326
6651 996
6651 2217
6653 2848
6654 5620
6655 565
6656 1920
6657 697
6658 1404
6661 6063
6663 360
6665 4623
6667 370
6667 4032
6669 1121
6670 1
6671 6957
6673 3246
6673 5609
6676 6628
6677 4524
6677 7353
6680 7454
6685 7575
6686 2687
6687 2389
6689 2066
6689 6752
6691 5445
6691 6499
6692 3696
6696 5438
6698 7224
6699 4189
6703 5222
6704 825
6704 2381
6705 3959
6710 86
6710 1480
6711 326
6717 4868
6728 1912
6729 2605
6733 2545
6738 4495
6739 7
6741 3756
6744 3188
6747 2010
6747 4934
6749 6333
6749 6820
6751 4445
6761 526
6762 78
6762 5019
6765 1457
6766 2115
6766 5400
6768 1930
6771 2437
6771 5717
6772 6548
6773 5015
6777 5727
6780 164
6780 1497
6780 6675
6781 4221
6782 98
6783 3601
6789 2096
6789 5386
6791 3395
6793 521
6794 760
6795 6926
6797 770
6801 1241
6801 2481
6801 5399
6803 3441
6803 5119
6808 3355
6808 4343
6808 4845
6813 2562
6814 5390
6815 6710
6818 1568
6820 1318
6821 2438
6824 3797
6826 292
6830 7193
6831 1262
6831 4477
6832 5068
6832 5131
6833 3442
6836 1902
6840 7674
6842 3716
6845 5722
6847 4466
6849 2616
6850 905
6850 6381
6854 5970
6856 6018
6857 3356
6859 3351
6860 5326
6862 5857
6862 6744
6863 6234
6865 6219
6871 1318
6871 5636
6873 6577
6875 3172
6877 7655
6884 7238
6888 6949
6888 7628
6889 4016
6895 2099
6897 3169
6901 4171
6902 3927
6902 4432
6905 6719
6908 235
6914 7259
6919 4956
6920 7051
6924 534
6924 6712
6924 6968
6925 6843
6926 1033
6926 5502
6927 2539
6928 1226
6930 3844
6930 6399
6932 3092
6937 2662
6938 3323
6938 5654
6939 2640
6940 3627
6943 2387
6943 4638
6944 7285
6945 2594
6945 3829
6945 4800
6948 2911
6956 2509
6956 4258
6957 1179
6958 1945
6958 5250
6960 5545
6963 2502
6964 697
6964 1440
6966 7248
6968 937
6969 26
6969 6503
6973 3456
6977 4089
6979 3310
6984 6835
6984 7028
6989 4789
7001 338
7004 6913
7005 3412
7006 1121
7006 6548
7014 5785
7022 2702
7025 828
7030 1836
7030 7371
7034 4311
7034 7132
7036 2479
7036 3904
7037 634
7038 7007
7044 2139
7046 6368
7047 3612
7047 6520
7048 1021
7048 4481
7049 746
7051 3060
7054 2413
7055 1172
7055 5486
7056 5760
7057 7378
7058 2150
7059 3654
7061 5201
7064 2307
7064 6120
7068 6948
7071 128
7075 1141
7076 1627
7076 5242
7081 2663
7081 3882
7083 994
7086 44
7088 317
7088 4375
7093 3627
7094 1102
7100 272
7101 6672
7102 3895
7104 7489
7105 4577
7106 553
7106 6856
7108 6011
7109 4918
7111 6724
7112 4569
7113 5360
7114 931
7120 563
7121 6776
7127 7085
7129 1422
7130 7001
7132 2456
7134 4057
7141 1706
7141 5623
7147 1438
7150 3424
7150 5948
7159 5361
7160 803
7162 1593
7163 4021
7167 6091
7170 3129
7171 977
7173 5450
7176 2589
7177 7498
7179 7005
7180 2008
7180 2772
7182 2296
7188 6447
7190 5303
7194 5881
7195 3334
7196 6076
7197 4550
7198 1387
7201 7600
7204 7342
7206 978
7206 7655
7207 1228
7208 2819
7210 177
7210 796
7210 6401
7213 3625
7214 3589
7215 892
7215 6754
7216 1096
7219 5621
7221 3213
7224 2396
7232 7190
7234 621
7234 2989
7236 2012
7238 4700
7243 6745
7244 7211
7246 3338
7249 3369
7255 1044
7263 2878
7265 3297
7266 5440
7267 3187
7270 3931
7271 2592
7274 4612
7280 1356
7281 7247
7284 4823
7285 7150
7293 3489
7295 4848
7299 656
7299 6191
7300 494
7301 6784
7303 116
7306 5171
7307 912
7307 6653
7310 7000
7313 2107
7314 4406
7314 4976
7316 5429
7321 4640
7328 4625
7330 1229
7331 3128
7335 5668
7337 7614
7344 6083
7347 2916
7351 153
7355 848
7361 1648
7363 5020
7365 259
7365 3753
7370 7572
7372 2917
7374 6945
7382 4251
7383 1823
7383 4707
7385 4899
7385 7344
7386 2544
7388 2726
7388 4396
7390 2506
7390 7504
7391 1830
7393 4695
7393 7391
7394 270
7397 1592
7398 3209
7399 772
7400 270
7404 6139
7408 7155
7409 4251
7414 6197
7418 578
7423 939
7423 3934
7429 7073
7431 1345
7434 261
7434 6918
7440 74
7440 165
7442 6311
7443 2737
7443 2901
7443 3296
7450 7439
7453 4243
7454 613
7455 6620
7459 2
7459 6813
7462 2522
7466 5392
7468 5589
7470 1254
7472 4810
7474 7542
7480 1624
7485 6681
7486 1561
7486 2725
7488 5459
7489 2437
7496 5094
7499 1492
7502 2123
7504 5763
7508 5338
7513 4105
7514 2434
7517 6588
7518 1278
7519 1267
7521 5997
7522 2955
7522 4012
7532 1741
7533 1661
7534 5268
7534 6670
7535 1372
7537 2411
7537 4733
7537 4985
7537 6093
7540 3024
7540 3744
7546 2743
7547 704
7548 6247
7551 4763
7552 4755
7552 6019
7556 601
7558 2759
7559 2868
7561 1799
7562 665
7562 4710
7564 5124
7565 5834
7566 6120
7572 757
7576 7233
7578 6371
7580 1866
7587 2005
7589 383
7591 2156
7594 6182
7595 1926
7596 5762
7600 2710
7601 305
7605 4636
7606 5813
7607 5974
7607 6604
7609 3394
7617 573
7620 2940
7620 6244
7622 3968
7622 4619
7626 788
7629 1674
7629 7035
7630 1177
7631 4154
7632 6561
7633 6760
7634 5439
7635 5186
7639 5774
7639 6459
7641 3936
7642 6105
7644 6705
7651 2125
7653 62
7654 3715
7655 2326
7660 2849
7662 6438
7663 1328
7665 60
7665 3586
7670 2297
7671 4859
7671 5095
7672 1127
7672 6152
7674 1583
7674 6142
7675 1704
7676 3080
7679 6315
7680 3622
7684 5153
7684 6080
7690 2739
7694 3416
7696 1051
7696 3038
7697 823
7698 6751
7699 74
7699 4708
7701 2739
7701 4858
7703 2346
7703 4997
7706 1945
7706 7314
7713 1314
7714 486
7717 6425
7719 7620
7720 656
7724 7066
7727 597
7727 856
7728 732
7735 698
7737 3480
7739 5391
7742 488
7742 7564
7743 5744
7743 6198
7745 5760
7746 2346
7748 4883
7750 4175
7753 312
7755 1553
7755 4717
7755 5544
7755 6384
7756 1124
7759 4988
7760 6900
7762 85
7762 658
7762 870
7762 7224
7763 1547
7763 4775
7765 4080
7766 1263
7767 7034
7769 6934
7771 2715
7775 3123
7775 7325
7777 2051
7777 5892
7779 1725
7781 217
7788 911
7789 5524
7790 5913
7798 2587
7799 1752
7799 6308
7806 2367
7806 2492
7806 4914
7816 6265
7817 2136
7820 3225
7821 2067
7822 4892
7823 2368
7823 6185
7834 1102
7835 6790
7838 2355
7842 2195
7846 6683
7848 757
7848 5550
7848 5953
7851 6989
7854 1742
7858 7383
7861 6754
7862 2636
7865 1607
7866 6923
7867 6812
7870 4543
7872 1307
7873 4523
7875 3194
7877 7484
7884 2150
7885 2200
7886 3476
7887 1997
7890 5610
7899 1597
7899 4674
7900 1999
7901 250
7902 2436
7907 6650
7911 7014
7913 6708
7914 6351
7915 2198
7919 5578
7920 6511
7921 251
7922 1543
7922 1987
7922 3963
7923 955
7923 6190
7924 5993
7927 5282
7928 3415
7931 1573
7931 3328
7932 5217
7936 461
7939 6551
7939 7187
7940 3321
7943 7153
7945 2379
7947 4851
7947 5577
7950 2142
7954 1270
7955 7039
7956 2599
7959 1326
7959 3692
7961 7384
7961 7495
7965 5757
7965 6004
7967 4870
7968 3935
7973 2482
7975 4749
7975 5108
7976 2148
7977 3490
7981 5835
7982 7014
7983 2895
7984 3029
7985 80
7991 6693
7993 5214
7999 4366
7999 5427
7999 6217
8004 5923
8004 6370
8004 7281
8007 1244
8007 7473
8009 5360
8010 135
8010 7493
8011 5889
8012 2199
8013 6538
8018 1264
8019 1819
8019 6119
8020 2703
8025 5646
8026 791
8026 3609
8029 137
8029 7517
8034 1991
8039 155
8044 247
8046 2479
8046 2775
8046 4693
8050 904
8051 5049
8056 2600
8057 2338
8057 6247
8058 968
8060 1899
8062 2120
8066 476
8069 5047
8074 1186
8076 1287
8076 7277
8078 3986
8080 2222
8083 242
8087 1675
8089 1538
8099 1486
8101 178
8102 3865
8103 2434
8103 4342
8104 2177
8105 2187
8106 3790
8106 4738
8107 5643
8108 6164
8117 1515
8117 5525
8123 76
8123 1574
8128 236
8128 6251
8131 35
8136 307
8137 4549
8139 4714
8142 1677
8144 1985
8145 2841
8148 2832
8148 5422
8151 5135
8151 6140
8152 3054
8155 3292
8155 7502
8156 6955
8158 2725
8160 528
8165 2777
8168 1703
8174 6798
8175 4642
8178 2680
8178 5117
8181 2814
8186 4239
8187 260
8188 851
8189 6130
8192 6388
8194 992
8197 5708
8200 385
8200 3083
8201 5984
8202 3578
8203 2748
8205 2033
8206 3262
8208 5312
8211 6832
8214 4766
8215 1822
8215 6379
8216 482
8216 6787
8216 6902
8219 4066
8220 85
8221 3465
8221 6247
8235 2194
8239 610
8239 2492
8239 5905
8241 2397
8241 3883
8243 6165
8243 6245
8248 1437
8248 5813
8248 6148
8254 4948
8255 6861
8256 5261
8259 4059
8259 6285
8261 4965
8262 1946
8265 4750
8267 326
8270 4005
8272 2868
8273 2089
8278 1453
8279 3985
8280 6871
8281 1564
8281 6379
8282 5223
8283 7035
8284 5082
8286 2389
8287 1174
8289 7417
8292 582
8293 6869
8294 2123
8295 6602
8300 2376
8306 1249
8306 4783
8306 6533
8307 2022
8314 412
8319 1345
8320 1953
8321 4090
8322 4420
8324 2353
8327 3898
8327 5311
8332 5667
8334 272
8335 6831
8336 4562
8337 6922
8339 4643
8340 3961
8341 326
8344 6066
8346 7018
8347 4655
8348 4173
8353 394
8354 27
8356 424
8358 3119
8359 6789
8364 433
8364 7363
8367 6705
8368 5210
8373 6658
8374 6395
8375 3392
8376 3704
8379 1658
8379 1833
8382 2781
8383 6062
8384 1619
8386 6410
8389 1816
8392 7452
8396 6493
8403 3252
8406 2537
8407 1679
8408 392
8408 3734
8409 6390
8412 5438
8412 7352
8414 6934
8417 6934
8428 7179
8429 4102
8432 5570
8433 5675
8434 3526
8437 3359
8437 7508
8439 3072
8444 4415
8445 6420
8450 514
8450 7537
8451 4913
8453 6292
8456 322
8461 227
8463 4522
8463 6410
8464 1897
8467 2568
8468 5397
8470 2881
8470 4292
8471 2392
8476 1556
8480 1785
8480 2299
8486 6524
8487 1575
8487 6975
8497 7320
8499 3859
8501 4096
8502 2456
8503 7107
8503 7645
8505 5265
8507 1284
8509 2217
8509 4302
8512 1951
8518 7023
8519 624
8522 321
8523 1063
8524 6160
8533 5960
8534 2228
8534 4583
8536 5028
8538 276
8541 2305
8543 3093
8544 7668
8547 3142
8550 3716
8552 2976
8555 4190
8567 1232
8567 3804
8567 4017
8567 4978
8568 616
8569 821
8570 1063
8571 4654
8574 3131
8576 5494
8577 4036
8578 815
8578 2285
8579 1130
8579 4666
8584 1706
8586 7660
8588 6673
8589 7053
8596 437
8600 172
8600 1516
8600 4723
8602 5717
8602 6024
8603 2078
8605 1333
8605 5859
8605 6736
8605 7072
8606 6791
8610 6511
8611 1182
8613 2022
8613 3882
8615 7393
8625 3437
8629 2608
8630 1666
8636 3179
8641 1513
8643 428
8645 7520
8647 7318
8648 6182
8650 3637
8654 537
8654 5608
8656 836
8657 955
8658 5458
8659 5549
8665 5600
8666 4006
8667 5097
8670 2758
8674 678
8676 1988
8678 2244
8678 3847
8681 3452
8685 675
8685 3950
8685 5611
8686 7589
8687 991
8687 4562
8687 5745
8690 2068
8691 6199
8695 817
8697 2092
8698 4803
8705 5651
8706 2320
8706 6998
8707 6972
8708 6307
8709 7602
8711 2562
8712 3660
8717 4297
8718 255
8718 1702
8718 4028
8718 7646
8720 2551
8721 3175

