8000 1585 7021
1 1
1 384
4 500
4 935
4 1053
8 1158
9 425
9 1061
11 233
11 1055
11 1356
15 461
17 1520
21 208
21 1227
21 1549
22 1329
28 54
31 61
32 250
32 1343
33 192
33 302
33 1392
38 505
38 757
42 126
42 1526
43 823
44 1388
45 28
45 581
46 783
47 219
47 1390
48 95
48 631
50 313
51 417
52 323
52 700
52 1354
53 1521
54 1048
55 1036
55 1351
55 1426
58 810
58 1485
59 1311
59 1364
62 801
63 530
63 1102
66 102
66 759
66 990
66 1005
67 484
67 1258
69 1465
71 993
74 1102
76 860
80 1492
81 264
81 850
82 625
84 545
85 217
87 293
88 163
88 230
88 1295
88 1345
89 713
91 155
91 1064
94 962
95 336
95 1080
96 1530
98 808
98 1379
99 391
102 508
102 834
103 84
103 786
103 1282
104 98
104 941
104 1235
105 1003
108 374
108 773
108 1539
109 724
109 875
109 992
109 1132
109 1156
113 233
113 338
113 1218
119 1312
121 562
122 656
123 11
124 849
124 1031
124 1202
125 38
125 952
127 87
127 1142
128 779
131 973
131 1162
131 1516
132 356
134 531
137 846
138 233
138 416
139 520
140 484
141 464
142 1047
145 199
147 416
148 1319
151 533
153 1306
153 1526
154 305
155 844
156 464
156 1525
157 1011
161 320
162 805
162 1581
165 680
166 14
166 784
169 1103
173 1195
174 150
174 990
174 1242
176 1558
179 542
179 884
183 917
184 111
186 223
186 1536
187 1186
190 85
191 1083
193 1323
194 812
195 643
195 1089
195 1382
197 318
199 507
200 84
203 415
205 1484
206 32
207 1334
211 346
211 1263
212 156
212 708
213 1080
216 673
216 984
216 1572
218 297
221 269
222 372
224 821
224 1019
227 791
227 873
227 1293
228 709
229 873
229 1331
232 238
232 434
232 1544
233 912
233 1168
233 1190
234 218
235 254
236 99
236 175
237 819
237 850
238 575
238 1547
239 797
240 855
241 1242
241 1304
242 572
243 1532
245 91
245 193
246 311
249 1146
249 1411
251 481
251 1058
251 1403
253 831
253 1399
255 112
258 218
260 696
261 459
261 992
263 492
264 830
266 1202
270 869
274 714
274 835
274 1088
276 194
277 1256
277 1463
278 132
278 923
279 627
281 890
281 1020
281 1134
282 810
287 1029
288 74
288 1013
289 1125
290 1517
291 271
295 78
295 549
295 771
296 1496
298 4
298 467
298 1087
298 1483
299 118
299 1350
302 342
307 1176
309 533
309 1389
311 503
313 762
313 1517
314 523
315 402
319 451
319 867
319 1133
320 1177
320 1345
320 1478
321 941
322 132
322 1518
323 148
325 473
328 1015
329 1107
330 97
330 115
332 209
334 310
335 297
337 1292
343 1089
345 1104
348 213
354 77
355 1064
358 351
359 84
360 891
361 163
362 179
362 1273
363 1467
364 221
364 1124
365 345
365 431
366 107
370 516
370 1221
371 289
371 1207
371 1516
372 674
374 822
374 1067
375 1442
377 605
377 1243
378 987
379 843
379 896
382 69
383 917
384 376
389 1463
393 1439
394 611
394 1428
395 121
396 509
398 1425
399 1409
402 1370
403 227
407 169
407 766
408 845
409 67
409 1050
413 936
415 584
415 663
415 1570
416 1056
416 1522
419 149
420 1172
425 69
427 207
429 555
432 507
433 770
434 966
435 93
436 100
436 1523
436 1535
437 625
438 1029
439 182
439 251
439 472
439 1040
439 1485
440 1343
441 996
444 501
448 435
448 933
449 1432
450 841
451 899
452 1057
453 865
454 81
454 736
456 714
458 709
465 350
465 1071
465 1112
466 98
470 232
473 1313
474 304
474 1254
475 1258
476 1470
477 1126
479 157
480 1254
482 1012
483 509
484 946
486 1022
486 1273
487 904
487 1280
489 1540
490 1477
491 831
491 1280
492 1129
495 1093
495 1253
497 12
497 238
497 1506
497 1527
498 1325
499 426
500 788
501 732
501 860
502 11
502 831
503 1493
504 483
506 1130
509 108
512 1372
513 496
514 356
516 288
516 601
516 814
519 448
519 1445
519 1525
520 519
520 1330
521 160
521 1320
522 832
523 740
524 740
525 616
525 710
525 1172
526 426
526 1127
530 552
530 1036
531 587
533 617
533 705
534 267
535 613
536 1040
537 179
538 834
538 913
542 1155
542 1320
543 692
544 75
544 1028
546 1125
548 1057
551 1195
553 296
554 822
555 276
557 207
558 1212
560 985
562 510
562 590
562 683
563 652
564 767
569 114
569 1075
569 1186
571 154
576 595
576 1075
580 166
581 163
581 354
581 1496
582 551
583 692
585 1419
588 202
590 575
590 948
590 1376
590 1408
591 1464
593 1315
596 651
597 413
598 866
599 1159
599 1341
600 161
600 557
600 802
602 342
608 510
612 367
612 503
614 71
615 204
617 50
619 1493
620 1325
621 762
622 1301
623 707
624 683
629 676
629 1564
631 1103
631 1423
634 1185
636 545
637 935
637 1562
638 806
639 873
643 58
644 599
645 55
645 165
646 451
647 560
650 1497
651 302
652 27
652 180
653 323
654 1045
655 26
657 917
657 1010
658 471
661 297
662 401
662 1540
663 539
663 910
664 107
664 543
667 278
667 388
667 718
668 582
668 1379
668 1520
670 248
670 661
671 243
673 98
673 499
673 763
674 1446
674 1476
675 1207
675 1304
677 1019
678 999
678 1481
679 875
680 1139
680 1558
684 264
684 744
687 658
687 888
688 1457
689 108
689 1569
690 13
691 1290
691 1508
692 458
692 729
692 1182
693 727
693 1300
693 1536
695 628
696 427
697 28
698 616
698 1271
700 444
703 999
704 609
705 739
706 1242
707 384
707 502
707 1237
707 1290
708 166
708 899
715 1070
715 1443
716 788
717 413
717 1464
719 242
719 1008
721 252
721 597
721 1253
722 1532
723 430
728 1276
728 1328
729 1049
730 667
730 784
732 208
732 739
733 124
734 1371
737 230
738 87
738 94
738 1277
740 434
741 135
741 1033
742 1014
743 926
743 1386
744 834
745 233
745 499
746 1197
746 1545
748 599
748 783
750 901
750 1205
751 552
752 1247
753 1021
755 966
757 1428
759 1263
760 1163
761 1236
762 599
763 1468
765 146
766 891
768 585
769 45
772 1142
774 653
775 651
776 302
776 1063
777 850
778 756
778 950
780 1417
781 41
781 46
783 156
783 1425
784 363
784 566
784 1033
784 1579
786 346
790 370
790 757
790 761
791 321
793 659
795 180
795 1536
798 886
799 317
799 1373
800 1407
801 394
805 1577
806 179
810 114
814 422
814 467
814 789
817 753
817 1316
818 283
818 1425
820 461
821 191
822 1047
824 1459
824 1517
825 300
826 1308
827 596
829 748
830 102
830 938
832 189
832 687
832 1565
833 1133
835 193
836 148
836 1392
839 355
839 790
841 1579
847 1132
853 18
856 448
856 1382
858 146
858 247
862 700
863 44
863 712
863 863
863 966
865 621
867 425
868 1123
869 1103
869 1430
870 1176
873 581
875 395
878 761
880 775
881 1313
881 1558
882 177
882 1238
885 1372
887 353
887 830
888 1062
889 1451
890 1096
890 1318
892 1159
895 835
898 1537
899 494
900 618
900 882
901 1349
902 375
903 351
909 897
912 1348
913 515
916 22
917 308
917 889
918 578
922 1206
924 71
925 130
928 1019
930 150
931 823
931 865
931 1419
935 577
937 225
938 1164
939 831
942 1147
944 540
945 1142
947 461
947 1256
949 95
949 222
949 410
949 865
956 607
956 1058
956 1131
957 56
957 408
959 973
959 1383
961 696
964 899
965 1042
965 1088
965 1383
967 550
967 877
969 325
971 935
971 1044
974 453
974 961
975 1334
976 704
978 825
982 382
983 723
985 230
986 679
987 1349
989 984
990 324
990 812
993 278
993 331
993 498
993 648
993 1509
994 993
994 1022
995 329
999 221
999 846
999 988
999 1298
1001 806
1001 1255
1004 156
1004 1183
1006 422
1006 1062
1007 161
1008 145
1012 10
1012 362
1012 1176
1014 478
1018 560
1019 442
1020 1100
1020 1173
1023 264
1024 795
1024 846
1024 1335
1025 543
1026 602
1027 219
1027 747
1028 886
1029 737
1031 919
1035 154
1036 357
1037 712
1039 679
1043 677
1044 272
1044 426
1044 677
1045 1058
1048 591
1049 932
1050 140
1050 778
1051 1012
1051 1508
1052 729
1054 1085
1055 973
1055 1365
1057 1260
1058 992
1059 667
1059 1006
1061 320
1061 770
1061 1489
1062 258
1062 344
1062 1101
1064 936
1066 62
1067 941
1068 493
1068 649
1068 1102
1069 218
1069 517
1072 1078
1072 1384
1074 266
1074 1165
1075 963
1075 981
1076 225
1076 764
1076 945
1080 775
1081 903
1082 463
1083 290
1083 951
1084 992
1084 1160
1087 821
1088 409
1088 661
1089 66
1090 98
1091 350
1091 482
1091 622
1093 1061
1094 1130
1096 33
1098 827
1101 1106
1102 1344
1103 416
1105 326
1105 1025
1107 1003
1109 1145
1110 128
1114 1151
1117 285
1117 1323
1118 152
1118 955
1119 1238
1120 430
1121 1421
1126 476
1126 762
1127 729
1127 1435
1128 687
1128 1535
1129 976
1133 1146
1133 1183
1134 659
1135 62
1139 194
1140 772
1141 727
1142 223
1142 1003
1143 1234
1146 762
1146 1407
1149 713
1150 253
1150 360
1153 1065
1156 1584
1158 824
1159 1549
1163 67
1164 1169
1165 1162
1166 236
1166 1425
1167 346
1167 1133
1167 1212
1173 479
1174 1526
1176 189
1178 149
1178 705
1184 1261
1184 1468
1185 1271
1188 1172
1189 729
1190 545
1190 1001
1193 95
1193 1521
1194 144
1197 692
1197 879
1197 1065
1199 866
1201 1188
1201 1448
1202 587
1202 968
1202 1447
1202 1538
1204 1585
1206 1484
1207 56
1209 213
1212 1231
1213 269
1214 1188
1215 420
1215 1511
1216 1229
1218 1079
1219 522
1220 365
1220 954
1220 1393
1222 89
1222 651
1224 38
1224 281
1224 573
1225 631
1228 986
1229 321
1229 526
1229 807
1230 722
1230 870
1232 1058
1233 1068
1236 656
1236 1231
1236 1478
1239 12
1239 724
1240 596
1241 1518
1243 741
1244 1053
1244 1236
1246 190
1246 895
1246 1471
1247 1517
1248 387
1249 418
1249 449
1251 1000
1254 533
1257 528
1259 248
1260 41
1260 634
1262 337
1265 303
1265 578
1267 307
1267 416
1267 1386
1268 885
1273 136
1273 380
1274 1520
1275 393
1276 943
1278 587
1278 781
1279 703
1280 472
1281 754
1281 1149
1283 56
1283 1394
1284 801
1284 822
1284 1480
1285 175
1287 402
1287 1217
1289 1469
1290 243
1290 319
1291 296
1291 334
1292 823
1293 396
1296 497
1297 811
1298 22
1299 1018
1300 401
1300 738
1300 855
1300 1046
1301 763
1303 354
1304 963
1305 1016
1306 780
1308 326
1309 342
1309 1079
1309 1323
1310 509
1311 484
1311 980
1311 1164
1312 861
1313 1186
1315 24
1316 1452
1317 14
1318 1491
1319 157
1320 324
1320 505
1320 1039
1321 652
1321 890
1324 56
1324 575
1324 686
1325 209
1325 357
1325 1288
1326 1571
1328 1367
1329 1414
1330 563
1330 688
1330 952
1331 381
1332 1265
1335 679
1336 1198
1336 1394
1337 1334
1338 1037
1340 272
1341 521
1341 962
1343 1344
1344 292
1345 686
1346 1285
1347 703
1347 990
1347 1426
1348 1343
1351 37
1351 188
1351 1073
1352 228
1352 695
1357 107
1357 447
1358 351
1358 1118
1359 4
1360 490
1360 1463
1361 1036
1362 1401
1363 122
1363 826
1367 414
1367 1208
1367 1517
1368 869
1368 1059
1370 915
1370 993
1372 132
1372 144
1372 497
1373 1026
1375 849
1376 1124
1377 1537
1379 1049
1381 112
1381 1510
1381 1584
1384 1177
1388 214
1388 881
1389 704
1389 903
1391 494
1392 1141
1393 22
1394 275
1394 1092
1395 183
1396 319
1403 1019
1404 1371
1405 535
1408 173
1411 238
1411 1344
1412 247
1412 1583
1414 420
1415 516
1415 964
1417 1186
1418 383
1419 561
1421 824
1422 614
1423 401
1424 149
1424 952
1425 709
1428 138
1429 1367
1431 1486
1432 504
1432 1182
1432 1295
1432 1556
1432 1570
1434 46
1434 1510
1436 655
1437 1356
1438 271
1439 319
1439 1284
1440 802
1441 1498
1443 1097
1445 1139
1446 813
1449 294
1449 743
1451 1393
1452 1556
1454 222
1454 316
1456 545
1456 1055
1456 1251
1457 99
1457 542
1457 985
1457 1374
1458 135
1460 1202
1461 1430
1463 1394
1464 593
1465 1328
1466 231
1467 216
1470 1117
1471 369
1475 1431
1477 292
1477 875
1478 824
1480 1230
1480 1293
1483 1134
1485 1103
1486 841
1487 373
1487 805
1487 1114
1487 1579
1489 449
1495 883
1495 935
1495 1245
1497 145
1497 368
1500 1263
1501 464
1502 712
1503 774
1505 689
1506 984
1508 99
1510 899
1513 433
1513 1459
1514 1027
1515 1137
1515 1396
1520 914
1521 489
1521 541
1521 585
1522 597
1522 686
1523 394
1523 1470
1524 315
1524 1227
1525 835
1526 132
1527 1537
1529 834
1529 1073
1529 1162
1531 196
1534 470
1535 217
1538 1417
1538 1563
1539 95
1541 951
1544 182
1544 957
1545 322
1546 1218
1546 1220
1546 1317
1548 1513
1549 738
1550 568
1551 411
1551 1347
1553 93
1553 1042
1553 1210
1555 281
1556 720
1556 1568
1557 357
1557 1420
1558 69
1558 977
1559 1578
1560 388
1567 1042
1568 1060
1569 517
1572 9
1574 1364
1575 319
1575 983
1577 799
1577 1313
1578 926
1578 1384
1579 822
1580 1494
1581 1442
1582 134
1582 1172
1586 7
1586 878
1586 1178
1587 320
1589 932
1589 1257
1590 65
1591 594
1591 1004
1591 1193
1592 939
1593 1552
1595 335
1599 589
1601 1551
1602 898
1604 730
1605 327
1606 169
1608 375
1608 1480
1609 1255
1611 619
1612 857
1615 130
1616 168
1618 1510
1621 374
1621 1432
1624 1329
1627 744
1631 184
1631 825
1633 383
1633 491
1633 724
1633 1199
1633 1420
1634 924
1635 247
1635 1314
1636 1082
1636 1117
1637 1328
1638 600
1638 1283
1639 1098
1642 1139
1646 61
1647 707
1647 1228
1649 969
1653 572
1654 29
1656 1304
1657 1231
1659 711
1659 1188
1660 223
1660 1221
1661 160
1661 473
1661 509
1661 1585
1662 170
1664 813
1664 1118
1667 21
1668 1230
1669 350
1669 1389
1670 760
1670 1150
1670 1272
1676 1566
1677 1161
1678 1400
1679 37
1679 234
1680 52
1680 356
1680 978
1680 1260
1681 858
1683 637
1684 683
1684 1484
1685 603
1688 843
1688 864
1689 1471
1692 1422
1695 1571
1696 933
1700 1489
1701 1207
1701 1258
1703 43
1703 352
1703 1445
1705 632
1706 1343
1707 789
1709 73
1710 1339
1712 929
1713 267
1715 1237
1717 897
1717 913
1720 1435
1721 113
1721 643
1721 1164
1722 1220
1726 285
1730 1273
1731 582
1731 1150
1732 546
1733 35
1733 943
1733 1257
1733 1366
1734 77
1736 409
1736 519
1737 1446
1738 24
1739 550
1739 822
1739 1342
1741 926
1744 940
1745 226
1746 856
1747 79
1748 398
1749 54
1750 277
1750 1580
1751 150
1753 1281
1755 818
1755 837
1757 864
1761 333
1763 1250
1765 1482
1766 886
1768 1404
1769 25
1769 535
1769 1449
1770 318
1771 343
1773 1331
1774 37
1774 274
1775 1233
1775 1405
1778 109
1778 520
1778 1366
1780 852
1781 455
1783 869
1783 1380
1785 244
1785 958
1785 1423
1787 709
1790 794
1791 1296
1792 1310
1793 904
1796 149
1797 893
1797 1109
1799 389
1799 949
1799 1045
1800 256
1804 294
1808 236
1808 450
1812 1115
1813 551
1814 646
1815 775
1816 208
1816 1250
1816 1404
1817 545
1817 1093
1818 1075
1819 5
1822 362
1823 422
1823 662
1823 887
1825 381
1827 1234
1829 1064
1829 1139
1830 865
1830 1200
1831 50
1832 1105
1833 823
1833 942
1834 735
1836 1122
1838 285
1838 589
1839 627
1840 1028
1841 1106
1846 364
1848 90
1854 921
1855 831
1855 991
1856 1165
1859 178
1861 1206
1862 403
1863 513
1863 527
1863 745
1863 899
1863 1217
1866 48
1866 706
1867 320
1867 556
1870 529
1870 567
1871 1383
1872 557
1873 522
1873 991
1874 49
1874 626
1876 139
1876 267
1876 872
1878 390
1878 1207
1878 1318
1879 280
1880 1304
1884 116
1884 900
1890 433
1890 773
1891 737
1893 809
1894 1560
1896 486
1896 1540
1898 685
1898 1427
1900 98
1900 1047
1901 180
1904 1026
1907 234
1908 19
1908 1439
1909 307
1910 504
1910 974
1911 962
1913 741
1914 1045
1915 146
1915 212
1916 843
1919 712
1920 36
1920 1433
1921 1124
1922 323
1925 616
1926 981
1926 1483
1927 1294
1928 225
1928 257
1929 1133
1929 1282
1929 1472
1933 1131
1933 1534
1937 461
1937 1198
1938 182
1939 46
1940 849
1941 231
1941 415
1941 475
1942 939
1943 31
1945 93
1945 367
1945 1023
1946 33
1946 1539
1947 246
1947 1517
1948 1018
1948 1070
1949 813
1949 1038
1949 1208
1949 1268
1949 1515
1950 59
1950 107
1952 1326
1955 126
1955 1380
1956 221
1957 30
1957 214
1957 1079
1958 100
1960 537
1962 114
1962 399
1962 734
1963 1538
1967 850
1967 1115
1968 1499
1968 1518
1972 383
1973 104
1974 296
1974 860
1974 1424
1975 204
1975 1369
1976 329
1978 1104
1979 150
1982 750
1987 794
1988 1220
1990 1365
1994 207
1994 811
1994 1404
1996 318
1996 660
1998 620
1999 95
1999 857
2000 372
2002 1033
2005 336
2006 43
2007 941
2008 144
2008 158
2009 979
2013 675
2013 797
2014 120
2014 312
2014 1473
2015 1146
2016 1385
2016 1387
2017 699
2019 912
2019 1258
2020 833
2021 1085
2023 796
2023 1489
2024 962
2026 687
2029 699
2029 1396
2031 64
2031 1356
2032 896
2032 1410
2032 1430
2035 1306
2036 879
2036 1205
2044 907
2046 1049
2047 1306
2048 1435
2050 1486
2051 1448
2053 221
2053 587
2053 636
2053 776
2053 1042
2054 480
2055 403
2057 1556
2058 1426
2058 1572
2060 90
2062 283
2062 450
2062 641
2063 669
2065 918
2066 316
2067 284
2067 1214
2067 1376
2068 361
2069 772
2069 1297
2071 166
2074 540
2074 699
2074 1322
2075 1257
2076 383
2077 1166
2079 1426
2082 125
2082 306
2082 744
2082 931
2086 1106
2087 795
2087 857
2093 153
2093 737
2095 822
2096 1175
2096 1440
2099 1141
2099 1436
2100 1031
2103 694
2103 891
2103 1216
2103 1498
2104 495
2111 850
2112 602
2115 376
2116 1041
2117 495
2117 506
2119 1544
2121 181
2123 857
2127 791
2128 466
2129 294
2131 1380
2134 420
2134 1539
2136 283
2138 652
2139 835
2143 1208
2144 679
2145 161
2145 674
2147 689
2147 1268
2148 236
2148 722
2148 1223
2149 405
2151 340
2152 7
2154 486
2155 368
2156 954
2157 1501
2162 245
2162 1466
2163 144
2163 412
2165 1088
2166 25
2166 1406
2167 281
2168 717
2169 1046
2173 10
2173 1558
2174 332
2174 1585
2175 485
2176 45
2176 196
2176 203
2176 373
2176 1287
2178 1278
2178 1476
2179 1521
2180 339
2180 831
2180 1318
2181 166
2181 868
2181 1554
2184 205
2185 1121
2186 741
2187 43
2187 296
2188 623
2191 1109
2191 1416
2192 1240
2194 188
2195 486
2195 1227
2196 1029
2197 1182
2198 1462
2200 506
2201 578
2203 536
2203 1401
2204 1078
2207 756
2208 930
2213 1248
2214 1082
2215 439
2216 450
2219 1270
2220 866
2221 347
2221 984
2222 675
2222 1331
2223 276
2224 1059
2225 1227
2226 1366
2226 1393
2226 1495
2227 863
2227 1289
2229 955
2231 585
2232 846
2232 1499
2233 910
2234 562
2234 1544
2236 1479
2237 1285
2237 1370
2237 1499
2238 991
2240 26
2240 1263
2242 769
2242 776
2242 1571
2243 605
2243 1444
2244 1324
2246 755
2247 712
2247 1561
2248 432
2248 1034
2249 1465
2250 996
2251 835
2253 65
2253 760
2253 1218
2256 1165
2258 549
2259 142
2259 1377
2260 496
2262 899
2264 617
2264 720
2264 986
2264 1425
2265 1544
2266 815
2266 1555
2267 467
2268 511
2268 889
2269 20
2270 772
2270 904
2271 897
2272 1236
2274 439
2277 1570
2279 1421
2280 64
2280 674
2280 1299
2281 728
2282 492
2289 653
2291 1296
2292 297
2292 1460
2296 1118
2297 610
2297 1341
2299 804
2300 742
2302 807
2303 318
2303 1057
2306 701
2306 1471
2307 395
2309 560
2309 1075
2312 639
2312 1520
2313 658
2314 255
2314 514
2314 725
2314 972
2316 964
2317 195
2318 1118
2318 1318
2319 1539
2320 349
2321 128
2322 1001
2324 379
2325 1044
2326 412
2326 671
2327 327
2328 312
2328 787
2331 423
2332 256
2332 283
2332 1162
2337 111
2339 953
2339 1373
2343 618
2344 431
2344 976
2345 574
2347 1035
2348 755
2349 279
2351 881
2353 985
2354 299
2355 156
2355 316
2356 450
2357 103
2357 1177
2358 313
2359 562
2361 1296
2362 297
2362 736
2362 1073
2364 1552
2365 963
2368 337
2369 43
2371 1176
2377 654
2379 638
2379 1322
2381 767
2381 980
2381 1367
2382 77
2382 628
2384 136
2384 699
2384 1048
2386 637
2386 1044
2388 1111
2388 1143
2389 808
2390 638
2390 1333
2391 1198
2392 41
2398 1183
2398 1259
2399 223
2399 326
2402 4
2404 81
2404 327
2404 402
2405 291
2405 1228
2408 1086
2408 1323
2409 439
2409 1449
2410 259
2410 878
2411 383
2411 604
2413 18
2413 1005
2413 1067
2415 651
2415 1256
2417 207
2417 815
2420 835
2420 1301
2421 1001
2423 667
2423 1002
2423 1273
2433 437
2437 896
2437 1486
2441 1145
2442 834
2442 1353
2442 1482
2443 1513
2445 15
2445 328
2446 123
2448 1298
2449 261
2449 729
2450 301
2450 892
2450 1371
2453 484
2459 1115
2459 1125
2461 1147
2462 189
2463 1490
2464 1426
2466 739
2467 21
2467 1466
2469 643
2469 928
2470 7
2470 442
2471 324
2471 452
2473 699
2473 716
2474 622
2474 747
2475 617
2477 1557
2478 333
2478 1402
2481 377
2481 433
2481 1099
2483 273
2484 1030
2484 1141
2484 1481
2485 63
2485 1251
2487 490
2487 860
2487 985
2487 1253
2489 310
2491 1074
2492 1064
2494 1113
2495 1069
2495 1521
2496 1252
2497 1119
2497 1571
2498 283
2498 898
2502 888
2502 1000
2503 1207
2504 1439
2507 657
2507 772
2508 59
2508 190
2509 486
2509 597
2510 184
2513 1579
2514 118
2516 487
2516 535
2517 1115
2518 473
2518 559
2518 1417
2520 101
2520 240
2521 51
2521 456
2522 129
2523 484
2523 713
2534 136
2535 794
2535 1110
2536 206
2536 221
2537 707
2541 871
2542 632
2544 1313
2545 1379
2548 46
2549 1047
2550 306
2551 986
2553 96
2554 326
2555 286
2556 524
2557 1453
2558 194
2559 19
2559 178
2560 1512
2561 214
2561 1221
2561 1582
2562 80
2562 678
2563 1076
2565 963
2566 718
2569 1044
2570 1234
2572 258
2572 1010
2573 77
2573 564
2573 616
2574 29
2575 491
2577 32
2577 930
2580 1040
2580 1043
2581 62
2581 556
2583 435
2583 624
2583 1236
2588 1013
2588 1585
2589 363
2589 1415
2590 1339
2591 776
2591 1285
2592 415
2593 1117
2595 95
2596 1410
2597 1536
2599 1022
2600 1257
2601 644
2601 1170
2603 409
2603 768
2606 1382
2607 83
2608 903
2608 1494
2612 267
2612 1147
2612 1549
2614 455
2614 581
2618 1200
2620 1117
2620 1297
2621 59
2621 1364
2621 1446
2622 1525
2629 509
2629 1236
2630 1118
2631 1040
2632 251
2632 1439
2632 1491
2633 1075
2635 918
2636 160
2638 310
2638 340
2638 346
2638 926
2639 627
2640 533
2640 1169
2641 379
2642 400
2643 490
2644 486
2644 676
2646 821
2647 1514
2649 691
2653 602
2653 1169
2655 801
2656 576
2656 1133
2657 178
2657 288
2657 1447
2658 1333
2659 156
2660 89
2661 40
2661 594
2662 845
2664 525
2665 788
2666 96
2666 1221
2666 1341
2667 1223
2667 1307
2668 16
2669 224
2669 1434
2670 295
2671 1378
2672 1221
2673 1475
2676 862
2680 439
2681 1166
2682 1507
2684 180
2684 525
2685 1044
2688 390
2689 1167
2689 1389
2692 1381
2693 1315
2694 699
2695 1081
2696 496
2697 565
2697 1071
2698 367
2699 1003
2701 477
2701 1149
2702 615
2702 1212
2702 1541
2704 75
2704 416
2704 563
2705 181
2705 659
2706 903
2708 50
2708 304
2709 563
2710 854
2711 344
2711 800
2713 109
2713 680
2713 1265
2716 328
2718 795
2719 1045
2719 1212
2719 1500
2720 251
2724 548
2725 521
2725 1522
2726 319
2728 877
2729 1165
2730 140
2730 1496
2731 1451
2731 1562
2732 1054
2733 1152
2734 917
2735 68
2735 1125
2736 248
2736 837
2736 1220
2739 174
2740 299
2744 441
2746 486
2748 682
2750 500
2750 778
2752 459
2752 1227
2752 1446
2753 547
2753 998
2754 235
2756 413
2756 535
2761 1359
2761 1402
2762 1170
2763 1184
2764 429
2765 583
2767 129
2770 813
2770 932
2771 1021
2772 1435
2773 466
2773 483
2774 833
2776 410
2776 1183
2776 1441
2778 777
2784 827
2784 867
2785 1080
2787 306
2789 315
2789 568
2789 801
2791 27
2791 759
2792 1343
2792 1473
2793 521
2794 613
2795 694
2796 786
2796 1546
2798 323
2798 1034
2799 7
2799 40
2799 885
2800 1438
2801 138
2802 86
2802 542
2802 966
2804 563
2805 215
2805 311
2805 528
2808 348
2808 766
2808 1437
2809 443
2810 576
2811 1127
2812 26
2812 1250
2813 1523
2814 96
2814 731
2815 1168
2817 1417
2820 455
2820 1285
2823 591
2823 911
2824 203
2824 567
2824 784
2825 1150
2828 138
2828 1257
2831 259
2831 877
2832 206
2834 623
2836 265
2836 950
2837 897
2838 339
2838 1479
2839 100
2841 446
2842 21
2842 904
2844 530
2845 100
2845 539
2847 32
2847 631
2847 1490
2851 181
2851 1283
2853 601
2853 973
2854 1547
2856 505
2856 1547
2859 261
2859 879
2860 150
2864 554
2866 702
2870 415
2871 538
2872 372
2872 1430
2873 1457
2877 284
2877 1232
2878 228
2881 449
2884 199
2885 1150
2885 1582
2886 845
2886 1296
2886 1463
2887 1344
2888 1436
2889 1297
2890 593
2892 1229
2895 1438
2896 1099
2900 231
2901 515
2901 682
2902 560
2902 1308
2903 49
2903 669
2903 728
2904 323
2905 104
2905 482
2906 405
2906 730
2907 177
2907 218
2907 800
2908 1233
2910 76
2910 1050
2913 191
2913 438
2914 736
2915 333
2915 1440
2916 254
2924 225
2924 573
2924 1150
2924 1466
2927 513
2928 1212
2931 507
2935 308
2935 655
2935 876
2935 1491
2938 897
2938 928
2939 807
2940 1018
2943 281
2944 565
2947 991
2949 242
2950 28
2951 794
2951 1161
2953 161
2953 954
2955 76
2955 1395
2957 128
2957 324
2958 327
2959 1079
2962 839
2962 1536
2964 414
2964 1468
2965 748
2965 830
2966 202
2967 13
2967 787
2968 483
2969 1083
2971 251
2971 1194
2973 754
2973 1227
2974 174
2976 1034
2976 1430
2977 444
2978 784
2979 1022
2980 30
2980 185
2980 1027
2982 912
2984 118
2984 904
2985 561
2985 1223
2986 564
2987 977
2989 112
2991 1263
2993 374
2994 578
2994 1129
2995 20
2996 909
2996 1341
2996 1448
2998 530
2998 1007
2999 19
3000 889
3001 624
3002 216
3002 1157
3003 230
3003 710
3003 1403
3004 603
3004 1195
3005 1450
3006 2
3006 262
3007 410
3007 631
3007 1130
3009 688
3011 1047
3012 907
3014 470
3015 525
3016 1229
3019 503
3019 978
3020 1444
3021 49
3022 165
3022 199
3022 388
3022 406
3022 749
3022 1227
3024 906
3025 432
3025 952
3026 157
3028 1088
3030 258
3030 845
3030 1020
3034 1336
3036 798
3037 1075
3039 31
3039 147
3039 528
3040 85
3040 1176
3040 1414
3043 1526
3044 326
3044 430
3045 799
3046 825
3047 1206
3048 121
3048 177
3048 645
3049 534
3050 657
3052 437
3054 1535
3056 146
3057 697
3058 226
3060 1106
3061 456
3063 905
3063 1015
3065 22
3065 379
3066 86
3066 922
3066 1116
3068 997
3069 701
3070 559
3072 316
3072 1167
3072 1422
3073 134
3073 647
3073 650
3073 929
3073 1546
3075 1338
3075 1362
3076 495
3077 447
3078 857
3078 1445
3080 76
3080 494
3080 607
3080 1366
3082 1067
3083 251
3083 597
3083 918
3088 1167
3091 365
3092 768
3093 99
3093 1141
3094 96
3094 368
3095 990
3095 1328
3097 305
3100 403
3101 158
3101 1237
3104 1557
3106 378
3106 900
3109 317
3109 1224
3109 1544
3111 100
3114 922
3114 1405
3115 481
3115 1433
3115 1544
3117 383
3118 122
3118 255
3122 896
3123 197
3123 1283
3123 1500
3127 76
3129 233
3129 994
3129 1142
3129 1343
3130 494
3131 26
3131 81
3132 313
3133 1501
3136 77
3137 343
3138 179
3140 389
3140 963
3140 1045
3140 1521
3141 414
3143 741
3144 1459
3150 281
3152 555
3154 237
3157 1385
3159 599
3161 499
3161 1212
3164 1271
3168 1120
3168 1249
3168 1449
3170 1006
3170 1443
3170 1535
3171 127
3171 162
3171 1459
3172 1363
3173 646
3174 358
3174 556
3177 478
3177 502
3177 1115
3178 509
3181 333
3182 459
3183 771
3184 240
3185 493
3185 1429
3186 901
3188 39
3190 242
3190 806
3190 853
3191 1269
3192 35
3193 1445
3195 7
3196 1180
3197 635
3198 598
3198 1021
3198 1070
3199 355
3203 33
3204 612
3204 1502
3205 1242
3206 754
3206 1346
3207 1537
3208 286
3209 286
3209 514
3212 368
3212 397
3212 1197
3219 378
3219 463
3219 767
3220 1212
3222 707
3225 370
3227 1450
3229 400
3229 421
3229 570
3230 394
3231 1380
3232 994
3233 542
3233 923
3234 524
3234 1294
3235 181
3236 1236
3237 441
3238 771
3240 569
3242 146
3242 988
3243 415
3243 1340
3244 492
3245 1162
3247 234
3247 411
3247 459
3248 1253
3250 1547
3252 473
3252 880
3253 674
3253 1339
3253 1545
3254 1146
3254 1185
3256 758
3257 957
3258 841
3259 359
3260 592
3261 1269
3262 772
3262 1000
3263 475
3263 1179
3264 376
3265 829
3269 941
3269 1292
3270 952
3271 710
3273 915
3273 1383
3274 781
3275 743
3276 233
3278 283
3279 716
3279 1024
3280 536
3283 729
3283 1025
3286 1220
3290 1128
3290 1212
3291 1175
3292 13
3293 220
3293 292
3293 714
3293 1194
3293 1420
3296 623
3298 627
3298 797
3298 1443
3302 314
3305 594
3306 283
3307 308
3307 1004
3311 697
3312 179
3312 250
3312 872
3313 363
3313 1235
3313 1437
3314 1394
3315 512
3315 1318
3318 1296
3319 79
3321 1339
3323 1508
3325 131
3326 1066
3326 1218
3328 1012
3328 1467
3331 141
3331 1289
3332 1113
3333 458
3333 692
3335 1085
3336 396
3337 498
3337 523
3338 930
3338 1195
3339 1189
3341 1261
3343 1247
3344 1498
3345 609
3346 1165
3348 120
3348 141
3350 150
3350 1096
3350 1426
3351 1096
3352 1044
3353 732
3353 755
3353 1291
3354 957
3354 1040
3354 1515
3355 492
3355 722
3358 115
3359 645
3359 1560
3360 173
3360 1490
3362 762
3363 223
3363 1503
3364 70
3367 1072
3368 1512
3369 111
3369 1457
3370 1585
3372 560
3375 312
3376 994
3378 1261
3379 46
3379 542
3379 768
3381 284
3386 613
3390 1187
3390 1271
3392 893
3392 979
3393 374
3400 935
3400 1449
3401 1114
3402 513
3402 602
3402 1148
3403 716
3404 76
3406 427
3407 48
3408 443
3409 249
3409 1308
3409 1417
3410 228
3412 381
3414 558
3415 675
3418 378
3419 725
3419 917
3420 1234
3421 1218
3423 15
3427 183
3429 1302
3431 771
3433 128
3433 1160
3433 1339
3433 1582
3434 889
3436 97
3439 1431
3440 538
3441 137
3442 889
3442 1089
3445 876
3445 1206
3446 392
3448 830
3450 355
3453 795
3456 421
3456 1011
3457 1344
3458 1063
3458 1136
3461 1286
3463 306
3464 855
3465 1324
3471 10
3471 965
3473 438
3474 657
3474 692
3476 865
3477 718
3477 1230
3478 1289
3478 1543
3480 315
3480 642
3481 231
3481 810
3484 597
3484 1047
3486 1003
3487 40
3487 188
3487 380
3487 961
3489 525
3489 631
3490 152
3491 194
3491 672
3495 331
3497 1544
3501 51
3502 704
3503 369
3503 1000
3506 868
3507 990
3510 426
3512 806
3512 954
3513 1154
3515 1219
3519 428
3519 846
3521 393
3521 837
3521 1389
3522 115
3522 219
3522 328
3522 1474
3525 897
3526 374
3526 568
3526 926
3526 1003
3527 599
3527 991
3530 180
3530 1183
3531 931
3532 541
3533 1292
3536 33
3539 1250
3540 13
3543 808
3544 935
3544 1060
3546 78
3546 1241
3550 77
3551 276
3554 1406
3558 471
3558 1399
3559 614
3561 64
3562 227
3562 1041
3563 880
3564 215
3565 587
3567 713
3568 1157
3569 1254
3570 672
3570 984
3570 1179
3571 23
3571 682
3572 1336
3575 687
3575 769
3577 828
3577 1371
3578 973
3579 1037
3580 936
3580 1134
3581 220
3581 876
3582 1455
3583 1069
3583 1083
3583 1301
3584 179
3588 20
3590 310
3590 1523
3592 493
3593 612
3594 102
3595 1453
3596 394
3596 1287
3597 1334
3598 1352
3600 684
3601 1327
3602 355
3602 1034
3604 1468
3605 1216
3607 541
3607 845
3607 964
3607 1388
3610 1201
3611 75
3613 374
3613 1390
3614 654
3616 487
3616 990
3618 514
3618 593
3621 166
3623 642
3624 1403
3625 1032
3625 1093
3627 1168
3630 145
3630 174
3630 1090
3631 733
3633 577
3633 1360
3634 1203
3634 1398
3635 159
3636 982
3637 1299
3639 728
3639 1238
3643 608
3647 391
3647 825
3648 578
3649 1091
3650 781
3651 613
3652 515
3653 79
3657 464
3657 500
3657 1499
3658 363
3659 846
3660 449
3660 948
3662 364
3662 503
3667 943
3668 1375
3669 917
3670 723
3673 398
3675 1258
3676 234
3677 397
3677 536
3677 1174
3678 1030
3679 721
3681 424
3681 1004
3683 392
3683 887
3683 1330
3688 12
3688 322
3691 691
3691 1322
3692 1429
3694 34
3696 1278
3697 12
3697 453
3698 1435
3703 349
3703 1199
3704 1484
3705 1048
3706 404
3706 882
3706 1096
3707 28
3709 276
3712 1530
3713 1029
3714 1010
3717 395
3720 101
3723 1159
3724 596
3727 75
3729 927
3731 267
3731 776
3731 1237
3732 282
3733 1429
3734 564
3734 1487
3735 127
3736 588
3737 581
3737 755
3737 839
3738 1072
3738 1461
3740 122
3740 304
3740 413
3742 687
3744 126
3744 966
3744 1344
3744 1555
3747 974
3748 1221
3749 457
3751 1184
3752 1113
3753 1258
3754 1350
3755 480
3757 1158
3758 312
3758 1433
3760 138
3760 520
3760 712
3761 240
3762 1067
3763 189
3763 1116
3763 1178
3766 1021
3769 145
3770 599
3770 820
3771 895
3771 1438
3771 1565
3773 1213
3775 416
3776 761
3777 893
3779 574
3779 1315
3780 766
3781 134
3781 1166
3782 1442
3783 161
3783 926
3784 589
3786 823
3786 1273
3787 1553
3788 1404
3792 1490
3792 1526
3794 1092
3796 1442
3796 1514
3798 59
3799 3
3802 1504
3803 1154
3804 1424
3805 269
3805 893
3806 591
3806 1489
3807 1538
3808 402
3808 434
3810 311
3811 514
3812 126
3812 1178
3813 900
3814 100
3814 471
3814 862
3816 1017
3817 316
3817 698
3818 443
3819 101
3819 374
3820 82
3820 1470
3821 1294
3821 1364
3822 1015
3825 108
3825 1576
3826 900
3826 1475
3829 1499
3830 198
3833 315
3834 343
3834 957
3835 858
3837 1211
3837 1310
3838 342
3838 1002
3839 1161
3840 683
3840 1434
3840 1438
3841 229
3842 344
3842 430
3843 609
3843 924
3843 1216
3843 1271
3843 1445
3844 1057
3847 59
3847 1053
3848 82
3848 1272
3849 1285
3849 1535
3850 708
3851 1154
3853 1376
3856 1002
3858 86
3858 942
3867 1337
3869 22
3871 1482
3872 1537
3873 804
3873 1078
3874 281
3875 1348
3876 206
3876 1082
3876 1476
3879 45
3879 70
3880 313
3881 96
3883 869
3885 103
3885 790
3886 186
3886 1189
3886 1397
3887 302
3889 52
3889 1396
3890 1501
3892 963
3893 999
3893 1369
3895 1211
3899 594
3899 883
3899 993
3900 275
3904 1461
3905 574
3909 1139
3910 535
3910 1445
3911 1102
3913 809
3914 1445
3914 1494
3915 1505
3918 691
3918 1282
3919 115
3919 1487
3920 398
3922 244
3922 570
3922 1004
3923 96
3923 152
3923 986
3923 1295
3925 1447
3926 54
3927 59
3927 466
3927 671
3928 972
3929 602
3929 955
3929 1255
3930 683
3930 1315
3930 1532
3931 1336
3932 376
3932 757
3932 1154
3933 1162
3936 622
3937 83
3937 910
3940 966
3941 660
3942 29
3942 1339
3943 621
3945 532
3945 937
3947 1480
3949 497
3950 314
3952 1030
3953 1043
3956 336
3956 605
3959 358
3959 1169
3961 53
3962 248
3962 615
3963 69
3963 386
3964 679
3965 772
3967 78
3968 156
3969 1480
3971 567
3974 926
3974 1176
3974 1232
3976 1085
3977 169
3977 543
3977 1377
3978 1373
3978 1448
3981 237
3981 575
3981 1145
3981 1158
3981 1329
3983 718
3985 803
3987 209
3988 1163
3995 746
3999 1307
4000 734
4000 1036
4006 172
4007 855
4009 1564
4010 701
4011 437
4011 659
4012 1408
4012 1549
4013 30
4016 362
4016 1288
4018 408
4019 114
4020 1361
4020 1502
4021 793
4022 1125
4023 50
4024 1017
4025 949
4026 59
4026 935
4027 1408
4031 758
4034 355
4034 627
4034 1221
4035 649
4035 859
4035 1180
4036 270
4038 478
4039 925
4042 1102
4043 1324
4044 411
4044 828
4045 83
4045 755
4045 939
4046 184
4048 745
4052 404
4052 405
4052 1379
4053 551
4056 1408
4058 106
4058 833
4059 1464
4060 1263
4060 1425
4063 77
4063 322
4063 1035
4064 1229
4065 668
4066 564
4068 1396
4069 1081
4072 445
4072 1377
4072 1576
4073 240
4076 1397
4076 1483
4079 488
4080 222
4081 308
4084 1002
4085 605
4086 778
4087 730
4087 778
4088 230
4088 571
4089 178
4089 252
4091 719
4091 1244
4091 1251
4092 1145
4092 1404
4093 1306
4094 1526
4095 207
4098 81
4098 123
4098 1243
4098 1342
4098 1431
4099 1059
4099 1543
4102 1085
4103 239
4103 1388
4104 39
4104 689
4105 343
4105 948
4106 884
4107 785
4108 1317
4108 1463
4109 438
4110 66
4110 195
4114 178
4115 541
4117 860
4117 1193
4119 1450
4121 1473
4122 519
4122 1573
4123 253
4124 489
4127 402
4127 964
4130 451
4131 172
4131 791
4134 1206
4135 483
4135 1336
4136 161
4138 608
4139 437
4140 357
4140 656
4140 1539
4141 1314
4143 39
4143 1104
4144 681
4146 104
4146 646
4148 1107
4149 898
4149 961
4150 88
4150 492
4150 562
4151 625
4151 994
4151 1238
4152 697
4152 1512
4157 930
4157 1544
4158 541
4158 844
4161 448
4162 1100
4163 445
4164 530
4164 1337
4164 1559
4165 284
4165 1541
4166 19
4167 1138
4168 467
4170 152
4172 1307
4175 420
4175 817
4176 977
4176 1334
4177 983
4178 769
4180 379
4180 809
4180 1533
4181 984
4182 46
4185 127
4186 1353
4187 207
4187 1544
4188 883
4188 1168
4189 1551
4190 600
4192 180
4192 819
4192 1289
4195 457
4195 1093
4198 320
4198 469
4198 1572
4199 1228
4200 1577
4201 713
4201 733
4201 1140
4203 331
4203 477
4203 1066
4205 544
4205 1536
4206 136
4206 824
4206 1127
4209 901
4210 217
4210 713
4212 235
4213 811
4214 1061
4215 110
4216 1411
4219 421
4220 36
4220 503
4220 1084
4221 1344
4222 250
4223 725
4225 42
4225 934
4226 1090
4226 1434
4227 849
4229 925
4229 1126
4231 41
4232 791
4233 1481
4234 154
4234 719
4235 1045
4236 1447
4237 478
4238 305
4238 371
4243 47
4243 510
4243 771
4244 404
4245 1468
4247 114
4252 413
4252 1021
4253 543
4253 1295
4255 378
4257 28
4258 848
4261 196
4262 1344
4264 266
4264 490
4265 1143
4267 252
4267 732
4268 1569
4269 415
4269 1048
4270 180
4271 80
4271 1189
4273 620
4275 596
4277 4
4277 1353
4278 207
4280 373
4282 1053
4284 1527
4286 481
4287 443
4287 1334
4290 124
4290 1510
4291 1219
4292 835
4292 1179
4297 83
4298 882
4299 1111
4300 14
4302 139
4303 955
4304 275
4304 789
4306 239
4309 733
4309 1462
4312 15
4312 145
4313 1266
4313 1498
4315 679
4319 1074
4319 1203
4321 1555
4322 55
4324 329
4324 978
4328 438
4331 528
4332 913
4332 1056
4335 1414
4336 1047
4339 1080
4340 814
4342 631
4342 783
4342 1274
4343 424
4343 1287
4344 312
4347 85
4349 1418
4350 424
4351 374
4351 938
4352 549
4354 263
4355 679
4355 1135
4356 385
4356 1566
4357 1049
4358 270
4362 13
4364 410
4364 1547
4368 1491
4370 550
4370 657
4370 1464
4374 515
4374 1430
4376 791
4378 1114
4379 524
4380 38
4380 356
4380 497
4381 1235
4383 1015
4384 227
4384 437
4385 26
4392 442
4394 1260
4395 258
4395 535
4396 332
4396 1123
4396 1377
4398 601
4399 950
4405 484
4405 635
4406 1280
4407 885
4407 1182
4409 946
4411 1258
4414 809
4414 1050
4414 1090
4416 1162
4417 1410
4418 1131
4419 458
4419 725
4420 86
4423 1172
4424 381
4425 150
4426 97
4427 1241
4431 275
4431 599
4431 663
4432 204
4432 378
4434 1046
4434 1295
4435 302
4435 1094
4436 536
4437 1431
4442 118
4442 1011
4443 497
4443 632
4444 220
4446 773
4447 383
4447 1158
4449 328
4451 1195
4454 666
4454 909
4456 251
4456 1357
4457 961
4458 114
4460 875
4461 386
4462 48
4462 472
4462 664
4463 1354
4464 455
4465 1448
4465 1545
4466 1169
4467 362
4467 1276
4469 284
4469 1370
4469 1476
4471 1582
4472 660
4473 1001
4474 125
4474 1534
4475 575
4475 858
4476 332
4476 1236
4476 1498
4481 456
4484 1271
4485 1350
4486 1333
4487 67
4488 638
4489 941
4490 139
4490 1502
4491 537
4491 810
4493 397
4493 959
4493 1141
4494 12
4494 778
4498 271
4499 361
4500 204
4500 599
4504 415
4507 166
4509 1038
4509 1309
4510 93
4510 292
4515 469
4516 608
4518 144
4518 1543
4520 157
4522 10
4522 782
4523 1020
4523 1567
4524 402
4524 877
4525 560
4526 761
4527 1482
4530 735
4531 176
4533 120
4533 964
4534 256
4534 1351
4534 1487
4535 595
4536 292
4537 585
4537 830
4538 1273
4538 1537
4539 995
4542 454
4542 511
4544 171
4545 355
4546 472
4547 237
4549 1185
4552 1003
4553 383
4554 1407
4556 964
4556 1198
4556 1423
4557 1059
4558 885
4559 1272
4559 1570
4563 207
4567 202
4568 573
4568 1369
4568 1561
4569 267
4570 673
4572 1075
4573 1430
4576 140
4576 445
4578 1378
4581 1504
4584 766
4584 1310
4585 892
4589 69
4590 433
4590 1582
4594 531
4596 640
4596 1240
4597 172
4597 635
4598 1345
4598 1486
4600 919
4601 303
4603 290
4603 359
4603 651
4603 665
4603 1441
4605 1118
4608 707
4609 566
4610 176
4610 438
4610 677
4616 895
4616 1171
4616 1394
4617 153
4621 251
4622 262
4622 1208
4623 142
4623 1539
4625 800
4626 1121
4628 1529
4632 1471
4634 1510
4635 150
4635 1449
4636 364
4636 699
4636 1171
4639 337
4641 844
4641 1270
4642 153
4642 1101
4643 590
4643 935
4644 540
4644 1577
4646 846
4647 79
4648 71
4648 1465
4649 1028
4652 669
4652 822
4653 770
4654 906
4654 1523
4655 395
4655 600
4656 893
4656 1294
4661 853
4661 1355
4663 425
4664 1132
4671 12
4671 883
4672 1565
4673 63
4673 200
4673 684
4674 190
4674 865
4676 339
4678 323
4680 1352
4682 489
4683 520
4684 109
4684 336
4685 1113
4686 1375
4686 1476
4688 842
4691 998
4691 1031
4691 1043
4694 536
4694 1138
4694 1397
4696 519
4697 728
4698 1092
4698 1164
4699 596
4701 591
4701 778
4701 1395
4702 136
4703 1150
4704 687
4704 1427
4704 1567
4706 1295
4707 497
4708 384
4708 1227
4709 379
4711 197
4712 1122
4713 499
4714 438
4714 1094
4714 1163
4716 270
4716 396
4718 536
4719 1450
4721 443
4723 650
4725 884
4729 23
4729 303
4729 961
4731 755
4731 960
4732 302
4732 1360
4734 890
4735 657
4738 1127
4738 1367
4739 854
4739 1263
4740 783
4742 1271
4744 270
4747 511
4748 421
4749 528
4751 1172
4752 1045
4753 158
4753 498
4754 58
4754 319
4758 591
4759 1300
4759 1360
4760 679
4762 1398
4763 439
4765 316
4765 324
4765 379
4765 585
4768 53
4768 76
4769 1150
4771 456
4772 238
4772 284
4772 945
4774 303
4774 610
4775 1321
4776 1130
4780 1312
4780 1471
4782 816
4782 845
4784 1245
4785 1210
4787 908
4790 1526
4791 990
4792 33
4793 56
4793 343
4794 327
4796 533
4797 1181
4799 542
4801 725
4802 1537
4805 1462
4807 850
4810 1091
4812 1090
4814 285
4815 121
4816 1487
4817 671
4818 986
4818 1467
4819 1464
4820 923
4821 103
4823 594
4823 1570
4824 148
4832 729
4833 1306
4834 1250
4837 950
4838 1282
4840 470
4841 894
4842 791
4843 302
4843 686
4843 1223
4844 1362
4845 979
4846 381
4847 277
4847 862
4847 1518
4848 992
4849 262
4849 834
4851 644
4851 799
4852 1432
4853 130
4858 1099
4860 1328
4861 1424
4863 460
4864 762
4866 875
4867 68
4870 38
4870 386
4871 1175
4873 560
4874 271
4875 1534
4880 308
4882 793
4884 820
4885 1036
4885 1053
4885 1279
4886 167
4886 349
4888 1476
4890 942
4890 1107
4891 1009
4892 33
4892 189
4897 440
4898 1040
4899 1207
4900 497
4900 624
4900 668
4901 446
4901 745
4902 262
4905 256
4905 1080
4905 1271
4909 112
4910 1503
4912 1391
4913 141
4914 1348
4915 575
4915 1538
4916 214
4916 1524
4917 776
4917 1531
4921 1068
4921 1581
4923 278
4923 891
4924 1231
4924 1469
4925 166
4926 1251
4927 338
4927 1148
4929 154
4929 1273
4931 440
4931 1361
4932 419
4934 211
4934 1392
4935 1007
4935 1404
4936 890
4938 759
4941 1107
4943 1215
4943 1321
4944 96
4944 926
4944 1542
4947 932
4951 283
4951 447
4952 454
4955 1018
4957 436
4959 677
4960 114
4961 374
4961 723
4962 284
4962 883
4963 146
4963 369
4964 486
4965 346
4965 457
4967 266
4967 1346
4969 190
4969 872
4971 888
4971 1199
4972 707
4974 360
4975 1326
4978 81
4978 501
4979 568
4979 670
4979 720
4980 1465
4983 804
4984 334
4984 809
4987 103
4989 408
4991 1461
4992 1257
4993 529
4993 561
4993 677
4995 522
4998 1077
4999 1265
4999 1541
5000 400
5000 1081
5001 37
5003 1561
5007 482
5007 1310
5008 1153
5009 1301
5010 778
5010 1073
5011 1238
5013 921
5014 1423
5015 99
5015 268
5017 979
5017 1534
5018 529
5019 993
5020 688
5020 1332
5022 157
5022 1184
5024 1531
5026 350
5026 1422
5029 773
5030 677
5031 964
5032 710
5032 806
5032 1296
5033 824
5034 14
5035 680
5036 519
5037 288
5037 847
5037 1071
5037 1323
5037 1581
5040 1393
5041 919
5042 1119
5042 1126
5044 730
5044 880
5044 1353
5045 704
5048 1215
5049 304
5051 1000
5052 1585
5053 1004
5056 1332
5059 1179
5060 588
5061 1525
5065 734
5066 1011
5066 1471
5067 1175
5067 1273
5068 301
5069 528
5069 1170
5069 1265
5070 154
5071 613
5073 1130
5074 1138
5075 349
5076 144
5076 257
5077 129
5077 798
5079 1024
5080 948
5080 1306
5081 478
5081 756
5081 1551
5082 164
5083 212
5084 713
5084 766
5085 1226
5087 172
5087 482
5090 726
5090 1017
5092 845
5094 1449
5095 16
5096 369
5097 430
5100 588
5101 824
5101 1001
5102 297
5105 255
5105 435
5105 765
5105 1368
5106 861
5106 1258
5107 1006
5107 1036
5107 1057
5108 594
5110 389
5110 1345
5111 866
5112 756
5113 1155
5118 24
5118 539
5121 67
5122 643
5124 4
5124 146
5127 564
5127 814
5127 1508
5128 608
5129 329
5130 819
5131 901
5131 1119
5131 1135
5132 1347
5133 847
5133 1071
5134 330
5135 263
5135 330
5137 139
5137 1122
5138 1551
5140 346
5140 1055
5140 1220
5142 766
5143 1538
5144 471
5145 1098
5148 524
5148 896
5148 904
5150 796
5150 1463
5151 249
5151 349
5153 691
5153 833
5155 1112
5156 1096
5159 876
5159 1523
5160 447
5161 840
5163 163
5164 123
5167 1059
5168 200
5168 878
5168 964
5169 1198
5178 903
5179 599
5179 1315
5180 1120
5180 1191
5182 687
5182 1445
5183 272
5186 980
5186 1574
5187 320
5187 607
5188 743
5188 1542
5189 640
5189 906
5190 591
5192 1367
5193 1456
5196 166
5197 241
5197 1224
5198 541
5200 1334
5202 827
5203 629
5203 1527
5204 1226
5206 716
5210 1540
5213 318
5213 1057
5213 1510
5216 1206
5218 1039
5221 365
5221 489
5223 613
5224 508
5226 896
5226 1331
5227 371
5227 1295
5228 825
5228 853
5229 673
5230 220
5230 1422
5232 112
5232 831
5233 145
5233 1324
5234 74
5234 1305
5236 742
5236 955
5237 314
5239 1099
5240 1549
5243 488
5245 172
5245 389
5245 547
5246 500
5246 1577
5250 347
5250 991
5250 1024
5251 1036
5253 79
5256 51
5256 466
5258 1419
5259 739
5260 12
5260 326
5265 1252
5268 1343
5269 660
5269 867
5270 696
5270 1387
5272 695
5272 868
5273 767
5274 860
5275 823
5280 671
5280 723
5283 786
5283 1580
5284 352
5284 1034
5289 915
5289 1481
5289 1488
5290 1528
5292 975
5294 177
5296 1166
5299 1026
5301 847
5301 1054
5303 1342
5304 30
5306 654
5307 49
5308 865
5311 1110
5311 1418
5313 156
5314 57
5314 1371
5315 775
5317 1158
5321 572
5321 972
5323 612
5323 745
5323 1540
5326 436
5326 1351
5329 49
5329 60
5329 334
5331 759
5333 581
5334 1329
5335 346
5336 281
5338 350
5339 910
5340 677
5340 1437
5341 338
5341 508
5341 1585
5342 588
5343 831
5344 302
5345 281
5345 1126
5350 977
5353 591
5354 493
5356 905
5357 48
5357 195
5359 1285
5361 659
5361 889
5361 998
5361 1082
5362 1401
5363 790
5364 899
5367 875
5367 937
5367 1151
5369 38
5370 399
5371 51
5373 272
5376 1157
5377 970
5378 1554
5379 1388
5381 1193
5382 462
5382 1531
5384 835
5384 1014
5385 129
5387 304
5387 552
5389 1288
5390 81
5391 166
5392 1453
5395 653
5395 775
5398 62
5398 1102
5399 1493
5400 1505
5400 1574
5402 1470
5403 631
5406 190
5406 1244
5408 530
5408 1258
5411 1355
5413 485
5415 1009
5418 534
5418 835
5418 886
5419 11
5419 1562
5420 867
5422 1428
5423 85
5423 952
5424 162
5425 304
5425 340
5426 1376
5427 911
5428 1532
5429 785
5430 319
5434 385
5434 750
5434 800
5435 1449
5437 494
5439 646
5441 1477
5443 218
5443 680
5446 509
5448 1172
5449 1320
5450 602
5452 319
5452 754
5453 231
5453 339
5453 626
5453 1522
5455 1171
5455 1225
5457 1143
5458 968
5459 1352
5460 444
5460 1427
5461 1088
5461 1250
5463 209
5463 337
5464 580
5464 1017
5464 1209
5464 1338
5465 155
5466 473
5467 731
5467 930
5471 816
5473 397
5473 1114
5474 1191
5477 160
5479 1119
5479 1192
5480 1534
5481 1307
5481 1455
5484 523
5486 195
5487 1402
5488 533
5488 1432
5489 1160
5490 298
5491 855
5492 755
5492 1111
5493 1308
5496 724
5498 11
5499 1545
5500 1452
5501 173
5501 295
5502 1385
5503 212
5507 1572
5508 504
5510 27
5511 410
5511 495
5512 230
5512 1495
5513 1157
5513 1159
5513 1372
5514 677
5515 454
5515 570
5516 1232
5521 1250
5524 325
5524 1379
5524 1483
5525 309
5526 577
5526 1571
5529 7
5529 307
5530 1320
5533 545
5534 693
5534 1527
5536 807
5537 880
5538 1520
5540 96
5541 1356
5543 593
5546 1570
5548 401
5549 1194
5550 662
5551 843
5552 78
5552 222
5552 299
5552 564
5553 1415
5554 867
5555 63
5555 107
5555 642
5555 1239
5556 1172
5558 1
5558 270
5558 984
5560 1292
5560 1323
5561 767
5561 1244
5563 1441
5566 14
5570 193
5570 304
5571 73
5571 684
5572 944
5572 992
5572 1494
5573 1000
5574 400
5574 1444
5575 489
5576 500
5576 700
5576 894
5580 1391
5580 1416
5581 845
5582 400
5582 1401
5585 916
5585 919
5585 1395
5586 1454
5588 523
5589 293
5590 977
5593 336
5594 126
5594 855
5596 234
5596 700
5598 763
5598 1402
5600 849
5601 819
5604 177
5610 1213
5611 1293
5612 938
5614 83
5615 1301
5617 54
5617 131
5621 403
5624 10
5624 441
5624 813
5624 983
5630 857
5630 1575
5631 1177
5631 1452
5634 110
5634 1576
5636 133
5636 543
5637 192
5639 1308
5641 384
5641 604
5643 350
5643 1377
5645 623
5645 1152
5645 1493
5647 593
5647 1203
5648 72
5649 1255
5651 886
5652 1083
5653 256
5656 563
5657 181
5657 746
5657 1073
5658 223
5659 325
5659 1003
5659 1469
5660 1579
5662 217
5662 1044
5665 249
5665 692
5665 1456
5667 591
5671 575
5672 332
5673 1540
5674 1042
5677 222
5678 1358
5679 336
5679 660
5679 1255
5682 735
5682 1140
5683 10
5683 181
5683 1504
5686 750
5686 1205
5687 697
5688 903
5688 1167
5689 1008
5690 915
5690 1011
5690 1472
5692 1324
5693 396
5693 568
5693 886
5694 130
5694 1231
5695 293
5696 82
5696 1170
5698 281
5698 1253
5699 805
5701 179
5701 1144
5701 1246
5704 398
5704 992
5705 915
5708 1468
5709 857
5711 1137
5711 1557
5712 1181
5715 93
5715 632
5715 722
5716 246
5720 1327
5721 539
5722 689
5726 547
5728 1423
5729 499
5730 33
5734 684
5735 335
5738 402
5738 883
5739 1395
5740 373
5740 686
5741 843
5741 963
5742 423
5744 428
5746 61
5746 368
5746 1200
5747 1137
5748 686
5749 191
5749 340
5749 1283
5750 1004
5752 67
5752 610
5752 1087
5757 64
5757 227
5757 346
5757 786
5757 1166
5758 571
5758 630
5760 1224
5762 1149
5762 1370
5762 1507
5763 96
5764 982
5765 433
5765 480
5765 933
5765 1033
5767 1407
5768 709
5768 1416
5769 160
5769 693
5769 1033
5769 1227
5770 1522
5770 1524
5772 385
5773 1465
5774 137
5776 1512
5778 1247
5779 1092
5781 71
5782 416
5783 230
5783 1210
5784 207
5785 670
5785 700
5787 600
5788 427
5789 1015
5789 1373
5791 934
5792 536
5792 1258
5793 926
5793 1549
5795 994
5796 773
5796 792
5798 221
5798 314
5799 97
5799 645
5802 598
5802 723
5803 837
5803 1262
5804 65
5806 176
5806 1167
5807 965
5808 469
5810 70
5811 63
5812 239
5812 1439
5813 270
5816 1018
5816 1219
5818 608
5818 835
5818 1082
5818 1522
5820 442
5822 783
5823 22
5826 994
5827 1041
5828 132
5831 22
5831 786
5832 303
5834 489
5834 1522
5835 305
5835 710
5835 1153
5836 69
5837 358
5838 439
5840 265
5840 372
5841 1392
5842 424
5842 1287
5843 150
5843 1328
5846 804
5846 849
5847 738
5847 1152
5847 1204
5847 1356
5848 495
5848 1127
5852 268
5852 712
5853 649
5855 305
5857 1335
5858 1392
5859 731
5859 1524
5861 377
5862 325
5865 820
5865 1117
5869 1579
5870 1267
5872 164
5872 825
5873 250
5873 442
5873 530
5874 149
5874 1374
5875 1448
5876 512
5877 117
5879 1235
5880 241
5880 1011
5881 438
5881 624
5882 1142
5882 1493
5883 418
5883 1296
5885 1199
5886 1473
5888 412
5889 194
5889 1037
5891 499
5894 1423
5895 407
5896 991
5897 30
5897 54
5897 94
5897 596
5900 981
5900 1265
5902 601
5903 865
5904 900
5904 1192
5904 1215
5905 1551
5906 960
5908 1025
5910 916
5914 250
5914 415
5914 1089
5915 1264
5918 11
5920 1356
5924 1138
5928 1553
5929 209
5929 1026
5932 428
5932 434
5933 376
5933 1123
5934 721
5935 91
5937 1468
5938 697
5939 485
5939 1063
5940 1442
5941 1582
5942 1250
5943 561
5944 124
5944 1003
5945 399
5946 831
5946 1234
5947 220
5948 267
5949 1486
5950 111
5954 1388
5955 906
5958 328
5958 390
5958 1498
5960 1033
5962 849
5965 1457
5966 953
5967 468
5967 668
5967 1196
5969 929
5969 931
5969 1323
5969 1502
5970 566
5970 1322
5971 994
5972 3
5972 575
5973 465
5974 1334
5974 1388
5974 1431
5981 1040
5983 995
5984 60
5984 1335
5985 625
5987 776
5991 1260
5994 927
5997 523
5997 1526
5999 679
5999 1019
5999 1111
6000 727
6003 666
6003 892
6004 990
6007 1572
6008 939
6009 402
6010 206
6010 670
6011 704
6011 978
6013 1359
6014 652
6014 1045
6016 553
6018 295
6019 812
6020 605
6020 961
6023 1206
6024 1258
6025 995
6026 972
6026 1481
6027 983
6028 689
6030 635
6030 962
6031 308
6031 451
6031 1075
6032 1200
6034 1408
6037 585
6037 936
6038 162
6038 377
6041 536
6041 1303
6042 327
6044 382
6044 821
6045 1369
6047 380
6049 221
6053 1423
6054 103
6056 957
6057 70
6058 621
6058 1139
6059 823
6061 457
6062 1004
6063 857
6065 1025
6065 1064
6066 523
6066 880
6066 1573
6067 777
6072 321
6073 32
6074 14
6074 100
6078 76
6078 1031
6080 295
6080 439
6081 1017
6082 1341
6083 7
6083 1260
6083 1457
6084 396
6084 906
6086 928
6086 1390
6089 447
6091 28
6091 667
6091 1489
6093 43
6093 1126
6094 686
6094 1013
6097 1385
6098 98
6100 915
6100 1161
6100 1573
6102 1580
6105 64
6106 667
6106 1285
6109 873
6113 1521
6114 444
6114 1109
6116 1525
6118 662
6119 154
6119 239
6119 1324
6122 254
6127 1126
6129 1412
6130 1053
6130 1156
6131 905
6132 1410
6133 188
6133 883
6133 1482
6134 863
6134 1031
6135 562
6139 372
6141 824
6144 272
6144 723
6145 994
6147 1345
6148 442
6148 627
6148 699
6149 1369
6152 319
6154 1567
6158 470
6159 626
6160 543
6161 603
6162 90
6162 1321
6165 1092
6165 1561
6166 1450
6168 132
6168 180
6170 1446
6171 894
6172 378
6174 693
6174 1443
6175 1557
6176 580
6177 75
6179 951
6182 419
6182 436
6182 1416
6185 1330
6187 1041
6188 859
6188 965
6189 626
6190 202
6191 636
6191 849
6192 228
6192 1016
6192 1096
6195 429
6195 781
6196 830
6197 202
6199 168
6199 1252
6201 963
6202 718
6203 191
6203 946
6204 645
6205 954
6206 137
6210 655
6211 1072
6211 1370
6212 1279
6212 1295
6213 203
6213 569
6213 1294
6215 865
6215 1287
6218 1033
6219 147
6221 430
6222 892
6223 1059
6224 53
6224 612
6225 517
6227 1473
6228 1258
6228 1263
6229 519
6229 762
6230 149
6231 143
6232 309
6232 1140
6233 1404
6233 1536
6234 37
6237 1181
6238 187
6241 136
6242 689
6243 871
6243 1274
6244 323
6246 859
6248 548
6248 634
6248 1339
6249 806
6250 326
6250 1025
6250 1123
6253 933
6255 905
6255 1446
6258 365
6259 401
6259 409
6262 1571
6263 216
6263 1049
6264 790
6264 1013
6265 1182
6268 2
6272 1118
6275 991
6275 1328
6277 486
6277 1067
6278 281
6278 665
6278 1472
6280 805
6280 1001
6282 91
6282 1528
6283 7
6286 185
6286 271
6288 455
6289 421
6289 1522
6290 499
6292 133
6292 1355
6293 51
6293 385
6297 1070
6297 1140
6298 1096
6299 563
6301 417
6302 996
6302 1451
6303 1199
6303 1298
6303 1343
6305 59
6305 723
6305 1251
6305 1310
6308 154
6308 708
6309 112
6309 1277
6313 777
6314 364
6317 962
6318 279
6318 448
6318 758
6319 1206
6320 496
6321 618
6321 868
6324 730
6325 1011
6327 233
6327 429
6327 860
6329 656
6331 47
6331 117
6337 1541
6338 583
6341 1437
6342 640
6342 727
6343 1525
6344 701
6345 590
6345 740
6346 37
6346 236
6346 1457
6348 1136
6350 880
6351 1097
6351 1537
6352 1428
6355 807
6357 26
6357 1021
6361 1108
6362 507
6363 103
6366 644
6366 1146
6367 751
6368 1163
6370 519
6370 907
6371 1118
6372 1212
6372 1295
6372 1352
6374 22
6378 124
6380 231
6380 751
6383 1258
6385 373
6386 315
6387 1392
6390 522
6390 990
6391 118
6391 850
6391 886
6392 775
6392 1350
6393 861
6395 906
6396 187
6397 287
6397 710
6397 913
6397 983
6399 648
6400 1025
6401 390
6402 867
6403 911
6404 235
6405 1522
6406 117
6407 286
6407 651
6408 259
6412 92
6412 161
6412 711
6412 1447
6412 1566
6413 439
6414 233
6419 935
6421 5
6421 963
6423 1254
6423 1465
6423 1551
6425 422
6425 656
6426 291
6427 486
6428 4
6428 1568
6429 525
6429 856
6434 232
6434 800
6438 66
6440 928
6441 1265
6442 249
6444 1166
6445 55
6448 1201
6449 68
6449 245
6450 411
6451 471
6451 1103
6452 971
6453 84
6453 653
6453 1035
6453 1116
6456 697
6456 1120
6458 789
6460 557
6460 648
6461 1400
6464 187
6464 306
6464 1183
6465 1476
6466 268
6466 1310
6466 1417
6467 1119
6468 997
6471 118
6471 718
6471 1018
6472 1231
6473 371
6473 373
6473 1377
6474 842
6475 171
6475 286
6480 731
6489 1361
6491 1070
6493 1142
6493 1516
6494 109
6494 1512
6495 1163
6497 1419
6499 531
6499 1573
6504 582
6504 979
6507 1373
6508 85
6508 682
6509 246
6509 1040
6510 643
6511 191
6512 603
6513 817
6513 1475
6515 779
6516 114
6516 864
6518 1553
6520 343
6520 832
6520 978
6521 1358
6522 990
6523 227
6523 1005
6524 122
6524 906
6525 144
6525 417
6526 1445
6527 196
6527 1297
6529 943
6529 1010
6530 166
6531 85
6532 201
6534 330
6537 219
6539 1218
6541 617
6542 923
6542 1165
6544 1227
6546 83
6547 661
6548 994
6548 1069
6550 839
6553 702
6553 1081
6555 1397
6556 462
6558 1104
6559 272
6561 151
6561 168
6561 1392
6562 1480
6562 1537
6563 1331
6564 523
6564 876
6564 1368
6567 1099
6568 546
6570 1426
6571 1121
6573 358
6573 414
6573 1207
6573 1395
6574 231
6575 360
6576 317
6576 919
6576 1278
6577 583
6578 46
6579 578
6580 856
6581 1500
6582 1418
6584 1276
6585 53
6585 256
6585 1106
6588 407
6590 70
6591 1440
6593 91
6593 495
6593 818
6593 821
6594 917
6595 113
6595 462
6597 405
6598 140
6598 1172
6599 323
6601 1141
6602 987
6603 1350
6605 386
6605 741
6606 711
6608 1465
6609 913
6610 826
6612 536
6612 1034
6612 1225
6613 32
6613 1570
6614 102
6618 1415
6619 969
6620 1187
6620 1433
6621 180
6622 1236
6623 1265
6624 545
6627 219
6627 1372
6628 1055
6629 548
6629 1406
6630 470
6632 211
6633 32
6633 725
6633 931
6634 783
6634 1297
6634 1459
6634 1493
6636 659
6640 710
6640 1418
6642 1095
6643 480
6644 1162
6645 792
6646 807
6646 1143
6648 495
6648 1230
6649 1413
6650 1456
6651 9
6651 347
6652 226
6652 523
6652 967
6652 997
6652 1324
6655 1002
6656 89
6658 280
6658 372
6658 746
6659 398
6660 214
6660 609
6662 593
6663 13
6664 825
6665 750
6666 583
6673 1380
6674 493
6674 540
6675 1494
6676 1079
6678 245
6679 185
6679 641
6682 997
6684 700
6687 429
6687 774
6688 1238
6689 1051
6691 433
6691 954
6691 1193
6692 488
6693 1242
6693 1403
6694 197
6694 647
6694 1475
6696 861
6696 1019
6698 655
6698 1432
6699 222
6699 415
6701 651
6701 1355
6702 146
6702 1505
6703 58
6705 205
6706 606
6706 1139
6707 37
6707 316
6708 1478
6711 275
6712 333
6713 762
6714 302
6714 1028
6715 1125
6716 160
6718 1098
6719 1354
6724 169
6724 264
6724 1066
6725 1020
6727 217
6729 1584
6730 625
6730 684
6730 830
6730 977
6732 752
6734 1519
6735 812
6735 827
6736 519
6736 769
6739 1193
6744 233
6744 1025
6750 89
6750 289
6750 1102
6750 1169
6750 1432
6752 417
6753 789
6753 1494
6755 198
6757 887
6757 1319
6758 529
6759 1431
6760 1388
6761 1223
6761 1583
6763 537
6763 1120
6764 958
6766 1363
6770 1536
6771 1123
6771 1544
6773 262
6774 644
6774 998
6775 528
6775 679
6778 470
6778 681
6779 1574
6780 1102
6782 1281
6786 1094
6787 127
6787 1288
6788 384
6788 871
6789 1285
6790 15
6791 1250
6792 1244
6794 232
6794 897
6794 1305
6794 1374
6796 327
6796 554
6796 1193
6799 884
6799 1225
6803 1468
6803 1502
6805 596
6805 750
6805 766
6808 14
6811 36
6814 1108
6816 1035
6818 230
6818 744
6821 142
6821 238
6821 560
6822 308
6823 1483
6824 20
6825 758
6826 862
6829 673
6830 868
6830 1121
6832 687
6832 1003
6833 923
6833 1288
6834 930
6837 1373
6839 459
6839 1427
6840 519
6840 606
6841 368
6841 1320
6842 156
6843 414
6843 1411
6844 22
6844 193
6845 501
6845 615
6846 997
6849 170
6849 908
6849 991
6849 1197
6853 224
6855 1410
6855 1423
6856 877
6857 1248
6859 180
6862 179
6862 1556
6866 1455
6867 100
6867 915
6868 731
6872 153
6872 274
6872 1096
6873 525
6877 78
6879 1386
6880 1148
6880 1482
6882 156
6883 255
6888 99
6889 1115
6890 507
6890 1515
6890 1568
6891 7
6891 428
6892 107
6892 900
6893 587
6893 1292
6894 886
6894 1454
6895 655
6896 162
6896 1531
6898 1376
6899 455
6899 538
6899 1251
6901 234
6901 1067
6901 1309
6902 45
6903 339
6904 665
6906 744
6908 631
6908 732
6909 1194
6910 672
6911 145
6911 774
6912 685
6913 1116
6916 316
6917 640
6917 1240
6918 515
6918 1392
6918 1426
6922 340
6922 1247
6924 1331
6926 140
6926 342
6929 180
6929 795
6929 993
6931 349
6931 523
6931 1139
6933 940
6934 540
6935 943
6938 265
6939 883
6942 940
6942 1524
6944 887
6944 1138
6945 306
6945 876
6945 1304
6946 321
6946 991
6946 1036
6947 140
6948 356
6948 928
6949 504
6951 33
6951 546
6951 1461
6952 875
6953 818
6954 924
6954 1240
6958 391
6958 981
6958 1335
6960 1561
6963 1516
6964 890
6965 418
6966 701
6966 1149
6968 871
6969 1273
6970 797
6971 802
6971 1025
6971 1097
6971 1244
6973 264
6975 1103
6978 1564
6979 751
6983 155
6983 554
6983 769
6984 744
6984 1513
6986 830
6986 1345
6987 687
6987 1559
6989 938
6989 1531
6993 171
6993 767
6993 849
6994 376
6996 622
6996 1065
6996 1571
6998 458
6998 828
6999 1312
7001 1090
7002 861
7003 1304
7005 1480
7006 930
7007 1154
7008 202
7012 1207
7014 45
7014 271
7014 748
7017 36
7018 1078
7019 681
7020 759
7021 477
7021 907
7023 652
7024 608
7026 1343
7027 581
7030 1225
7031 853
7034 36
7034 1137
7036 144
7036 379
7036 655
7036 820
7036 1137
7039 1110
7043 1267
7044 938
7046 355
7046 794
7046 1395
7048 70
7048 667
7050 587
7050 620
7051 457
7051 468
7051 1000
7052 519
7053 1561
7056 938
7058 1076
7061 557
7063 115
7064 784
7066 331
7067 1279
7069 1067
7070 507
7072 347
7072 1206
7072 1373
7074 265
7074 389
7074 475
7075 724
7075 816
7077 176
7080 1009
7082 579
7083 107
7083 281
7084 877
7085 355
7085 1357
7087 882
7087 1185
7090 1350
7092 533
7092 1287
7094 1222
7097 1522
7103 397
7103 539
7103 597
7104 1279
7107 701
7107 1325
7111 474
7111 559
7112 444
7113 813
7113 1419
7114 1466
7118 969
7118 1044
7119 407
7119 1050
7121 822
7121 902
7121 1317
7122 934
7122 1169
7123 582
7123 1405
7124 1560
7125 1040
7127 863
7127 1281
7128 789
7129 1114
7131 363
7131 380
7133 214
7134 37
7135 51
7135 202
7137 323
7137 914
7137 1379
7139 372
7141 517
7141 593
7141 1024
7141 1541
7142 70
7143 183
7143 928
7143 1388
7145 1329
7148 563
7149 662
7151 444
7151 815
7153 961
7154 1253
7156 420
7156 465
7157 1569
7159 1398
7159 1559
7161 1084
7161 1146
7164 766
7165 1409
7166 602
7166 722
7167 1554
7168 1558
7169 783
7170 139
7170 632
7170 636
7175 357
7175 1467
7176 104
7186 280
7186 360
7187 860
7188 807
7194 303
7194 411
7194 445
7194 1177
7195 22
7198 410
7199 493
7200 543
7200 1015
7201 329
7201 1561
7204 1340
7205 934
7207 1255
7208 15
7208 781
7209 36
7210 290
7210 846
7210 1482
7212 1084
7213 602
7213 1441
7214 1232
7214 1275
7216 528
7217 395
7218 71
7218 1089
7221 61
7221 1001
7223 1042
7224 361
7224 1459
7226 928
7226 1538
7230 1206
7231 89
7233 51
7234 635
7235 1070
7237 12
7237 1483
7238 321
7238 325
7240 185
7240 1164
7241 406
7241 575
7243 1243
7244 339
7244 663
7245 1245
7246 364
7248 1497
7249 1011
7250 536
7250 980
7253 1135
7254 822
7254 1081
7254 1228
7254 1421
7255 598
7255 1155
7257 759
7258 798
7258 832
7259 1082
7262 324
7262 561
7263 212
7267 821
7268 1443
7271 1327
7272 236
7273 210
7273 224
7273 267
7274 1525
7276 813
7277 191
7277 247
7278 481
7280 608
7281 1205
7283 117
7283 408
7284 324
7284 872
7284 1291
7286 638
7286 1255
7287 328
7287 1526
7288 722
7290 115
7290 723
7291 870
7292 312
7292 601
7293 475
7294 183
7297 1525
7298 302
7298 757
7301 617
7301 719
7301 1295
7307 54
7307 1002
7307 1008
7307 1410
7309 443
7313 184
7314 657
7314 1355
7315 496
7315 728
7315 855
7316 271
7316 609
7316 969
7316 1106
7318 617
7318 963
7320 953
7320 1332
7325 489
7325 972
7330 181
7331 756
7334 456
7336 859
7339 79
7339 458
7339 1090
7340 1470
7341 1419
7343 307
7343 660
7345 377
7345 384
7346 192
7347 296
7349 1039
7349 1197
7350 259
7355 1042
7356 368
7357 1102
7357 1146
7358 306
7360 1500
7361 1547
7365 836
7365 1465
7369 1560
7371 65
7371 128
7372 364
7376 487
7376 841
7377 865
7381 173
7381 933
7382 923
7383 1016
7383 1545
7384 769
7385 1048
7385 1500
7386 96
7387 1504
7388 880
7389 735
7390 87
7392 637
7393 928
7394 600
7397 106
7397 621
7398 386
7398 429
7403 1539
7404 486
7405 1542
7410 227
7412 917
7413 33
7413 432
7414 597
7414 1315
7417 342
7417 420
7417 1315
7420 464
7421 1237
7423 1427
7423 1554
7425 187
7425 1251
7427 364
7427 1476
7428 1191
7430 1458
7431 1451
7432 1461
7434 906
7435 7
7438 96
7441 508
7442 989
7443 1000
7445 55
7446 646
7447 772
7448 160
7448 992
7448 1195
7449 217
7450 851
7451 66
7451 426
7452 854
7452 1538
7457 82
7459 132
7459 1527
7462 963
7462 1323
7465 713
7465 1558
7469 616
7469 964
7472 131
7473 1462
7475 814
7476 157
7476 411
7477 1491
7479 481
7479 1179
7479 1585
7481 208
7485 572
7486 173
7487 641
7489 386
7489 494
7491 629
7492 853
7493 739
7493 1401
7496 1451
7498 1446
7499 455
7500 24
7500 278
7500 585
7503 983
7504 283
7504 558
7504 864
7506 417
7507 480
7508 680
7509 749
7509 1401
7509 1492
7512 207
7512 238
7513 1407
7514 488
7515 508
7516 247
7517 180
7517 1487
7518 382
7519 300
7519 647
7520 742
7523 1262
7525 168
7525 823
7527 1291
7528 843
7528 884
7529 1355
7529 1494
7531 1281
7532 182
7534 194
7534 1299
7536 161
7536 1571
7537 339
7538 522
7538 779
7539 1075
7540 517
7541 1108
7542 970
7543 126
7543 573
7543 956
7544 1345
7547 150
7549 490
7551 5
7552 1254
7554 168
7554 544
7556 332
7556 1247
7557 317
7558 1190
7559 754
7560 1075
7562 628
7565 1442
7569 1170
7572 419
7573 1578
7575 444
7579 51
7579 1178
7579 1313
7580 323
7580 1318
7583 1131
7584 1277
7591 460
7591 556
7592 1171
7593 1503
7594 1183
7595 317
7595 497
7595 908
7595 996
7596 104
7597 323
7598 1502
7600 1550
7601 561
7602 600
7604 554
7605 607
7607 1415
7608 1353
7608 1489
7609 467
7615 1437
7616 1135
7618 1506
7625 1490
7628 1096
7629 1449
7630 1067
7631 36
7631 585
7633 528
7633 1278
7636 1090
7636 1205
7638 1097
7639 246
7639 970
7640 289
7640 505
7640 526
7642 1288
7645 691
7650 641
7652 60
7652 417
7655 722
7655 1263
7656 325
7656 356
7656 589
7657 145
7657 564
7661 964
7664 763
7666 1349
7667 933
7668 607
7669 765
7669 1312
7671 1491
7672 760
7672 1030
7674 759
7679 987
7679 1123
7681 1458
7682 341
7682 1390
7683 153
7683 250
7683 1491
7683 1581
7684 1214
7685 58
7685 335
7686 1254
7687 1182
7688 1124
7688 1325
7691 308
7692 764
7697 329
7697 523
7697 661
7698 17
7698 319
7698 1267
7698 1402
7699 130
7701 666
7701 726
7702 143
7703 711
7704 107
7704 587
7704 1219
7707 263
7707 562
7708 1125
7709 1228
7709 1247
7711 273
7711 371
7713 1282
7716 992
7718 527
7719 771
7719 792
7720 84
7720 816
7721 649
7721 1025
7721 1358
7723 1555
7726 144
7726 720
7726 937
7727 946
7729 779
7731 357
7731 657
7732 542
7733 546
7734 294
7740 398
7740 1497
7741 581
7745 638
7746 812
7746 1354
7749 479
7751 1497
7753 89
7754 785
7755 691
7757 567
7758 70
7759 425
7759 775
7759 1370
7760 354
7760 769
7761 1135
7762 1291
7767 451
7769 709
7770 867
7771 1469
7773 172
7773 1071
7774 192
7774 701
7774 1259
7775 131
7775 1175
7776 582
7776 1320
7782 857
7783 383
7784 222
7784 240
7784 774
7784 826
7785 1348
7786 79
7786 720
7789 1470
7790 851
7791 819
7796 1558
7797 1475
7802 289
7802 924
7802 1214
7804 15
7805 809
7805 974
7805 1307
7806 730
7806 839
7807 1138
7808 1041
7811 28
7811 313
7812 600
7813 1109
7813 1231
7813 1501
7816 689
7816 1053
7817 437
7818 544
7821 1467
7822 405
7823 1478
7825 359
7826 820
7827 297
7827 652
7828 540
7828 896
7828 1165
7830 730
7831 1258
7835 1228
7838 37
7838 727
7840 380
7840 1287
7842 10
7842 954
7842 1206
7842 1242
7845 113
7845 291
7847 1152
7847 1162
7848 163
7849 418
7849 1085
7853 97
7854 1099
7855 1128
7855 1424
7856 894
7856 1570
7857 605
7857 1141
7857 1344
7858 452
7858 912
7861 891
7861 1485
7864 1343
7866 1482
7875 844
7877 10
7880 609
7880 953
7881 607
7881 1023
7883 75
7885 489
7886 1285
7887 399
7888 935
7890 816
7891 604
7891 1146
7893 1
7894 607
7894 1085
7896 346
7896 597
7896 1132
7897 644
7899 1074
7902 489
7903 1345
7903 1464
7904 1144
7904 1520
7905 470
7907 346
7907 473
7909 573
7909 1162
7909 1443
7911 956
7914 889
7915 785
7917 1053
7918 1237
7918 1256
7920 446
7921 499
7921 1329
7922 1368
7923 538
7923 758
7929 1318
7931 760
7931 1450
7934 475
7936 306
7936 1569
7939 1507
7941 756
7942 412
7943 1400
7944 289
7945 331
7945 772
7946 739
7946 1462
7948 316
7948 664
7948 1078
7949 763
7951 1503
7952 1096
7952 1163
7952 1279
7955 197
7957 572
7958 1474
7959 518
7959 1512
7961 979
7961 1237
7962 1196
7964 213
7964 488
7966 42
7967 1570
7968 555
7970 1432
7972 205
7972 231
7972 784
7975 495
7975 600
7976 89
7976 949
7978 1015
7979 430
7980 689
7982 1322
7986 924
7988 1061
7994 1354
7996 1027
7997 152
7998 1056
8000 1298

