681 8324 1139
1 1
1 586
2 35
2 2200
2 2998
2 3705
3 1240
6 6334
6 8223
7 2921
7 3947
7 4653
8 342
8 3722
8 5716
9 237
9 2642
10 4899
11 695
11 1134
11 6035
11 6241
12 320
13 944
13 5936
14 877
14 6888
15 50
15 792
15 3557
15 6803
17 3869
18 3356
18 8155
18 8170
19 3909
20 2212
20 5389
20 6315
20 7670
21 793
22 4726
22 7064
23 49
23 3438
23 6028
23 7399
27 7068
28 1282
28 3642
28 7462
29 4721
29 5077
30 442
30 1439
30 3763
30 6849
30 7113
31 3078
32 4004
32 7472
33 2877
33 6641
33 7566
34 3001
35 7373
35 8228
36 1838
36 3863
36 6875
37 1275
37 3561
37 4473
38 5546
38 7780
39 5353
39 6697
40 328
40 1484
40 4818
42 4219
43 125
45 241
46 1142
46 3193
46 5492
47 6622
48 819
48 5190
49 2496
50 125
51 84
51 1908
52 1664
52 2192
53 222
53 4274
54 6801
55 5833
55 6654
57 14
57 1374
59 5432
61 5384
61 5523
63 647
63 2095
63 4334
64 5380
64 5937
65 2039
65 7223
65 7502
66 5670
67 3328
67 7702
68 896
68 7639
69 3466
70 2842
71 7738
72 2509
72 2939
72 7161
73 3203
75 3687
75 4818
76 2303
76 7512
77 917
77 8110
78 4867
79 1436
79 5014
84 5896
85 7517
85 8148
86 7288
87 3151
88 3865
89 2268
89 3493
90 5499
91 7320
92 1982
92 6867
93 601
95 545
95 837
95 1747
95 4184
95 4954
96 1417
96 4466
96 4973
96 5361
96 6368
98 3379
98 5971
99 3091
99 4554
100 1398
100 2267
100 6095
100 7709
102 3484
103 709
103 1979
103 2660
103 7095
106 3124
106 7539
107 1216
107 2713
108 2116
108 6488
110 6496
111 212
112 952
112 2133
112 4542
112 5488
114 4463
116 4081
116 7534
117 4320
118 6332
119 1145
119 3552
119 3971
120 2309
120 4828
120 6772
121 6326
121 6371
122 157
122 602
122 2575
124 3323
124 4471
124 4661
124 8296
125 2345
125 3082
125 7240
128 379
131 3277
131 6353
132 2574
132 5097
132 8007
133 1196
134 2573
134 2637
134 5457
135 7066
137 7888
138 575
138 2433
138 3943
138 4715
139 3627
140 1912
141 1890
141 2761
141 7468
142 1695
142 5480
142 6503
142 7210
143 3319
144 124
144 4715
145 2306
146 1504
146 7271
147 3762
147 5783
149 1826
149 6941
150 852
150 3782
151 1165
151 2706
151 6717
152 5200
152 7180
153 3940
154 5707
156 1519
156 7534
157 7551
159 742
160 4608
160 6186
161 3536
161 4139
163 4441
165 416
165 1237
165 2805
167 36
167 3383
168 182
169 3362
170 6474
172 3843
173 7103
176 3154
177 3065
179 1800
180 586
182 3242
183 2514
184 1505
184 4289
184 6888
185 2519
185 3233
186 2137
186 4433
187 562
187 4916
188 6948
189 3376
189 4875
190 4189
191 3745
191 6609
191 7693
192 3042
194 2302
194 3383
194 4477
196 765
196 1236
196 2013
198 5597
199 5272
200 760
200 2584
200 3429
201 7630
202 615
203 1858
203 6393
203 7662
204 7826
205 3876
206 76
206 1048
207 664
207 967
207 4060
209 3495
210 4872
210 5317
210 6397
211 3091
211 7196
212 1008
212 3263
213 1516
213 2096
213 6322
213 6612
213 7870
214 1620
214 2844
215 5521
216 171
216 7418
217 5080
220 946
220 2738
220 4197
221 7723
222 6489
223 163
223 5178
223 8307
224 8057
225 3467
225 8269
226 1390
226 1715
226 7160
226 7240
227 480
227 1808
227 4976
227 5209
228 275
228 433
228 4652
230 2614
231 2743
231 4559
231 6621
232 3438
232 6688
233 5856
234 2833
234 5692
235 3596
235 7746
237 1754
238 156
238 443
239 3198
239 5189
239 5641
241 4979
242 2705
242 3770
242 5102
243 40
243 1981
243 3444
243 5720
244 2350
245 868
245 1477
245 5499
245 7921
246 4455
246 4624
246 6581
247 2849
247 4318
247 6952
247 7534
248 305
249 753
250 2871
251 5305
251 6593
252 6035
253 1503
253 2872
253 3217
255 8166
256 1188
257 2702
257 3286
258 996
258 2268
258 3092
259 715
260 2931
261 748
261 869
261 8046
262 5064
262 7136
263 766
263 1927
264 3517
264 3835
264 7467
265 604
265 4251
265 7782
266 1242
266 4439
266 4513
269 1136
269 2741
270 3043
270 5313
273 2363
273 7319
274 2015
274 2100
274 8211
275 4565
275 5619
275 7479
276 7479
277 234
277 6396
278 589
278 7147
279 2677
279 6768
282 2957
283 4468
283 5112
285 4257
285 4804
287 3226
287 7086
289 7786
290 7983
290 8141
291 4762
291 7467
293 303
293 947
293 6157
294 1838
294 4067
294 6067
296 1359
296 1507
296 3017
296 5948
297 1558
297 1663
297 2085
297 4960
297 7962
298 7320
299 3595
299 5097
301 15
301 219
301 4119
302 1744
303 2043
304 174
304 2939
304 5257
305 5490
306 3432
306 3895
306 4162
306 5550
306 7045
307 750
307 1935
308 3805
310 1442
310 7005
311 2142
311 7916
312 236
312 1601
313 7718
313 7732
314 1236
314 4270
314 4486
314 7787
315 570
315 4158
316 96
316 3989
316 6352
317 5281
318 2970
319 6126
321 1755
321 4585
321 4650
322 6849
323 4117
323 4692
323 4849
324 115
324 420
325 2206
326 1513
326 4067
326 8314
327 5534
328 1561
328 3325
328 4675
328 7398
329 1451
329 4381
330 2860
330 5236
331 5079
332 1915
332 4771
333 1390
333 5773
334 602
334 5984
335 3137
336 2990
336 5147
336 8003
337 2707
337 5896
340 5595
341 418
341 1395
342 4404
342 7361
343 628
343 2003
343 2891
345 4399
346 2380
346 4259
346 4617
346 4930
347 980
347 7413
349 60
349 7610
350 6315
351 2618
352 4916
353 4279
353 6227
354 7331
355 3747
356 7127
357 3897
358 4924
359 1088
360 1613
360 1726
360 5423
361 1698
361 3682
362 2891
362 4825
362 7804
363 50
363 260
364 2788
364 5299
365 6682
365 7768
366 2689
366 4593
366 4754
366 6813
366 7233
367 7366
368 601
368 831
368 6732
369 3532
371 1397
372 2393
372 3765
372 5686
373 2310
373 4531
374 1144
374 2379
374 3387
374 6608
376 1230
376 3274
377 620
377 918
377 1304
377 4022
377 4807
378 2884
379 231
379 413
379 1453
379 2258
379 4365
380 3394
381 1690
381 4595
382 1292
382 5892
383 1511
383 7374
383 7900
384 1478
384 8277
387 263
387 5338
388 2406
388 5037
388 6203
389 1744
389 5318
390 238
390 2273
390 6149
393 3404
393 8262
394 1872
394 4256
395 526
395 1662
395 4204
395 4340
397 3087
397 7471
398 4208
399 240
399 3489
399 6271
400 3327
400 6098
401 3699
402 1309
402 2859
403 1406
403 2846
403 3956
403 4029
403 5770
403 7422
403 7650
405 678
405 2691
406 1392
407 917
407 1256
407 1777
407 3206
407 7667
409 3564
410 4306
411 5106
411 7955
412 520
412 873
412 5895
412 7843
413 1281
414 4688
415 561
415 1813
415 6149
416 6172
416 6954
420 2100
421 666
422 901
422 1996
423 1793
424 632
424 2837
424 3169
426 356
426 3753
426 6088
427 446
427 3862
427 7356
427 8058
429 2984
429 6031
429 7262
430 2782
430 3530
430 6629
431 1934
431 4276
432 5910
433 6742
436 1271
436 1396
436 6797
437 4438
437 7722
438 1487
438 2930
438 8149
439 1105
439 2515
440 6443
440 7357
441 2061
441 7856
442 4419
442 5043
444 6102
445 558
448 4655
448 5175
450 1474
451 2311
451 2492
451 3237
451 7137
451 7533
452 5087
452 7720
453 3295
453 4069
453 5609
453 7831
454 609
454 3211
456 3792
456 3995
457 2590
457 7544
458 1747
459 6104
459 6530
459 6562
460 4392
460 6061
461 4284
461 5359
462 5748
462 6766
462 6780
462 7667
463 2236
465 926
465 2373
465 5221
465 5806
466 173
466 957
468 2602
470 3408
472 3078
472 4374
472 5086
473 4568
473 7557
475 1408
475 6465
476 2264
476 6666
476 7806
478 6117
478 6338
479 3307
479 3584
479 5362
480 728
480 2921
480 3819
481 3206
482 2297
482 2968
482 3969
483 4835
483 6631
483 6912
483 7160
484 5408
486 7686
487 7311
488 5372
489 3797
489 5912
490 5210
490 8034
491 6879
493 224
494 802
494 7047
495 1710
495 7237
496 6849
497 5732
497 7341
498 1305
499 1632
499 7316
499 7622
499 7946
500 4832
501 84
501 2556
502 1923
502 2399
505 3027
506 1244
506 2036
506 2317
507 584
507 4537
507 4824
510 7199
511 5741
513 54
513 3018
513 5551
513 6113
514 2123
515 915
515 1636
515 4850
517 2965
517 7501
517 7748
518 7295
519 1607
519 2966
519 3430
519 5263
519 6072
520 1217
520 4545
520 5029
520 8151
521 7347
522 1229
522 3390
522 3801
523 5358
524 1413
524 7221
524 7591
525 7073
526 1674
526 2565
526 5461
527 1494
528 771
528 1716
528 4903
529 8273
530 5697
532 3931
533 3454
533 7283
534 6780
535 798
535 7254
536 1046
537 7683
537 7926
538 3841
539 6551
539 7636
541 6960
542 2287
543 948
544 4829
544 5596
545 1094
545 2827
545 7198
546 74
546 2982
546 3078
548 214
549 18
549 3274
549 7767
550 440
552 2042
552 5132
552 5761
553 4606
553 5506
554 1155
554 4147
554 4911
555 7463
556 719
556 2709
556 6243
557 2132
557 5273
557 5714
559 452
559 2244
559 5834
561 2836
562 1368
562 1540
562 7558
562 7646
562 8214
563 7419
564 4188
564 4538
564 7154
565 2299
565 4659
565 7853
565 8190
566 6866
566 7205
567 1461
567 6867
567 7826
568 4586
568 7077
573 1894
573 7728
575 535
575 4213
575 5687
576 1536
577 5731
577 7909
578 6978
579 693
579 4395
580 2828
581 7103
583 2013
583 7528
584 2431
584 7533
586 7599
588 1466
590 3130
591 4794
591 5908
592 539
592 3371
592 6290
593 430
593 1530
594 2796
595 997
595 1105
595 6514
596 1661
596 3835
596 4144
597 648
597 5825
598 6098
599 1055
599 5989
601 1982
602 1669
603 8044
604 4456
604 6006
605 6301
606 4859
606 5974
606 6883
608 175
608 455
608 4278
608 5944
608 6308
608 8014
609 3667
610 2975
611 1749
612 2287
612 7610
613 1650
614 2391
615 6944
616 4815
616 6373
616 7600
616 7969
616 8158
617 7107
617 7310
618 1354
618 6980
619 963
619 2925
620 1162
621 4958
621 5901
622 3025
623 4219
624 1
624 840
624 1834
624 3293
624 6043
625 2966
625 6477
625 7562
625 7778
626 518
626 5122
628 290
628 1833
629 864
629 7204
630 1003
630 3172
631 171
631 5076
633 4622
633 5188
633 5793
633 8137
634 4299
635 7563
637 1840
637 7760
638 885
638 2376
638 3147
638 5826
639 5545
641 3545
641 4522
641 7614
642 7041
643 633
644 1358
644 3909
644 4241
644 4871
645 1905
646 6119
646 7494
647 7978
649 3326
649 5656
650 3372
650 5126
651 2423
652 2515
652 7060
652 7146
653 5463
653 7335
653 8230
655 7364
655 7652
656 1016
657 184
658 2139
658 3369
658 4499
658 5911
658 6440
660 11
660 2629
660 2750
660 4503
661 4
661 3338
661 3615
661 5405
661 6092
661 7512
662 1507
662 2594
662 6240
662 6578
662 6857
662 7970
664 889
665 1257
665 8038
666 959
666 2037
666 2064
666 3329
666 4996
666 6995
667 1389
667 3353
668 3046
669 3638
669 5100
669 7870
670 1617
670 2113
670 2159
670 5843
670 6020
670 6722
672 861
672 5115
673 3025
673 3455
673 5002
674 4019
674 4682
674 4826
675 6229
676 1304
676 2428
676 2495
679 337
679 600
680 6539
681 2518

