5411 3218 6922
1 1
1 19
1 2555
2 2229
3 1752
4 2023
5 391
5 1496
6 1203
7 1744
7 2452
8 368
10 1066
10 1964
10 2281
11 1677
11 1791
12 1551
13 386
14 191
14 822
17 2992
18 423
18 658
18 2317
19 769
19 1429
20 2208
21 1508
21 2540
22 2459
23 762
23 2286
23 2513
23 2738
27 1336
27 1355
28 182
28 3178
29 854
29 1801
30 3205
31 1003
31 2527
32 2055
34 2458
34 2703
36 2221
37 1004
37 2540
38 1258
39 1056
39 2797
39 3165
40 38
40 1919
41 2804
42 2896
42 2988
45 629
45 1572
45 2257
46 1937
47 2231
49 1661
49 1952
50 1052
50 3008
51 2011
52 977
53 1538
53 2688
53 2799
53 3208
54 1514
54 1595
55 1279
57 2057
58 2970
60 3148
61 818
62 525
62 1360
62 1833
63 391
64 1275
65 55
65 253
65 764
66 1047
67 513
67 1228
67 2356
69 1341
69 1614
70 675
70 1104
70 1686
70 2350
70 3032
73 1152
73 2536
73 2786
73 2828
75 1817
76 3064
77 3209
81 327
81 1734
81 2433
81 2516
82 2343
82 2774
83 143
83 2798
87 1787
89 2108
89 2941
91 1250
93 1242
95 1433
96 528
96 2438
97 1519
97 2065
97 2221
98 1616
99 775
99 3018
100 651
100 1438
100 2533
101 299
102 2424
103 617
106 357
108 1436
108 1722
108 1981
110 69
110 789
110 2418
111 1934
111 2798
112 189
112 192
113 1509
114 587
114 2336
116 88
117 968
117 2391
117 3136
118 446
118 1600
120 1277
121 950
124 20
124 55
125 546
127 20
127 2327
129 1985
130 1506
131 135
131 2402
133 3000
134 2131
134 2370
135 872
135 2492
135 2593
136 1669
136 2252
136 2400
137 3015
141 1142
141 2461
141 2837
142 42
143 2478
144 580
145 2104
146 351
146 2726
147 407
147 1629
149 647
150 628
152 660
152 2320
153 13
153 1246
154 197
154 1933
157 281
157 874
157 2701
158 1375
159 2182
160 2141
161 1104
162 441
163 126
164 136
165 149
166 218
166 3075
168 2162
169 1637
170 1782
170 3093
171 2520
171 2692
173 1938
173 3013
174 755
176 1559
176 1669
176 2522
177 635
178 2819
179 2473
179 2864
181 744
181 2743
182 116
182 2080
183 569
183 1140
184 3038
185 965
188 1001
188 1361
190 2694
191 205
192 1204
192 3161
192 3186
193 1950
194 3089
195 592
196 79
196 2647
198 381
202 410
202 2551
203 460
203 1105
203 2672
204 2783
205 497
205 911
206 780
206 2898
207 2112
208 1942
208 3141
209 173
209 755
209 849
209 1147
211 1351
211 2469
212 51
212 1346
213 232
213 2474
213 2712
215 1252
215 1799
215 2064
216 1717
216 2246
217 1287
217 2416
217 3092
220 97
220 3032
222 1079
222 1142
222 2501
223 750
223 2511
224 397
224 2342
226 78
227 873
227 960
227 1806
227 2352
228 2999
229 1215
233 462
234 1953
234 2341
234 2658
235 14
235 2715
236 2807
236 2874
237 1576
238 355
238 1206
238 2909
239 610
239 1795
240 389
240 1041
241 1298
242 2508
243 1035
244 2777
246 185
246 1294
246 1577
247 16
247 1747
247 1862
247 2853
248 1074
248 1965
248 2718
251 234
251 1644
252 526
252 1073
252 2200
253 2932
255 1141
255 2273
257 40
258 379
259 403
259 2687
259 3193
260 391
260 710
260 1935
261 2790
262 540
263 238
263 915
263 2651
263 2652
263 2926
265 1220
265 2618
266 619
266 1593
267 2899
267 3068
268 2437
269 1955
270 144
270 1006
271 366
272 3218
273 144
273 554
273 2721
275 640
275 2521
277 125
277 421
278 1485
278 3003
279 2902
280 693
280 2359
281 228
281 843
282 1608
283 1518
283 1555
283 2798
284 2692
285 2761
286 1786
286 2787
287 811
287 2981
289 1531
289 2246
291 578
291 697
291 757
292 411
292 1646
293 430
294 10
295 184
295 1709
296 764
296 2664
297 1485
299 1079
299 3168
300 2049
301 563
303 2451
304 1690
304 2078
305 2807
306 67
306 1140
308 1957
309 412
309 2583
309 2663
310 73
310 965
311 1028
311 1121
311 1332
311 2242
312 2141
313 1552
314 2474
315 578
318 2240
318 2717
318 3087
319 704
322 832
322 1250
323 296
323 2698
324 2174
328 664
330 1645
330 3092
330 3119
331 641
331 1499
331 2191
332 1395
333 110
333 198
333 1705
333 2806
334 793
337 1581
339 262
340 785
341 2436
341 2491
342 496
342 1168
342 1772
343 228
343 1245
343 2450
344 1372
346 1548
347 1152
349 2875
350 640
350 802
350 1783
350 3136
351 1061
351 1286
351 2492
352 610
352 1996
352 2199
352 3142
354 1186
354 1622
354 2407
356 1044
356 1144
357 1125
357 2995
359 675
359 3162
360 1334
361 525
361 1109
363 1634
363 2191
363 2705
366 1075
367 1761
368 2261
368 2513
369 2141
369 2742
370 6
370 173
370 1544
373 31
373 2977
374 2712
375 2034
377 860
378 27
378 2738
380 3139
381 2481
383 562
384 871
384 1053
384 1363
384 1593
385 1170
385 1450
385 1473
387 1128
388 1198
388 3109
389 2749
390 88
390 1594
390 2553
391 1838
392 270
393 1592
393 3202
394 2309
395 288
395 2927
401 357
401 2435
401 2682
404 397
404 2119
406 2107
406 2825
408 279
408 1576
408 1944
409 821
409 1182
409 2063
409 2951
410 2404
410 2466
410 2979
411 1459
411 2494
412 1247
413 1076
413 1150
415 659
415 2271
415 2990
418 331
418 360
420 1034
421 1511
422 127
423 2616
425 772
426 1868
428 2190
430 1869
430 1896
430 2178
431 2035
432 1447
434 790
435 672
435 2791
436 588
436 2134
436 2672
436 3153
437 901
439 2460
439 2505
440 529
440 2583
441 1489
443 1436
443 1586
443 1653
443 2706
444 2093
444 2683
447 169
450 2041
451 1456
451 1895
452 2137
455 680
455 2749
458 1261
458 1463
458 2775
461 376
461 1156
461 1803
463 1653
465 3098
467 275
468 1913
469 566
469 759
469 797
469 1190
470 2377
470 2702
471 527
471 2417
473 1019
474 2731
475 1837
476 2141
477 761
477 912
477 1910
477 2013
478 1598
479 1572
479 1721
480 1300
480 2443
480 2630
480 2925
481 2580
482 1977
484 1026
484 1944
484 2742
484 3140
485 931
485 1018
485 1585
485 2579
488 289
488 918
489 516
489 1612
489 1688
489 2621
489 3105
491 138
491 870
492 2573
492 2631
492 2714
496 1159
496 1193
496 1417
497 277
497 1211
499 1258
499 3207
500 2054
500 2323
500 3037
501 785
501 2382
501 2756
502 409
503 604
503 1318
503 1683
506 1125
508 571
508 2167
509 746
509 1511
509 3144
510 1878
512 2149
513 1554
515 595
515 2238
517 1516
518 319
518 930
521 1083
522 892
523 907
524 1210
525 2050
525 2124
525 2257
525 3100
526 530
527 1787
528 2771
529 306
530 1919
531 1888
531 2664
532 1056
533 339
533 1717
535 814
537 145
537 2270
538 569
538 1033
540 956
540 1056
540 2301
542 2170
542 3051
545 683
545 2505
547 495
547 784
548 983
549 308
549 461
549 2302
550 1430
551 311
551 1738
551 2624
552 1831
552 1873
555 335
555 2605
556 1934
557 1339
557 1988
558 3014
559 695
559 2927
560 1217
560 3108
561 1921
562 2327
563 1219
564 476
564 2080
565 2385
566 2796
569 991
569 1248
569 1292
569 1393
569 2941
570 590
570 675
570 1618
572 2078
573 1570
573 3200
574 714
574 723
574 1213
576 319
577 978
580 890
581 412
581 1117
581 1693
582 1116
582 3043
583 884
583 1349
584 2500
586 2396
587 1802
587 2550
588 1690
588 1837
590 2565
591 322
591 791
592 332
592 571
593 2198
593 2248
593 2890
593 3022
594 756
594 2676
594 3208
597 2342
598 1808
598 1867
598 2231
598 2240
598 2834
598 2974
599 2328
599 2565
601 164
601 1917
601 2279
602 589
602 2033
602 3109
604 918
606 2438
606 2677
607 1707
608 5
610 327
610 2415
612 752
612 1543
613 467
613 705
616 674
617 468
617 1186
618 1556
619 213
619 896
619 2834
620 2429
621 274
621 2211
622 11
622 2758
623 2879
625 1655
625 1759
626 2903
626 3108
627 2376
629 751
633 1025
633 2090
635 438
635 751
635 2619
636 2097
636 2457
637 249
637 299
637 851
637 1082
637 1571
639 2693
640 2018
641 718
641 1538
642 1564
642 3109
644 2516
645 491
645 2988
646 1253
647 97
647 1070
647 3009
648 2245
649 402
649 909
650 273
652 58
652 412
652 1841
653 1812
654 221
654 297
654 1357
656 1754
656 2584
659 2165
661 248
661 1743
662 229
662 480
663 996
665 2363
666 1209
667 604
667 1060
667 2003
667 2874
668 2157
669 1077
669 1828
670 522
671 1429
672 2268
672 2866
673 1944
674 923
674 1510
675 503
676 2541
677 2332
679 738
680 514
682 495
682 1898
684 2636
685 2999
686 1203
687 1740
687 3163
691 445
691 1436
692 583
692 2271
693 2163
694 861
694 2051
694 2716
695 2239
697 1100
697 1850
701 1192
702 2742
703 2034
706 1082
706 1531
706 2924
707 820
708 2017
708 2734
710 1853
710 3069
713 518
713 2021
714 2977
715 1293
715 1573
716 2607
717 521
717 898
719 2819
720 458
720 1581
721 454
721 1639
723 2446
724 1678
725 2995
726 188
726 952
726 1466
728 1691
729 2878
730 939
732 402
732 527
732 574
733 21
733 2731
733 3201
735 1739
735 2185
738 900
738 2757
739 644
741 2884
742 1364
744 1648
747 2086
748 1985
750 2439
750 2747
751 3077
752 103
752 599
752 1920
754 666
754 913
754 1976
755 783
755 941
755 968
755 1700
755 3171
760 2227
760 2842
761 1481
761 2519
761 2815
763 1823
764 114
764 891
764 1555
765 18
765 503
765 1319
766 601
767 149
767 1334
768 1479
769 147
769 645
769 1175
770 549
771 107
772 36
772 211
772 2014
772 2483
772 3112
773 413
773 1684
774 175
774 1797
775 325
778 1999
779 1100
779 1420
779 2607
779 3034
780 2753
781 1560
782 1277
782 3065
783 1282
784 770
784 2501
785 2345
786 2508
787 2048
790 862
790 1804
790 3025
791 548
791 1615
792 664
792 3021
793 2334
794 1427
794 1968
794 2200
795 477
796 299
796 906
797 635
799 1328
799 2727
800 911
800 1013
800 2966
801 2097
801 2147
802 1574
802 2058
804 658
804 1949
804 2721
804 3005
805 1553
806 152
806 2143
806 2185
806 2499
807 100
807 2108
808 636
808 2345
809 2097
809 2262
809 2435
813 2855
814 1139
817 1327
817 2563
817 2643
818 570
818 1988
819 2427
821 1099
822 3075
823 1251
825 190
827 1728
827 2997
828 114
829 890
832 305
833 1572
834 2823
835 599
835 1523
835 2375
835 3027
836 906
836 2730
837 257
837 1162
841 421
841 1241
841 1988
842 2276
843 1656
844 534
844 2567
844 2694
846 324
847 1493
850 847
850 2121
850 2720
851 984
851 1589
852 1115
853 59
854 8
856 922
856 1954
857 500
858 1733
859 2430
860 185
861 1546
861 1764
861 3109
862 700
862 1910
863 585
863 1600
863 2593
863 2780
865 1599
867 2396
868 164
870 1364
870 2991
871 2350
872 2512
873 1748
873 2051
874 764
875 754
875 2512
876 801
878 85
878 859
879 1689
879 2936
879 3136
880 151
883 752
883 2196
883 2701
885 2973
886 1699
888 3124
890 391
890 957
893 2872
895 575
895 2078
895 2796
896 1665
897 210
898 1963
898 2080
899 1281
899 2537
900 1715
900 2482
903 4
903 1766
903 3176
904 995
906 2342
907 993
907 1395
907 2250
907 2810
907 2819
909 1376
909 3213
911 2718
911 2787
911 2981
912 1225
912 2664
913 57
913 773
914 454
914 1630
915 318
915 641
915 2391
917 2269
919 374
919 861
919 1673
920 1595
920 2442
921 1789
922 1718
922 2207
927 918
927 3062
928 540
928 1408
928 2250
928 2469
929 909
930 1065
930 1732
931 2657
933 2078
934 1126
935 850
936 1013
936 2226
936 2690
936 2955
936 3057
937 1863
938 825
938 2031
938 2990
939 973
940 2043
940 2950
942 1296
943 2548
943 2685
944 701
944 1964
945 1383
945 2857
946 1580
947 65
947 1339
947 1954
948 116
948 1012
949 2222
950 971
950 2903
952 2295
952 3141
953 2569
954 2143
955 112
955 1109
955 2319
956 890
956 1473
958 2486
958 2601
960 2747
960 2796
961 1663
961 1825
964 137
965 1645
965 1728
966 124
966 1824
967 2601
968 241
969 1630
969 2975
970 358
971 2194
972 2391
973 1561
973 2303
974 833
975 1361
975 2597
976 362
978 3
978 108
980 85
980 2069
980 3203
982 3055
984 204
985 780
985 1500
985 1650
985 1906
985 1913
986 1474
986 3008
986 3127
987 316
989 1792
989 3121
991 91
993 12
994 1457
994 1595
994 2818
995 525
995 1397
996 2602
997 1930
998 132
999 1636
999 1735
1001 341
1001 1145
1001 1465
1002 1168
1003 1228
1004 1621
1004 2394
1005 1073
1005 1833
1006 597
1006 754
1007 1460
1007 2442
1007 2871
1008 731
1008 2280
1011 2653
1011 3108
1012 639
1012 2222
1013 1503
1014 8
1016 2186
1017 1256
1018 1526
1021 2968
1023 2607
1024 1372
1025 1148
1025 1270
1026 2174
1026 2658
1027 1184
1027 2137
1027 3167
1029 898
1029 1919
1030 520
1030 2228
1031 2961
1031 2965
1033 950
1034 1175
1035 968
1035 3213
1036 821
1036 1704
1039 510
1039 1742
1039 1856
1039 2516
1040 40
1040 3063
1042 201
1043 30
1043 1696
1044 2156
1044 3112
1045 4
1046 1405
1046 2883
1047 2221
1047 2583
1048 141
1048 1152
1048 2783
1049 800
1050 845
1050 2000
1050 2831
1051 894
1052 433
1052 1171
1053 575
1053 2030
1053 2322
1055 224
1056 2251
1056 2398
1057 1061
1057 1063
1057 1146
1058 1409
1058 1448
1059 1915
1060 1834
1060 2027
1060 2681
1061 1248
1061 2193
1061 2635
1061 2848
1063 2429
1064 1125
1066 462
1067 690
1067 897
1067 1004
1069 1405
1069 2413
1070 2623
1071 421
1071 1013
1072 2972
1073 178
1073 483
1073 1316
1074 1461
1074 1592
1075 1091
1075 1913
1076 1139
1076 1841
1076 2970
1077 897
1077 2657
1078 299
1079 1414
1080 1363
1080 2691
1081 2396
1082 2906
1083 727
1084 86
1084 2489
1085 252
1085 431
1085 1058
1086 1376
1087 3110
1088 867
1089 3063
1090 946
1090 962
1091 3142
1093 208
1094 388
1094 2417
1094 3010
1095 1357
1095 1445
1097 117
1097 1351
1097 2703
1098 1142
1099 469
1100 1701
1101 2315
1102 3049
1103 440
1104 311
1104 2155
1105 1996
1108 127
1108 2314
1108 3121
1109 627
1109 720
1109 1320
1109 2580
1110 914
1111 622
1111 2227
1114 2583
1116 2723
1118 2473
1118 2570
1119 1072
1121 320
1123 2240
1124 93
1126 294
1127 1637
1127 2487
1127 2716
1128 633
1129 1329
1129 2280
1130 286
1130 1553
1130 1578
1130 2837
1131 1008
1131 1823
1131 1901
1131 2822
1132 1299
1133 1536
1133 1800
1133 2973
1134 292
1134 1442
1135 550
1136 1098
1139 174
1139 595
1140 1475
1140 2799
1141 2038
1142 585
1142 2818
1142 2897
1143 894
1143 1085
1143 2312
1143 2910
1144 2935
1145 2959
1146 561
1148 984
1150 1045
1151 400
1152 1007
1152 3095
1153 531
1153 1458
1153 2526
1156 971
1157 2989
1158 2846
1159 285
1159 2989
1162 1507
1163 2741
1166 1624
1166 3059
1168 2632
1169 2242
1169 2700
1171 2006
1171 2128
1172 1449
1172 2337
1174 1632
1174 1707
1174 2231
1177 445
1177 645
1178 365
1178 789
1179 2749
1180 2717
1181 404
1182 122
1185 770
1185 1802
1186 476
1186 2220
1188 1069
1189 2644
1190 2273
1191 282
1192 1102
1192 1141
1192 1646
1192 2387
1194 2197
1195 246
1196 153
1196 2630
1198 2127
1199 2142
1199 3190
1200 152
1200 2060
1201 3108
1202 2703
1203 1820
1204 407
1204 711
1204 1551
1204 2675
1205 1168
1205 1235
1205 1272
1206 340
1207 2980
1208 2887
1209 1611
1210 3160
1212 126
1212 1688
1213 510
1215 2231
1216 1571
1218 2526
1219 1206
1220 891
1221 1267
1224 821
1225 140
1225 1061
1226 1280
1226 1352
1227 53
1227 2570
1227 2767
1227 3188
1228 446
1228 1020
1228 1324
1228 3086
1229 2356
1230 1788
1231 2531
1233 524
1233 2443
1234 1343
1235 857
1235 3163
1236 2616
1237 1285
1237 1481
1237 1531
1237 2329
1238 1105
1238 1664
1239 1694
1239 2133
1240 729
1240 2239
1242 2434
1243 692
1245 1917
1246 716
1246 756
1246 2659
1247 1252
1247 2988
1248 77
1248 92
1250 362
1251 560
1251 680
1252 2026
1254 1917
1255 339
1255 2830
1256 2931
1257 838
1257 1208
1257 1735
1258 141
1258 2954
1259 404
1263 815
1263 1543
1264 1181
1265 162
1265 1660
1266 690
1266 2415
1267 34
1268 2697
1269 2365
1272 1506
1272 2772
1273 2196
1274 825
1274 1424
1277 1987
1278 285
1278 1590
1278 2502
1279 380
1281 1980
1282 1795
1283 431
1284 1574
1285 760
1285 2004
1286 2784
1288 1232
1288 1962
1289 1110
1289 3168
1290 1884
1291 155
1292 933
1292 1106
1292 2831
1292 3052
1294 525
1295 2
1295 1585
1295 2379
1296 1374
1296 1456
1296 2241
1298 415
1298 1213
1298 1714
1298 2310
1299 549
1299 661
1299 2387
1303 1774
1304 939
1304 1619
1304 2594
1307 1290
1307 1336
1308 1388
1309 202
1310 1113
1310 2603
1311 3079
1312 1161
1313 56
1313 1252
1314 2491
1315 2686
1315 3139
1316 2069
1317 2058
1317 2502
1318 763
1318 1045
1318 1652
1318 2268
1319 1685
1319 2726
1321 2622
1322 1450
1323 314
1324 21
1324 2835
1324 3154
1325 106
1325 2418
1326 818
1326 1355
1327 2320
1331 1149
1331 1538
1332 3035
1333 1426
1334 840
1334 1435
1334 2095
1334 2408
1336 921
1337 1937
1338 3014
1339 113
1339 712
1339 2076
1341 1272
1341 1879
1345 2915
1346 784
1347 15
1347 2362
1347 2975
1348 2640
1350 690
1350 1716
1352 1229
1354 24
1354 2977
1356 289
1356 2235
1357 3217
1358 713
1358 891
1359 690
1359 2240
1360 878
1360 1211
1360 2680
1360 2729
1362 1903
1362 2181
1365 1032
1365 1290
1365 1727
1365 2681
1366 2584
1366 2711
1367 2207
1368 1206
1368 1267
1368 2755
1369 2951
1370 765
1370 2204
1371 415
1371 2212
1372 1734
1373 253
1373 890
1374 2184
1375 1931
1375 2877
1376 2108
1377 753
1379 2943
1380 2349
1380 2412
1382 1140
1382 1362
1382 2010
1384 4
1384 1259
1384 3123
1385 802
1385 1467
1386 408
1386 1507
1386 2943
1387 774
1387 1420
1389 895
1389 964
1389 2480
1389 2539
1390 126
1390 1916
1392 2908
1393 1802
1393 2526
1396 2379
1400 458
1400 542
1402 1608
1403 1427
1403 1978
1404 852
1404 3165
1405 303
1405 2491
1406 261
1406 2910
1407 1529
1407 1993
1410 2836
1412 2018
1413 2782
1414 1353
1414 1719
1415 91
1415 744
1415 1436
1417 1778
1417 2259
1419 1240
1420 1645
1421 1627
1424 2224
1424 2635
1424 2655
1425 1050
1425 2883
1426 1296
1427 2555
1427 2753
1432 336
1432 1588
1434 1066
1435 100
1435 521
1435 2280
1436 6
1436 2568
1437 854
1438 1005
1439 1624
1439 2561
1441 601
1443 2287
1444 1827
1446 987
1446 3216
1448 2205
1448 2947
1449 1146
1450 1515
1450 2267
1450 2356
1452 1368
1452 1657
1452 1845
1452 3036
1453 11
1453 2075
1454 1119
1454 1481
1455 2781
1456 418
1457 1827
1458 3180
1459 1612
1460 31
1462 2265
1463 285
1463 825
1463 921
1463 1927
1464 2392
1465 2956
1466 1280
1467 348
1468 132
1468 400
1468 1706
1469 385
1469 2630
1470 2801
1471 559
1472 2179
1473 960
1473 2086
1473 2139
1474 2501
1475 2632
1475 2778
1476 1056
1477 632
1478 2825
1479 1025
1480 2005
1480 2318
1483 2937
1486 1469
1488 796
1489 2013
1490 2125
1491 367
1491 1832
1492 1626
1493 312
1493 665
1494 1011
1494 1811
1496 2178
1496 2215
1497 1347
1497 2923
1499 1394
1500 2435
1501 1405
1502 108
1502 696
1502 2466
1503 1947
1503 2029
1504 1403
1504 1476
1504 1651
1504 3045
1505 257
1505 481
1505 1331
1505 2700
1506 788
1507 1215
1507 1423
1508 668
1508 3096
1509 239
1509 851
1509 2951
1510 301
1510 2972
1512 1762
1512 2232
1512 2540
1513 1615
1514 1139
1515 2456
1516 1324
1518 2945
1519 1111
1519 2368
1520 241
1520 889
1520 1998
1523 1652
1524 1343
1525 488
1526 1397
1526 2576
1528 788
1529 683
1529 2195
1529 2418
1530 764
1531 574
1531 1381
1532 582
1532 2791
1532 3112
1535 1393
1537 823
1538 1839
1539 2514
1542 2437
1542 3154
1544 608
1544 2045
1545 1021
1546 1984
1547 736
1547 935
1548 2180
1549 2398
1551 475
1551 1138
1553 281
1553 564
1553 936
1553 1370
1554 1244
1555 2933
1555 3181
1556 2402
1557 1116
1558 513
1558 669
1558 2702
1560 183
1560 2832
1561 578
1562 922
1562 1444
1563 2352
1563 2754
1565 1982
1566 827
1569 1942
1569 2319
1570 33
1570 1336
1571 325
1571 1791
1571 2020
1571 2536
1572 756
1573 2148
1575 497
1575 1010
1576 1825
1580 1528
1582 585
1583 682
1583 962
1584 1723
1584 1987
1584 3192
1585 573
1585 1882
1587 796
1588 2969
1589 737
1589 1305
1590 1445
1590 2770
1591 437
1591 2715
1591 2975
1591 3047
1592 226
1592 1226
1593 1421
1593 2245
1594 2749
1595 1153
1596 3159
1597 257
1597 324
1597 926
1597 1826
1598 2183
1599 473
1599 2116
1599 2765
1599 3015
1600 71
1600 1657
1601 585
1601 2667
1605 1085
1606 1076
1606 2293
1607 181
1610 723
1611 2442
1612 201
1612 1152
1612 2571
1613 705
1613 2042
1615 1567
1616 918
1616 2926
1617 1130
1617 1321
1617 2797
1619 2887
1620 291
1621 1971
1621 2010
1622 2211
1623 52
1627 752
1627 1890
1627 1918
1628 1167
1628 2721
1629 2207
1630 1520
1630 2228
1633 2372
1634 968
1634 1243
1634 1796
1634 2287
1636 1045
1637 1059
1638 1888
1638 2769
1639 555
1639 997
1641 1856
1642 2871
1643 1407
1643 2656
1643 3050
1644 568
1645 3173
1646 2206
1647 205
1647 802
1648 1952
1650 1140
1650 3207
1652 2947
1653 1549
1653 2479
1655 142
1656 2072
1656 2642
1658 2785
1660 2372
1660 2590
1661 728
1661 2574
1663 1556
1663 1855
1664 434
1664 521
1664 2683
1666 675
1667 2586
1669 2240
1669 2298
1670 1125
1671 456
1671 1395
1671 1975
1671 2862
1673 154
1673 285
1673 837
1674 1366
1675 1419
1680 367
1681 382
1681 1525
1682 1227
1682 1677
1682 2086
1683 2828
1684 2309
1685 334
1685 2784
1685 2794
1686 1456
1688 1535
1688 2428
1689 2527
1691 1523
1691 1835
1692 1739
1693 2024
1694 122
1696 2300
1697 581
1697 769
1698 1955
1699 897
1699 2245
1699 2882
1701 1575
1701 2383
1703 158
1703 591
1705 2625
1707 2480
1708 2364
1708 3121
1709 1053
1710 1560
1713 935
1713 2041
1714 1661
1715 112
1716 2114
1716 2775
1717 2031
1719 983
1719 2507
1720 1197
1721 285
1726 2246
1726 2575
1728 2684
1730 951
1730 1544
1730 3127
1732 1757
1733 674
1733 2271
1735 1264
1735 2817
1736 1213
1736 1812
1737 2332
1737 2633
1738 2530
1743 1062
1743 1114
1743 1872
1744 72
1744 1660
1744 2624
1746 1176
1746 1294
1747 2265
1748 877
1748 3087
1750 1337
1750 1844
1750 2294
1751 1764
1751 3059
1752 1497
1753 1593
1754 1338
1755 1698
1755 2477
1756 218
1757 88
1757 692
1758 3093
1760 2487
1760 2488
1761 1804
1761 2492
1761 3094
1763 530
1764 465
1764 503
1765 654
1766 319
1766 980
1766 1817
1766 3177
1767 2307
1768 688
1768 1761
1770 2086
1771 872
1772 1077
1772 1232
1772 2999
1774 2
1774 2723
1775 320
1776 2066
1777 1736
1777 1824
1778 1406
1779 644
1780 822
1785 648
1786 1684
1787 2720
1788 664
1788 1503
1790 1283
1790 3139
1791 1023
1791 1487
1792 311
1792 1192
1792 2505
1793 502
1793 948
1794 995
1794 1682
1794 1762
1794 2484
1795 780
1796 622
1797 11
1797 2779
1798 787
1800 1275
1800 1522
1800 2036
1802 698
1802 712
1802 920
1804 2044
1805 919
1806 1290
1807 1285
1808 654
1808 1193
1808 1902
1808 2480
1810 239
1810 1279
1810 1896
1810 2294
1810 2843
1811 1660
1812 874
1812 1050
1812 1890
1813 2059
1814 2615
1815 325
1815 1927
1815 2565
1816 774
1817 2111
1818 2300
1818 2590
1818 2862
1819 760
1819 891
1819 1191
1820 1701
1821 3218
1822 2125
1823 1435
1825 328
1825 747
1825 1157
1825 1348
1825 1660
1825 2135
1826 2677
1827 2357
1827 2674
1827 2993
1828 1450
1828 2993
1830 2737
1831 1059
1831 1748
1839 258
1840 2869
1841 897
1841 3164
1842 2695
1843 2643
1844 2758
1845 1014
1845 1232
1846 1349
1846 1965
1848 59
1848 1274
1848 2312
1849 1264
1850 1513
1850 2899
1852 2946
1853 309
1853 3097
1856 224
1856 1747
1856 2455
1859 1665
1859 2241
1860 1008
1860 2948
1861 1659
1865 2998
1867 2790
1868 2670
1871 3079
1873 796
1874 2206
1876 2909
1877 187
1877 1608
1879 1157
1879 1490
1879 1806
1881 479
1882 415
1882 2865
1883 1299
1884 383
1884 1608
1885 2214
1886 2315
1888 119
1888 1482
1890 959
1890 1871
1890 2534
1891 3037
1893 2200
1894 536
1895 2561
1896 3021
1897 546
1897 3117
1898 658
1898 2527
1898 2921
1899 730
1899 892
1900 650
1901 1252
1901 2919
1902 262
1902 2347
1902 2756
1903 2382
1903 3174
1904 121
1905 376
1905 1001
1905 2464
1906 243
1906 2407
1907 1222
1907 1856
1908 1386
1909 1610
1909 3077
1910 1433
1910 1581
1910 2710
1912 371
1912 776
1913 1071
1913 2977
1914 639
1914 907
1915 188
1915 237
1915 897
1917 1053
1917 1722
1917 2870
1918 874
1919 1435
1919 1749
1919 1996
1919 2173
1920 960
1921 2179
1921 2372
1921 2480
1921 2559
1922 1704
1922 1851
1922 3164
1923 52
1924 383
1924 2426
1931 776
1931 2552
1933 79
1934 1104
1934 1759
1934 2886
1935 1044
1935 1612
1935 1961
1935 2870
1937 398
1937 678
1938 222
1940 2087
1941 1681
1941 2330
1942 1175
1942 1676
1942 2602
1944 2624
1947 380
1947 695
1949 569
1949 2740
1949 2890
1950 944
1950 2842
1950 3139
1951 1996
1951 2056
1952 1573
1953 1203
1953 1372
1953 1451
1954 1255
1954 1301
1954 2461
1954 2643
1955 22
1956 2756
1957 310
1957 2107
1958 900
1959 2916
1959 2966
1960 1189
1961 857
1961 1506
1962 311
1962 3178
1962 3218
1963 1167
1963 1752
1963 3065
1964 507
1965 1146
1965 1556
1965 2473
1966 1847
1967 889
1967 1831
1969 1889
1971 819
1971 959
1971 1565
1971 2221
1972 2361
1973 26
1973 979
1973 1342
1973 1868
1974 2113
1976 1034
1976 2633
1977 204
1978 976
1978 1446
1978 3048
1979 216
1979 508
1979 2628
1980 528
1980 1935
1981 2209
1982 1777
1983 1823
1984 2958
1985 131
1985 275
1985 1388
1986 127
1986 249
1986 2282
1987 476
1987 723
1987 2535
1988 3205
1989 181
1990 244
1991 2189
1992 2260
1992 2346
1993 1897
1993 2354
1994 698
1994 1493
1995 348
1996 1676
1996 2248
1998 121
1998 1296
1998 1299
2000 464
2000 2755
2001 610
2002 150
2003 372
2003 2123
2004 299
2004 839
2006 708
2006 815
2006 1780
2007 308
2008 1839
2009 278
2009 286
2010 2012
2011 276
2011 717
2013 2161
2015 325
2015 833
2015 1482
2016 346
2016 956
2018 1417
2019 2383
2019 2452
2020 69
2024 411
2024 1119
2024 2639
2025 910
2025 1343
2025 1825
2028 2787
2029 2980
2031 367
2031 1354
2032 363
2032 1611
2032 2766
2034 2884
2035 3049
2037 1708
2038 85
2038 222
2038 860
2039 955
2039 1509
2039 2750
2040 968
2042 2716
2043 618
2043 808
2044 191
2046 1461
2046 2718
2047 701
2047 3077
2049 1394
2049 3025
2050 617
2050 2775
2051 120
2051 1119
2051 1685
2051 1968
2051 3186
2053 2129
2054 9
2054 709
2054 1909
2056 618
2056 885
2056 2269
2057 725
2058 1658
2059 79
2059 225
2060 85
2060 835
2061 6
2061 350
2062 1849
2063 1743
2067 20
2070 2064
2071 1741
2073 2240
2074 2546
2074 3060
2075 1282
2075 1309
2075 1650
2075 3104
2076 121
2077 916
2078 908
2078 1036
2078 1950
2080 546
2081 3105
2081 3107
2082 455
2082 969
2082 2263
2082 2874
2083 185
2083 516
2083 1695
2083 3149
2084 1573
2084 2432
2086 1523
2087 2416
2088 1693
2089 1464
2089 1710
2091 95
2091 281
2091 1693
2092 2942
2093 548
2094 1813
2095 393
2095 436
2095 1506
2095 3102
2096 2877
2096 2900
2097 28
2097 1122
2100 250
2100 394
2101 41
2101 913
2103 81
2103 1562
2104 1071
2105 1201
2106 191
2106 2239
2107 553
2107 3151
2110 496
2112 1822
2112 2067
2113 761
2113 774
2113 2559
2114 2954
2115 2761
2116 2652
2117 322
2119 1616
2121 653
2121 2466
2121 2843
2121 3170
2125 2248
2126 347
2126 1693
2127 22
2127 1331
2127 2403
2127 2569
2127 3111
2128 546
2129 610
2129 1678
2132 396
2132 1406
2133 1668
2133 2576
2134 413
2134 937
2134 2636
2137 2430
2137 2582
2138 822
2140 521
2141 2952
2142 2340
2143 2254
2145 2470
2147 749
2149 1200
2150 2189
2151 545
2151 1567
2152 647
2152 1125
2152 2112
2152 2347
2153 1615
2154 569
2154 783
2155 537
2156 2103
2157 1418
2157 1582
2158 62
2160 562
2163 1325
2165 870
2165 1366
2167 887
2168 739
2168 867
2169 2032
2171 449
2172 755
2172 2075
2173 2412
2174 1988
2174 2262
2175 611
2176 214
2176 2547
2177 500
2177 1653
2177 1667
2177 2346
2177 2820
2178 607
2178 2014
2179 932
2179 2261
2179 2786
2179 2953
2180 2519
2181 1837
2181 3193
2182 833
2182 895
2182 3035
2182 3106
2183 1869
2185 1065
2186 573
2186 1601
2187 599
2187 1393
2187 2999
2188 2460
2189 1703
2190 1506
2192 534
2192 2016
2193 821
2193 2232
2194 2015
2195 173
2195 3041
2197 2863
2198 920
2199 3009
2200 488
2201 2343
2202 1208
2202 1887
2202 2628
2204 275
2204 927
2205 2032
2206 2318
2206 3156
2208 3005
2208 3152
2209 1615
2211 221
2213 1161
2213 1782
2216 1293
2216 2007
2221 2862
2222 603
2223 332
2223 1078
2225 2478
2226 408
2229 3120
2230 2709
2230 3150
2231 1646
2233 431
2233 2970
2234 127
2234 465
2236 60
2236 2971
2237 1829
2237 3171
2238 1421
2238 2235
2239 1356
2241 1837
2245 60
2245 787
2246 300
2246 1105
2246 2216
2247 713
2248 391
2248 1797
2249 898
2249 2246
2249 2970
2250 2415
2251 701
2252 1226
2252 2971
2253 1554
2253 2162
2254 3017
2257 1188
2258 286
2259 1599
2260 2697
2262 1925
2263 2018
2263 2887
2263 2962
2264 1810
2264 2738
2265 2129
2265 3075
2268 3082
2269 638
2269 1050
2269 2045
2270 2542
2272 545
2274 186
2276 625
2276 1384
2277 437
2280 120
2280 138
2280 2553
2281 1831
2281 1936
2281 2587
2281 2810
2282 97
2282 704
2282 1265
2284 3105
2286 1681
2287 2968
2288 476
2288 946
2289 2153
2290 1716
2291 190
2291 955
2291 2362
2292 1068
2293 677
2293 2307
2294 213
2294 2232
2295 723
2297 3217
2298 2133
2298 2637
2299 293
2299 1244
2299 2925
2300 639
2301 1718
2302 997
2302 1628
2302 2927
2303 2313
2305 2065
2305 2368
2306 1355
2306 2659
2307 694
2307 1334
2307 2282
2308 2707
2308 3187
2309 173
2312 1191
2313 588
2313 1233
2314 175
2317 1444
2318 3131
2319 699
2320 895
2322 2033
2323 1856
2323 2092
2324 1822
2324 3074
2325 1039
2325 2840
2328 2130
2330 3023
2331 381
2331 1427
2332 121
2332 326
2333 1744
2335 1430
2337 1740
2337 3000
2338 3010
2339 2583
2341 1746
2341 1786
2342 1177
2343 213
2343 1847
2344 270
2344 576
2344 2673
2344 2674
2345 225
2345 1965
2346 2324
2346 2979
2348 112
2349 1128
2349 2358
2349 2431
2350 461
2350 990
2350 1828
2350 2533
2352 39
2352 451
2353 306
2353 1846
2354 1818
2355 1113
2355 1400
2357 298
2357 1236
2357 3197
2358 286
2359 1370
2360 604
2360 1778
2361 1301
2361 2506
2362 45
2362 682
2363 806
2363 1647
2363 3025
2364 1636
2364 3190
2366 2042
2366 2644
2367 808
2367 1929
2367 2231
2368 6
2368 706
2368 2138
2368 2923
2369 74
2370 2415
2372 1454
2372 2473
2375 1437
2377 159
2377 981
2379 828
2380 49
2380 1966
2382 70
2382 1969
2382 2124
2383 273
2383 931
2383 1700
2383 2114
2383 2760
2385 220
2385 2601
2387 189
2387 2532
2387 2633
2388 2408
2388 2954
2390 1706
2390 2064
2393 297
2393 1376
2393 1706
2393 1910
2395 1017
2395 1632
2396 1291
2396 1349
2397 1054
2398 1136
2400 2282
2401 2235
2401 2291
2402 1710
2403 2267
2403 3216
2404 731
2404 837
2404 2436
2405 3039
2407 107
2407 276
2411 2032
2411 2831
2412 319
2412 670
2412 1849
2412 2240
2415 1449
2417 1298
2417 1356
2418 755
2418 1569
2418 2753
2419 327
2420 1546
2421 1670
2422 975
2422 2988
2423 28
2423 158
2424 124
2424 945
2424 1047
2424 1258
2424 2696
2424 3041
2425 1276
2426 1750
2427 1732
2429 2215
2431 631
2431 670
2433 810
2434 1525
2435 819
2436 1178
2436 2904
2437 2245
2438 322
2438 928
2439 746
2439 1648
2440 2417
2442 1332
2442 2792
2443 369
2446 2080
2446 2290
2448 1646
2448 1906
2450 2049
2451 206
2452 475
2452 2705
2453 97
2453 1179
2453 1577
2453 2011
2455 350
2455 1531
2455 1686
2456 1236
2456 3160
2457 1406
2457 1811
2458 135
2458 2065
2458 2991
2460 1541
2461 1707
2462 1408
2463 1453
2464 1208
2464 2232
2464 2501
2464 3007
2466 954
2467 2124
2467 2922
2468 2402
2469 2671
2470 567
2472 2196
2472 2332
2472 2615
2473 1468
2473 2446
2475 1273
2476 515
2476 1343
2476 2535
2478 439
2479 814
2480 519
2481 2150
2483 3059
2484 1775
2486 853
2486 2531
2487 2497
2488 531
2489 929
2490 2390
2491 1688
2491 1911
2492 2477
2493 1630
2495 2221
2496 1642
2497 1907
2498 1929
2498 2600
2500 1805
2500 3043
2501 633
2502 1722
2503 1716
2503 2901
2505 703
2506 2147
2506 3190
2507 839
2511 1297
2512 879
2512 2366
2513 155
2513 419
2513 1385
2513 1502
2514 2228
2515 1053
2515 1333
2515 2403
2516 860
2516 2105
2517 1666
2517 2267
2519 1977
2519 2320
2522 1988
2523 48
2524 1439
2525 2477
2525 2752
2526 1746
2526 2972
2530 1284
2530 1988
2530 2658
2531 2388
2532 2057
2532 2286
2532 2730
2535 1800
2536 193
2536 576
2536 664
2537 543
2539 660
2539 1467
2540 1240
2542 2032
2542 2585
2543 605
2545 1342
2546 6
2547 344
2547 1438
2548 2494
2548 2940
2549 1578
2552 2240
2552 2542
2553 1802
2553 3093
2555 654
2555 2802
2555 3077
2556 570
2556 1907
2556 2187
2557 251
2558 745
2558 896
2558 1078
2558 2171
2559 1484
2562 2195
2563 1941
2567 1232
2567 3076
2568 1259
2568 2054
2569 389
2570 5
2570 1079
2570 1462
2570 3083
2575 265
2575 390
2575 1579
2576 1700
2576 2789
2577 501
2577 1629
2578 764
2578 2716
2579 229
2579 534
2579 1276
2580 2010
2581 2809
2582 666
2584 1365
2585 1491
2585 2278
2586 1186
2586 2018
2587 2256
2588 289
2588 515
2589 2154
2590 1342
2590 3157
2591 1001
2591 2243
2592 751
2592 2333
2592 3139
2593 1560
2593 1609
2593 2466
2593 2603
2594 1206
2594 1483
2595 1301
2595 2167
2596 2848
2597 1531
2597 2851
2598 477
2599 650
2600 52
2601 917
2604 561
2604 1890
2605 1586
2606 1097
2606 1930
2607 291
2607 2697
2607 2848
2608 587
2608 644
2609 1646
2609 3083
2613 262
2613 2848
2614 123
2615 692
2615 1682
2615 1777
2617 440
2618 2116
2620 796
2620 927
2620 2302
2622 2447
2623 989
2624 7
2625 1451
2625 2802
2627 235
2628 180
2628 553
2628 694
2628 789
2630 634
2630 684
2630 1604
2631 3012
2632 2559
2632 2928
2633 2074
2634 2408
2634 2487
2634 2778
2635 912
2635 1610
2635 2452
2637 2026
2638 426
2639 86
2641 2925
2642 292
2642 2250
2643 1450
2645 1097
2645 2611
2646 209
2646 1615
2647 932
2647 1856
2652 1517
2658 1300
2658 2026
2659 2932
2659 3098
2662 1804
2662 1820
2662 2182
2663 564
2663 2476
2666 1286
2670 2133
2671 3088
2673 1071
2673 3010
2674 1248
2674 2327
2675 1949
2676 1077
2677 1142
2677 1382
2677 1907
2678 2384
2680 30
2681 798
2681 1862
2681 2238
2682 1792
2682 2628
2683 3127
2684 1393
2684 3044
2685 1218
2686 880
2686 1234
2686 2461
2687 479
2689 237
2689 253
2689 415
2689 2032
2689 2840
2690 2695
2691 687
2693 3139
2694 3085
2695 2334
2696 1161
2696 2152
2696 2613
2696 2910
2697 1581
2697 2349
2698 1508
2698 3138
2699 249
2700 109
2700 914
2700 1542
2702 680
2703 2108
2705 1993
2708 58
2708 1333
2708 1772
2708 2994
2709 229
2709 1094
2709 1179
2709 2083
2709 2471
2710 647
2711 1235
2712 743
2712 1141
2712 1308
2712 2173
2712 2393
2714 1876
2716 961
2717 2101
2717 3204
2718 493
2718 1312
2718 3172
2719 2066
2719 2554
2719 2579
2721 13
2722 44
2722 1381
2723 2926
2723 3045
2724 1920
2726 2930
2727 2766
2729 923
2729 1189
2729 1701
2729 1769
2731 1417
2733 307
2733 308
2735 443
2737 54
2738 280
2738 2703
2740 1846
2740 2435
2741 1342
2744 803
2744 1467
2744 2875
2748 1083
2749 39
2749 52
2749 1491
2749 3191
2752 814
2753 1795
2754 566
2754 849
2754 1831
2754 2098
2755 2360
2755 2757
2755 2989
2757 3098
2760 397
2761 57
2761 252
2761 1096
2761 1772
2763 1092
2764 735
2764 884
2764 1923
2765 1488
2765 2986
2766 465
2766 1822
2767 3074
2768 2754
2768 2917
2769 716
2769 1311
2770 196
2770 375
2771 714
2771 1136
2771 2275
2772 764
2772 2451
2774 75
2775 3057
2776 329
2776 2132
2776 2830
2777 554
2777 1295
2777 3078
2778 663
2780 1708
2780 2168
2781 1763
2782 726
2782 3183
2783 3189
2784 328
2784 3170
2786 2288
2787 3142
2788 69
2789 575
2790 1327
2792 917
2793 838
2793 3209
2794 1631
2795 2966
2797 522
2798 1276
2798 3034
2800 1788
2801 533
2801 2661
2802 1552
2803 741
2805 1298
2805 1623
2807 1238
2811 798
2811 1602
2811 2844
2812 2103
2813 2315
2813 2497
2816 1092
2816 1627
2816 2651
2817 1099
2817 1999
2817 2808
2817 2810
2819 1851
2819 2090
2820 3192
2821 1914
2821 2824
2821 2856
2822 1197
2825 31
2826 1189
2826 2636
2827 1596
2827 1748
2829 2656
2830 2161
2830 2386
2833 2259
2833 3021
2834 170
2834 3015
2834 3185
2835 2806
2836 2788
2837 2977
2838 68
2838 1786
2839 1052
2839 1361
2840 592
2841 2103
2842 2195
2842 2805
2843 2853
2845 68
2845 276
2845 448
2845 1693
2845 1908
2845 3164
2848 849
2848 1777
2849 2089
2850 1028
2850 2774
2852 2349
2852 2572
2852 3130
2853 853
2853 1236
2853 3022
2854 18
2854 2190
2855 637
2855 684
2856 3108
2857 414
2857 797
2859 241
2859 703
2859 2616
2861 47
2861 84
2862 1693
2862 1798
2862 2043
2863 1339
2864 1616
2865 856
2865 2519
2865 3004
2866 763
2866 2875
2869 1875
2869 2324
2876 1611
2876 2919
2877 157
2877 2456
2878 203
2878 1298
2879 609
2879 2019
2881 316
2881 2057
2881 2480
2883 463
2883 1292
2884 686
2884 1387
2884 2123
2887 3158
2888 1688
2889 1832
2889 2388
2889 2708
2890 1951
2891 840
2892 983
2892 1443
2892 2626
2893 2362
2893 2935
2894 149
2894 294
2896 2451
2901 1171
2903 1775
2903 2800
2905 834
2905 1807
2905 1890
2910 762
2910 2270
2910 3149
2913 1571
2913 2380
2913 2781
2915 2783
2916 2990
2917 807
2917 1071
2917 1730
2918 3210
2919 764
2919 1441
2919 2963
2920 1646
2920 2232
2921 1053
2921 1843
2922 2429
2924 1544
2925 223
2925 1625
2925 2446
2926 1065
2928 1710
2930 2921
2930 3076
2931 495
2931 1515
2932 2190
2932 2751
2933 83
2934 2880
2935 39
2935 1627
2936 351
2937 2097
2937 2187
2938 509
2938 1372
2939 2783
2940 408
2943 1411
2943 1686
2943 2251
2945 230
2945 571
2947 926
2948 38
2951 96
2951 332
2951 356
2951 1427
2952 125
2952 1015
2952 2689
2952 3167
2953 203
2954 1558
2954 2579
2956 1226
2956 2466
2956 2648
2956 2897
2957 1423
2957 3089
2958 2515
2960 334
2961 1089
2961 1239
2962 1861
2963 603
2966 2725
2967 502
2967 629
2968 1912
2970 148
2970 369
2970 381
2970 760
2970 1770
2970 2375
2971 1276
2971 1301
2976 151
2976 860
2976 1209
2977 224
2977 385
2977 1321
2978 1394
2978 2092
2979 2315
2980 1829
2980 2940
2981 678
2981 3048
2983 2539
2984 1853
2984 2842
2985 1899
2987 1867
2988 329
2988 1431
2988 2586
2989 1482
2989 1901
2990 1034
2990 1770
2990 2410
2991 214
2992 2274
2992 2479
2993 508
2993 2942
2994 1533
2996 1146
2997 350
2997 3098
2998 3207
2999 1741
2999 1969
2999 2232
3000 3078
3001 1095
3003 389
3003 704
3003 1127
3004 1044
3004 2992
3005 2552
3007 309
3009 1548
3010 193
3014 504
3014 806
3016 512
3019 1357
3019 2054
3022 2520
3024 2599
3025 2930
3025 3146
3026 3100
3027 127
3030 1227
3031 733
3031 2141
3031 3105
3032 300
3033 1085
3033 1130
3033 2602
3034 334
3035 2369
3036 1212
3036 1232
3037 1509
3037 1778
3038 1964
3039 1160
3041 1931
3041 2597
3043 2510
3043 2642
3044 2746
3045 674
3046 238
3046 315
3046 646
3046 2117
3047 1254
3047 1961
3047 2015
3048 1845
3049 70
3050 949
3050 1488
3050 2699
3051 55
3051 76
3051 103
3051 251
3052 86
3052 690
3052 1693
3053 537
3053 3113
3054 1623
3055 1005
3058 366
3058 602
3059 3137
3060 2323
3063 1388
3063 1401
3063 1428
3064 715
3064 1323
3064 1326
3064 2162
3067 415
3067 484
3067 912
3067 1166
3067 2289
3068 722
3068 1521
3069 1836
3069 2799
3071 1630
3072 2292
3075 2933
3076 460
3076 1127
3076 1779
3076 2345
3078 83
3078 873
3078 1566
3079 1792
3079 2170
3080 839
3080 1939
3081 932
3082 1322
3083 1182
3083 1664
3083 2434
3083 2755
3084 2190
3085 176
3085 1408
3086 904
3086 1850
3087 374
3087 383
3087 1095
3087 1543
3088 1058
3088 1416
3090 628
3091 377
3091 2256
3092 1970
3092 2125
3092 3084
3093 420
3093 1626
3094 2731
3095 1197
3095 1599
3096 389
3096 1755
3097 1501
3098 1152
3099 960
3101 663
3102 2631
3103 1279
3103 2162
3104 2977
3105 1978
3106 2120
3108 1180
3108 1280
3109 2082
3109 2584
3110 1051
3112 1217
3113 1596
3113 2041
3113 2308
3116 1015
3116 3008
3117 218
3117 463
3117 3165
3118 3193
3119 362
3119 658
3120 2618
3121 2710
3121 2762
3121 3039
3122 2356
3123 447
3124 792
3125 2366
3126 1390
3126 2493
3127 1516
3128 810
3128 846
3128 2540
3130 110
3131 27
3131 735
3131 2886
3132 1475
3134 2870
3134 2990
3135 291
3136 305
3136 1087
3136 3040
3137 342
3137 1163
3137 2749
3138 1025
3138 2117
3138 2120
3139 1407
3139 2599
3140 1529
3140 1573
3143 1152
3143 2420
3143 2715
3144 1066
3144 2915
3145 1882
3146 955
3146 1875
3146 1960
3149 2388
3149 2970
3151 1816
3153 1462
3154 313
3155 456
3155 869
3155 1317
3155 2191
3156 1519
3156 2168
3157 3169
3158 580
3158 1035
3158 1651
3158 1733
3159 1750
3159 2960
3160 996
3161 2071
3162 2488
3165 1464
3166 375
3167 535
3168 3214
3169 674
3170 442
3170 1484
3170 2259
3170 2982
3171 652
3172 435
3173 1400
3173 2520
3173 3169
3175 188
3175 1298
3176 51
3176 2247
3176 2826
3178 911
3179 1173
3180 756
3181 1828
3182 1603
3182 2463
3183 1183
3183 3054
3183 3193
3184 1472
3186 224
3186 814
3187 2097
3187 2659
3187 2990
3188 52
3188 1502
3191 452
3192 1084
3193 1463
3193 2504
3195 1761
3197 2116
3197 2437
3197 2803
3200 1389
3202 2292
3204 3063
3205 1746
3206 537
3206 1638
3209 101
3209 2852
3211 549
3213 1063
3214 2921
3215 1862
3216 88
3216 343
3216 2693
3216 3032
3218 1497
3218 1926
3218 2037
3218 2877
3221 160
3221 1202
3221 1681
3222 842
3224 77
3225 758
3226 801
3227 1825
3227 2947
3229 726
3229 949
3229 2267
3231 949
3232 524
3232 2019
3234 88
3234 241
3236 478
3236 632
3236 1789
3236 2277
3237 2552
3238 1020
3240 1016
3241 847
3241 1071
3241 2436
3241 2761
3242 395
3242 1017
3243 454
3244 244
3244 1424
3244 1596
3245 97
3246 475
3246 1446
3247 544
3247 2479
3248 1094
3248 1426
3248 2180
3248 2253
3248 3136
3249 832
3249 1660
3250 1898
3250 2461
3253 932
3253 1964
3256 2370
3257 381
3259 146
3259 1704
3260 853
3260 1826
3260 3208
3261 2392
3263 1975
3263 2236
3265 1281
3266 150
3267 335
3267 1096
3267 1499
3267 2021
3267 2354
3267 3188
3268 591
3270 458
3271 189
3271 793
3273 512
3274 1091
3274 2283
3275 1753
3277 927
3277 2277
3277 3062
3281 460
3282 233
3282 993
3282 1309
3283 3060
3284 1013
3285 988
3286 392
3286 3004
3287 1027
3287 2158
3287 2568
3288 1271
3289 2031
3290 818
3291 2926
3292 25
3292 753
3295 493
3295 689
3295 1381
3296 48
3298 2196
3299 1991
3300 1353
3300 2709
3300 2749
3301 209
3302 366
3302 548
3304 230
3304 580
3304 2749
3305 984
3305 2907
3308 202
3308 322
3308 827
3308 2486
3308 2594
3308 3121
3309 2825
3309 3122
3310 22
3310 33
3310 348
3310 784
3311 2003
3311 2412
3311 2419
3312 2857
3313 1035
3315 635
3315 649
3316 2942
3319 1256
3320 1470
3320 2216
3321 1616
3322 2369
3323 2782
3324 521
3324 1916
3325 552
3326 488
3326 1422
3327 51
3327 323
3327 2229
3327 3042
3328 2440
3331 1772
3333 898
3333 2795
3334 1059
3334 1666
3334 1675
3334 2312
3336 1165
3336 2972
3337 980
3338 1703
3338 2678
3340 1545
3341 2237
3342 618
3342 2966
3343 946
3344 1430
3344 2957
3346 878
3346 1442
3347 316
3347 2251
3348 3116
3350 2486
3351 1357
3351 1599
3351 2366
3351 2643
3351 3010
3352 1519
3352 2885
3352 2957
3354 899
3354 2141
3357 2851
3358 523
3358 1580
3359 3031
3362 1883
3364 65
3364 1108
3364 1145
3365 2923
3366 563
3367 2575
3368 738
3369 1131
3369 2160
3369 2305
3370 1222
3374 314
3374 2826
3375 2153
3375 2215
3376 1250
3377 1342
3377 2562
3379 993
3379 2989
3380 214
3380 2437
3381 546
3382 576
3382 1419
3382 2564
3383 273
3383 2097
3384 744
3387 793
3387 1187
3387 2169
3389 584
3389 2108
3390 1757
3390 2427
3392 2503
3394 1581
3394 1923
3394 3134
3396 1829
3397 2504
3397 2554
3397 2869
3398 1220
3398 1684
3398 2056
3398 2289
3401 43
3401 3076
3402 765
3402 1795
3402 2249
3403 2141
3403 2455
3403 2834
3405 1621
3406 2487
3407 430
3408 136
3408 1502
3409 1343
3409 2852
3410 527
3412 1006
3413 43
3414 2015
3415 18
3415 344
3415 2294
3416 2568
3417 605
3419 1595
3419 3136
3421 277
3421 2067
3421 3182
3423 85
3423 1912
3424 454
3424 1247
3424 2662
3424 2767
3425 797
3426 1557
3427 1210
3427 2424
3428 2291
3428 2364
3429 863
3429 2009
3430 2101
3432 2066
3433 188
3433 2482
3434 415
3434 2533
3434 2758
3434 3096
3434 3191
3435 682
3435 2180
3439 222
3439 412
3439 1921
3439 2173
3439 2243
3440 303
3441 101
3441 1508
3441 2010
3441 2889
3442 2509
3442 2977
3442 3081
3443 996
3443 1762
3444 22
3444 1219
3446 789
3447 294
3447 1444
3447 2374
3448 1136
3450 1463
3451 1824
3452 596
3453 126
3453 159
3457 1023
3457 3039
3458 1429
3459 2881
3460 506
3460 922
3461 2075
3462 1328
3463 1789
3463 2186
3464 1690
3465 511
3466 1262
3467 764
3467 2167
3467 2182
3468 2824
3469 2148
3471 2249
3472 2565
3474 1260
3475 1738
3476 58
3477 221
3478 14
3478 312
3478 2077
3479 178
3479 2815
3480 278
3480 1954
3480 2178
3480 3131
3481 1680
3481 2895
3481 2990
3482 18
3482 1209
3483 1689
3485 528
3485 2476
3486 2082
3487 2574
3488 1260
3488 1338
3488 1377
3489 1757
3490 567
3495 1280
3495 2438
3496 1529
3496 1530
3496 3024
3498 1091
3498 1798
3498 1895
3499 1934
3502 34
3503 823
3504 197
3506 2269
3507 1072
3507 2002
3508 1234
3508 2813
3509 2478
3509 2509
3509 2891
3509 3092
3511 1732
3512 1050
3513 155
3514 822
3514 2033
3515 1908
3517 1457
3519 447
3519 1273
3520 2407
3520 2540
3521 1036
3521 2601
3521 3044
3521 3145
3524 1450
3525 1767
3525 1910
3525 2838
3526 1829
3526 2475
3526 3177
3527 1691
3527 2873
3528 1477
3528 1699
3529 808
3529 892
3530 829
3532 585
3532 1578
3535 1588
3535 2531
3537 848
3537 1838
3537 2665
3539 149
3540 2168
3540 2267
3543 1258
3543 2192
3544 3087
3546 2416
3546 3130
3548 57
3549 294
3549 1259
3551 819
3551 2242
3553 1185
3553 2238
3554 636
3554 1918
3554 2886
3555 1463
3556 1852
3556 2075
3558 2222
3559 643
3559 1113
3560 1924
3560 2771
3561 1430
3561 2632
3561 2914
3562 42
3562 2895
3563 1652
3566 982
3566 1281
3566 2330
3567 1184
3567 2190
3568 627
3569 287
3569 2257
3570 3206
3571 360
3571 1035
3572 555
3572 817
3572 1611
3573 1122
3574 2583
3575 267
3575 1033
3575 1169
3576 354
3577 2039
3577 2746
3577 2875
3578 1692
3578 2318
3579 743
3580 1196
3582 176
3583 2376
3586 1931
3587 92
3587 1661
3587 2186
3588 1554
3588 1691
3589 2107
3589 2624
3589 3006
3591 46
3591 903
3591 1566
3591 1912
3595 1161
3597 449
3598 3042
3601 959
3603 2568
3606 2130
3606 2800
3607 2835
3608 200
3609 379
3609 600
3610 134
3610 2876
3611 464
3611 695
3611 1367
3611 1465
3611 1939
3611 3049
3612 1272
3616 594
3617 2130
3617 2153
3618 2169
3619 552
3619 2518
3619 3028
3620 1707
3621 1967
3621 2701
3622 631
3622 716
3622 3120
3625 1274
3626 449
3626 2444
3627 7
3627 2920
3627 3088
3629 1604
3629 1885
3631 798
3631 2824
3631 2891
3632 567
3632 898
3632 2533
3633 416
3633 633
3633 2542
3634 328
3634 2774
3635 1042
3636 874
3640 2503
3640 3138
3641 363
3642 2771
3643 2938
3643 3048
3644 2496
3644 2515
3646 2012
3647 2554
3648 867
3648 1046
3649 1948
3650 1381
3651 2222
3657 642
3657 1047
3657 1287
3658 433
3658 1475
3658 1704
3658 1804
3658 2652
3659 1834
3659 2026
3660 33
3660 57
3660 1753
3660 2017
3662 832
3663 2866
3664 3132
3664 3216
3665 1657
3666 1752
3667 2681
3668 323
3668 1408
3670 855
3670 3216
3671 905
3671 1748
3673 2177
3674 2484
3676 3033
3678 1066
3678 2269
3680 3054
3681 359
3681 744
3682 1171
3682 2796
3683 181
3683 612
3683 788
3683 2123
3685 2813
3687 1065
3687 1517
3687 2957
3688 1942
3689 392
3689 1061
3689 1325
3689 1380
3690 985
3690 1375
3690 2688
3692 456
3692 1248
3692 1521
3693 279
3693 2983
3693 3079
3694 3111
3698 690
3699 1404
3699 2382
3699 2514
3700 1692
3701 556
3703 576
3703 801
3704 91
3704 625
3704 1082
3705 2086
3706 2889
3707 238
3707 1736
3707 1883
3708 2424
3709 2271
3709 3109
3711 2222
3712 1195
3712 2450
3713 2118
3713 2340
3713 3143
3714 2034
3715 1074
3716 1061
3717 1025
3717 2843
3718 2837
3719 1125
3722 2786
3723 2747
3724 3018
3725 1154
3725 2590
3725 3032
3727 1590
3727 2351
3728 1253
3728 1368
3728 1790
3729 18
3732 2422
3734 1211
3735 627
3735 1775
3736 1199
3738 1337
3739 896
3739 2259
3740 1131
3741 390
3741 1342
3741 1413
3741 3146
3742 656
3743 926
3744 2137
3745 2106
3746 997
3746 2122
3747 560
3747 1110
3747 1546
3748 3092
3749 985
3751 3217
3752 2266
3753 441
3753 893
3754 1145
3754 1309
3755 2973
3756 1613
3756 1960
3756 2247
3757 364
3758 806
3758 1110
3758 2968
3759 1475
3759 1612
3760 3006
3761 519
3761 1062
3762 3184
3763 287
3763 1224
3763 1980
3765 338
3766 99
3767 439
3768 263
3768 968
3769 2686
3770 821
3772 2793
3774 1548
3775 1580
3776 2790
3777 143
3777 887
3777 2286
3778 1417
3778 2212
3778 2766
3779 1306
3781 1736
3781 1802
3781 2781
3781 2813
3782 1279
3782 2349
3783 2974
3785 184
3785 2230
3785 2750
3786 1596
3788 141
3788 365
3788 597
3788 1654
3790 682
3790 1082
3790 1916
3790 2483
3791 3162
3793 2200
3793 2734
3793 3143
3794 924
3795 1910
3796 261
3797 2026
3798 1532
3800 802
3801 1511
3802 674
3802 1254
3804 352
3804 2740
3805 1255
3806 2520
3808 712
3809 3032
3810 779
3810 785
3810 1366
3810 2273
3811 639
3812 65
3812 937
3812 1088
3814 2241
3815 52
3815 252
3815 847
3815 939
3817 679
3817 1679
3819 2531
3820 1461
3821 950
3821 2140
3822 689
3824 2827
3825 845
3825 1135
3825 1947
3825 3198
3827 684
3827 1448
3827 1774
3828 249
3828 2521
3828 2584
3830 243
3830 1039
3833 2410
3833 2543
3835 2901
3837 411
3837 1855
3838 1413
3838 1493
3839 1642
3839 2536
3840 1898
3841 924
3841 3158
3843 330
3843 1648
3844 335
3844 1013
3844 3003
3845 382
3846 2367
3847 1595
3847 3037
3848 742
3848 2361
3849 40
3850 2821
3852 2641
3854 901
3854 2714
3854 2984
3855 2464
3856 1158
3858 2593
3861 779
3861 1245
3862 2497
3862 3055
3863 192
3863 287
3863 553
3866 425
3866 1873
3868 446
3868 877
3868 1005
3869 2456
3873 2432
3874 1080
3874 1623
3874 1963
3874 2006
3875 956
3875 1298
3875 1483
3875 1684
3875 2980
3876 505
3876 725
3876 2955
3877 1819
3877 2730
3877 2883
3880 1916
3881 305
3881 2821
3881 2832
3882 2235
3882 2408
3883 3098
3884 99
3884 365
3884 1729
3884 2783
3887 2690
3887 2864
3888 3164
3889 1594
3890 639
3891 1661
3894 62
3894 2002
3895 1801
3895 2006
3895 2918
3896 324
3897 667
3898 1513
3900 727
3901 51
3901 815
3901 1164
3901 2420
3902 2751
3903 2150
3904 1925
3904 2857
3904 2894
3905 1488
3905 2666
3907 2047
3907 3079
3908 1031
3908 1628
3908 3022
3909 847
3909 1399
3909 2073
3911 2971
3912 1587
3913 2833
3913 2944
3914 1534
3914 1675
3916 1832
3916 3176
3917 832
3918 648
3918 2992
3920 566
3920 1133
3921 229
3921 2254
3923 811
3923 1894
3924 1096
3924 1871
3924 2467
3924 3016
3925 1905
3926 1708
3930 570
3930 1274
3930 1760
3930 2751
3931 1055
3931 1089
3931 2867
3932 157
3932 534
3933 999
3935 607
3935 1182
3935 1787
3936 1756
3936 1770
3936 2339
3936 2988
3937 1138
3937 2813
3937 3202
3941 2674
3942 450
3942 2092
3943 86
3943 1876
3943 2184
3944 1458
3945 2088
3945 3161
3947 71
3947 588
3947 1367
3947 1390
3947 1842
3947 2943
3949 2521
3950 916
3950 982
3950 1948
3951 1043
3952 1001
3952 3115
3953 111
3953 2267
3953 2363
3954 638
3954 658
3954 2286
3954 2971
3955 5
3955 721
3958 2145
3958 2563
3959 2053
3960 1000
3960 2249
3962 2022
3964 504
3966 1708
3966 3008
3967 816
3967 1908
3968 2290
3969 2445
3970 53
3970 1057
3971 1815
3972 2552
3972 2615
3972 3093
3973 429
3973 1069
3973 1288
3974 99
3974 2259
3976 1937
3976 2005
3977 2052
3977 2666
3980 3171
3981 54
3981 673
3981 1920
3982 978
3982 2712
3982 3086
3983 264
3986 1012
3986 2173
3987 735
3987 1478
3989 807
3990 197
3991 3207
3992 262
3994 417
3994 1416
3995 2597
3996 125
3996 1721
3997 994
3997 2782
3999 3003
4002 2269
4002 2359
4002 2448
4003 1740
4004 1183
4005 240
4005 1394
4006 673
4006 3081
4007 486
4007 700
4007 767
4008 521
4008 943
4011 173
4011 1564
4012 2384
4013 715
4013 1611
4013 2453
4014 628
4014 2628
4015 2977
4021 2744
4024 2516
4024 3196
4026 1443
4029 967
4029 1884
4029 2445
4030 149
4030 1816
4031 1227
4032 2258
4033 1039
4033 1822
4033 2137
4034 853
4034 2556
4035 948
4035 1003
4035 1598
4035 2471
4037 3148
4038 417
4039 1595
4040 150
4040 1950
4040 2818
4041 719
4041 1333
4041 2121
4042 503
4042 578
4042 1279
4042 1665
4043 1
4046 150
4046 333
4046 492
4048 1531
4050 843
4050 1030
4051 964
4051 1843
4051 2447
4051 2634
4051 3077
4053 299
4053 1056
4055 1191
4056 770
4056 1877
4056 2014
4057 576
4058 2064
4059 1455
4059 2308
4059 2906
4061 3158
4064 743
4067 170
4067 961
4067 1258
4068 433
4068 705
4069 3125
4069 3137
4070 296
4071 2374
4072 2225
4074 1460
4075 1
4075 2917
4076 1639
4076 2100
4076 2365
4077 2228
4079 941
4079 2697
4079 2935
4081 93
4081 613
4081 1535
4081 1590
4081 1797
4082 604
4082 606
4083 1356
4084 1810
4086 2982
4086 3208
4087 355
4088 2599
4089 841
4089 968
4089 1035
4090 1807
4090 3154
4093 651
4093 759
4094 675
4094 750
4094 1686
4095 1515
4096 381
4096 970
4096 1974
4097 1618
4098 979
4098 1039
4099 947
4102 357
4104 1283
4106 162
4106 594
4106 1659
4107 262
4107 2134
4109 2964
4110 117
4111 1350
4112 726
4112 1039
4114 413
4114 1403
4114 2321
4114 2869
4116 1057
4116 1333
4116 2696
4118 765
4119 3089
4120 3091
4121 2471
4122 2464
4124 66
4124 1275
4125 53
4125 2797
4126 1633
4127 2669
4129 103
4129 429
4130 320
4130 1938
4132 2066
4132 2848
4133 2951
4134 1024
4137 1809
4138 333
4138 1081
4141 2148
4141 2485
4142 2476
4146 486
4146 2442
4147 855
4148 2647
4150 1271
4150 1844
4151 787
4151 1224
4152 137
4153 2142
4155 184
4155 2725
4155 2911
4159 1443
4159 3033
4159 3039
4160 1137
4161 728
4163 2197
4163 2943
4165 1590
4166 1253
4166 2873
4167 1874
4168 2248
4168 2698
4170 3205
4171 2998
4172 1277
4172 1663
4173 995
4173 2872
4174 2960
4175 1490
4179 610
4180 2247
4182 1395
4182 1683
4184 2350
4184 2975
4185 1157
4187 2711
4189 1633
4189 1873
4190 2691
4190 3137
4190 3153
4192 1061
4192 1481
4193 788
4193 1056
4194 749
4195 3140
4195 3185
4196 1681
4197 271
4198 114
4203 201
4203 809
4203 960
4204 2489
4206 874
4207 1806
4208 3039
4209 132
4209 2652
4210 2335
4211 2034
4211 3183
4212 2670
4215 24
4215 1250
4215 2662
4216 3144
4217 2578
4218 2025
4218 3171
4219 518
4219 631
4219 1427
4220 2486
4220 2678
4222 1148
4222 2355
4223 1700
4223 1918
4224 2628
4225 1340
4227 1598
4227 2579
4228 1450
4228 2236
4229 371
4229 1263
4229 2943
4230 1437
4231 581
4232 1621
4234 818
4234 1925
4236 2007
4236 2377
4237 365
4237 2419
4238 3196
4239 2175
4240 1614
4241 881
4241 2465
4242 1778
4243 1702
4243 1836
4244 365
4244 815
4244 992
4244 1806
4245 738
4246 920
4246 2367
4247 668
4247 1178
4247 2159
4249 1085
4251 720
4252 183
4253 1864
4253 2368
4253 2394
4254 61
4254 397
4254 602
4254 1127
4255 854
4255 1125
4255 2798
4256 651
4256 1839
4257 2316
4258 165
4258 1617
4260 617
4261 2741
4262 197
4263 665
4263 3037
4264 958
4267 1382
4267 2985
4268 1658
4268 1661
4269 991
4269 2572
4270 738
4272 759
4272 1923
4273 2552
4274 2216
4274 2899
4275 847
4278 303
4279 418
4279 1510
4279 2781
4279 3055
4280 2362
4280 2464
4281 141
4281 3047
4281 3052
4282 3119
4283 2766
4285 52
4285 761
4285 2684
4286 545
4286 1127
4286 1630
4286 2414
4287 76
4287 2744
4289 2482
4290 2039
4291 244
4291 1641
4293 203
4293 364
4295 3098
4296 2046
4298 3205
4299 170
4299 253
4299 1309
4300 2520
4301 191
4301 2831
4302 855
4302 1015
4302 2738
4302 3044
4303 2164
4304 647
4305 350
4305 802
4306 2882
4308 845
4308 2298
4309 2225
4309 2581
4311 1706
4312 1359
4314 2715
4314 2753
4315 1894
4316 491
4316 1206
4317 711
4317 791
4318 1671
4319 2295
4320 2408
4321 632
4321 706
4322 153
4322 2133
4323 2811
4328 1575
4330 255
4330 747
4330 1059
4331 1532
4331 2492
4332 2192
4333 1250
4335 1769
4337 208
4337 2986
4338 256
4338 325
4338 777
4338 1934
4339 2129
4341 1358
4341 2308
4342 511
4343 119
4343 2519
4343 3188
4346 2327
4347 1768
4348 1568
4349 1016
4349 2668
4352 863
4352 2325
4353 2995
4354 1167
4354 1441
4355 1146
4355 1267
4356 1752
4356 1959
4356 2073
4356 2539
4357 764
4357 2832
4358 1283
4358 1836
4358 2330
4358 3019
4361 523
4361 3171
4362 743
4363 2828
4364 251
4364 3106
4365 1490
4365 2315
4366 1740
4367 2464
4368 490
4368 621
4370 197
4370 813
4371 1345
4372 82
4372 1061
4374 1012
4375 83
4375 524
4375 1569
4376 430
4376 2066
4378 946
4380 605
4380 688
4382 271
4382 2070
4382 3067
4384 2313
4385 534
4386 151
4387 944
4388 2876
4389 305
4389 2840
4389 2950
4392 718
4392 925
4392 2300
4393 2104
4393 2781
4396 393
4396 2546
4396 3093
4401 2009
4402 1540
4402 1615
4404 2222
4405 45
4405 264
4406 1091
4406 1133
4406 2213
4406 2533
4407 1262
4407 1487
4407 3173
4408 945
4408 1507
4408 2048
4409 815
4410 471
4410 883
4412 832
4413 1855
4413 2334
4414 99
4414 1104
4414 1665
4416 382
4417 10
4417 1037
4419 1124
4420 170
4420 688
4420 996
4420 2985
4421 590
4422 1020
4422 1807
4423 3158
4426 1178
4430 1927
4431 278
4431 1670
4431 1894
4432 461
4433 877
4434 893
4435 349
4435 666
4435 1837
4435 2705
4436 395
4436 548
4436 2331
4437 25
4437 138
4438 1622
4439 1856
4439 2874
4442 361
4443 459
4443 2342
4444 553
4449 2062
4449 2375
4450 262
4451 1544
4453 463
4453 503
4456 1671
4458 1365
4459 2071
4459 2527
4460 610
4460 1151
4461 2913
4462 3150
4463 2255
4463 3075
4464 1557
4465 801
4469 3141
4470 1167
4470 2885
4471 2279
4472 3215
4473 723
4473 1963
4475 692
4476 490
4478 416
4479 577
4482 304
4483 1473
4484 113
4485 2181
4486 2374
4486 2909
4486 2993
4487 2487
4487 3118
4488 799
4488 1514
4490 506
4491 1588
4491 2779
4491 2937
4492 423
4492 455
4492 926
4494 2951
4498 2070
4499 3042
4499 3115
4501 251
4501 751
4503 1643
4503 2676
4505 1517
4506 2550
4506 2861
4508 2199
4509 1880
4510 504
4510 1094
4511 1701
4515 3136
4516 2616
4516 2847
4518 1363
4519 2873
4520 520
4520 2867
4522 879
4522 2765
4523 2225
4524 607
4524 1839
4525 705
4525 3125
4526 100
4526 1853
4527 764
4527 2580
4527 2774
4528 1054
4528 2150
4529 287
4529 1364
4529 2193
4529 2482
4531 753
4531 773
4531 2110
4532 1894
4532 2319
4532 2683
4534 13
4535 512
4535 3171
4538 1625
4539 2997
4542 719
4542 2638
4543 1639
4543 2159
4544 1223
4546 1174
4546 2626
4547 1321
4549 1954
4549 2770
4550 1854
4552 1166
4554 1209
4555 1900
4561 2554
4561 2848
4562 947
4563 3124
4564 2536
4564 3071
4565 3027
4566 2313
4567 484
4567 847
4568 2668
4569 2890
4570 2553
4572 596
4574 2284
4575 434
4576 1951
4576 2388
4576 2885
4577 1831
4577 3042
4578 1641
4578 2907
4579 10
4579 1913
4580 216
4580 362
4580 2752
4581 1541
4581 1632
4581 2956
4581 3080
4582 2662
4582 3023
4583 101
4584 357
4584 2035
4584 2252
4585 2817
4585 3205
4586 2803
4587 1087
4587 2346
4588 348
4588 790
4588 3071
4589 699
4590 2911
4591 491
4591 2649
4592 2314
4593 1004
4594 702
4594 1562
4595 2823
4596 1775
4596 2223
4598 381
4599 1373
4599 2622
4599 2884
4601 662
4601 2485
4603 746
4603 1854
4604 205
4605 3123
4606 390
4606 2194
4607 1407
4609 2283
4609 2577
4610 515
4611 1326
4613 1772
4613 2242
4614 379
4614 2943
4615 661
4615 1155
4615 1463
4616 181
4617 854
4617 1712
4617 1907
4618 654
4619 984
4620 1527
4621 956
4624 1284
4624 1840
4626 2535
4626 3168
4627 1480
4627 2526
4628 1796
4629 153
4629 589
4629 1398
4629 2348
4630 164
4630 3010
4631 529
4632 2016
4632 2278
4634 2300
4636 1841
4637 1867
4637 2487
4638 589
4639 885
4641 1518
4643 2163
4646 444
4646 1556
4647 1373
4647 2413
4648 1713
4650 2213
4651 1648
4652 1522
4652 2586
4654 835
4656 1400
4656 3112
4657 1421
4657 3152
4658 1233
4662 3069
4666 142
4666 1088
4666 1340
4666 2604
4667 3196
4668 1505
4668 2540
4669 27
4669 202
4669 1299
4669 2684
4670 629
4670 750
4670 1595
4670 2405
4670 2663
4672 1350
4673 509
4674 452
4674 992
4674 2839
4675 2467
4676 604
4676 1848
4678 1169
4678 3046
4681 1147
4681 2662
4682 2647
4682 2681
4683 51
4683 870
4683 2088
4685 1188
4686 2034
4688 1524
4688 1826
4689 909
4689 2068
4690 398
4690 1180
4690 2017
4690 2447
4693 179
4694 1941
4694 3208
4695 986
4695 1858
4695 2139
4696 2171
4697 2512
4698 248
4698 2390
4699 1510
4701 242
4701 276
4704 2503
4705 669
4705 2985
4706 2380
4707 1162
4707 1457
4707 2160
4708 309
4708 2941
4709 1609
4712 3000
4713 762
4713 2571
4714 538
4714 1144
4715 1402
4715 2030
4716 1055
4716 1872
4718 2734
4719 51
4721 1788
4721 1871
4721 2899
4724 1100
4725 1262
4726 3076
4727 821
4727 1066
4727 2813
4728 830
4728 1051
4728 2933
4731 1911
4732 2204
4733 2812
4734 1783
4735 1134
4738 489
4738 593
4741 689
4742 1586
4742 2318
4742 3053
4743 273
4743 2856
4744 816
4744 1472
4744 1528
4745 1219
4746 35
4746 1273
4747 667
4748 1273
4749 2575
4751 1310
4751 2663
4752 217
4752 1149
4752 1192
4753 2480
4753 2637
4754 139
4754 216
4754 438
4755 2635
4756 2133
4759 2598
4759 3193
4760 2178
4760 3017
4761 1017
4761 1522
4761 1568
4761 2329
4763 2987
4763 3177
4766 2185
4767 783
4767 1178
4768 1163
4768 1819
4768 3134
4770 655
4771 853
4771 2184
4771 2353
4773 174
4773 485
4773 810
4773 1434
4773 1517
4774 2346
4775 2435
4775 2861
4776 2864
4778 59
4779 712
4779 1068
4780 1035
4780 2131
4780 2552
4782 578
4782 2067
4783 640
4783 1135
4783 2761
4786 1044
4786 2699
4786 3081
4787 508
4787 1636
4787 2154
4788 2601
4789 2879
4790 1003
4791 87
4793 576
4793 629
4793 2537
4794 334
4794 480
4796 388
4796 1301
4798 841
4798 1476
4798 3068
4799 1307
4800 942
4800 2430
4801 111
4801 1027
4801 3218
4803 1258
4804 579
4804 2220
4804 2378
4806 385
4806 460
4806 1166
4806 3208
4809 1160
4809 1238
4810 91
4810 506
4810 1038
4810 2689
4812 737
4813 1487
4814 845
4814 1335
4814 3011
4815 299
4816 819
4816 830
4817 2127
4818 921
4819 635
4819 1732
4819 2503
4821 1539
4825 2697
4827 1767
4827 2735
4827 3118
4828 461
4828 2830
4828 2834
4829 675
4830 527
4830 1703
4831 2286
4832 374
4832 439
4832 970
4833 396
4834 378
4834 742
4834 1805
4834 2234
4834 2272
4834 2557
4836 363
4836 503
4837 3117
4839 542
4840 2922
4841 1512
4842 1111
4842 1446
4843 33
4843 1460
4844 1136
4845 1100
4845 2884
4845 2918
4847 1566
4848 976
4848 1796
4850 1495
4850 3092
4852 124
4852 881
4852 2181
4857 699
4859 98
4859 1194
4859 1518
4860 1514
4861 120
4861 2177
4864 2522
4865 1708
4865 2808
4865 3173
4866 1130
4866 2217
4866 3161
4867 1833
4868 241
4868 1341
4868 2967
4870 1409
4871 858
4871 882
4871 2439
4873 80
4876 2098
4878 168
4878 1361
4878 3162
4879 745
4879 2117
4880 1211
4882 1099
4882 1996
4883 244
4883 1611
4884 2200
4884 3050
4885 2473
4886 775
4886 2247
4887 2880
4889 97
4889 1723
4890 2586
4890 2615
4891 1897
4891 2489
4892 901
4892 1807
4893 2480
4894 1328
4895 965
4896 2915
4897 2567
4897 3027
4898 1764
4899 1333
4899 2475
4901 837
4901 982
4901 1313
4904 1875
4905 1500
4905 2935
4906 2121
4907 1536
4908 1176
4908 1873
4908 2336
4909 264
4910 1595
4911 2550
4912 438
4912 928
4913 480
4914 1950
4914 2214
4915 496
4915 1637
4917 464
4917 1798
4917 2233
4918 708
4920 2784
4921 1323
4921 1478
4922 562
4922 604
4922 1211
4923 2137
4924 1851
4924 2377
4926 378
4929 2741
4930 472
4930 1937
4931 162
4931 251
4931 2351
4932 826
4934 2965
4935 1816
4936 1701
4936 1937
4937 1929
4938 2245
4939 2300
4941 2296
4943 1596
4944 1808
4945 964
4946 123
4946 1748
4946 2432
4946 2585
4947 775
4951 2371
4951 2619
4951 2881
4951 3200
4952 307
4952 841
4952 965
4952 1536
4953 683
4953 1412
4954 1826
4955 1547
4955 1595
4955 2956
4956 2362
4957 1010
4959 1078
4959 1636
4959 2236
4960 1138
4961 724
4961 2913
4962 1714
4962 2524
4963 880
4966 1375
4967 2513
4967 3059
4968 887
4970 2648
4970 3210
4970 3212
4971 308
4971 2236
4972 314
4972 838
4973 2973
4974 3072
4976 153
4978 714
4979 1314
4980 1893
4980 3057
4981 324
4981 1868
4981 2486
4983 1565
4983 2924
4984 3026
4985 3109
4986 2680
4987 1663
4988 1138
4988 1717
4988 2791
4989 1997
4990 579
4990 1186
4991 899
4992 2438
4995 1139
4996 162
4996 2106
4996 2206
4997 2732
4998 85
5001 1839
5002 1189
5003 505
5003 2589
5003 2619
5004 454
5004 1976
5004 3066
5005 1673
5005 2618
5006 52
5006 2356
5007 721
5007 1996
5007 2318
5008 447
5009 338
5010 1198
5010 1324
5010 1712
5010 1800
5010 2511
5012 3181
5013 2937
5014 2943
5017 2254
5020 2132
5021 1107
5021 2986
5022 1326
5022 3048
5023 1513
5024 223
5026 2465
5026 3114
5027 1170
5030 1851
5032 1555
5032 1997
5033 824
5033 2561
5034 1161
5035 481
5037 215
5038 521
5040 158
5040 555
5041 1927
5043 1853
5044 1776
5044 2562
5046 1985
5047 1453
5048 428
5048 456
5050 16
5050 644
5052 2663
5053 2103
5055 1912
5055 2632
5056 2806
5057 305
5057 665
5057 754
5058 377
5059 200
5060 2935
5061 780
5061 1854
5061 2489
5062 447
5062 3097
5062 3099
5063 388
5063 2512
5065 447
5065 2899
5066 2187
5066 2577
5069 1949
5069 2635
5070 205
5070 487
5071 1240
5072 1196
5074 1522
5074 1628
5076 1317
5076 1837
5078 313
5078 759
5079 447
5080 1587
5081 392
5081 2085
5081 3176
5082 649
5084 1086
5086 2173
5088 641
5088 965
5089 597
5089 730
5089 1904
5090 2592
5091 1546
5092 2520
5093 1817
5095 307
5095 1249
5095 1755
5095 2978
5096 1008
5096 1681
5097 572
5098 543
5098 700
5098 1883
5099 103
5099 145
5100 2807
5101 672
5101 2250
5102 2982
5103 795
5103 1372
5104 1246
5105 595
5106 484
5106 1332
5106 3167
5107 80
5108 347
5108 361
5108 1592
5108 2557
5109 1629
5109 2899
5110 2769
5111 255
5111 990
5111 1100
5112 1068
5114 824
5114 1491
5114 1692
5115 2748
5116 2880
5117 1838
5117 2895
5118 219
5118 2480
5120 690
5121 2710
5122 2889
5124 93
5124 251
5124 692
5124 1203
5124 2256
5124 2678
5126 1205
5126 1320
5127 749
5127 3081
5128 2681
5129 2701
5129 2933
5130 1000
5130 1491
5132 296
5133 2074
5134 28
5134 697
5137 566
5137 1220
5137 1989
5137 2400
5138 1219
5138 2574
5139 416
5139 1859
5141 1205
5143 1803
5143 2774
5144 2684
5144 2830
5145 1613
5146 1016
5146 1138
5147 1872
5147 2497
5150 264
5152 851
5152 3145
5154 1613
5155 248
5155 1343
5155 1709
5156 2114
5157 1915
5159 861
5159 2166
5160 511
5160 3041
5161 2041
5162 259
5162 2438
5162 2490
5163 2257
5164 273
5164 2486
5165 935
5167 758
5167 907
5167 1869
5167 2939
5168 579
5168 1814
5169 1363
5171 346
5172 665
5172 1117
5173 148
5175 2492
5176 1864
5176 2614
5177 1385
5178 789
5179 944
5180 174
5180 671
5180 888
5181 720
5181 2126
5182 2051
5184 759
5186 1573
5186 2035
5188 161
5188 421
5188 1983
5189 210
5189 1104
5190 677
5190 1319
5190 1441
5192 1639
5193 2413
5193 2920
5194 311
5196 254
5196 362
5197 2301
5198 3027
5200 201
5200 2839
5200 2982
5201 1058
5201 1513
5202 2668
5203 1031
5203 2469
5204 139
5206 329
5206 401
5206 607
5207 2025
5208 2769
5209 2757
5209 3085
5210 1108
5211 2264
5212 1780
5212 2557
5212 2690
5212 3069
5214 1108
5215 388
5215 574
5215 1197
5215 2245
5216 1977
5217 3207
5218 1154
5218 1961
5219 437
5222 990
5223 1392
5225 823
5226 206
5227 1317
5228 520
5229 306
5229 1570
5229 2708
5229 2896
5229 2990
5232 1812
5232 1920
5233 3015
5234 1971
5235 2256
5236 2153
5236 2385
5237 109
5240 1011
5241 1625
5242 334
5242 1270
5242 2166
5242 2855
5242 2985
5242 3044
5243 1055
5243 2100
5245 468
5245 2232
5247 1396
5247 2784
5250 1278
5250 1380
5251 890
5253 2160
5254 424
5254 1158
5254 1487
5255 939
5257 1881
5258 1356
5259 987
5259 1707
5259 2696
5259 2823
5260 840
5260 2074
5261 2321
5261 2595
5262 1824
5262 1903
5262 2587
5263 1030
5265 1452
5265 3156
5266 2284
5267 455
5267 1343
5268 1271
5270 951
5270 1523
5270 2272
5270 2365
5270 2914
5272 146
5274 1671
5274 2385
5274 2919
5276 1232
5276 2473
5277 21
5278 2849
5279 1120
5279 1449
5279 1632
5280 2440
5283 573
5284 494
5285 1428
5286 2144
5286 2607
5287 1846
5288 1115
5288 2274
5290 122
5291 1938
5293 2678
5295 835
5295 1079
5295 1115
5296 226
5297 2661
5299 945
5299 2500
5299 2565
5299 2843
5301 919
5301 2809
5302 2670
5303 2589
5307 2238
5308 177
5308 854
5308 2253
5310 1560
5310 2144
5310 2328
5311 406
5311 676
5313 918
5314 51
5316 696
5318 588
5318 1511
5320 375
5320 615
5320 1769
5320 1877
5321 127
5322 2953
5323 1355
5323 1551
5324 2742
5324 3201
5325 277
5326 2539
5327 1014
5328 25
5329 177
5331 701
5331 2971
5333 2387
5334 2100
5336 902
5336 2295
5337 210
5337 1705
5338 1446
5338 1486
5338 2477
5339 1679
5339 3180
5340 1656
5340 2209
5341 2020
5342 1857
5343 234
5343 536
5344 472
5344 1154
5345 458
5345 1851
5348 45
5349 425
5350 269
5350 2795
5351 1915
5351 2637
5351 2825
5352 2550
5354 2399
5356 1464
5357 331
5357 1110
5357 2078
5358 195
5358 350
5358 2618
5359 1986
5360 1966
5361 545
5364 419
5364 470
5364 649
5365 2951
5366 2089
5367 124
5367 1144
5368 958
5369 1631
5370 992
5370 1079
5370 2038
5371 170
5372 1649
5374 2852
5376 2011
5377 120
5377 495
5377 1330
5378 399
5378 2545
5378 2847
5379 1097
5379 2302
5380 712
5381 1942
5381 2281
5382 1858
5383 377
5384 2173
5385 654
5386 499
5386 784
5386 1021
5387 478
5387 536
5388 205
5390 28
5391 1690
5392 1479
5392 2265
5392 2527
5392 2759
5393 880
5393 1858
5393 2157
5394 2701
5395 274
5395 743
5395 2778
5395 2979
5396 1709
5398 1267
5398 2150
5398 2190
5398 2281
5400 55
5400 1258
5401 207
5401 2711
5404 1779
5404 2755
5405 1960
5407 86
5407 2412
5409 2276
5409 3015
5410 210
5410 2924

