7580 587 5138
1 1
6 175
9 314
10 316
13 526
14 179
17 265
17 382
18 202
19 56
19 68
19 314
23 336
24 102
25 200
25 315
25 422
27 246
28 310
32 58
33 121
34 234
34 543
37 475
38 297
41 214
41 377
44 119
47 58
47 98
47 497
48 117
48 529
49 460
50 562
51 234
53 390
55 252
56 222
56 431
58 181
58 506
60 545
63 352
65 113
67 321
68 84
68 365
68 508
68 513
69 25
69 228
70 295
72 1
72 159
72 530
75 300
75 415
76 324
79 75
80 350
82 135
83 318
84 120
84 471
86 223
87 424
88 143
88 197
89 1
89 350
89 544
90 482
90 525
91 173
92 358
93 276
93 461
93 534
99 478
100 299
102 73
103 524
105 301
107 427
108 36
110 543
111 370
112 496
113 243
114 237
115 136
115 156
118 79
120 280
120 465
123 474
128 257
131 534
132 33
133 301
139 308
140 56
140 243
142 529
146 156
146 267
150 559
152 502
155 51
155 232
156 378
158 39
158 452
159 569
161 98
162 187
162 323
164 41
165 497
167 380
168 303
170 111
170 202
171 435
172 517
173 16
176 373
177 282
181 334
182 433
186 186
186 365
187 479
189 540
192 208
192 518
194 134
195 442
196 338
197 184
199 509
200 357
201 152
205 67
205 468
208 88
208 151
208 345
210 453
212 181
212 332
214 173
214 371
215 164
215 561
216 54
217 299
218 545
220 313
221 30
221 324
223 219
226 147
226 380
227 134
231 212
238 526
239 359
241 136
241 204
245 421
246 10
247 211
249 253
252 417
255 296
257 420
258 563
258 569
259 159
259 361
260 361
260 577
261 254
263 222
264 325
266 298
267 146
267 236
267 422
268 547
271 242
272 82
275 142
275 218
277 63
277 313
278 578
281 54
281 288
281 527
282 493
283 392
286 504
288 435
289 80
290 41
291 270
291 570
292 566
296 16
298 101
301 481
302 350
305 111
305 321
307 130
307 184
307 516
308 414
309 126
309 266
310 345
311 310
313 532
314 132
317 280
317 324
320 273
320 403
322 162
322 433
324 420
326 298
326 512
327 155
329 153
335 490
341 334
344 480
345 295
346 102
348 274
350 339
350 421
351 296
351 327
352 465
354 444
356 70
358 193
366 31
368 411
372 264
374 504
375 140
376 168
376 222
379 196
383 195
383 216
385 27
387 213
388 237
391 450
392 457
393 427
397 435
397 537
399 370
399 502
401 212
402 465
403 153
403 393
404 511
404 543
405 91
405 220
405 454
405 503
405 504
406 173
406 355
407 25
409 205
411 123
414 407
415 164
418 319
418 583
419 69
420 164
420 482
421 280
424 56
431 226
431 489
434 235
436 20
436 134
436 571
437 160
437 575
438 73
438 109
442 288
443 363
443 400
444 572
445 415
448 549
450 556
454 37
454 530
457 138
457 550
460 61
461 336
461 499
462 148
466 301
467 350
468 321
469 282
470 1
470 235
471 88
471 375
472 362
478 60
479 517
480 454
485 1
485 119
487 73
487 535
489 281
490 532
495 389
499 34
499 235
499 534
502 164
503 81
504 208
507 283
509 294
514 165
516 303
516 511
522 528
524 55
532 172
532 372
534 483
535 447
541 271
543 302
544 93
544 216
545 563
546 254
548 210
550 12
550 58
551 384
552 46
552 583
553 91
553 303
554 541
557 255
558 210
561 195
567 207
568 358
568 446
569 37
570 281
571 120
575 193
575 398
575 441
577 404
580 241
581 292
583 335
587 519
589 401
590 36
591 297
595 406
595 434
596 455
601 402
601 587
602 213
604 285
607 499
608 75
609 227
610 43
610 560
611 342
612 545
614 437
615 456
616 188
623 35
624 555
627 126
627 253
627 587
633 187
634 178
635 493
636 424
637 43
637 571
638 111
638 317
638 484
639 488
639 497
641 535
642 114
643 300
643 403
644 239
644 360
645 29
648 359
650 117
651 258
651 379
658 189
658 232
661 516
669 239
669 260
670 76
670 541
671 65
672 47
673 68
675 19
676 20
677 16
677 332
678 517
679 125
683 288
685 106
686 42
686 167
686 398
687 242
692 123
693 73
695 225
695 296
698 530
700 222
701 2
703 224
703 311
703 418
703 521
704 306
705 111
705 156
707 252
710 440
715 313
721 152
721 283
723 339
723 348
725 587
726 342
726 375
726 400
726 552
727 455
728 118
729 303
729 353
732 283
732 398
733 31
737 83
737 197
739 202
739 295
740 482
742 391
743 101
743 467
744 223
746 72
746 82
746 541
750 124
750 263
751 12
752 173
752 441
753 66
753 309
754 399
754 401
755 10
755 234
757 11
757 34
757 477
760 150
762 464
763 385
765 328
769 310
771 260
772 72
772 368
772 376
773 198
778 169
779 149
781 100
781 171
781 220
783 388
783 422
784 115
785 8
785 502
786 217
787 20
788 38
788 350
788 553
790 411
794 61
794 367
794 369
794 571
795 510
796 422
799 546
802 114
803 168
803 284
804 394
805 138
808 365
808 506
810 574
811 97
812 408
813 354
817 85
817 512
819 115
819 417
820 109
820 360
821 482
822 235
822 397
825 81
825 515
826 391
827 232
831 69
831 498
833 102
834 197
835 575
837 173
838 80
842 139
842 231
842 429
845 526
848 77
851 244
851 395
852 329
855 216
857 407
860 435
860 531
864 238
865 342
871 41
876 205
877 360
878 398
879 336
880 13
881 452
882 478
883 434
884 152
885 388
885 392
886 242
886 357
895 241
898 529
900 514
901 569
903 387
903 442
904 231
904 376
906 190
908 128
908 496
913 182
913 526
916 258
917 514
920 23
920 60
921 504
923 303
925 33
926 116
926 367
927 367
929 383
932 346
933 65
933 558
934 204
935 542
937 322
939 149
940 469
942 187
943 110
943 376
944 350
945 436
946 89
947 50
948 346
950 392
950 504
954 442
957 332
958 14
958 251
958 467
958 572
959 526
961 104
962 455
963 179
963 372
964 13
964 81
965 454
967 10
967 496
968 453
969 28
971 510
971 547
976 33
976 391
978 33
980 30
982 532
983 58
984 25
984 106
988 142
989 484
991 550
993 15
994 53
1001 462
1002 409
1006 160
1006 522
1006 535
1006 577
1007 269
1007 286
1008 479
1009 471
1014 537
1016 157
1022 580
1027 559
1031 257
1031 431
1032 202
1038 50
1038 321
1039 61
1040 475
1041 344
1042 99
1045 375
1046 238
1052 519
1055 342
1055 425
1058 69
1058 508
1059 117
1059 172
1060 327
1064 253
1067 421
1070 321
1072 43
1073 154
1076 313
1077 176
1078 5
1078 59
1078 443
1078 474
1079 286
1080 93
1082 550
1085 254
1085 279
1085 503
1085 536
1090 2
1090 162
1091 71
1092 164
1092 276
1092 355
1094 348
1094 398
1095 131
1096 509
1097 64
1100 190
1102 77
1102 277
1109 30
1109 399
1110 393
1118 402
1119 85
1122 282
1122 299
1122 471
1126 75
1128 224
1132 313
1133 511
1135 507
1136 28
1136 321
1138 415
1139 57
1139 400
1141 547
1143 413
1144 579
1147 18
1148 408
1149 233
1149 504
1152 543
1153 523
1162 560
1164 561
1168 144
1169 342
1169 459
1169 543
1172 152
1175 100
1176 92
1176 271
1176 494
1180 146
1180 205
1181 244
1182 557
1183 167
1187 518
1188 211
1189 380
1191 492
1191 537
1192 428
1194 241
1194 542
1196 496
1197 441
1199 342
1201 127
1201 172
1202 338
1203 302
1207 83
1207 440
1208 181
1211 308
1213 149
1215 227
1217 392
1219 386
1222 123
1226 574
1227 161
1227 209
1228 121
1231 200
1234 285
1234 474
1235 132
1235 424
1237 127
1239 26
1239 372
1240 225
1241 152
1244 457
1245 546
1246 72
1247 320
1248 105
1248 253
1250 57
1251 44
1251 354
1251 572
1252 166
1252 329
1254 262
1256 155
1261 574
1262 415
1263 33
1264 566
1268 147
1268 551
1271 183
1275 172
1276 53
1283 389
1287 520
1288 446
1292 186
1293 247
1293 487
1293 500
1299 192
1299 365
1299 531
1301 373
1304 220
1305 226
1307 334
1309 199
1309 257
1311 30
1313 36
1313 529
1314 106
1315 323
1316 81
1317 407
1320 508
1324 138
1324 316
1326 400
1327 218
1330 504
1332 450
1333 81
1333 149
1333 559
1334 76
1336 95
1338 39
1342 159
1343 187
1344 261
1348 250
1350 155
1351 219
1357 230
1360 281
1361 361
1362 268
1367 157
1367 470
1367 536
1371 78
1376 555
1376 559
1378 448
1379 316
1382 342
1385 128
1385 143
1389 317
1390 527
1390 544
1396 128
1396 429
1397 51
1399 24
1400 367
1400 502
1406 395
1411 289
1414 123
1414 413
1416 296
1420 129
1426 449
1427 12
1427 108
1428 204
1429 67
1431 333
1434 336
1436 493
1437 91
1437 96
1438 492
1442 275
1442 364
1445 199
1447 76
1447 221
1447 505
1448 179
1448 387
1448 437
1449 172
1450 97
1450 255
1451 436
1453 471
1454 65
1457 466
1459 96
1459 141
1460 271
1462 86
1463 281
1463 461
1470 283
1471 250
1475 316
1475 467
1476 137
1479 93
1479 266
1480 214
1481 350
1483 534
1485 90
1485 406
1486 158
1486 376
1487 98
1487 202
1489 323
1491 583
1494 37
1499 398
1500 390
1500 500
1502 65
1505 413
1506 323
1509 352
1509 479
1516 195
1520 156
1522 474
1529 480
1529 568
1530 25
1532 312
1533 133
1533 252
1534 188
1535 449
1537 541
1538 497
1540 232
1540 391
1543 510
1544 330
1544 336
1545 457
1546 498
1546 514
1548 402
1550 447
1551 521
1554 171
1554 326
1554 383
1555 46
1556 179
1556 439
1560 421
1561 319
1563 350
1566 52
1567 203
1567 256
1568 228
1571 92
1571 116
1573 211
1578 414
1578 536
1580 571
1584 410
1584 538
1584 565
1585 48
1585 74
1588 311
1589 120
1592 156
1592 507
1593 21
1593 92
1593 108
1595 53
1595 370
1596 137
1597 526
1598 212
1599 401
1599 449
1600 308
1602 351
1607 33
1607 353
1609 136
1609 153
1611 172
1611 529
1613 415
1615 248
1616 256
1617 49
1617 152
1620 240
1620 306
1620 325
1621 284
1625 256
1627 338
1628 146
1628 519
1628 531
1629 240
1630 463
1632 410
1633 36
1635 358
1636 358
1639 235
1639 250
1641 321
1641 366
1642 513
1642 581
1644 488
1645 29
1646 320
1646 431
1647 17
1647 435
1649 82
1650 326
1653 422
1654 479
1656 544
1658 111
1658 279
1658 459
1659 368
1662 480
1665 175
1665 439
1670 300
1672 282
1673 287
1676 113
1676 551
1678 61
1678 77
1678 212
1678 412
1679 348
1680 184
1680 294
1683 288
1684 238
1686 80
1686 363
1687 259
1689 27
1690 144
1692 550
1694 559
1695 318
1704 6
1704 60
1704 247
1706 226
1707 161
1707 250
1707 269
1715 428
1718 321
1718 434
1722 65
1724 217
1725 349
1725 397
1725 575
1727 544
1728 497
1730 55
1730 320
1731 518
1732 359
1735 161
1736 8
1736 445
1737 159
1737 290
1739 97
1739 500
1742 299
1742 368
1744 13
1746 184
1747 53
1748 178
1749 148
1749 319
1751 55
1753 134
1754 543
1756 123
1756 245
1758 431
1760 458
1761 63
1762 1
1762 12
1764 438
1765 50
1765 130
1765 324
1765 364
1765 576
1775 236
1776 87
1776 328
1776 451
1777 333
1778 510
1779 518
1781 140
1782 12
1782 407
1783 107
1783 284
1783 354
1783 388
1784 571
1787 428
1789 341
1791 351
1794 574
1796 223
1796 520
1797 227
1799 31
1800 273
1802 511
1803 136
1803 300
1806 231
1809 399
1809 404
1812 361
1813 222
1813 433
1814 91
1817 13
1818 30
1819 426
1820 39
1820 138
1821 66
1821 577
1822 506
1824 258
1827 225
1828 91
1830 400
1833 224
1833 267
1838 379
1839 573
1840 239
1840 259
1843 103
1844 334
1845 526
1854 553
1857 381
1858 566
1861 444
1863 224
1863 564
1864 178
1866 475
1867 572
1873 524
1873 539
1875 161
1875 303
1875 397
1875 538
1876 49
1876 345
1876 371
1878 81
1881 83
1882 462
1882 565
1883 213
1883 534
1887 165
1893 509
1895 96
1895 182
1896 120
1897 478
1899 79
1902 380
1902 397
1903 491
1905 98
1905 129
1908 56
1908 73
1908 413
1909 113
1912 515
1913 203
1913 536
1914 319
1914 465
1916 469
1919 248
1925 577
1926 435
1931 130
1932 56
1936 22
1936 523
1938 487
1940 367
1944 181
1944 279
1945 1
1945 103
1945 142
1951 44
1951 317
1952 223
1954 178
1954 548
1957 406
1959 372
1959 554
1961 585
1964 16
1967 151
1968 150
1968 312
1969 431
1969 527
1970 581
1971 201
1972 449
1972 514
1975 578
1976 257
1978 292
1978 395
1978 473
1982 67
1982 190
1983 364
1985 497
1987 446
1987 498
1989 52
1990 100
2005 104
2010 569
2011 289
2012 471
2013 85
2015 16
2016 265
2020 42
2023 286
2025 566
2026 161
2027 4
2027 51
2027 378
2027 389
2032 165
2034 536
2037 493
2038 35
2040 91
2043 161
2043 434
2044 302
2044 334
2044 414
2045 63
2045 205
2046 39
2046 501
2047 523
2047 564
2048 63
2051 21
2053 459
2056 352
2057 245
2057 507
2059 578
2060 158
2061 294
2063 479
2067 342
2071 397
2072 86
2073 37
2073 347
2075 49
2076 1
2076 215
2078 51
2078 245
2080 100
2082 401
2084 400
2084 518
2084 572
2085 367
2086 188
2087 452
2090 108
2091 357
2092 294
2094 406
2095 272
2096 471
2096 491
2096 521
2099 308
2099 343
2099 385
2099 482
2101 281
2106 345
2106 361
2108 172
2108 356
2111 65
2111 186
2111 422
2112 7
2112 554
2115 276
2116 416
2117 538
2118 205
2121 515
2123 116
2123 273
2129 135
2131 376
2132 478
2132 570
2133 389
2133 498
2134 122
2134 525
2135 297
2136 1
2139 544
2140 51
2140 377
2140 479
2143 537
2144 516
2146 123
2146 298
2146 474
2148 146
2149 86
2149 483
2149 561
2150 510
2152 227
2152 320
2153 37
2153 104
2155 516
2157 554
2159 63
2159 326
2160 285
2161 343
2162 111
2164 317
2164 563
2165 90
2166 326
2167 280
2168 275
2168 502
2169 345
2170 227
2171 423
2172 106
2173 359
2174 38
2174 216
2175 123
2175 337
2175 540
2176 183
2177 143
2178 363
2180 253
2181 283
2183 541
2184 340
2187 473
2188 229
2188 232
2191 191
2195 21
2198 174
2199 296
2202 264
2203 109
2206 112
2207 375
2208 189
2208 284
2209 31
2209 238
2211 169
2217 243
2218 292
2219 270
2220 173
2220 425
2221 77
2222 277
2227 457
2228 363
2230 225
2231 463
2232 393
2234 125
2235 260
2239 490
2240 451
2241 147
2245 198
2246 363
2247 252
2248 80
2251 66
2251 416
2253 387
2253 516
2257 204
2259 125
2259 523
2259 552
2260 514
2261 418
2262 334
2263 33
2263 314
2265 358
2266 179
2266 484
2268 576
2269 8
2269 537
2270 174
2270 243
2270 361
2270 462
2271 403
2276 144
2276 478
2280 326
2280 534
2281 370
2282 68
2282 180
2284 97
2285 330
2285 528
2286 443
2287 533
2289 155
2292 381
2293 288
2296 159
2298 73
2298 381
2300 191
2302 310
2303 220
2305 510
2309 14
2309 61
2309 530
2310 362
2311 247
2311 267
2316 54
2316 424
2320 506
2324 337
2324 472
2326 22
2327 254
2327 537
2328 2
2328 347
2329 311
2330 547
2331 34
2331 222
2332 118
2336 530
2339 91
2341 273
2342 586
2344 344
2344 402
2345 26
2345 215
2345 347
2347 300
2348 405
2351 84
2352 64
2352 213
2354 328
2355 202
2356 447
2361 382
2363 240
2364 385
2365 27
2365 280
2366 80
2366 213
2370 118
2371 460
2373 13
2375 528
2376 41
2376 313
2377 200
2378 81
2378 236
2378 579
2380 79
2382 339
2383 103
2383 277
2386 128
2386 447
2388 85
2388 272
2388 284
2390 48
2390 464
2391 73
2391 201
2392 182
2393 493
2394 37
2395 331
2395 384
2400 211
2401 74
2401 577
2403 389
2403 418
2404 82
2404 553
2406 352
2408 22
2409 244
2409 270
2410 33
2412 559
2414 533
2418 540
2419 80
2420 18
2423 217
2423 375
2425 394
2425 408
2426 133
2431 102
2434 81
2434 523
2441 269
2442 365
2446 504
2447 385
2449 357
2450 482
2451 339
2453 391
2454 45
2466 248
2469 484
2470 216
2471 478
2472 418
2473 133
2473 514
2474 348
2477 479
2479 98
2480 46
2483 586
2484 267
2486 414
2487 303
2488 252
2489 163
2489 519
2490 402
2492 29
2492 340
2492 487
2497 552
2499 470
2501 302
2504 260
2506 538
2507 198
2508 82
2508 267
2508 488
2509 248
2511 333
2515 58
2515 529
2516 229
2517 379
2519 406
2521 71
2522 415
2523 336
2525 122
2525 177
2527 25
2529 79
2529 87
2530 517
2530 531
2531 256
2531 532
2531 539
2535 10
2540 560
2541 38
2543 394
2548 307
2552 40
2552 83
2552 572
2553 234
2554 15
2556 206
2558 476
2561 390
2561 537
2563 355
2567 128
2568 303
2571 304
2571 337
2571 547
2574 314
2575 548
2575 571
2577 347
2579 100
2583 48
2583 133
2584 112
2585 187
2585 222
2585 526
2587 27
2589 118
2589 408
2596 94
2596 183
2596 185
2597 51
2602 343
2604 342
2606 161
2607 16
2607 386
2609 258
2610 201
2615 129
2617 470
2618 54
2618 492
2623 175
2625 264
2628 47
2633 317
2634 225
2634 321
2635 230
2635 372
2638 248
2640 312
2640 475
2641 93
2645 53
2645 365
2647 151
2648 344
2649 349
2653 9
2653 583
2654 368
2656 10
2657 64
2659 403
2661 518
2662 160
2663 300
2664 104
2667 237
2672 311
2674 33
2678 482
2679 162
2682 272
2683 349
2683 503
2685 519
2686 375
2686 583
2689 491
2690 235
2692 214
2694 425
2695 199
2699 334
2701 53
2701 410
2702 269
2703 133
2704 542
2705 280
2705 318
2712 130
2713 180
2713 266
2713 464
2717 155
2717 569
2718 100
2719 64
2720 334
2721 125
2724 181
2724 558
2725 513
2726 108
2727 497
2728 501
2728 555
2729 502
2733 104
2733 198
2733 341
2734 123
2735 539
2736 194
2738 65
2740 172
2744 136
2744 215
2745 40
2745 267
2747 366
2748 178
2749 85
2752 386
2759 308
2759 498
2760 49
2760 139
2760 268
2762 518
2763 523
2766 182
2766 304
2768 72
2770 47
2771 145
2771 496
2777 42
2778 247
2778 585
2779 309
2780 79
2781 26
2783 188
2783 528
2784 366
2792 92
2793 308
2795 53
2797 235
2798 54
2800 400
2801 81
2804 300
2805 464
2807 86
2811 144
2813 228
2813 576
2814 96
2814 587
2815 527
2816 274
2819 75
2824 155
2824 363
2824 462
2825 517
2828 198
2831 231
2832 10
2832 359
2833 47
2833 156
2834 245
2835 155
2838 208
2838 541
2839 426
2839 431
2840 40
2840 146
2842 397
2843 476
2847 394
2848 284
2848 477
2850 78
2852 348
2853 85
2853 230
2853 577
2854 37
2860 274
2863 312
2865 3
2869 409
2871 10
2878 315
2880 472
2884 48
2884 497
2885 437
2889 176
2889 244
2890 81
2891 537
2893 123
2893 579
2896 73
2896 194
2897 2
2897 321
2900 119
2900 548
2904 61
2904 488
2905 356
2910 361
2911 39
2911 332
2913 44
2914 439
2916 120
2922 186
2922 236
2923 322
2923 467
2925 320
2925 530
2926 295
2934 233
2936 25
2938 1
2939 316
2939 483
2940 102
2940 543
2942 491
2943 247
2944 437
2946 280
2946 536
2949 217
2954 114
2956 30
2957 418
2959 15
2960 252
2962 457
2963 41
2965 350
2970 393
2972 306
2972 348
2975 262
2976 52
2977 302
2978 208
2979 81
2980 157
2982 151
2983 97
2988 560
2994 9
2994 52
2994 110
2996 162
2997 463
2998 158
2998 434
3002 159
3005 324
3005 512
3009 207
3010 24
3011 81
3011 97
3011 563
3017 109
3019 531
3023 218
3024 436
3026 391
3028 221
3028 585
3029 488
3030 51
3030 466
3030 541
3031 506
3032 66
3038 423
3038 513
3039 137
3039 578
3042 50
3044 464
3045 490
3046 474
3047 162
3050 75
3050 226
3054 105
3056 23
3057 493
3058 449
3060 145
3060 276
3061 7
3061 233
3061 378
3063 344
3064 394
3068 194
3068 426
3069 95
3072 228
3072 372
3073 23
3073 24
3075 405
3077 450
3078 322
3080 37
3080 304
3080 321
3081 338
3089 312
3089 526
3090 183
3092 246
3093 9
3093 278
3095 464
3096 61
3100 167
3108 11
3108 346
3110 317
3110 331
3111 337
3112 165
3112 443
3113 69
3113 222
3113 255
3114 243
3115 279
3127 148
3130 90
3131 276
3131 305
3132 301
3133 175
3134 357
3135 345
3136 55
3136 493
3140 307
3142 142
3142 149
3142 413
3145 548
3147 562
3149 479
3156 181
3157 35
3157 111
3159 107
3159 440
3160 327
3160 410
3161 581
3162 363
3169 71
3169 105
3170 489
3173 443
3174 555
3176 337
3177 200
3177 337
3179 318
3179 458
3180 447
3181 17
3181 100
3183 31
3183 340
3186 79
3187 132
3187 399
3187 409
3187 522
3188 376
3189 526
3189 554
3190 36
3190 334
3192 102
3194 568
3195 526
3196 327
3196 331
3196 361
3200 107
3201 126
3201 245
3201 417
3201 449
3202 281
3203 332
3204 285
3204 444
3204 506
3206 370
3207 72
3207 506
3208 104
3210 318
3211 280
3211 451
3212 519
3215 266
3215 578
3216 418
3216 483
3217 9
3217 455
3219 133
3221 47
3221 59
3223 490
3224 290
3226 523
3229 282
3230 24
3231 133
3232 411
3233 360
3238 226
3240 115
3242 567
3243 226
3246 198
3248 174
3248 334
3252 511
3253 561
3255 78
3255 449
3256 13
3256 227
3258 98
3259 154
3263 470
3265 108
3266 206
3267 142
3267 435
3269 408
3270 392
3270 557
3271 24
3271 465
3273 142
3274 178
3274 335
3277 159
3277 535
3279 472
3280 61
3281 583
3283 297
3285 10
3285 120
3288 534
3289 379
3291 346
3292 167
3292 246
3292 582
3294 561
3296 510
3299 427
3300 452
3301 280
3302 58
3302 445
3303 53
3303 324
3304 179
3307 502
3309 411
3310 63
3310 223
3310 527
3312 27
3314 496
3316 343
3319 546
3320 49
3320 71
3320 518
3321 168
3321 543
3323 321
3325 190
3327 46
3329 429
3330 59
3330 214
3330 479
3331 84
3331 217
3334 129
3334 213
3334 226
3335 461
3336 512
3338 358
3339 342
3339 505
3339 515
3341 145
3343 506
3344 365
3346 190
3347 302
3348 37
3349 323
3350 367
3356 170
3360 270
3360 437
3365 303
3368 181
3368 388
3370 305
3373 67
3376 280
3378 342
3380 347
3381 313
3382 115
3382 219
3383 336
3387 371
3389 479
3391 325
3391 379
3391 411
3392 179
3393 90
3394 31
3394 330
3395 544
3399 362
3400 493
3402 462
3404 371
3407 211
3410 333
3412 245
3413 151
3413 220
3414 36
3414 161
3415 39
3415 440
3417 172
3417 220
3418 77
3418 234
3424 253
3425 417
3427 421
3427 510
3428 554
3429 422
3431 78
3431 200
3432 369
3435 236
3436 182
3439 268
3440 26
3441 175
3441 415
3444 169
3444 265
3448 318
3454 85
3454 183
3456 264
3460 398
3460 514
3460 562
3461 435
3463 293
3465 385
3466 472
3468 353
3468 529
3470 277
3472 86
3475 130
3476 307
3476 409
3480 129
3482 5
3482 417
3483 196
3484 408
3485 98
3487 80
3487 581
3492 4
3494 303
3497 271
3503 388
3507 1
3513 104
3513 405
3516 368
3516 489
3518 504
3519 340
3519 376
3522 487
3529 15
3533 558
3535 335
3539 22
3540 40
3540 480
3541 345
3541 528
3543 433
3544 444
3545 410
3546 444
3547 355
3548 222
3548 428
3549 273
3553 550
3555 93
3560 409
3560 410
3561 559
3562 379
3565 61
3566 203
3566 376
3567 145
3568 89
3568 99
3570 48
3571 527
3573 395
3578 394
3579 381
3579 383
3581 424
3582 103
3584 167
3585 13
3585 285
3585 579
3586 24
3588 32
3589 264
3590 326
3591 393
3592 408
3593 189
3594 139
3596 474
3597 249
3598 498
3599 247
3601 206
3601 384
3601 464
3605 586
3606 560
3606 567
3608 543
3609 189
3610 529
3612 570
3615 278
3616 334
3618 45
3620 365
3621 465
3624 241
3624 286
3626 106
3629 140
3630 489
3632 246
3633 198
3634 138
3637 375
3638 324
3639 419
3643 178
3644 23
3650 141
3651 83
3654 475
3655 318
3655 520
3656 107
3656 556
3658 5
3661 118
3662 444
3663 506
3664 229
3664 420
3664 498
3665 69
3666 87
3667 251
3667 407
3668 34
3672 78
3674 313
3674 420
3675 311
3676 346
3677 314
3678 343
3679 356
3680 197
3680 364
3681 275
3681 534
3682 453
3685 137
3686 52
3687 222
3689 259
3691 37
3697 260
3701 475
3702 382
3703 210
3703 385
3704 62
3705 542
3706 308
3707 371
3712 155
3712 434
3712 575
3713 382
3715 8
3715 83
3716 54
3716 510
3717 348
3721 301
3721 322
3721 390
3721 412
3727 500
3728 360
3729 543
3730 298
3731 256
3735 575
3736 200
3738 78
3740 368
3744 385
3745 107
3746 463
3747 332
3748 150
3750 15
3752 569
3755 26
3758 375
3758 457
3759 347
3762 46
3768 533
3771 18
3771 365
3772 43
3773 115
3773 428
3773 528
3774 195
3774 441
3777 274
3778 314
3778 574
3780 407
3782 141
3783 150
3783 452
3785 476
3786 427
3787 64
3787 507
3789 60
3789 543
3792 127
3792 526
3794 291
3797 274
3799 212
3800 159
3802 587
3803 57
3804 41
3804 431
3805 234
3806 61
3806 246
3807 376
3807 453
3807 586
3810 533
3811 281
3812 502
3814 218
3815 520
3816 214
3816 247
3822 388
3823 163
3825 86
3825 294
3828 387
3829 276
3830 110
3830 111
3830 555
3834 311
3836 105
3839 340
3839 416
3840 417
3841 563
3842 242
3843 427
3844 132
3844 348
3845 578
3846 529
3848 444
3853 549
3854 271
3856 546
3858 284
3859 556
3860 360
3862 78
3866 22
3869 222
3873 384
3874 478
3874 578
3879 165
3879 525
3880 509
3883 527
3885 131
3885 158
3887 46
3887 470
3888 239
3888 421
3889 349
3890 31
3892 20
3892 336
3894 233
3895 260
3898 213
3898 348
3903 71
3904 204
3905 454
3906 333
3906 338
3907 318
3913 139
3914 55
3914 351
3914 511
3914 526
3916 556
3918 298
3918 402
3920 60
3920 191
3921 89
3921 227
3922 80
3922 532
3924 379
3925 366
3931 481
3932 179
3932 322
3933 161
3934 31
3934 124
3934 465
3936 352
3938 370
3938 521
3939 82
3940 295
3943 206
3943 357
3945 193
3948 345
3949 159
3950 575
3951 337
3951 373
3953 257
3953 349
3955 72
3958 196
3961 23
3963 356
3963 581
3965 310
3966 544
3969 164
3970 22
3971 18
3975 120
3975 143
3975 502
3976 6
3980 495
3982 176
3982 283
3986 260
3988 151
3988 349
3989 97
3989 175
3992 229
3994 389
3995 467
3996 440
3999 364
4002 112
4002 230
4003 354
4007 413
4008 256
4008 436
4013 229
4015 467
4015 563
4016 170
4016 587
4018 16
4020 35
4021 577
4023 386
4030 303
4034 126
4034 359
4036 154
4040 26
4042 23
4046 405
4047 12
4047 119
4050 329
4050 395
4050 467
4052 445
4053 435
4054 155
4054 448
4058 278
4058 361
4058 539
4059 370
4060 460
4061 271
4062 256
4062 410
4065 136
4070 91
4071 396
4076 439
4078 263
4081 217
4082 299
4088 343
4089 129
4090 500
4091 302
4093 292
4093 429
4095 516
4099 182
4099 276
4103 467
4105 470
4105 550
4106 31
4109 523
4111 149
4112 434
4113 321
4114 396
4114 399
4115 235
4115 570
4116 361
4117 255
4117 298
4117 572
4119 188
4121 584
4123 281
4124 575
4125 167
4127 102
4127 111
4127 218
4128 65
4128 439
4131 367
4132 367
4133 94
4133 362
4135 417
4136 270
4136 271
4139 571
4142 481
4143 88
4145 62
4145 107
4147 378
4148 89
4149 456
4150 407
4151 559
4152 551
4154 523
4155 93
4155 273
4156 243
4158 47
4158 454
4163 162
4165 137
4166 117
4167 55
4168 540
4169 442
4169 549
4170 110
4170 214
4171 68
4171 272
4172 585
4173 152
4173 351
4173 565
4174 399
4176 309
4177 494
4178 73
4179 263
4182 214
4182 375
4184 197
4184 287
4185 360
4186 192
4186 371
4187 206
4188 440
4189 129
4189 257
4193 175
4195 467
4196 149
4196 354
4200 165
4204 128
4205 278
4208 107
4210 136
4210 442
4211 258
4212 119
4212 294
4214 19
4214 87
4214 456
4215 338
4216 327
4217 419
4217 429
4217 531
4218 387
4219 497
4224 188
4225 160
4228 214
4229 29
4229 395
4232 60
4233 495
4235 180
4238 156
4238 218
4238 269
4238 350
4240 201
4241 19
4241 308
4242 136
4242 236
4244 120
4246 116
4247 59
4249 361
4250 537
4252 474
4254 30
4254 503
4255 438
4256 108
4256 455
4257 524
4258 567
4259 171
4260 244
4262 51
4262 204
4263 510
4263 543
4266 521
4267 292
4268 444
4270 182
4271 72
4273 62
4274 31
4274 460
4277 394
4278 166
4278 495
4282 533
4285 266
4285 419
4285 499
4286 156
4288 182
4291 278
4292 39
4293 275
4293 514
4294 244
4297 272
4297 510
4299 18
4299 206
4300 273
4303 172
4304 120
4306 340
4306 412
4309 438
4309 453
4310 9
4310 211
4315 553
4319 78
4320 273
4322 315
4325 253
4325 560
4329 15
4332 398
4334 428
4335 176
4337 523
4337 581
4338 512
4340 159
4342 514
4344 195
4346 524
4349 95
4350 532
4354 397
4355 194
4356 179
4357 301
4359 152
4359 446
4360 425
4362 4
4363 285
4365 299
4366 122
4368 44
4370 396
4371 91
4374 30
4374 202
4375 368
4379 563
4380 148
4382 3
4385 94
4386 311
4388 288
4389 85
4389 119
4392 526
4396 7
4396 138
4396 210
4396 427
4397 191
4397 214
4397 369
4398 226
4400 224
4402 436
4408 323
4410 401
4415 366
4416 185
4416 525
4423 356
4424 223
4427 436
4429 109
4434 247
4439 351
4441 43
4441 260
4442 39
4442 92
4442 135
4448 43
4448 282
4448 544
4449 447
4451 339
4453 257
4454 195
4455 231
4455 463
4456 570
4457 396
4458 227
4459 117
4460 406
4461 257
4464 107
4464 151
4464 403
4464 421
4465 402
4465 576
4466 310
4469 550
4469 556
4473 564
4474 371
4477 101
4478 521
4479 524
4482 271
4486 127
4488 550
4489 485
4491 253
4493 32
4493 473
4494 131
4495 570
4496 40
4496 240
4498 124
4499 113
4499 172
4500 427
4504 536
4507 167
4508 139
4508 441
4508 550
4509 577
4511 314
4512 41
4512 576
4513 28
4513 311
4513 392
4518 130
4518 531
4520 186
4521 118
4524 169
4524 255
4527 79
4529 313
4531 518
4534 338
4535 446
4536 482
4537 166
4537 541
4542 327
4545 146
4548 125
4552 483
4554 470
4555 225
4556 81
4556 361
4558 68
4562 453
4571 533
4572 423
4573 514
4575 245
4578 208
4578 532
4579 224
4580 541
4581 262
4583 52
4583 203
4584 476
4586 157
4587 432
4589 499
4591 368
4591 442
4593 121
4593 264
4593 563
4594 257
4596 509
4598 127
4603 126
4604 535
4606 461
4608 21
4608 57
4608 305
4610 167
4611 246
4613 289
4614 269
4619 4
4619 260
4620 214
4621 450
4623 494
4625 14
4625 118
4625 376
4633 225
4635 91
4636 231
4637 387
4649 375
4652 232
4653 337
4654 449
4655 390
4660 578
4661 5
4661 293
4661 503
4662 280
4664 89
4667 23
4668 22
4669 569
4671 529
4672 1
4672 311
4674 144
4676 193
4677 519
4681 252
4682 77
4682 446
4686 235
4687 37
4688 140
4688 548
4689 136
4691 133
4693 426
4694 168
4696 144
4696 326
4697 418
4699 463
4700 559
4701 283
4702 440
4703 147
4714 570
4715 497
4716 66
4717 87
4717 340
4717 425
4718 60
4720 79
4720 161
4722 530
4723 304
4724 290
4725 359
4726 234
4726 537
4727 143
4727 527
4728 340
4730 366
4730 417
4731 177
4732 299
4740 350
4740 390
4741 434
4742 443
4743 461
4745 507
4748 475
4752 377
4753 206
4753 444
4756 261
4762 470
4762 565
4764 110
4767 210
4768 289
4769 95
4772 248
4772 561
4773 129
4775 433
4777 526
4777 533
4778 42
4782 67
4782 184
4783 157
4783 177
4785 504
4787 42
4787 105
4788 331
4789 8
4791 351
4791 419
4793 106
4793 261
4795 239
4797 186
4798 169
4798 347
4798 562
4800 560
4801 300
4802 63
4803 182
4805 192
4806 357
4806 549
4807 189
4812 50
4812 92
4812 199
4813 304
4813 547
4821 425
4822 396
4823 531
4824 42
4824 107
4824 503
4828 375
4829 292
4829 365
4831 522
4834 24
4835 265
4836 46
4838 139
4838 188
4838 479
4840 59
4840 190
4840 222
4841 471
4846 236
4846 381
4847 515
4852 425
4853 143
4856 135
4856 192
4857 7
4859 95
4859 418
4859 508
4861 243
4861 567
4865 325
4865 504
4866 6
4868 271
4868 358
4869 339
4870 481
4872 87
4872 158
4875 191
4876 96
4877 41
4878 160
4878 317
4878 377
4881 417
4885 242
4885 418
4887 387
4888 359
4888 504
4889 407
4890 562
4892 319
4895 295
4896 61
4897 412
4897 496
4898 388
4899 301
4899 497
4902 95
4902 345
4903 504
4905 92
4906 213
4907 142
4910 73
4912 296
4912 350
4912 436
4913 510
4913 559
4915 350
4917 23
4917 158
4919 129
4923 13
4923 65
4923 355
4924 113
4926 50
4927 383
4932 232
4934 146
4939 451
4942 253
4943 404
4946 243
4946 376
4947 504
4949 122
4949 344
4950 322
4951 91
4952 576
4954 58
4955 516
4957 222
4958 85
4958 556
4959 211
4961 43
4961 515
4963 314
4964 537
4966 91
4966 582
4967 328
4969 311
4973 76
4973 286
4974 32
4976 71
4977 318
4981 220
4982 159
4983 179
4984 505
4992 217
4995 184
4997 135
4999 86
5000 504
5001 317
5001 400
5002 146
5003 158
5003 516
5007 304
5008 196
5010 86
5010 215
5010 227
5010 575
5011 81
5012 114
5014 496
5014 554
5015 230
5015 466
5016 403
5018 380
5019 136
5021 316
5029 2
5029 132
5029 562
5032 136
5032 236
5033 486
5035 328
5035 334
5037 250
5038 282
5038 493
5039 451
5042 239
5043 237
5045 483
5047 204
5049 77
5049 289
5049 519
5050 398
5052 183
5055 61
5056 318
5056 353
5057 140
5060 185
5061 434
5061 495
5065 513
5066 186
5067 29
5070 126
5070 265
5072 343
5075 112
5078 294
5079 27
5079 53
5080 518
5081 93
5081 310
5082 91
5082 294
5082 315
5084 116
5086 129
5086 411
5086 482
5087 134
5088 545
5091 485
5092 264
5092 461
5093 127
5093 166
5095 35
5095 375
5096 196
5098 399
5098 508
5099 79
5102 280
5103 410
5104 460
5105 302
5105 472
5107 228
5109 181
5116 543
5123 204
5125 411
5127 35
5131 36
5132 314
5133 122
5134 378
5134 421
5135 378
5136 510
5137 291
5138 465
5139 52
5141 158
5144 80
5145 9
5146 578
5147 380
5147 396
5153 379
5154 77
5154 78
5156 148
5157 151
5157 359
5158 49
5158 90
5159 372
5162 32
5162 451
5162 557
5168 365
5170 93
5170 222
5170 348
5173 11
5174 290
5176 532
5177 29
5177 116
5178 211
5179 310
5180 502
5181 514
5181 558
5182 388
5183 66
5183 298
5186 304
5187 388
5189 115
5192 491
5193 131
5194 486
5195 143
5198 485
5199 281
5200 291
5200 499
5203 221
5207 406
5207 555
5208 91
5212 453
5213 141
5216 30
5218 368
5219 112
5219 231
5219 298
5222 279
5232 266
5236 110
5238 253
5239 436
5240 533
5243 397
5243 577
5247 146
5247 394
5249 503
5251 508
5253 271
5254 401
5254 428
5256 503
5257 152
5257 193
5258 337
5261 246
5261 355
5261 556
5269 96
5269 218
5270 293
5271 198
5274 412
5276 169
5278 250
5278 360
5278 382
5279 460
5283 260
5284 273
5288 61
5288 206
5289 109
5292 112
5292 180
5292 269
5293 581
5294 13
5294 457
5295 296
5296 36
5296 52
5298 406
5299 438
5303 51
5306 150
5307 314
5308 34
5309 88
5309 504
5310 469
5311 554
5312 67
5312 224
5314 235
5314 481
5315 459
5316 583
5318 96
5326 291
5326 341
5326 361
5327 474
5333 467
5341 313
5342 137
5343 447
5344 127
5344 287
5346 392
5348 429
5349 362
5350 523
5350 570
5351 426
5355 284
5355 365
5355 465
5358 276
5359 517
5360 357
5360 526
5362 433
5362 491
5362 531
5366 38
5367 173
5368 233
5370 10
5370 35
5375 325
5376 201
5377 209
5383 462
5384 5
5384 290
5386 426
5387 325
5388 264
5388 339
5388 458
5389 59
5389 430
5392 210
5393 102
5401 255
5403 219
5407 512
5408 352
5408 418
5411 349
5411 352
5411 474
5415 4
5415 86
5419 569
5421 68
5423 27
5423 418
5423 466
5425 305
5431 89
5431 300
5433 452
5436 513
5441 361
5444 452
5447 208
5447 213
5449 131
5450 29
5451 255
5457 413
5459 349
5460 308
5466 192
5466 331
5467 22
5472 252
5472 413
5472 457
5473 315
5473 349
5477 8
5479 268
5480 384
5480 486
5483 204
5485 301
5488 411
5489 33
5489 412
5489 523
5490 381
5492 381
5493 37
5493 82
5493 548
5497 74
5503 404
5503 462
5504 6
5505 63
5509 236
5511 235
5512 105
5515 160
5515 322
5515 435
5516 160
5521 227
5523 372
5529 77
5532 44
5534 30
5534 311
5534 556
5535 336
5536 578
5537 168
5537 523
5538 311
5540 99
5544 241
5544 471
5545 237
5546 107
5546 378
5547 334
5549 548
5550 121
5553 375
5553 420
5553 517
5554 127
5554 338
5557 538
5558 83
5560 459
5564 584
5566 369
5567 14
5568 479
5572 339
5573 270
5577 368
5580 207
5581 347
5582 35
5583 547
5584 405
5585 204
5586 122
5590 117
5590 390
5591 39
5593 189
5593 504
5594 226
5595 121
5595 584
5596 479
5597 132
5598 33
5600 239
5605 213
5605 406
5609 535
5610 284
5611 97
5613 496
5614 201
5614 248
5624 583
5626 270
5627 312
5628 113
5630 362
5632 153
5635 219
5638 171
5641 22
5642 489
5643 87
5643 566
5645 36
5645 522
5650 508
5652 296
5653 506
5654 134
5655 361
5657 159
5661 385
5663 136
5665 26
5667 242
5667 313
5673 388
5673 401
5676 225
5677 31
5677 348
5677 354
5678 464
5679 236
5681 225
5682 486
5683 170
5684 275
5684 530
5685 217
5687 406
5690 130
5690 133
5691 303
5692 128
5692 165
5692 279
5693 63
5694 133
5699 302
5699 580
5703 431
5704 320
5704 431
5705 18
5705 514
5706 29
5707 424
5707 542
5710 151
5710 305
5712 153
5714 24
5714 226
5716 417
5718 466
5719 14
5720 87
5721 362
5725 251
5729 344
5731 171
5733 579
5736 72
5739 55
5739 342
5740 116
5741 104
5742 372
5742 407
5744 40
5748 211
5748 231
5748 274
5748 516
5749 181
5752 233
5752 441
5753 254
5753 570
5754 36
5754 55
5755 376
5755 483
5756 415
5762 99
5762 537
5765 461
5766 2
5766 103
5766 236
5772 73
5773 545
5774 156
5774 569
5777 13
5777 540
5778 509
5779 94
5780 433
5781 234
5784 279
5789 256
5790 216
5792 76
5793 391
5794 458
5800 157
5800 194
5801 197
5802 380
5802 516
5807 462
5808 227
5809 29
5809 416
5814 463
5820 110
5821 318
5821 325
5822 80
5822 540
5825 20
5827 27
5828 389
5829 215
5831 520
5832 68
5834 41
5840 134
5840 577
5841 151
5841 346
5842 277
5843 199
5844 203
5848 444
5850 535
5852 442
5853 289
5853 291
5853 502
5853 577
5854 309
5856 264
5856 473
5857 20
5857 107
5857 180
5860 141
5866 509
5867 507
5869 341
5874 479
5875 66
5879 15
5880 232
5880 245
5883 84
5883 202
5884 315
5884 451
5884 477
5886 136
5888 381
5890 135
5893 197
5893 370
5894 34
5895 7
5895 261
5896 262
5897 370
5897 493
5898 502
5900 345
5901 490
5903 266
5904 206
5905 204
5906 30
5906 60
5907 349
5911 127
5912 192
5914 229
5915 195
5915 452
5918 182
5918 370
5918 521
5920 106
5925 69
5926 515
5928 46
5929 137
5929 348
5931 87
5932 82
5933 277
5935 62
5935 312
5936 491
5936 559
5938 72
5939 497
5939 577
5944 400
5945 402
5946 186
5948 559
5949 449
5950 185
5951 8
5953 372
5954 536
5957 66
5959 216
5962 334
5966 449
5966 511
5968 518
5969 466
5971 485
5972 166
5972 337
5974 345
5975 52
5975 217
5976 247
5979 27
5980 379
5982 257
5984 523
5986 176
5986 271
5988 122
5988 585
5989 32
5989 431
5990 179
5990 364
5991 192
5993 275
5998 494
5998 539
5998 567
5999 455
5999 556
6001 488
6001 535
6001 563
6002 492
6003 460
6004 245
6004 454
6004 537
6006 65
6006 413
6007 578
6008 314
6009 542
6010 125
6013 157
6016 492
6018 229
6020 430
6024 67
6028 15
6028 43
6033 100
6033 585
6034 166
6034 268
6039 411
6040 399
6040 424
6042 286
6043 264
6046 10
6046 163
6046 558
6049 148
6051 558
6054 296
6055 168
6058 405
6059 234
6059 265
6059 283
6059 421
6062 220
6062 260
6063 495
6065 135
6065 469
6068 290
6069 3
6069 514
6071 60
6072 308
6072 458
6073 253
6073 291
6074 62
6077 167
6082 99
6082 106
6082 563
6085 147
6087 452
6095 465
6096 361
6098 406
6099 452
6099 520
6103 126
6103 567
6105 104
6105 241
6106 160
6106 243
6108 198
6108 242
6112 521
6113 204
6113 433
6114 331
6114 441
6115 157
6116 323
6121 454
6122 379
6124 260
6125 302
6126 96
6128 32
6128 503
6130 367
6133 423
6134 145
6137 360
6138 582
6140 546
6146 110
6146 169
6146 295
6146 341
6147 399
6147 488
6147 513
6147 557
6150 525
6155 402
6159 171
6159 240
6163 421
6164 477
6165 385
6165 443
6166 279
6168 249
6169 34
6170 217
6172 207
6172 369
6174 319
6175 562
6176 4
6176 508
6178 173
6179 148
6180 222
6181 234
6181 348
6182 120
6183 199
6183 578
6184 407
6186 215
6188 326
6189 487
6192 65
6194 557
6197 369
6198 59
6198 194
6199 292
6200 26
6203 191
6203 340
6205 505
6205 584
6206 120
6208 513
6210 94
6213 16
6214 285
6216 348
6218 117
6218 459
6221 395
6223 1
6225 140
6229 329
6232 104
6232 242
6232 259
6234 128
6234 281
6235 65
6235 399
6236 6
6237 53
6239 113
6239 547
6240 125
6240 356
6243 73
6244 354
6246 401
6251 555
6252 515
6253 69
6255 394
6256 507
6257 451
6257 555
6259 35
6260 286
6260 501
6265 293
6266 479
6267 497
6267 531
6268 198
6269 489
6273 4
6274 323
6274 425
6275 226
6275 325
6276 354
6276 426
6278 11
6278 130
6281 4
6281 379
6282 482
6283 346
6285 36
6286 28
6288 40
6290 218
6290 317
6293 220
6294 318
6295 96
6295 351
6296 260
6296 489
6298 191
6298 419
6300 488
6302 142
6304 308
6305 527
6312 310
6313 8
6313 60
6313 340
6315 527
6319 107
6320 123
6320 492
6321 22
6321 369
6321 374
6322 13
6322 415
6322 533
6323 22
6325 77
6325 281
6326 273
6331 468
6333 400
6334 203
6339 59
6340 180
6340 395
6345 265
6347 454
6350 38
6350 167
6353 518
6355 90
6355 228
6356 506
6357 585
6358 99
6360 87
6360 475
6362 360
6363 200
6365 98
6365 510
6369 479
6370 64
6371 71
6372 223
6372 308
6373 327
6376 66
6376 79
6379 28
6381 428
6383 323
6384 544
6386 225
6386 353
6386 361
6389 364
6393 336
6394 375
6394 465
6395 349
6398 480
6401 342
6401 399
6403 201
6403 304
6404 121
6404 569
6405 5
6405 24
6405 350
6406 305
6407 126
6409 148
6412 342
6415 223
6416 580
6418 308
6418 496
6419 365
6421 138
6422 208
6427 512
6428 342
6428 485
6429 331
6431 262
6432 547
6433 24
6433 391
6434 95
6435 571
6438 229
6440 515
6441 328
6443 11
6443 158
6445 11
6445 379
6446 279
6447 295
6448 241
6449 106
6450 146
6451 182
6453 106
6454 326
6454 385
6457 537
6458 6
6458 444
6459 253
6460 448
6462 94
6462 172
6463 142
6464 511
6465 385
6468 508
6469 205
6471 516
6473 344
6475 268
6479 164
6479 386
6479 399
6479 413
6482 48
6482 185
6483 137
6488 317
6490 531
6491 171
6493 365
6495 210
6495 365
6497 480
6499 565
6505 480
6506 244
6506 551
6507 92
6509 16
6509 331
6509 426
6509 527
6511 498
6513 567
6514 159
6515 331
6518 228
6519 210
6520 30
6521 167
6521 310
6524 113
6524 174
6528 139
6530 152
6531 35
6531 566
6532 482
6533 535
6534 457
6536 204
6536 568
6537 135
6537 250
6537 310
6539 30
6539 198
6539 287
6540 347
6545 231
6547 334
6547 351
6547 475
6547 538
6548 34
6549 393
6551 106
6551 560
6552 259
6552 510
6554 311
6556 14
6556 135
6556 397
6557 48
6562 22
6562 242
6563 395
6563 473
6565 437
6566 133
6567 506
6568 575
6569 57
6569 266
6572 347
6573 445
6577 258
6579 316
6582 28
6583 346
6586 292
6588 23
6588 154
6589 146
6589 292
6589 460
6591 422
6595 175
6595 330
6597 401
6599 33
6599 202
6603 313
6603 456
6604 454
6610 68
6611 92
6612 159
6613 55
6614 245
6615 485
6618 431
6618 457
6619 308
6620 61
6621 108
6621 114
6621 534
6622 549
6622 555
6623 395
6624 84
6624 521
6628 389
6630 289
6631 433
6633 413
6634 147
6635 143
6637 285
6638 570
6639 18
6642 387
6642 474
6643 485
6644 9
6644 117
6646 16
6649 342
6651 56
6652 511
6655 217
6655 339
6658 497
6659 101
6660 169
6661 87
6661 557
6662 563
6664 333
6665 335
6665 366
6666 5
6667 178
6668 220
6668 549
6673 6
6673 254
6674 359
6677 266
6678 516
6679 49
6679 163
6680 378
6680 580
6682 179
6682 326
6683 179
6683 438
6684 361
6685 345
6686 333
6687 506
6688 476
6689 79
6689 389
6690 321
6690 340
6691 107
6693 230
6696 20
6697 526
6698 455
6699 100
6699 172
6700 183
6702 508
6703 249
6703 441
6707 115
6708 17
6710 358
6711 45
6712 225
6714 131
6722 297
6725 538
6728 144
6730 43
6731 479
6732 281
6733 230
6736 470
6738 502
6739 277
6741 263
6742 12
6745 438
6746 199
6750 315
6750 403
6751 456
6751 485
6752 460
6753 232
6754 42
6756 224
6756 484
6757 376
6758 469
6761 400
6762 537
6764 27
6764 573
6767 460
6768 250
6768 289
6768 301
6769 229
6772 274
6772 286
6773 171
6773 296
6774 202
6774 516
6775 148
6776 38
6776 384
6777 196
6779 380
6780 438
6781 39
6781 270
6782 303
6782 316
6783 226
6790 328
6791 58
6791 73
6792 443
6794 486
6795 287
6797 328
6800 22
6800 240
6800 545
6801 460
6801 520
6803 263
6806 548
6807 210
6808 400
6808 448
6808 511
6810 229
6811 516
6813 548
6815 202
6817 318
6817 412
6817 480
6819 3
6819 47
6823 88
6824 563
6826 186
6827 415
6827 433
6830 131
6833 12
6835 171
6836 563
6840 146
6843 481
6844 11
6844 73
6846 291
6847 168
6848 405
6849 354
6855 29
6860 7
6860 17
6862 132
6863 53
6863 278
6863 354
6863 434
6865 170
6865 193
6867 434
6869 377
6869 567
6870 276
6873 295
6875 407
6875 546
6875 574
6876 128
6878 349
6878 415
6880 450
6881 569
6886 155
6888 221
6889 226
6890 577
6892 45
6892 520
6892 562
6894 258
6896 431
6898 40
6900 188
6902 125
6902 260
6903 398
6904 75
6905 79
6905 256
6908 516
6909 361
6912 57
6912 305
6913 174
6913 205
6919 499
6921 264
6924 525
6925 499
6926 208
6928 71
6928 302
6929 119
6930 390
6933 502
6938 336
6938 371
6939 481
6942 207
6944 78
6944 480
6948 491
6948 569
6951 379
6953 84
6953 464
6954 474
6955 438
6957 218
6959 308
6961 573
6963 392
6963 446
6964 239
6964 440
6965 143
6965 432
6966 490
6968 218
6970 55
6974 201
6975 296
6976 202
6980 172
6980 192
6983 310
6984 261
6986 476
6989 434
6990 92
6993 90
6993 399
6993 543
6995 451
6997 440
6998 283
7000 23
7005 249
7005 257
7008 563
7009 193
7010 455
7010 546
7012 41
7013 344
7013 349
7017 108
7017 185
7017 346
7019 513
7022 127
7022 256
7023 32
7023 228
7026 506
7028 37
7029 297
7030 56
7030 307
7031 241
7031 550
7032 359
7032 403
7034 296
7038 450
7039 196
7039 415
7040 227
7040 441
7046 32
7047 450
7049 572
7052 157
7055 105
7056 468
7060 48
7064 22
7064 73
7064 241
7069 82
7069 138
7070 188
7070 314
7070 330
7070 423
7070 558
7073 25
7075 139
7075 555
7077 40
7080 368
7082 351
7084 68
7085 21
7085 319
7085 562
7088 159
7089 130
7090 563
7091 73
7091 312
7091 369
7091 583
7093 280
7095 289
7096 343
7097 535
7098 552
7099 429
7100 110
7100 395
7102 120
7103 532
7108 537
7111 356
7113 546
7115 117
7115 409
7116 123
7118 61
7118 171
7121 39
7125 423
7126 220
7126 380
7128 318
7131 16
7133 396
7134 559
7136 59
7137 75
7137 171
7139 40
7139 80
7139 545
7142 90
7145 494
7146 420
7147 198
7149 440
7150 430
7152 204
7152 499
7153 260
7154 55
7155 573
7158 350
7159 6
7160 148
7163 252
7164 329
7164 348
7166 538
7167 1
7167 51
7169 425
7171 491
7172 193
7174 461
7176 419
7177 200
7178 110
7178 427
7179 341
7184 291
7184 537
7187 191
7187 270
7187 460
7188 176
7189 99
7189 407
7189 503
7191 194
7192 250
7193 582
7194 249
7195 270
7197 118
7197 400
7200 303
7202 353
7204 511
7204 567
7204 575
7205 566
7207 8
7207 345
7209 487
7213 77
7217 472
7218 144
7220 335
7220 484
7223 104
7225 354
7226 400
7226 514
7229 342
7230 321
7231 156
7231 477
7232 103
7232 481
7233 360
7234 120
7237 4
7237 485
7238 208
7238 298
7238 400
7239 207
7240 271
7241 320
7242 59
7244 368
7245 410
7247 430
7248 256
7250 132
7251 225
7251 254
7251 325
7252 53
7252 174
7254 496
7259 288
7259 371
7260 543
7261 433
7262 208
7262 360
7264 583
7266 435
7271 234
7273 495
7281 259
7281 348
7281 370
7282 453
7283 120
7284 292
7285 568
7287 565
7290 5
7294 453
7294 586
7295 558
7296 84
7297 158
7297 266
7298 6
7300 322
7300 419
7300 564
7301 505
7304 277
7305 133
7307 464
7308 35
7309 124
7312 278
7314 107
7318 308
7320 153
7320 233
7320 252
7320 305
7320 354
7323 126
7323 448
7323 490
7324 352
7324 364
7326 229
7326 232
7330 9
7330 463
7333 542
7334 488
7337 201
7339 555
7340 39
7340 355
7341 59
7342 93
7342 109
7348 8
7348 175
7348 250
7348 571
7350 229
7351 415
7352 222
7352 246
7353 347
7354 132
7356 20
7356 438
7357 115
7358 246
7359 282
7359 286
7366 543
7367 105
7367 270
7370 322
7372 188
7372 365
7374 422
7378 52
7379 453
7384 219
7386 274
7387 113
7388 357
7391 220
7391 265
7391 396
7394 272
7398 204
7402 566
7410 374
7412 8
7413 335
7414 378
7414 586
7418 445
7419 326
7421 126
7423 330
7425 253
7426 63
7426 510
7427 484
7429 71
7429 93
7429 374
7430 494
7430 541
7435 13
7440 577
7442 251
7446 280
7447 33
7453 142
7454 269
7454 427
7454 566
7456 359
7456 399
7458 138
7458 280
7458 472
7459 142
7459 261
7460 474
7460 550
7461 77
7462 107
7462 298
7464 55
7466 223
7468 491
7469 460
7470 94
7470 336
7471 68
7471 476
7473 503
7474 119
7474 560
7477 260
7478 44
7481 470
7483 373
7483 529
7486 247
7492 284
7493 511
7494 300
7498 368
7499 171
7500 104
7500 219
7501 26
7503 503
7505 345
7506 409
7506 455
7507 107
7514 303
7515 24
7516 422
7517 181
7519 474
7520 360
7520 530
7521 291
7521 481
7522 124
7522 259
7526 431
7527 99
7527 375
7527 443
7527 586
7530 262
7530 540
7531 20
7532 538
7538 96
7539 579
7540 40
7541 437
7542 100
7543 533
7544 498
7545 292
7545 392
7545 555
7548 409
7548 492
7549 328
7550 58
7550 224
7550 331
7552 179
7553 10
7553 236
7553 477
7553 516
7554 110
7554 132
7555 178
7557 44
7559 521
7562 517
7563 205
7565 65
7568 159
7568 539
7569 495
7570 54
7571 512
7572 27
7572 182
7574 20
7576 425
7578 115
7579 151
7580 99
7580 532

