8595 5290 1901
1 1
13 1894
18 5184
30 2336
39 3155
42 3228
42 4991
58 4630
65 1043
68 2450
70 3502
73 4712
76 4696
87 3305
87 5243
89 2573
93 954
98 2048
99 3581
103 3767
107 1414
107 5035
109 4044
112 875
112 3071
115 4266
117 1272
132 5158
136 4455
137 5088
158 763
162 4737
163 2271
175 3480
177 4609
187 5158
189 2786
190 3959
190 5232
194 4616
201 527
212 1209
224 3475
231 2770
232 2845
237 1960
240 731
249 3801
255 2874
258 1787
259 778
260 181
284 4461
289 521
289 654
291 2818
294 4574
296 2965
296 5272
304 1750
305 4571
320 1033
324 1862
327 4180
329 4398
330 4599
333 2310
342 3436
343 2614
347 3947
348 467
352 1616
353 1738
357 2318
359 1427
382 570
382 1338
382 2270
384 3453
385 2613
385 4067
388 788
390 304
399 2758
404 4420
416 31
421 460
422 3117
438 2410
442 560
442 4421
450 1449
453 3398
456 1106
469 2065
478 3049
481 4138
482 5243
484 1007
485 5058
486 2414
497 3374
501 4705
503 3026
505 1718
508 172
525 649
544 2153
544 3175
544 4519
547 4118
547 4658
550 5196
553 3078
554 5248
561 2570
564 1388
565 4380
580 556
582 2797
584 4211
586 4522
605 3429
618 1850
625 4647
635 674
635 2339
637 4456
639 486
640 237
654 2920
667 4137
668 1468
675 3671
687 3784
689 3417
692 762
692 3697
693 15
696 3549
701 1990
709 1107
709 3302
710 1010
711 965
717 3712
721 361
723 2485
725 4118
729 3391
732 1824
732 2638
737 3984
750 4011
754 1904
756 1882
763 1527
766 3111
769 1534
777 1048
781 4248
799 4200
806 2450
812 2371
812 2955
812 3415
813 4293
813 4738
814 1305
814 2605
815 1920
815 2037
817 3663
818 923
847 888
847 4755
850 2731
851 889
858 2870
860 1790
866 4955
867 4162
869 239
871 3405
872 4497
875 250
876 3027
881 1142
884 4224
885 2975
888 3188
889 3360
893 4109
901 606
920 2028
922 5133
927 2296
929 4712
932 51
934 1917
950 2116
951 197
952 1597
953 84
953 5072
955 2730
957 3830
959 2835
978 2830
987 5171
991 3425
994 1012
998 2100
1011 2117
1012 3646
1014 3475
1030 1057
1031 4394
1033 529
1039 832
1041 4222
1043 3553
1044 2828
1045 4192
1046 2117
1052 2574
1057 2805
1059 3218
1064 843
1065 1530
1072 676
1073 3182
1079 88
1081 3964
1082 403
1091 739
1092 2736
1097 1945
1107 2022
1111 3116
1123 3257
1137 3890
1143 469
1144 2521
1147 5199
1150 2684
1152 1492
1161 2409
1168 237
1172 615
1172 4973
1174 3934
1184 599
1189 4026
1193 2014
1193 2591
1193 2990
1198 1555
1201 1644
1202 2626
1209 323
1214 752
1221 1072
1227 2842
1233 2663
1235 705
1235 2427
1248 4059
1255 4241
1257 2108
1269 3694
1270 2658
1273 3588
1277 3271
1293 1364
1295 2813
1295 4167
1301 4399
1302 3109
1305 2105
1305 2554
1309 2676
1309 4970
1310 1389
1320 4961
1323 4181
1327 2165
1336 324
1336 1170
1336 2845
1338 3785
1340 5113
1355 4894
1359 457
1371 1811
1376 2460
1383 3597
1390 3940
1391 2029
1396 298
1400 3618
1408 387
1409 4677
1420 4347
1426 1345
1430 2542
1433 2121
1441 2223
1457 3181
1458 3654
1459 4544
1465 4707
1469 299
1470 4830
1472 4025
1488 1167
1489 2856
1489 4352
1490 4437
1491 610
1496 475
1500 1135
1506 2196
1507 2237
1512 832
1517 4709
1526 3780
1530 1195
1533 868
1535 5076
1541 4928
1545 1643
1560 1518
1574 4366
1576 953
1581 928
1582 561
1584 3470
1588 858
1590 2540
1595 2541
1608 504
1611 1213
1613 416
1631 2972
1637 479
1637 2624
1638 3430
1653 3479
1660 4731
1664 2953
1664 3802
1681 2074
1688 1293
1705 3338
1711 1736
1716 1347
1719 766
1719 3170
1719 4906
1719 5062
1720 2626
1721 4828
1724 1740
1734 449
1734 3144
1746 3637
1749 2829
1749 4018
1750 368
1750 2335
1760 2338
1763 805
1763 2639
1765 1548
1765 3811
1767 1340
1770 1224
1771 3909
1778 2297
1795 3000
1798 4377
1798 5068
1811 568
1814 719
1829 3628
1831 535
1835 4902
1836 3961
1837 4769
1841 4145
1844 2026
1851 3163
1859 275
1859 2779
1859 3915
1860 291
1861 3706
1861 4512
1875 4249
1892 1977
1897 3675
1898 1311
1906 1770
1912 3450
1913 988
1914 4955
1915 4223
1928 5179
1935 3190
1935 5184
1952 360
1952 1007
1955 409
1959 3529
1962 942
1969 2742
1974 3917
1981 4465
1984 3539
1985 1172
1997 2481
2002 4671
2013 279
2020 6
2020 3030
2022 959
2023 1363
2024 1835
2026 2787
2032 1186
2033 1226
2033 1519
2033 2457
2052 347
2059 4465
2062 2901
2066 663
2069 221
2073 5115
2076 4386
2077 1554
2077 2707
2087 4409
2089 4965
2090 1384
2093 712
2093 1836
2096 2327
2099 335
2103 3640
2108 2564
2124 1891
2128 1684
2134 3566
2135 990
2138 1686
2138 3630
2138 4039
2141 4104
2147 3178
2150 2854
2151 1209
2154 4228
2159 3558
2161 2474
2163 4707
2164 4479
2170 4171
2177 1540
2182 3289
2185 2232
2191 839
2193 1293
2212 3253
2219 4632
2221 4042
2225 146
2226 633
2229 4202
2231 1092
2241 899
2244 451
2246 4641
2249 1545
2261 2620
2263 696
2265 5128
2266 209
2268 4191
2275 1836
2279 5233
2283 843
2283 931
2283 1929
2298 4811
2299 2660
2301 2450
2302 3690
2304 4374
2305 427
2309 215
2314 1596
2315 1802
2321 2928
2334 398
2338 1130
2343 2288
2348 2708
2350 1508
2352 4718
2356 2995
2366 2759
2369 343
2373 1255
2384 61
2386 598
2388 286
2389 2001
2390 189
2394 2635
2401 574
2407 455
2413 3440
2414 206
2414 4907
2415 276
2418 2589
2422 1723
2426 2678
2430 2279
2434 3495
2438 4789
2441 3414
2442 124
2443 2959
2445 2074
2448 1609
2452 2807
2460 1495
2473 1492
2500 337
2502 745
2506 725
2510 2262
2518 3782
2525 380
2526 2822
2526 3682
2530 3714
2531 2918
2531 3949
2534 1056
2536 1271
2538 4259
2539 526
2539 1160
2540 4503
2541 3642
2556 4170
2557 611
2559 4611
2574 61
2575 3013
2578 245
2583 3592
2583 4222
2587 5082
2592 2553
2593 5233
2595 4465
2604 4953
2605 778
2610 1305
2610 3713
2616 1645
2625 198
2629 2346
2632 1173
2632 4428
2633 2931
2633 2973
2633 3146
2637 1480
2638 5173
2642 1534
2649 2424
2658 4977
2667 3401
2669 4598
2669 4749
2679 1431
2679 3863
2684 3900
2686 4170
2692 400
2698 5127
2700 3833
2701 1478
2702 1889
2703 734
2705 6
2705 4916
2710 5087
2712 4768
2720 1297
2720 4786
2722 3793
2722 4090
2724 2765
2727 307
2730 3937
2731 763
2731 5198
2736 5084
2737 1424
2743 3935
2743 4637
2752 5242
2754 503
2754 2657
2754 3368
2754 3884
2755 106
2758 1627
2759 3084
2760 4368
2762 2528
2772 1721
2773 3522
2773 5282
2781 4795
2787 2198
2796 1106
2797 254
2798 2378
2798 3018
2798 4710
2800 1195
2801 4401
2803 3177
2810 2866
2810 4935
2812 727
2815 4829
2817 4075
2818 458
2823 5179
2825 3315
2828 3607
2829 1113
2833 725
2838 1241
2840 4491
2841 684
2844 3307
2844 4963
2846 3337
2848 5093
2861 1301
2865 3578
2866 3231
2870 4210
2876 483
2900 1368
2900 2723
2908 4714
2921 3587
2922 3332
2923 2618
2932 1791
2932 3669
2934 3650
2938 5184
2943 454
2943 3616
2948 2918
2952 407
2952 1541
2966 3724
2974 403
2976 1655
2980 3741
2982 1829
2982 2608
2985 3903
2985 4269
2987 4760
2988 38
2994 2926
2996 3020
2997 1363
2999 1030
3005 5010
3006 66
3017 4060
3018 3889
3018 4864
3020 5267
3027 1167
3031 4597
3031 4598
3043 2716
3044 388
3044 1623
3048 1431
3049 2116
3053 1729
3053 5176
3061 448
3062 779
3062 1167
3072 4842
3073 3972
3087 3157
3088 3254
3090 1567
3097 1804
3101 3069
3102 1383
3105 1
3109 5073
3112 153
3124 1010
3126 5231
3136 2511
3137 72
3137 965
3141 313
3145 4003
3163 2936
3175 2355
3191 150
3198 906
3204 2412
3205 1342
3206 986
3215 613
3216 2221
3222 3080
3226 1809
3235 546
3237 44
3237 3162
3238 1659
3242 3525
3244 1394
3249 5047
3254 2756
3257 2269
3259 3429
3264 3762
3266 3992
3269 3326
3308 1716
3310 3776
3327 2
3333 3796
3336 633
3337 4778
3340 4088
3341 5091
3343 2817
3343 3408
3347 469
3351 1616
3352 3672
3354 2403
3381 4961
3385 2957
3387 1837
3388 2975
3393 3931
3394 4060
3403 2460
3404 5089
3408 973
3413 3545
3416 1461
3421 3692
3426 2852
3428 2356
3431 1241
3431 1571
3438 302
3441 5102
3444 1460
3445 5158
3457 3514
3458 3732
3459 3246
3459 3949
3460 1012
3471 3898
3472 3776
3475 68
3475 2464
3477 4971
3487 2998
3488 3817
3490 3393
3506 4537
3507 5072
3510 3011
3516 2993
3520 3989
3526 1149
3530 2993
3541 4171
3548 3433
3551 4168
3553 4934
3555 2874
3558 3077
3559 1840
3583 57
3588 3963
3594 3719
3604 4517
3606 4527
3606 5057
3611 4024
3613 1586
3613 4133
3614 1985
3622 634
3625 2441
3625 3503
3625 4336
3631 3485
3634 3866
3638 4971
3649 786
3658 1713
3663 3997
3664 5222
3666 2711
3671 3663
3674 4327
3675 4530
3679 3938
3680 246
3683 3791
3692 1451
3695 4991
3708 3359
3709 3499
3716 2613
3723 1952
3723 2616
3723 5204
3725 4207
3726 4860
3727 1103
3731 456
3734 632
3735 5193
3737 3260
3759 3144
3760 4988
3765 1104
3780 2415
3780 3150
3787 5148
3788 72
3789 3460
3797 5110
3800 954
3814 3086
3814 4993
3815 5135
3817 3881
3817 4661
3822 4588
3827 2873
3835 2949
3836 1214
3843 4167
3844 1876
3844 3348
3844 3893
3856 3304
3863 895
3869 3457
3875 602
3877 517
3879 2709
3881 4810
3882 1761
3889 366
3892 2459
3906 1231
3907 461
3911 1790
3920 807
3920 2407
3934 5200
3941 4212
3943 1990
3954 282
3955 3707
3957 2747
3958 1569
3961 1963
3966 2053
3969 1108
3970 1633
3973 4494
3980 2590
3982 544
3982 691
3982 1013
3990 57
3990 5191
3993 2598
3993 3253
3999 2237
3999 4295
4000 4685
4014 80
4015 2017
4018 2247
4018 4224
4021 62
4026 814
4030 1971
4032 1028
4033 1307
4036 713
4037 3622
4039 3640
4042 2679
4054 5179
4058 5281
4066 2071
4067 2283
4068 2161
4071 1184
4072 3831
4082 5277
4097 1723
4100 2656
4102 3197
4115 4287
4117 2871
4117 3846
4119 2330
4122 1515
4133 4534
4136 1565
4137 4410
4139 4118
4140 417
4142 2066
4146 2288
4148 763
4153 3932
4167 3220
4168 2332
4182 3103
4183 2473
4194 3475
4196 3854
4210 4357
4213 3933
4215 223
4218 1656
4220 1942
4221 3092
4233 2821
4235 453
4236 3803
4239 1553
4242 4399
4247 1967
4248 2392
4255 3528
4256 2171
4259 3234
4261 4161
4264 1893
4268 2102
4271 85
4283 1654
4294 3364
4300 1488
4301 923
4303 1881
4313 1772
4316 236
4319 3785
4319 4445
4320 762
4321 5023
4323 2631
4331 716
4333 1635
4335 5102
4343 1256
4349 3169
4351 5214
4359 4731
4361 1880
4363 2009
4370 3560
4375 650
4376 4956
4380 362
4383 2136
4386 89
4389 3726
4390 1198
4393 912
4397 4506
4400 2437
4401 4200
4401 4554
4404 1148
4407 1386
4407 1633
4407 3586
4411 4627
4418 3701
4423 4962
4433 3812
4434 5248
4435 3555
4438 3213
4439 2060
4445 499
4449 305
4454 4147
4456 3441
4460 4048
4461 3935
4484 4156
4485 889
4493 98
4496 735
4496 1201
4497 2484
4508 777
4517 4991
4518 66
4519 2940
4524 1505
4524 1753
4524 4118
4529 985
4536 1160
4537 3385
4543 4540
4558 1583
4566 2076
4570 773
4571 1604
4578 2930
4581 1162
4585 4939
4595 5219
4596 1536
4597 999
4601 3461
4603 1740
4604 2886
4605 5089
4608 1767
4630 5227
4631 2685
4634 4129
4637 1138
4642 1982
4644 739
4647 3971
4653 2303
4674 490
4687 772
4691 96
4692 1938
4696 4548
4698 3708
4700 2600
4707 4570
4709 960
4720 362
4720 1445
4730 3011
4733 2426
4735 1162
4757 3523
4758 76
4759 1440
4762 1543
4779 1637
4780 2492
4795 5184
4805 5128
4825 2380
4830 1583
4833 1892
4833 1915
4833 5121
4835 760
4837 695
4851 1183
4855 4404
4859 3059
4860 982
4866 4027
4876 4489
4885 1192
4885 1898
4887 5178
4888 298
4898 798
4898 1841
4902 990
4902 4014
4907 538
4909 4236
4911 1815
4916 396
4926 1878
4934 5005
4937 4181
4947 3078
4949 1672
4950 219
4952 2774
4953 1080
4959 783
4959 2215
4960 1474
4964 3779
4990 206
4993 4133
5005 3453
5014 1287
5016 1757
5017 4291
5020 4683
5031 729
5031 1039
5035 2651
5041 334
5041 1909
5041 5108
5042 2417
5053 2079
5060 551
5069 387
5073 54
5078 5198
5082 3200
5090 699
5090 4748
5091 2532
5091 4506
5094 1896
5097 494
5101 1387
5103 5234
5114 3950
5116 4062
5121 824
5129 2214
5131 1908
5146 1236
5149 3948
5164 863
5166 3891
5170 140
5173 3840
5174 4331
5180 2501
5182 2239
5187 375
5196 4474
5206 2200
5206 2878
5207 649
5207 2851
5209 3982
5214 3938
5217 3397
5220 774
5226 3053
5227 2089
5229 2225
5230 2813
5234 55
5246 1912
5249 4731
5255 3765
5275 663
5288 19
5288 1561
5289 606
5303 3489
5308 3503
5309 957
5312 927
5320 684
5320 757
5328 946
5334 2975
5334 3538
5343 2898
5345 4236
5355 169
5356 842
5363 3716
5373 2073
5376 1881
5385 2321
5385 3240
5387 149
5396 3629
5408 1027
5413 1784
5413 5124
5414 2427
5414 3290
5421 2208
5438 3514
5438 3964
5441 2140
5455 3095
5464 504
5470 77
5471 824
5473 2859
5481 760
5487 626
5487 2115
5492 4087
5500 1648
5518 4057
5520 5284
5529 3995
5534 3710
5537 1239
5542 2076
5545 3147
5558 1555
5564 1038
5565 3643
5566 4304
5573 3064
5588 2215
5590 2911
5593 1815
5594 2676
5604 2820
5608 3804
5626 2777
5640 4550
5645 542
5658 3378
5659 4833
5665 2355
5672 1356
5673 176
5680 2471
5692 2220
5693 837
5693 3281
5694 991
5697 1889
5701 818
5707 2570
5710 3572
5713 2333
5726 3285
5727 584
5732 4243
5744 1102
5749 2083
5759 4254
5769 1633
5778 152
5785 2238
5785 3898
5799 2520
5802 1508
5806 348
5818 4545
5826 629
5832 4590
5834 5268
5852 317
5855 1056
5861 3108
5869 3598
5871 2719
5876 4434
5882 2568
5888 3454
5889 1650
5889 4359
5903 924
5904 720
5907 3399
5923 4183
5925 4435
5927 67
5932 2411
5936 403
5951 138
5951 398
5954 4403
5956 2689
5980 1064
5987 1786
5995 5083
5996 411
6001 5193
6005 1326
6006 1251
6013 1703
6015 4546
6018 3692
6021 2315
6033 4476
6035 2937
6035 4919
6036 4983
6041 1106
6041 2096
6054 4774
6057 1628
6064 4921
6065 4647
6068 416
6071 143
6071 4896
6071 4898
6075 2271
6081 4899
6084 2279
6085 3655
6093 4570
6096 4411
6099 516
6100 3897
6106 275
6106 2582
6112 4965
6117 1047
6122 1239
6126 777
6133 2220
6134 827
6134 2188
6134 3355
6135 566
6136 3893
6142 1115
6149 1851
6152 1364
6157 1919
6166 4897
6171 963
6173 1288
6179 1228
6181 2546
6195 1747
6209 3733
6210 1987
6219 4594
6226 2156
6227 1198
6232 656
6247 3920
6248 680
6250 917
6252 1558
6254 1835
6254 5188
6259 2018
6262 3979
6266 986
6269 3252
6269 3518
6281 2837
6292 1325
6302 1610
6302 1671
6303 2047
6311 3687
6312 4884
6314 381
6315 1756
6317 685
6324 4433
6326 520
6326 3865
6327 3070
6332 2885
6332 4193
6333 4339
6366 472
6374 4294
6378 1918
6379 2762
6380 4326
6380 5262
6387 5052
6402 3484
6408 4993
6421 5286
6426 2993
6432 5069
6434 3587
6436 1477
6437 776
6441 4417
6444 4140
6446 3140
6449 1883
6450 3798
6466 3387
6477 4541
6484 499
6489 1323
6490 1334
6491 3325
6497 2154
6505 735
6515 415
6516 3761
6523 3963
6533 2513
6547 1177
6550 4349
6556 206
6559 1269
6573 2633
6577 2199
6603 572
6613 4933
6617 5142
6621 2511
6625 1923
6632 1703
6635 443
6640 2657
6643 2384
6653 673
6653 2288
6654 2385
6656 2939
6663 3395
6665 1303
6666 675
6668 2178
6679 3265
6686 1295
6686 1595
6686 4701
6692 2194
6704 1172
6709 2910
6715 1412
6716 4697
6717 50
6718 1459
6730 3034
6744 3474
6753 3342
6770 1719
6779 2608
6780 4947
6781 3254
6785 1478
6790 4299
6793 1451
6794 76
6795 2064
6798 4718
6803 297
6804 1928
6806 698
6809 3861
6811 448
6812 4774
6814 2148
6816 220
6844 3837
6845 519
6845 5278
6861 2268
6863 4810
6864 947
6864 5175
6875 1838
6878 2242
6882 3820
6891 5054
6900 4493
6904 1254
6906 728
6909 5040
6921 868
6921 1364
6925 612
6931 4156
6941 5203
6943 5080
6946 1969
6952 3706
6955 5250
6971 3277
6974 4000
6975 4907
6976 3811
6986 2211
6987 4928
6997 2782
7001 364
7003 2578
7004 700
7004 3128
7006 1058
7011 4710
7016 3335
7018 939
7020 1324
7042 348
7042 5242
7052 5154
7055 1097
7060 247
7069 4065
7076 4589
7078 348
7081 2259
7086 2206
7093 130
7093 1961
7096 1937
7097 725
7102 883
7105 1791
7105 3935
7121 2016
7125 877
7135 4448
7135 4538
7136 133
7140 4438
7142 1706
7145 1777
7146 4921
7150 3943
7156 1277
7157 2323
7162 1301
7163 4905
7164 4362
7172 697
7174 1790
7175 1103
7179 4916
7180 2984
7189 4963
7191 445
7194 227
7195 2543
7199 810
7201 3159
7213 2561
7214 1207
7215 3069
7217 2561
7223 226
7228 2013
7232 4821
7238 3196
7239 4333
7244 3253
7248 509
7249 2595
7256 717
7259 2526
7260 4729
7262 2931
7263 3792
7263 4945
7265 4780
7266 2720
7280 2670
7281 3162
7285 5254
7286 2052
7307 742
7307 2363
7310 2429
7312 4770
7314 626
7315 1999
7318 411
7320 2071
7324 1431
7324 3770
7325 868
7328 1505
7331 1457
7331 2661
7334 361
7336 3760
7343 4152
7360 5013
7361 1519
7361 2921
7361 5192
7362 4818
7369 853
7377 1205
7381 2150
7394 5233
7398 2026
7405 3817
7409 1591
7420 2827
7421 4901
7422 673
7423 2395
7427 1107
7433 1968
7450 4558
7457 2602
7462 2892
7469 2531
7469 4237
7470 1396
7470 4589
7474 2014
7475 4685
7477 3335
7479 3096
7480 4041
7481 4634
7490 4722
7491 213
7492 1616
7493 2577
7497 195
7497 712
7501 4937
7507 3083
7509 4704
7510 3594
7513 32
7518 2045
7519 514
7520 3481
7523 2913
7524 4106
7524 5148
7526 466
7527 1370
7540 1921
7546 359
7548 1486
7552 340
7555 1201
7556 1930
7559 2367
7564 3264
7576 3094
7578 1111
7582 3085
7583 3259
7584 1434
7589 41
7595 3709
7606 834
7607 573
7612 3351
7616 4927
7621 120
7626 2225
7628 1106
7628 1473
7629 1933
7632 4578
7637 3539
7645 4583
7646 3973
7649 4852
7655 121
7663 4732
7670 4321
7678 2926
7678 3279
7682 634
7682 2167
7684 130
7685 2845
7687 1308
7692 4501
7695 1511
7703 1674
7706 2504
7712 3004
7713 1170
7733 919
7741 2017
7741 2195
7741 4223
7744 4043
7752 3915
7759 3325
7759 4543
7763 2408
7765 4159
7770 1798
7771 1374
7772 531
7773 4265
7775 1795
7777 1688
7777 1954
7781 2997
7781 4025
7782 4138
7786 239
7786 3915
7793 351
7799 4768
7799 4848
7810 3673
7813 4445
7816 1745
7818 1722
7828 13
7832 4455
7836 4744
7841 2576
7850 2981
7855 4811
7858 1994
7861 3882
7863 4683
7863 4783
7881 2492
7888 4670
7893 4890
7896 3294
7896 3364
7896 3376
7917 3682
7918 572
7925 3859
7930 2903
7948 1714
7952 2981
7957 191
7957 224
7961 1413
7965 1015
7966 3983
7967 2161
7967 2885
7985 4851
7999 2408
8000 2899
8001 1526
8001 1909
8002 5225
8003 4380
8006 3004
8006 3108
8016 2768
8017 2346
8017 4265
8029 2836
8037 1095
8040 3256
8046 834
8046 3916
8049 5213
8050 2798
8054 2405
8059 4229
8066 1233
8066 2993
8069 2651
8074 2007
8074 4463
8077 4042
8087 4503
8089 5048
8098 2824
8105 3368
8106 2044
8108 1518
8108 4208
8108 4996
8110 3554
8122 752
8122 4268
8131 1837
8133 3777
8150 1173
8164 3954
8165 457
8165 3885
8172 2389
8181 4735
8184 1324
8190 3060
8190 4031
8196 4151
8202 1393
8213 1965
8219 1006
8220 2079
8225 3811
8233 4141
8236 4193
8236 4998
8239 449
8243 5275
8252 3411
8258 1666
8262 1364
8269 1040
8269 1500
8273 4881
8284 1896
8293 1899
8297 2241
8307 5251
8309 5150
8312 277
8316 459
8317 111
8320 3035
8322 1264
8322 3730
8326 386
8326 1859
8328 696
8329 1774
8329 4439
8335 2361
8336 4352
8339 5289
8340 4881
8341 3647
8357 3511
8361 878
8380 290
8382 87
8384 2019
8387 3241
8388 1184
8393 1585
8393 1801
8394 4436
8409 4263
8419 4323
8423 3435
8436 2310
8440 3444
8443 1097
8444 857
8444 5222
8445 4131
8448 2621
8453 1349
8454 2459
8459 1184
8462 4586
8475 4737
8478 499
8482 1235
8486 216
8488 1418
8492 398
8497 2020
8500 1407
8520 1792
8520 5273
8528 2235
8533 740
8534 1754
8535 1360
8536 1934
8541 1195
8541 3800
8544 3290
8544 4255
8554 4283
8558 1329
8569 3100
8580 3645
8584 4171
8585 729

