1293 4233 3090
1 1
1 307
1 439
2 451
2 1506
2 3781
3 457
3 673
4 646
4 3295
5 1921
6 498
6 926
6 1112
6 1146
6 3620
7 430
7 702
7 959
7 1037
7 1445
7 4042
8 343
8 2529
8 3428
9 1473
9 2534
11 2330
11 3120
12 671
12 1805
12 2436
12 3771
13 214
13 2105
13 3107
13 3884
13 3902
15 2842
15 3709
16 643
16 2853
16 2866
16 3127
17 1601
17 1876
18 82
18 619
18 723
18 1812
20 940
21 95
21 2890
21 3689
21 3723
22 430
22 3001
23 838
23 1713
24 310
24 1841
25 898
25 2576
26 798
26 815
26 3554
27 122
27 2346
27 2531
27 3521
28 2318
28 2660
28 2767
29 923
29 2404
29 2666
30 1080
30 1174
30 1574
30 2528
31 778
32 179
32 2077
32 2493
33 2497
34 1976
35 677
36 575
36 2978
36 3241
37 245
37 870
37 1137
37 3766
38 745
38 3182
40 1532
40 3012
40 3939
40 3949
41 3288
41 3762
43 545
43 822
43 2558
43 2599
45 1022
45 3999
45 4021
46 284
46 347
46 2884
47 616
47 2171
47 3287
48 2703
48 2754
48 2806
48 3182
49 30
49 2296
49 2311
49 2341
49 3217
49 3432
50 98
50 689
51 1789
51 2702
51 3929
52 12
52 485
52 2956
52 3342
53 1172
53 1451
53 4000
54 2388
54 3523
54 3885
54 3987
55 1600
55 2657
56 174
56 929
56 1385
56 3212
56 3221
57 246
57 322
57 359
57 1126
57 1378
57 2992
58 113
58 3608
59 2512
60 2871
60 3884
60 3907
61 160
61 3571
63 761
63 831
63 3166
63 3692
64 2163
64 2618
64 3328
65 391
67 2582
67 3627
68 1269
70 2594
71 243
71 1585
71 1839
71 2125
72 485
72 1383
72 1565
72 2117
72 2779
73 2304
75 322
75 963
75 1897
75 4016
76 475
76 1045
76 1775
77 77
77 3456
79 471
79 2417
80 1531
81 66
82 726
82 1563
82 3498
83 114
84 4101
85 30
85 3983
86 2122
86 2194
86 2669
86 3613
87 1349
87 2136
87 3149
88 461
89 1626
90 1974
91 279
91 1066
91 2421
91 2721
92 518
93 1138
93 2708
95 44
95 1800
95 2700
96 1481
96 2971
97 681
97 1429
97 1695
97 2148
97 2454
98 444
99 535
99 1131
99 2655
101 477
101 528
101 533
101 3087
101 3982
102 2901
102 3329
103 4164
104 3959
105 1530
105 3667
106 3808
106 4124
107 3425
108 2259
108 2311
108 2695
108 3102
109 1058
109 1785
109 3568
110 308
111 589
112 1041
112 1838
112 2224
112 3645
112 3657
113 2159
114 3113
114 3941
115 463
116 753
116 1662
117 1545
117 1780
118 2198
118 3874
119 2317
119 3737
120 1265
120 2115
121 45
121 73
121 237
122 327
122 3287
123 2030
123 3410
124 1082
124 2513
125 2360
125 2675
125 3238
125 3622
125 4131
126 289
126 1313
126 2963
127 2679
129 15
129 2021
129 2166
129 3329
129 4119
132 523
133 3514
133 4075
134 406
134 3308
136 1245
136 1651
136 2392
136 3401
137 3034
138 1595
138 1830
139 242
139 1385
139 2399
140 2528
141 1096
141 3473
142 249
142 800
142 3377
142 4182
143 2792
144 698
144 2398
145 2822
145 3301
146 453
146 833
146 894
146 3665
147 1098
147 2311
147 3884
148 2240
149 777
149 1339
149 1902
149 4070
150 3227
151 409
151 1282
152 2484
152 4125
154 2455
154 3286
155 708
155 1392
155 1459
155 1895
155 3870
155 3997
156 3563
157 2571
157 3632
158 305
158 2028
158 2930
159 367
159 402
159 831
159 2211
159 2449
159 3685
160 711
160 853
160 2182
160 2582
161 3280
162 478
162 668
162 1108
162 2768
163 1106
163 1642
163 3704
164 332
165 609
165 878
165 2951
165 3073
165 3715
165 3946
166 1040
166 2527
166 3209
167 399
167 842
167 997
167 2170
168 1129
168 1288
168 3087
169 4102
170 110
170 2663
171 800
171 3838
172 406
172 1534
172 3195
173 585
173 3171
173 3744
174 302
174 2278
175 2506
176 3715
177 160
177 999
177 2639
177 2928
179 379
180 2688
181 988
181 2289
181 3671
182 2709
183 195
184 2658
185 1097
185 3539
186 143
186 1509
188 833
188 1654
190 686
190 2298
190 2730
190 3180
190 3631
191 1009
191 1909
191 1919
192 882
192 3870
193 2285
193 2308
194 721
194 3221
195 1532
195 2208
195 2643
195 2870
196 589
196 595
196 1032
196 3300
197 525
198 942
198 2291
198 2811
198 2874
199 465
199 1519
199 1982
199 3317
200 289
200 438
200 662
201 534
201 567
201 3866
202 19
202 99
202 355
202 1843
202 2964
202 2968
202 3877
203 2999
204 1985
204 2901
204 3136
205 682
206 1073
206 2418
206 2459
206 2644
206 4119
207 4092
208 2950
208 3517
209 25
209 550
209 964
209 3160
209 3311
210 1148
210 1703
210 2652
212 2464
212 2634
213 1252
213 4203
214 1441
214 1867
214 1879
214 3376
215 233
215 2136
215 2178
216 211
216 448
216 2413
216 2680
216 4088
217 954
217 1462
217 2775
218 1756
218 3695
218 4011
219 370
219 465
219 1475
219 3653
220 142
220 3846
220 3969
221 32
221 1672
221 3121
221 3617
222 871
222 1372
222 1383
222 3060
222 3146
222 4027
223 2131
224 1287
224 1622
224 2654
224 3262
225 297
225 1500
225 1839
225 2465
225 2548
226 2082
226 3066
226 3948
226 3975
227 2
227 1856
227 2056
228 1433
228 3254
228 3438
229 2247
231 96
231 1489
232 273
232 807
232 2226
232 3724
232 4026
232 4130
233 3646
234 1288
234 2160
235 2289
237 334
237 1794
237 3133
238 459
238 535
238 3046
239 1236
239 2383
239 3993
241 1208
241 2219
243 299
243 4117
244 1894
245 794
245 1245
245 1465
245 2520
246 4046
247 96
247 354
247 646
247 3923
248 741
248 1908
248 2085
248 3416
250 334
250 564
250 1516
250 3948
251 3464
252 844
252 2240
252 2426
253 1245
253 2189
254 1299
254 2834
255 2216
257 2263
259 891
259 1365
259 3082
260 610
261 449
261 1402
261 2207
261 3130
261 3712
261 4158
262 991
262 2386
263 276
263 719
263 2253
263 3360
264 997
265 1102
265 1912
265 2274
265 2833
266 747
266 2411
267 1723
267 2517
267 4199
268 1503
268 3739
269 70
269 1151
270 1921
270 2141
270 3346
271 1857
272 280
272 1290
272 1536
272 4084
273 824
273 1713
273 1796
273 4109
274 462
274 1244
274 1531
274 1798
274 2743
275 125
276 1019
276 1274
276 1569
277 3443
278 828
278 3508
278 3849
278 4015
280 1156
280 1436
280 4046
282 779
282 1532
282 1809
282 3493
283 3246
283 3457
284 675
285 1537
285 1913
285 2805
285 2824
286 2611
287 889
287 1959
287 2765
287 3616
288 477
288 770
288 1135
288 1590
288 1613
288 1687
288 3838
289 2443
289 4147
290 243
290 2207
290 3604
291 1808
292 706
293 233
293 311
293 1055
293 1128
293 2070
294 86
294 1618
294 1833
294 2935
295 376
295 1577
296 160
296 3964
297 2945
298 2713
298 3170
298 4068
299 32
299 352
299 508
299 535
299 1073
299 1328
299 2772
299 3684
300 982
300 1560
300 3029
300 3293
301 2568
301 3045
302 349
302 1420
304 1119
304 2233
305 1546
305 4076
307 1898
308 291
308 1083
308 1800
308 2470
308 3389
309 636
309 859
310 1149
310 3606
311 1160
311 1361
311 2801
312 311
313 31
314 2028
314 3414
314 4032
315 1245
315 1481
315 3606
316 747
316 2189
317 3577
317 3583
317 3934
318 742
318 2645
320 1265
320 1565
320 2566
320 4213
322 813
322 1679
323 2273
323 2651
324 120
324 470
324 2244
324 2280
324 2491
325 1996
325 2265
325 2624
326 471
326 3291
326 4034
327 1790
327 3034
327 3332
327 3399
328 2381
329 1728
329 1764
329 2044
329 4202
330 625
330 1332
330 2645
331 662
331 968
331 1994
332 2283
332 3875
333 374
333 3297
333 4032
334 1449
335 335
335 2747
335 3111
335 3592
336 338
336 685
336 1851
336 2779
337 33
337 1362
338 2470
338 2706
340 4046
342 16
342 1482
342 4173
343 2678
344 1492
344 3334
345 12
346 930
347 2479
349 2891
350 973
351 1005
351 2348
352 2974
353 1523
353 2430
353 2775
353 3441
355 39
355 301
355 1883
355 3973
356 3004
356 4116
356 4156
357 138
357 1143
357 1547
357 2400
357 3043
357 3729
358 411
358 950
358 1274
358 2138
358 2481
360 1188
360 3841
362 422
362 3265
362 3429
362 3514
363 360
364 1176
364 1983
364 3888
365 2186
365 3539
365 3709
366 525
366 3740
366 4031
367 3062
368 1364
368 3994
368 4114
369 273
370 60
370 1009
370 2437
371 969
372 185
372 1214
372 1397
372 2047
372 2292
372 3638
373 2708
373 2945
373 3163
373 3242
373 3433
374 13
374 973
374 1223
374 2910
374 3425
375 2202
376 2569
377 3556
377 4012
378 1135
378 1487
378 2830
378 4013
379 523
379 730
379 2802
379 3312
380 3923
382 739
383 223
383 421
383 2960
384 1522
384 3472
384 4157
385 1362
385 1640
385 2367
385 3382
385 3819
385 3948
386 199
386 2599
387 2204
387 2533
387 3347
388 1568
388 2917
388 3093
388 3351
389 1213
389 2106
389 3612
390 1605
391 314
391 1995
391 2863
391 4207
392 2826
392 3223
392 3742
392 3980
393 1828
394 1454
394 2574
396 3907
397 1840
397 1960
397 4066
398 19
398 3924
399 2907
399 3511
400 604
400 689
400 882
401 455
401 1059
401 1713
401 4144
402 2998
403 1776
404 2903
405 1585
405 2177
405 3233
406 512
406 830
407 1472
407 2191
407 2941
407 3502
408 2101
408 3744
408 3976
409 1767
409 3880
410 539
410 3080
410 3938
410 3967
411 843
411 1785
412 3154
412 3618
412 3923
413 2028
413 3452
414 670
414 1177
414 2951
415 455
415 689
415 1315
415 3222
416 2444
416 2654
416 3920
416 4043
417 77
417 891
418 2764
418 2997
419 1240
419 2138
419 2679
420 2056
421 889
421 2251
422 358
422 3676
423 3257
424 2273
425 167
427 625
427 2839
428 12
428 1584
428 2112
429 219
429 961
429 3468
429 3533
430 612
430 2645
430 2897
430 2908
431 813
431 3872
432 2682
433 3200
433 3411
433 4047
434 1964
434 3268
434 3588
435 53
435 2191
435 2783
435 3444
435 4047
437 335
437 2690
437 3206
437 3916
438 3554
438 4121
439 1153
439 2188
439 3218
440 3227
441 244
441 4111
442 989
442 1073
442 2489
443 1980
444 544
444 2686
444 2992
444 3135
445 1957
445 3119
445 3809
448 1359
448 1762
448 3289
448 4192
449 3772
450 2839
450 3677
450 3923
451 336
451 624
451 1133
451 1177
451 2870
451 2915
451 3047
451 3118
452 1020
452 1768
452 1906
452 3801
453 534
453 866
455 668
455 699
455 2394
456 4091
457 807
457 1062
457 2671
457 3680
459 1909
460 1190
462 768
463 65
463 946
463 3285
463 3657
464 879
464 959
464 1212
464 2525
465 521
466 769
467 851
467 1426
467 3102
468 1924
470 310
470 2725
470 4022
471 1489
471 3017
471 3266
472 8
472 2284
473 722
473 3723
473 4209
474 2385
474 2898
474 3881
475 402
475 2206
475 2226
475 2921
476 1978
476 2136
476 2549
476 3074
476 3251
477 1666
477 3773
478 202
478 743
478 751
478 1301
478 2041
478 3912
479 2842
479 3023
479 3123
480 2110
480 3347
481 570
482 1937
483 1243
483 1508
483 4058
484 276
484 4231
485 118
485 2023
485 2033
485 2961
486 285
486 1060
487 1619
487 2124
488 755
488 796
488 957
488 1876
488 3695
489 336
489 778
490 3039
491 2888
492 942
492 1438
493 68
493 1154
493 1502
493 2272
493 3322
494 1365
494 2846
495 2927
496 3750
497 376
497 796
497 1104
497 1202
497 3523
498 790
498 2244
498 3107
499 821
499 1302
499 1488
499 1553
499 3255
500 1825
500 1883
500 3286
500 4123
501 1937
501 2062
501 3836
502 1135
502 2803
503 617
503 956
503 1115
503 1319
503 1587
504 2696
504 3955
506 2345
506 2873
506 3546
506 3890
507 691
507 1401
507 1701
507 2624
507 3432
509 1913
509 2309
509 2865
510 580
510 2684
510 2982
511 1441
511 2149
512 355
512 865
512 2483
512 2822
513 634
513 1166
513 3310
516 469
516 2706
516 3463
516 3544
516 3568
517 707
517 2288
518 460
518 1660
518 3819
520 222
520 933
520 2009
520 2211
521 2285
522 1712
522 2127
522 2398
522 4165
523 1775
524 447
524 2456
524 2744
524 3416
525 2015
525 2704
525 3876
526 2410
526 3807
527 1831
527 2205
527 4071
528 2324
528 3628
529 3348
529 3458
529 3624
529 3901
530 1644
530 2600
531 707
531 1657
531 1713
531 1919
531 3327
531 4145
532 2308
533 30
533 1265
533 3281
534 2415
534 4139
534 4212
535 26
536 1397
536 3126
536 3474
536 3526
537 1693
537 3329
538 1753
538 2807
538 3068
538 3837
539 3736
540 1051
540 4151
541 222
541 1205
541 3646
542 798
542 2263
542 3649
543 807
543 1764
543 2346
543 3176
543 3996
544 2267
544 3025
545 659
546 391
546 1005
546 3709
547 61
547 1791
547 3951
548 162
548 761
548 1892
548 2717
548 2742
549 461
549 570
549 3535
550 1059
550 1153
550 2756
551 449
551 1856
552 1610
553 2553
553 3936
553 4182
554 1091
555 2851
555 3063
556 2571
557 1630
558 3236
560 3658
562 1769
562 3796
562 3929
563 2885
563 3050
564 456
564 1629
564 2049
564 2425
564 2803
565 491
566 2407
566 3504
567 569
567 1143
567 3487
568 2229
568 2907
568 3521
569 238
569 2314
570 70
570 1710
570 4228
571 58
571 2969
571 3757
572 35
572 644
572 1434
572 1808
572 4183
573 477
573 3333
574 68
574 902
574 2123
574 2279
574 3520
574 3597
575 1849
575 1883
576 3228
576 3280
576 3631
577 2700
577 3056
577 3315
578 40
578 2869
579 1334
579 1535
579 1675
579 2451
579 2781
579 3357
580 2028
580 2670
582 3942
583 2046
584 1485
584 2992
585 760
585 3888
586 3101
586 3395
587 193
587 1064
587 3858
588 3210
590 1455
590 2419
590 3965
591 277
591 400
591 1623
591 2207
591 2600
591 2834
592 1016
592 2543
593 649
593 2103
593 2203
593 2346
594 2803
595 752
595 1355
596 1131
596 2052
596 2327
596 2465
597 4106
599 3649
600 2060
600 2218
601 3125
602 63
602 2027
602 2811
602 3708
603 829
603 3112
603 3221
603 4070
604 1538
604 3523
605 909
605 1777
605 3157
605 4010
606 639
606 2530
606 2888
606 3008
607 548
607 1000
608 222
608 256
609 1112
609 1430
609 1888
609 2029
609 2041
609 2172
609 2860
609 3914
610 2976
610 3365
610 3405
611 1150
611 1325
612 2904
613 619
613 2587
613 2847
614 2298
615 3661
616 861
617 395
617 2604
617 3240
618 469
618 3183
619 874
619 1821
619 3324
621 435
621 849
621 1267
621 2682
621 3210
622 3947
623 1653
623 2490
623 3867
623 4140
624 2751
625 3839
626 725
626 3434
627 172
627 530
627 2871
628 854
628 4165
629 839
629 901
629 2726
629 2991
629 3050
630 145
630 791
630 1635
630 2368
631 2395
632 335
632 2476
632 2513
632 3506
632 4026
633 811
633 1974
634 454
634 2339
635 2720
635 4142
636 1459
636 3075
636 3507
637 1032
637 1788
637 1811
637 1891
637 2779
638 673
638 3068
639 1908
639 2439
639 2619
639 2691
641 146
641 616
641 1386
641 3401
642 1756
642 2621
643 2968
644 438
644 3018
644 4036
644 4220
645 567
645 2090
645 4041
646 150
646 3362
647 4201
648 1796
648 2495
649 1100
649 1464
649 3226
650 535
650 3571
650 3665
650 3681
651 892
651 1957
651 2278
654 3533
656 512
656 589
656 910
656 1026
656 1252
656 1528
657 716
657 1094
658 646
658 1922
658 2134
658 2686
659 2516
659 2552
659 3299
659 3739
660 1016
660 1716
660 2558
660 2833
660 3644
660 4105
662 120
662 254
662 383
662 2820
662 2907
662 3219
662 4067
662 4103
664 49
664 1326
664 1771
665 2584
665 3236
666 661
666 3264
667 1588
668 1927
668 2329
668 2813
668 3490
669 1562
670 759
670 1966
670 3120
670 3296
670 3952
672 81
673 650
673 1450
673 4143
674 2743
675 2825
676 39
676 55
676 2449
678 1564
678 2609
679 307
679 1988
680 2036
680 2625
680 3778
682 1900
682 3544
683 1098
683 3280
684 494
685 419
685 450
685 2196
687 2187
687 4073
689 670
689 1200
689 2885
689 4151
690 1186
690 1880
690 2229
691 42
691 2144
691 2166
691 2331
692 822
692 871
692 2457
693 1699
693 1867
695 1718
696 1059
696 3068
697 2956
698 2814
698 3316
699 862
699 2858
699 2927
700 1077
701 2388
701 3444
702 2373
702 3043
702 3877
703 643
703 765
703 979
703 1834
703 2525
703 3237
703 3618
704 96
704 3031
704 3824
704 3828
705 2391
706 177
706 1064
707 2134
707 3387
707 3889
708 440
709 1071
709 2943
709 3099
712 3891
713 3233
714 561
714 1025
714 1894
714 2262
715 269
717 341
717 659
717 890
717 1903
718 2819
719 2221
719 3454
719 4153
720 845
721 188
721 461
721 1457
722 3851
723 1554
723 1829
723 2628
723 3395
723 3473
724 354
724 1646
724 3947
725 2611
725 2687
726 4182
727 313
727 323
727 2209
727 2243
727 2880
728 273
728 1016
728 2333
729 1378
730 273
730 574
730 661
730 3516
731 273
731 1244
731 1520
731 2453
731 3495
732 3728
733 599
733 652
733 1681
733 2733
733 2928
733 3498
734 1376
734 1441
735 1014
736 1965
737 301
738 1726
738 2021
738 2309
738 3444
739 684
739 2533
740 1101
740 2819
741 511
742 3574
743 2312
743 2917
744 521
744 1474
744 1682
745 634
745 2340
745 3315
747 916
747 1619
747 1953
748 2682
749 1347
749 1422
749 1853
749 2180
749 2837
749 2982
749 4007
750 123
751 1890
751 2542
751 3454
752 120
752 3225
755 1348
755 2872
755 3445
757 3299
757 3564
757 3833
758 426
758 1753
758 2139
758 3177
758 3244
758 3541
759 1269
759 3990
760 47
760 553
760 1086
760 2343
760 2602
760 3144
760 3157
761 315
761 690
761 1352
761 1862
761 2563
761 3513
761 3919
762 4045
763 163
763 849
763 1443
763 1799
763 2148
764 3387
765 2426
766 3277
767 2888
768 587
768 628
768 3483
768 3694
769 426
769 2764
769 2800
769 3705
770 744
770 1186
770 1920
770 2364
772 476
772 1155
773 742
773 3772
773 4216
774 2089
776 82
776 891
776 3477
777 3082
779 197
779 541
779 3697
779 3836
780 1347
780 2808
780 3300
780 3516
782 2108
782 4160
783 1596
783 2449
785 353
785 1688
785 2535
786 959
787 1333
787 3063
787 4163
788 560
788 937
788 1301
788 1393
790 1423
790 3800
791 448
791 2126
793 292
793 744
793 1219
793 3146
794 1113
794 2215
794 2771
794 2788
795 2910
795 3123
796 259
797 1936
798 2001
798 4230
799 1168
799 3835
799 4201
800 56
800 2883
801 423
801 626
801 746
802 3022
803 3191
803 4069
804 320
804 3033
804 3212
805 1803
806 1158
806 1828
806 3824
807 392
807 1176
807 1778
807 2313
807 3450
808 1182
808 2912
809 136
809 1883
809 2424
809 2742
809 3154
810 3480
811 751
811 1858
811 2108
811 3660
812 328
812 493
812 2076
812 3462
816 623
816 920
816 3881
817 1157
818 2330
818 2613
819 1095
819 2902
820 524
820 1695
820 2234
820 2378
822 2870
822 4137
823 1621
823 3942
824 1845
824 3104
824 3781
825 263
825 2381
826 3501
826 3868
827 357
827 1052
828 421
828 1352
828 2006
828 2363
829 901
830 1410
830 1457
831 1204
832 3059
833 468
833 734
833 2827
833 3122
834 1342
835 1897
835 4029
836 3143
836 4005
837 2020
837 4226
838 1774
838 3036
838 3286
839 1501
839 3089
840 206
840 955
840 1130
840 2156
840 3295
841 45
841 470
841 914
841 2558
841 3446
843 462
843 515
843 846
843 1214
843 1972
844 1927
844 3932
845 696
845 1625
845 2500
845 2567
845 2636
845 3948
845 3953
846 1209
846 3875
847 1296
847 1553
847 1665
848 2941
848 3527
849 4202
850 1699
850 3773
851 160
851 614
851 1258
852 765
852 1966
852 3488
852 3525
853 4201
854 1086
854 1986
855 440
855 3034
856 1190
856 1694
856 3089
857 1052
857 1465
857 2880
858 4017
858 4231
859 3051
860 1035
860 3233
861 3679
862 74
862 1862
862 3596
863 3687
864 2110
864 2644
864 2861
866 1958
867 843
867 2128
867 3735
869 875
869 1453
869 1974
869 4107
870 2519
870 2854
870 3533
871 957
871 991
871 1603
871 1881
871 2234
871 3671
871 3820
873 567
873 3546
875 1774
875 3589
876 814
876 3136
877 1081
877 1204
877 3819
878 1640
878 1688
878 1921
878 2178
878 3482
878 3876
879 925
879 1439
879 1465
879 2404
879 3601
880 1220
880 2139
881 1155
881 2512
881 2553
882 1669
882 1947
882 3746
882 3941
883 317
883 640
883 1558
883 2700
884 2633
884 3426
885 854
885 1425
885 2727
886 1086
886 2282
886 2418
887 573
887 1396
887 3431
888 17
888 25
888 376
888 1897
888 3440
889 1203
889 1574
889 1803
890 990
890 1129
890 2789
890 3231
891 1673
891 1768
891 2519
893 2804
894 1112
894 2397
895 1225
895 1860
895 1862
895 2400
896 729
896 1523
896 2452
896 2645
896 3693
897 989
897 1860
897 2724
899 2749
899 4047
900 2218
900 2943
900 3578
900 3909
901 371
901 588
901 2342
901 2855
901 3902
903 258
903 1419
903 3880
904 2825
905 276
905 2694
906 1909
906 2320
907 1432
907 3132
907 3957
908 1427
908 4048
909 602
909 3112
910 623
910 2983
911 3428
912 875
912 953
912 2078
912 3095
913 3744
914 423
914 1736
914 2155
914 3149
914 3546
914 3798
916 2361
916 3034
916 3595
917 1885
918 4229
919 840
919 994
919 2012
920 4193
921 4128
922 1157
922 2131
923 1965
923 2203
923 3539
924 3209
925 841
926 1022
926 1290
926 1666
926 2493
926 3622
927 429
927 1014
928 771
928 1569
928 2684
928 4149
928 4227
929 2709
929 3903
930 1090
931 4
931 1345
931 2208
932 4139
933 1249
933 2027
933 2369
933 2654
934 3960
935 206
935 3026
936 3264
936 3812
936 4091
937 2984
937 3198
937 3915
938 1010
938 1223
938 1856
938 1964
938 4216
939 2604
940 661
940 1233
940 1535
941 422
941 1667
942 1565
942 4010
942 4166
943 159
943 1066
943 3871
944 4145
945 1289
945 2648
945 3932
946 2387
946 3803
947 328
947 934
947 1756
947 3657
949 2714
949 3297
949 4202
950 790
950 1468
950 2671
951 1249
951 2239
951 2415
951 3124
952 2996
953 186
953 3282
953 4088
954 395
954 638
954 909
954 3770
955 1618
956 996
957 432
957 498
957 1776
957 2494
957 3014
958 2690
959 258
959 1942
959 2438
960 25
961 2914
962 1544
962 2309
963 608
963 708
963 2166
963 3283
963 3731
964 2903
964 3105
965 1325
965 3436
966 3953
967 595
967 634
968 2573
968 3204
968 3892
970 3123
970 3882
971 593
971 1462
971 3542
972 2585
973 268
973 611
975 3566
976 3373
977 3421
978 1370
978 3160
979 449
979 3644
979 3823
979 4217
980 305
980 697
980 2259
981 1260
981 1609
981 2377
981 3572
981 3667
982 353
983 1040
983 1211
983 1851
983 2749
983 4082
984 2932
985 1187
985 3473
985 3890
986 1199
986 2229
987 1997
988 639
989 3009
989 3188
989 3796
989 3821
991 2115
991 2315
992 184
992 1183
992 1793
992 1944
992 2019
992 2380
992 4225
993 4072
994 793
994 1282
994 1470
995 88
995 325
995 458
995 3905
996 400
996 1376
996 4201
997 250
997 4073
998 21
998 4201
999 1252
1000 1736
1002 2952
1002 3361
1003 1785
1004 9
1004 606
1004 2698
1005 3219
1005 4202
1006 563
1006 1582
1006 1957
1006 2766
1007 1829
1007 3407
1007 3782
1008 603
1008 651
1009 2364
1009 2394
1010 1483
1011 3211
1012 4116
1013 962
1013 2887
1014 2632
1014 2808
1014 3978
1015 490
1015 1025
1015 3002
1015 3416
1017 382
1017 1371
1017 1380
1017 3715
1018 896
1018 2035
1018 2732
1018 3114
1019 2942
1019 3604
1019 4048
1020 847
1020 3409
1020 3450
1020 3638
1020 3768
1020 3801
1021 1477
1021 3067
1021 3486
1022 730
1022 2115
1022 2352
1022 2582
1023 1191
1023 3637
1025 1991
1025 2772
1025 3222
1025 3427
1026 647
1026 1481
1027 1208
1027 2005
1028 2812
1029 319
1029 3284
1030 29
1030 892
1031 921
1031 1423
1031 2258
1032 339
1032 1534
1033 1781
1033 3676
1033 3738
1034 200
1034 370
1034 1224
1034 1474
1034 2979
1035 3872
1035 3917
1036 3217
1036 4032
1037 1028
1037 2670
1038 2518
1039 1806
1039 2417
1041 2289
1041 3423
1041 4051
1042 1904
1042 3750
1043 3221
1043 3476
1044 2694
1044 2788
1044 3549
1044 3557
1044 3986
1045 767
1045 3815
1046 1847
1046 1888
1046 3229
1046 3889
1047 664
1049 4150
1050 338
1050 2957
1050 2960
1051 707
1051 3570
1052 227
1052 2205
1052 3303
1052 3672
1052 3923
1053 1653
1053 3363
1053 4195
1054 1507
1054 2728
1054 4065
1055 1786
1055 2738
1056 1577
1056 3850
1057 98
1057 1836
1057 2874
1058 2733
1058 3377
1059 1360
1060 942
1060 1492
1060 2407
1061 848
1061 3687
1061 4197
1062 770
1063 998
1063 3599
1064 379
1064 1397
1064 3722
1065 804
1065 2219
1066 411
1066 1407
1066 3124
1067 4205
1067 4211
1068 331
1068 435
1068 1243
1069 2810
1069 2984
1070 2544
1071 2560
1072 27
1072 2927
1073 2573
1074 1204
1074 2479
1074 4150
1075 675
1075 785
1075 1557
1075 1779
1076 136
1077 2758
1077 3495
1078 2948
1079 2358
1080 362
1081 686
1081 835
1081 1003
1081 3188
1081 3811
1082 409
1082 3139
1083 524
1083 1959
1084 3380
1084 3508
1086 773
1086 3700
1087 842
1087 1463
1088 436
1088 2379
1088 2990
1088 3407
1089 1738
1089 3089
1089 3313
1090 2776
1090 3191
1090 3779
1092 392
1092 3031
1093 515
1093 3102
1094 1373
1095 450
1095 2607
1095 2771
1095 4042
1096 796
1096 3374
1097 306
1097 1197
1097 3622
1098 2430
1098 3396
1098 4033
1099 1076
1099 3855
1100 224
1100 4207
1100 4227
1101 1193
1101 2999
1102 533
1102 853
1102 994
1102 1454
1102 2533
1102 2789
1102 3545
1102 4171
1102 4200
1103 2232
1104 1303
1104 2100
1104 2948
1105 3284
1106 3311
1107 3392
1107 3591
1108 2444
1108 2615
1108 3642
1108 3890
1111 349
1111 576
1111 869
1111 1720
1111 2205
1111 2287
1113 3488
1113 3846
1113 4103
1114 657
1114 1824
1114 2622
1114 2694
1115 1064
1115 4126
1116 1835
1117 632
1117 729
1117 1815
1118 3869
1118 4006
1118 4067
1119 84
1119 2097
1119 2410
1119 2694
1119 3081
1120 1303
1120 1347
1120 3857
1121 870
1121 1358
1121 1422
1121 1556
1121 2460
1121 2701
1121 3494
1121 4209
1122 309
1122 476
1122 1379
1122 1850
1122 2552
1122 3823
1123 1950
1123 2748
1124 140
1124 1393
1124 2459
1125 3123
1126 1240
1126 3277
1126 3497
1127 2435
1127 3134
1127 3605
1128 594
1128 1540
1128 1647
1128 2856
1128 3203
1128 3415
1128 4110
1129 699
1129 1403
1129 1790
1129 4192
1130 475
1130 767
1130 2366
1131 2860
1132 332
1132 2889
1133 506
1133 2007
1133 2966
1134 663
1134 1312
1134 2611
1134 2726
1134 3963
1135 1184
1135 2257
1135 4009
1136 3120
1137 243
1137 771
1137 1175
1137 1207
1137 2125
1137 3276
1138 36
1138 2087
1139 1553
1140 406
1140 2119
1140 3023
1141 876
1141 1787
1142 434
1142 2803
1142 3608
1143 57
1143 320
1143 1588
1143 1952
1143 2766
1143 2852
1144 77
1144 545
1144 2863
1144 3199
1145 135
1145 280
1145 734
1145 2049
1145 4010
1146 171
1146 351
1147 712
1147 3995
1148 1238
1148 2521
1148 2653
1148 3946
1148 4022
1149 970
1149 3958
1150 1996
1150 2443
1150 2559
1150 4046
1151 641
1152 721
1152 1175
1152 2061
1152 2106
1153 375
1154 234
1154 2238
1154 2465
1155 80
1155 3138
1155 3424
1156 1692
1156 4065
1157 2338
1158 2007
1159 3979
1160 687
1160 2542
1161 4054
1162 969
1162 3147
1163 1952
1163 4213
1163 4229
1164 573
1164 1880
1164 3108
1165 1030
1165 2165
1166 827
1166 1483
1167 1133
1167 3729
1168 2459
1168 2513
1168 3625
1169 2557
1169 3380
1170 597
1170 814
1170 2211
1171 1751
1171 2705
1171 3692
1171 3781
1172 96
1172 3192
1173 301
1173 615
1174 43
1174 1472
1174 1501
1174 1698
1174 2329
1174 2331
1175 1920
1175 2052
1176 1521
1176 2290
1176 2969
1177 99
1177 2666
1178 2721
1179 3538
1181 1852
1182 874
1182 2214
1182 3577
1183 1339
1183 4157
1184 875
1184 1948
1184 3025
1185 1737
1185 4166
1186 947
1186 965
1186 2513
1187 603
1187 678
1187 1109
1188 809
1188 2089
1188 3674
1189 488
1189 1152
1189 2396
1189 2636
1190 188
1190 2751
1191 329
1191 487
1191 892
1191 3652
1192 1290
1192 1782
1192 2414
1192 2725
1193 588
1193 1463
1193 1979
1193 2268
1194 1179
1194 1208
1194 1977
1194 2803
1194 3118
1195 3737
1196 222
1196 1701
1196 2364
1197 537
1197 918
1197 1255
1198 2051
1198 2437
1198 2577
1199 1712
1200 2584
1200 3084
1201 354
1201 3070
1201 3167
1202 2490
1202 2771
1203 3763
1205 189
1205 372
1206 529
1207 602
1207 1127
1207 1491
1207 2169
1207 2534
1209 946
1210 20
1210 1982
1210 3319
1210 3537
1210 3744
1211 2628
1212 134
1212 1990
1213 1114
1213 3309
1213 4197
1214 1581
1214 1958
1214 2783
1215 352
1215 2249
1215 2781
1215 2899
1215 3222
1215 3760
1216 2992
1217 1661
1217 1969
1217 3036
1218 1901
1218 2646
1220 180
1220 308
1220 960
1220 2073
1221 90
1221 1208
1221 1228
1221 1436
1221 2938
1222 1353
1222 1380
1223 2203
1223 2799
1224 1290
1224 3459
1224 4031
1225 1874
1225 3715
1226 1098
1226 1396
1226 2969
1226 4086
1227 246
1227 2028
1227 3035
1227 3343
1228 1089
1228 1229
1228 1440
1228 2698
1228 2809
1228 3053
1229 380
1230 1195
1230 2941
1231 865
1231 3117
1231 3603
1232 485
1232 2635
1232 3661
1233 1487
1234 1113
1234 2109
1234 2673
1234 3657
1235 1429
1235 1456
1235 3092
1237 2721
1237 3021
1237 3977
1238 1806
1238 2043
1239 537
1239 2569
1240 1364
1240 2246
1240 3544
1241 3823
1242 893
1242 1106
1242 3472
1245 1299
1245 2277
1245 2806
1246 638
1246 2821
1246 3057
1247 842
1247 2062
1248 467
1248 942
1248 999
1248 1364
1249 1024
1249 1383
1249 1559
1250 2104
1250 4228
1251 164
1251 2930
1251 2969
1252 1284
1252 1919
1253 2366
1253 3697
1254 1394
1254 3495
1254 3606
1254 3677
1255 1837
1255 3587
1256 595
1257 2492
1257 2548
1258 1680
1258 2753
1259 3554
1259 3943
1260 677
1260 2410
1261 2708
1262 1765
1263 1804
1264 908
1264 2510
1265 3419
1265 3666
1265 3761
1266 1229
1266 1505
1267 326
1267 3598
1268 1416
1268 2622
1268 3730
1269 412
1270 1306
1270 1412
1270 3730
1271 2843
1272 1429
1272 4200
1273 1654
1274 2594
1275 205
1276 680
1276 1150
1278 1073
1279 2015
1280 1664
1280 2069
1280 2161
1280 4088
1282 109
1282 703
1282 1829
1282 2579
1282 3023
1282 3345
1282 3481
1283 2352
1284 283
1284 1065
1284 2303
1285 3278
1285 4005
1286 227
1286 866
1286 1693
1286 2327
1286 3270
1286 3342
1286 3794
1287 249
1287 1451
1287 3378
1287 3822
1288 96
1288 2011
1288 3661
1288 3725
1289 1371
1289 2912
1290 588
1291 2353
1291 2567
1291 3567
1291 4085
1292 3522
1293 2398
1293 4012
1293 4169

