8814 7278 2383
1 1
4 5223
13 6276
33 5068
35 5436
38 4031
40 3669
42 4166
44 4216
44 6396
45 884
45 4464
47 1072
47 6179
50 5454
53 5688
63 3920
70 4758
80 3545
82 3860
86 5194
89 2652
95 2131
100 2359
104 3651
108 7126
114 193
120 886
124 5776
128 4267
133 7058
134 6755
138 1568
139 367
149 3406
154 2931
170 1718
175 4234
178 3369
178 5010
184 4108
190 2336
191 7076
196 6433
197 3308
198 3287
201 4472
205 694
206 489
215 2674
217 3724
220 1892
226 4963
230 5585
235 4637
243 1892
243 2962
258 5638
260 1193
262 6849
266 1428
273 2728
288 3339
296 1850
302 1021
302 5608
304 5070
308 6804
308 6942
313 1364
313 3673
316 2607
327 2339
334 2149
334 4834
335 5783
337 2569
342 4088
346 4644
346 6269
346 6662
352 3936
357 3899
362 5081
364 5487
365 6478
369 5738
372 232
373 58
380 4087
384 2227
390 2226
390 3108
393 6540
396 4983
403 1118
403 2521
404 6565
405 5372
405 6017
412 3668
414 4739
415 6262
417 6097
418 3376
420 2080
423 6996
428 2330
428 3809
433 5312
434 2763
434 3743
436 2181
436 5232
437 947
438 2587
441 2567
443 5915
446 1982
446 6457
447 2176
449 5687
454 7128
455 3628
456 6603
458 1611
462 1693
463 6056
464 4846
466 7253
470 3616
477 4139
482 926
488 3384
490 4578
490 6171
492 321
492 4723
493 4486
493 6598
495 3938
496 4463
496 6436
496 6877
497 765
503 6780
508 2727
511 105
514 799
517 2984
519 2460
529 1505
530 5597
532 4839
533 840
549 7061
551 727
559 1387
559 2569
570 3751
571 5954
572 1239
584 547
584 5196
590 4283
594 1094
599 62
602 3554
602 4366
606 3308
611 4990
615 6509
616 629
617 4502
621 880
623 1727
623 1920
631 5755
632 6475
633 2563
637 6680
639 2427
645 7151
647 3648
652 2779
655 88
663 1964
663 5768
669 2522
673 1627
676 6
677 3935
680 1329
682 3638
685 2184
687 1377
689 5634
694 2657
695 172
697 4591
698 155
699 993
702 1230
711 6092
719 4045
719 4686
723 5035
725 3255
729 4326
730 5222
738 3669
739 3202
747 4816
751 6838
753 2317
758 4773
761 4635
771 4492
774 1490
777 329
781 1719
782 3743
785 504
785 2825
788 902
788 3229
794 1525
800 228
809 1288
811 6388
824 6919
825 303
837 2532
839 4696
840 2452
843 1914
855 6536
856 417
862 1532
866 3589
867 1182
867 6173
868 2885
870 2973
874 721
887 2572
887 5221
895 4861
903 5645
904 4852
907 469
909 6322
913 4952
915 5533
918 4335
919 4092
920 3750
924 4431
928 1658
931 2139
937 4941
942 4198
942 6827
953 4374
956 6897
962 5542
963 5256
965 5102
973 6469
979 3394
983 4955
986 3468
987 5111
988 6867
995 1436
996 5752
1004 921
1006 677
1006 2337
1012 4055
1014 6611
1014 6776
1016 6179
1022 4730
1025 5960
1028 1127
1029 1639
1030 6539
1038 2124
1044 2700
1044 5341
1046 683
1047 3495
1051 641
1054 5321
1056 12
1059 2834
1060 4952
1061 5257
1063 7265
1069 6846
1070 1436
1074 5309
1078 4598
1080 4876
1085 2534
1085 3879
1087 5597
1090 1112
1104 3456
1105 989
1110 6268
1111 2546
1123 6931
1125 4071
1141 1473
1153 4915
1160 6779
1161 3920
1166 2496
1169 1064
1174 7071
1178 1558
1180 72
1182 7154
1184 5685
1186 3198
1189 7140
1201 2722
1202 5791
1204 721
1205 5139
1214 1724
1219 5711
1238 977
1239 885
1240 2219
1240 3412
1240 5666
1245 6243
1248 2611
1249 5638
1252 2793
1266 3852
1270 6278
1276 618
1279 1387
1280 1728
1283 6862
1286 5973
1287 81
1289 4654
1291 1179
1293 5851
1294 1668
1298 2201
1299 6132
1304 1430
1305 67
1309 4732
1311 552
1312 5147
1320 2816
1329 5931
1341 5772
1345 4367
1348 6209
1351 3244
1352 846
1364 5043
1369 6724
1370 4143
1374 284
1381 4779
1386 28
1388 4535
1390 1110
1390 2145
1398 1543
1399 4878
1400 5644
1402 3033
1404 2834
1410 2358
1410 5077
1416 3373
1419 6786
1419 7065
1422 39
1426 2049
1432 5026
1437 3460
1438 3896
1441 4772
1466 6391
1467 1085
1468 1824
1470 2117
1472 6267
1476 1574
1485 1822
1492 1057
1494 6946
1502 4297
1507 4045
1509 5876
1512 2659
1523 2815
1528 1226
1536 2967
1539 728
1546 6849
1547 2132
1549 1320
1550 2216
1561 3960
1563 6149
1564 1313
1567 1468
1567 6801
1569 2372
1569 6514
1571 3797
1575 4522
1582 1533
1583 7259
1584 3545
1584 3702
1584 5828
1586 3290
1591 1765
1592 559
1593 58
1593 3403
1594 4725
1596 285
1596 697
1597 5524
1601 6052
1603 5489
1606 1619
1611 5771
1618 5427
1622 7121
1627 1778
1628 2637
1629 2353
1632 579
1642 3348
1649 4171
1653 747
1653 4148
1655 621
1662 3722
1664 759
1664 2481
1670 1394
1672 3870
1672 6410
1680 3822
1687 6138
1688 698
1688 2993
1689 5945
1693 250
1695 1320
1697 3340
1703 3259
1708 1359
1711 41
1711 4972
1713 1826
1714 1163
1714 1632
1715 1195
1720 6994
1728 466
1734 3510
1742 1137
1742 6320
1743 1255
1744 3498
1749 5600
1754 3105
1759 615
1761 7027
1766 64
1766 67
1767 4331
1773 5882
1775 3008
1777 1588
1780 3624
1785 6441
1793 5110
1799 5595
1801 2460
1801 6690
1802 2088
1802 3097
1805 5942
1806 1911
1806 4358
1814 744
1816 1127
1816 2242
1819 2225
1820 4162
1822 2731
1827 7206
1832 7173
1834 3228
1836 2921
1836 4441
1839 3768
1844 3107
1847 3752
1850 4832
1850 7253
1859 4939
1860 33
1866 5909
1868 5830
1869 1613
1869 1677
1876 3676
1879 5517
1881 5988
1888 1035
1890 6763
1893 211
1900 1941
1901 2793
1905 3037
1907 3328
1911 2118
1921 5941
1925 3323
1926 914
1928 4734
1930 4586
1933 7259
1937 5699
1940 2330
1945 4333
1946 2285
1947 6355
1948 5542
1959 4321
1979 620
1983 1406
1987 2022
1992 1700
1994 6851
1998 2400
2000 2338
2001 4756
2005 3411
2014 1424
2016 1290
2017 1590
2019 4219
2023 583
2025 2319
2027 2979
2029 6647
2030 3477
2035 4567
2036 1745
2037 3801
2040 756
2054 6384
2066 6332
2079 5213
2086 1860
2090 921
2094 3665
2102 1565
2104 3812
2104 4040
2107 4501
2107 6154
2108 5764
2110 1231
2114 6078
2116 912
2118 6089
2120 5983
2122 4307
2128 3014
2129 4550
2130 7221
2146 89
2150 3960
2152 5510
2153 4394
2156 5320
2160 3058
2161 5577
2162 865
2172 1894
2173 4250
2186 4236
2193 143
2194 1865
2198 483
2198 6051
2203 772
2205 5163
2217 4618
2219 377
2220 61
2220 2352
2221 4246
2222 1251
2223 572
2223 2212
2229 3447
2231 4048
2234 880
2240 6990
2244 6229
2245 5087
2256 6665
2268 4230
2269 5493
2276 1331
2279 6743
2284 2031
2286 1536
2286 5935
2287 3073
2288 2453
2289 3890
2291 4437
2292 589
2300 746
2301 1279
2304 938
2306 3389
2309 2812
2311 7197
2315 2923
2326 5569
2332 4394
2333 5700
2335 4794
2338 907
2338 6467
2340 3136
2341 3847
2343 1977
2345 2764
2359 2227
2361 6692
2362 5772
2363 1823
2366 4217
2377 3578
2390 895
2390 3041
2392 1662
2393 4440
2396 5102
2405 3237
2406 354
2410 1192
2412 1318
2414 2862
2416 587
2418 1243
2418 2513
2418 5163
2432 1091
2433 6750
2441 3031
2441 4458
2443 702
2449 1489
2455 3003
2456 6282
2460 6525
2465 4897
2472 2882
2476 5104
2477 2151
2477 4388
2485 4281
2487 2120
2487 6537
2495 4847
2500 1891
2506 6757
2508 71
2508 5541
2509 2445
2511 5265
2512 4512
2525 297
2525 6060
2527 4416
2527 5874
2535 1970
2541 3887
2550 1213
2557 4086
2559 4944
2562 4454
2568 4699
2573 2240
2579 4602
2583 208
2587 4077
2589 2887
2596 6095
2598 2697
2602 1726
2613 641
2613 6795
2614 7163
2620 4603
2625 6684
2626 366
2638 3271
2638 3591
2654 2161
2657 4348
2658 5334
2662 916
2664 4609
2667 1432
2668 2301
2670 4331
2674 6201
2677 6744
2692 3336
2698 3718
2703 5942
2704 1770
2707 4805
2707 5147
2714 2617
2719 764
2727 2720
2737 5426
2744 67
2748 6161
2749 563
2751 1911
2751 5145
2761 1732
2770 3029
2773 490
2774 2200
2774 3872
2777 488
2780 2144
2780 5074
2783 6639
2787 5067
2792 5666
2802 56
2813 6602
2814 492
2821 5623
2824 1752
2826 4721
2829 6110
2837 122
2838 2718
2838 2782
2848 5567
2850 1144
2850 2263
2852 4723
2854 7094
2859 1472
2861 1601
2869 4167
2874 1575
2874 3131
2887 4269
2890 647
2894 4608
2894 4876
2894 4938
2894 6920
2900 2762
2912 6006
2914 319
2917 5886
2918 5975
2931 1379
2934 6234
2939 2253
2940 3215
2940 7089
2942 3686
2945 2804
2952 208
2954 3308
2956 1943
2956 5209
2958 973
2959 3579
2961 4366
2961 4852
2967 4141
2968 5838
2971 3329
2971 6756
2972 3811
2977 4225
2978 4502
2979 6949
2984 2778
2985 3525
2987 5538
2987 5799
2989 4881
2994 258
2997 1803
3000 2122
3002 3403
3003 942
3003 5427
3005 4079
3006 5135
3006 6424
3007 2216
3007 6282
3009 6026
3027 5198
3032 5636
3034 3634
3036 5037
3044 6851
3047 4529
3049 2883
3059 6153
3061 5214
3064 87
3064 5926
3080 3968
3083 3058
3086 3552
3088 3784
3089 6704
3090 136
3090 763
3091 3335
3094 4147
3095 2374
3096 5700
3112 1107
3114 613
3117 2336
3123 3332
3125 6269
3131 663
3135 3531
3136 2437
3139 53
3142 21
3142 1517
3145 6381
3147 5334
3149 6192
3152 3558
3152 6801
3153 1977
3158 5866
3158 6110
3159 6970
3160 3044
3170 5175
3172 2902
3179 329
3179 572
3179 1470
3181 6189
3182 6893
3186 4066
3188 2448
3188 4157
3192 490
3193 2076
3197 5664
3200 6944
3200 7085
3201 383
3201 5422
3211 5181
3213 3532
3214 4670
3217 708
3217 3332
3217 5567
3223 2845
3232 947
3234 5001
3243 5492
3244 1061
3245 5505
3247 3609
3249 3893
3250 1307
3250 2169
3251 2518
3251 5016
3253 1088
3253 1454
3256 5773
3264 6615
3267 164
3269 6332
3271 7249
3271 7262
3274 7084
3276 2063
3287 2915
3291 142
3292 1521
3292 4727
3294 6497
3297 5800
3297 5872
3302 5372
3306 1090
3316 1743
3321 1577
3325 500
3325 740
3327 2963
3331 1314
3331 6971
3337 2251
3337 6444
3338 4417
3342 411
3343 5594
3344 5825
3344 6825
3346 3335
3348 6762
3349 6363
3356 543
3359 4214
3360 2612
3367 5534
3373 2837
3374 265
3375 7001
3380 220
3381 2827
3384 5389
3386 878
3388 4858
3394 3009
3394 4180
3401 3323
3408 6556
3409 3499
3410 4773
3413 713
3413 6445
3417 2288
3417 6020
3422 217
3422 1116
3425 7024
3436 2897
3437 1882
3442 5276
3445 5682
3452 624
3452 3068
3453 943
3457 1564
3458 5639
3459 6907
3467 4193
3471 21
3471 2747
3473 6428
3479 5786
3485 4287
3486 5111
3488 5165
3491 1397
3492 4242
3492 5381
3495 2436
3495 6634
3505 6766
3506 5359
3509 1620
3515 1637
3530 5415
3535 4490
3546 5323
3547 723
3552 4547
3555 1865
3557 4418
3557 7088
3562 1158
3566 681
3571 6183
3574 6584
3575 3653
3576 3856
3576 6758
3579 3530
3590 2428
3591 3960
3595 6154
3597 3320
3604 3862
3615 4175
3615 7099
3621 1118
3625 4946
3628 1560
3629 2027
3632 2284
3634 117
3635 1738
3636 7035
3637 2614
3643 2701
3645 2590
3651 2114
3653 6552
3671 1018
3675 6485
3680 3199
3681 3542
3683 3016
3685 3544
3688 754
3690 2892
3692 6236
3694 5268
3697 5033
3699 352
3700 5184
3705 5152
3713 343
3715 1574
3718 898
3718 7007
3720 2027
3720 6007
3720 6736
3731 1438
3731 6481
3738 705
3738 5136
3739 7027
3750 764
3751 2500
3755 5075
3759 5109
3760 4678
3766 4367
3770 5779
3771 1614
3771 3793
3774 5021
3774 5133
3778 4426
3779 933
3779 5508
3781 4623
3784 4451
3785 5865
3785 6633
3786 3874
3787 6025
3793 3303
3802 7036
3816 6044
3819 5763
3822 2886
3826 2710
3829 1976
3830 2022
3834 3173
3834 6658
3837 5357
3841 6459
3842 2013
3852 171
3853 3189
3858 1377
3861 3687
3866 396
3868 6665
3873 4861
3875 2297
3880 6803
3888 1282
3891 4093
3893 1470
3901 2141
3905 3313
3911 2523
3917 7255
3919 3994
3921 4089
3927 7196
3930 952
3930 2112
3932 5993
3933 2216
3934 3782
3934 6515
3941 2820
3948 5105
3951 7154
3971 4630
3974 964
3975 5824
3984 2026
3984 4315
3984 5031
3990 1714
3990 2791
3998 6147
3999 6573
4002 3784
4006 6186
4016 160
4016 4435
4019 3846
4026 1342
4030 5126
4033 556
4034 6654
4036 5150
4039 4782
4040 3341
4041 5180
4047 2637
4051 3093
4051 5566
4053 6201
4061 6276
4063 3321
4064 1533
4067 6254
4067 6600
4087 1535
4091 6616
4095 4244
4095 4789
4096 2143
4096 3520
4097 5680
4107 3993
4107 5243
4108 5457
4109 1988
4109 4916
4112 720
4113 7095
4117 76
4130 780
4131 856
4131 2811
4132 4758
4139 5654
4148 5967
4150 255
4156 3189
4162 392
4164 5775
4165 260
4172 5447
4178 3517
4181 2535
4189 1359
4189 6333
4197 992
4202 2183
4208 1163
4209 2260
4214 2317
4218 4772
4221 6873
4225 477
4225 6990
4227 5254
4228 4289
4228 4878
4235 46
4235 6130
4237 2247
4238 2400
4243 6817
4250 4369
4252 3608
4252 3627
4252 4668
4256 4922
4257 1831
4259 4032
4265 1932
4267 1121
4270 586
4279 4505
4282 7163
4291 715
4295 220
4298 1418
4300 6776
4303 680
4308 4836
4313 4017
4314 2285
4323 2753
4336 859
4337 2094
4338 6791
4339 6601
4344 1310
4344 4616
4346 5353
4348 3973
4348 6247
4350 5678
4351 14
4354 6838
4357 3471
4360 2092
4360 3261
4368 7151
4370 5595
4371 2924
4373 5231
4375 2354
4375 3283
4379 1886
4383 4494
4383 7062
4392 3521
4404 1101
4408 1463
4408 1733
4408 5289
4412 940
4417 1176
4427 1064
4429 528
4429 2290
4431 6693
4443 2157
4445 2863
4452 153
4459 3890
4464 3281
4464 3919
4466 574
4471 261
4474 1057
4482 3521
4494 6778
4498 3233
4500 972
4511 4805
4511 6363
4514 1188
4518 5365
4520 1778
4520 3645
4523 6840
4526 7250
4527 3692
4527 6749
4530 5803
4531 4127
4533 2207
4535 3032
4535 4880
4537 325
4547 1261
4547 2318
4550 1125
4557 561
4559 6087
4561 1391
4565 6104
4570 2895
4572 1880
4572 6674
4575 4964
4575 6200
4579 376
4581 133
4583 5331
4594 4471
4598 4473
4599 5814
4603 3898
4607 4101
4607 4281
4636 5729
4636 6348
4643 6679
4645 524
4649 1343
4661 4018
4665 6749
4673 3753
4685 99
4693 2633
4695 1334
4697 1280
4698 3711
4698 5383
4700 1278
4708 7160
4710 3380
4712 5907
4719 5678
4726 7018
4729 7062
4730 4056
4735 2667
4740 3127
4740 6348
4741 4434
4743 6925
4747 6130
4748 4384
4751 71
4765 6767
4766 2539
4767 663
4777 6192
4783 3447
4790 5020
4792 6312
4793 1183
4795 3722
4797 2307
4799 1019
4801 6268
4802 5105
4805 3559
4814 2400
4816 3640
4816 4445
4819 6236
4820 3275
4821 889
4830 6875
4835 2926
4836 995
4837 3814
4837 4995
4844 7270
4849 5403
4850 626
4852 6207
4857 3992
4863 1891
4869 4160
4870 5717
4874 5594
4876 5445
4886 1872
4887 5969
4889 5466
4893 3698
4899 665
4925 3863
4928 6181
4936 6090
4942 2066
4943 233
4944 5719
4947 1238
4957 583
4957 2101
4958 2023
4962 748
4963 631
4964 301
4969 901
4973 3255
4976 4135
4985 1934
4985 3418
4986 2430
4989 6535
4992 2335
4995 2415
4997 3129
5002 3707
5009 1521
5010 3042
5013 1961
5014 357
5015 2798
5016 2439
5026 167
5030 1528
5032 5413
5033 4088
5036 5
5039 4207
5039 5622
5046 5784
5048 2378
5049 2175
5060 3803
5064 1719
5064 3386
5065 3271
5071 2143
5076 1694
5079 6010
5089 3712
5089 4781
5092 6303
5099 1325
5111 2372
5112 420
5112 3424
5117 2409
5117 6685
5125 4658
5127 665
5134 4763
5142 3146
5144 5995
5145 4738
5147 5256
5149 33
5153 4599
5161 4099
5162 3247
5165 6641
5168 4920
5170 247
5173 1391
5173 2720
5173 5458
5175 1765
5175 5843
5175 7248
5184 5279
5189 3038
5190 2997
5193 1416
5193 1518
5214 5410
5222 4564
5229 4008
5232 2234
5237 5692
5240 2745
5242 1481
5242 3946
5248 4626
5249 288
5254 7029
5263 2331
5280 6130
5285 2147
5294 738
5298 3850
5300 5812
5301 1445
5301 2528
5305 1211
5306 6109
5307 3755
5308 504
5311 1780
5313 1160
5313 3236
5317 2195
5326 1344
5328 5855
5335 3235
5346 2963
5346 6116
5347 957
5349 1476
5351 5245
5363 3316
5365 5908
5366 525
5369 4547
5371 4681
5374 2715
5374 6960
5376 153
5380 257
5381 1875
5391 2622
5391 6174
5402 4492
5404 5165
5405 3346
5409 7074
5410 3091
5413 6583
5422 6399
5425 3631
5427 4779
5429 2423
5431 3570
5433 5361
5438 763
5439 2806
5439 4986
5439 6650
5441 1079
5441 3630
5441 6514
5444 4206
5457 7162
5462 6207
5469 5522
5482 3523
5485 1563
5490 298
5491 5425
5493 66
5493 6783
5494 2544
5498 5268
5506 590
5508 3879
5511 1112
5512 7108
5519 788
5523 799
5525 37
5532 3322
5533 6874
5539 2023
5541 4320
5541 4562
5546 4632
5558 4847
5561 3782
5565 4825
5569 2020
5569 3276
5571 343
5572 4850
5573 6600
5585 2406
5587 5962
5591 2183
5601 3259
5603 5040
5607 5607
5607 6112
5612 1427
5626 258
5629 4698
5639 2193
5643 5106
5646 6297
5650 7054
5652 2290
5658 3677
5662 5068
5669 211
5674 1494
5680 2382
5682 3228
5687 5530
5700 7136
5703 5711
5705 7238
5708 1058
5713 6583
5715 5345
5717 5295
5726 3299
5734 4263
5735 3370
5735 4653
5746 2040
5746 5894
5746 6505
5753 2404
5753 6366
5769 207
5781 5013
5794 6281
5799 3579
5803 25
5807 4797
5808 2597
5808 3221
5809 518
5811 3002
5815 79
5815 586
5815 2944
5819 5211
5823 1019
5834 5816
5840 6811
5841 5851
5846 904
5850 4689
5854 5402
5858 2760
5865 4209
5865 4625
5867 3448
5869 3608
5874 4408
5875 3910
5886 3787
5891 1500
5895 5232
5903 3469
5903 5279
5909 4935
5913 807
5918 1969
5921 5606
5921 6222
5931 1539
5932 7251
5944 5975
5949 2723
5949 4275
5950 6855
5974 7193
5976 7274
5978 2702
5979 556
5980 2889
5986 4652
5987 1267
5992 15
5992 310
5992 2987
5994 3302
6006 5427
6034 6867
6039 1195
6040 6889
6044 1480
6053 284
6055 3887
6060 5631
6070 2853
6077 3051
6077 3812
6078 4366
6079 4950
6081 6941
6082 7095
6083 4599
6087 1092
6094 6533
6098 4114
6099 6988
6100 3792
6103 725
6106 5573
6118 114
6121 5129
6123 820
6125 6427
6133 3580
6134 818
6141 5268
6142 4143
6145 3944
6151 7084
6152 6582
6154 174
6155 320
6159 6867
6161 6758
6162 5060
6168 5222
6171 1374
6172 142
6179 5312
6181 1746
6183 6132
6185 1700
6185 4392
6185 5923
6187 5576
6188 4312
6193 1992
6193 5790
6194 5846
6201 5739
6209 5201
6211 1195
6211 2691
6214 4248
6214 4449
6219 2862
6224 731
6231 4301
6235 3105
6240 5529
6249 1568
6251 3112
6252 5035
6255 4538
6259 3173
6262 3612
6265 7151
6266 7257
6267 632
6270 148
6271 2574
6272 4981
6277 1191
6278 7029
6279 2828
6280 3614
6283 5453
6283 5900
6289 2013
6292 2096
6302 4525
6304 986
6304 2297
6311 2560
6313 249
6317 2181
6323 5398
6324 1924
6327 1085
6329 5894
6337 7053
6343 5403
6343 6190
6344 4083
6345 562
6346 245
6348 3126
6348 6551
6350 1713
6351 6898
6355 5064
6364 7267
6373 1594
6374 31
6377 5371
6385 6716
6387 4202
6393 6706
6395 2066
6398 3390
6405 3009
6414 4501
6424 126
6425 525
6425 2823
6427 3251
6428 1376
6430 3011
6435 1671
6437 2463
6443 5525
6444 6342
6446 5933
6449 5562
6450 2405
6453 2891
6454 401
6455 4673
6458 3268
6459 5555
6466 4706
6469 2745
6474 2598
6478 5491
6482 6586
6487 3194
6491 3001
6494 752
6496 4289
6497 6584
6499 1459
6503 2505
6503 7126
6506 1134
6509 3354
6512 5181
6514 5210
6523 2834
6534 4416
6542 347
6544 1855
6548 6256
6552 2764
6557 6367
6569 5540
6572 421
6572 5832
6580 479
6582 1776
6582 3112
6583 5575
6583 5576
6584 1424
6585 6292
6587 2276
6591 3452
6595 6468
6598 9
6601 6758
6607 3422
6617 567
6617 2264
6621 2951
6621 3373
6624 2944
6631 2343
6632 3269
6634 3537
6636 5354
6637 4681
6637 7215
6640 222
6643 6851
6644 28
6649 319
6653 2449
6656 3735
6661 3580
6667 6666
6669 4435
6670 2748
6671 2001
6679 1122
6685 854
6687 709
6688 736
6697 4004
6698 1380
6699 1865
6700 840
6708 2834
6709 5917
6715 3340
6716 6923
6717 596
6718 6057
6721 6236
6732 2757
6736 3450
6737 6837
6743 410
6744 1276
6754 691
6757 2234
6757 3438
6765 3171
6766 3553
6796 974
6798 6929
6812 5092
6815 6980
6818 3024
6829 5618
6831 485
6838 3081
6842 2835
6846 2173
6848 6362
6851 6618
6852 5028
6855 3680
6855 5655
6859 3608
6860 4027
6865 2800
6867 1689
6874 4620
6878 3007
6883 6917
6888 4352
6902 2803
6903 274
6906 5317
6906 6476
6916 2074
6929 1714
6933 3652
6933 3806
6935 3744
6940 2382
6943 1371
6948 5264
6952 4193
6957 2523
6961 3751
6972 5583
6974 4938
6979 2791
6982 595
6984 204
6986 2174
6987 2114
6988 282
6992 1895
6992 3856
6993 4756
6995 454
6995 5102
6997 2558
6997 3855
7010 5122
7011 975
7012 3175
7014 3294
7016 5611
7016 6748
7026 5204
7028 3560
7030 5720
7031 1885
7050 3560
7062 5119
7064 4060
7071 2681
7071 3015
7071 5178
7074 1812
7081 71
7082 6530
7097 1430
7099 4732
7100 7046
7105 4595
7105 5898
7108 6265
7110 6318
7111 3686
7121 1859
7121 4148
7128 1964
7130 1944
7135 908
7135 3066
7136 1519
7141 5418
7142 2810
7150 1074
7150 4900
7153 1836
7163 1952
7170 6687
7182 1012
7182 1645
7183 5742
7184 4251
7187 6841
7194 6995
7198 2864
7217 5152
7218 2625
7221 4035
7225 3487
7231 2321
7232 3165
7233 1328
7240 1036
7244 5380
7252 6308
7255 3105
7259 2135
7261 3895
7262 6521
7263 7241
7265 7273
7278 6262
7286 274
7308 4384
7308 6656
7313 2900
7314 2736
7318 1084
7319 6237
7323 2942
7323 6723
7324 3103
7338 3617
7340 910
7346 4413
7348 2191
7349 5431
7350 4530
7357 5581
7365 1567
7368 932
7372 2149
7377 5805
7381 4258
7386 5068
7388 2270
7388 5122
7390 5701
7398 828
7399 603
7403 4267
7405 2493
7405 5210
7410 329
7427 6333
7431 3998
7433 923
7437 6892
7438 1243
7441 4292
7447 6472
7448 4025
7454 3139
7457 3424
7457 3505
7459 4545
7460 4468
7463 6257
7467 1558
7471 4403
7472 1137
7474 7037
7481 2417
7484 3676
7485 4768
7486 1481
7489 3854
7490 1760
7497 1008
7499 6619
7500 1527
7510 103
7518 5894
7540 6553
7541 5967
7543 5721
7544 781
7544 1173
7550 5449
7552 5687
7556 1581
7560 2923
7566 2434
7570 172
7574 3724
7577 4789
7578 7098
7580 486
7581 2320
7582 4159
7600 5454
7605 3471
7606 6967
7607 2151
7611 4976
7613 7111
7617 7207
7624 3957
7639 3052
7650 6393
7665 5128
7666 803
7671 2892
7671 5258
7671 5816
7680 2939
7689 4815
7698 6856
7706 2751
7708 5261
7712 2480
7716 945
7726 3458
7726 3525
7731 293
7732 1010
7732 5390
7733 1549
7742 3565
7742 4801
7751 2207
7752 3113
7755 6260
7761 5024
7765 486
7766 979
7766 6463
7773 1498
7775 5227
7776 2528
7787 627
7787 2340
7787 5341
7795 4108
7814 5935
7815 4309
7817 3830
7822 5463
7824 2904
7832 1030
7837 62
7839 3005
7839 4493
7842 705
7842 6467
7852 561
7852 869
7852 6478
7858 3290
7863 2825
7887 1506
7887 6295
7890 6248
7892 3072
7896 4498
7896 5481
7903 3948
7903 4708
7909 4603
7910 4612
7910 6038
7917 6641
7921 1390
7933 360
7934 4764
7936 2612
7943 5536
7961 1721
7969 5762
7970 1510
7978 1102
7983 503
7985 3642
7993 724
7998 5331
8001 2328
8004 1253
8005 1677
8007 1380
8016 6974
8031 1799
8036 1345
8040 1689
8041 4338
8044 3565
8046 2041
8047 6384
8072 4788
8078 3148
8089 5628
8092 5279
8096 5445
8100 110
8102 1211
8106 6333
8110 5125
8114 1444
8116 956
8119 5570
8120 6236
8121 1836
8122 2922
8124 5860
8129 5161
8137 1193
8138 2873
8141 6403
8155 928
8160 2786
8167 1414
8168 7065
8169 3263
8173 6197
8176 5177
8179 717
8186 224
8194 2804
8199 6952
8202 6662
8203 3340
8203 6661
8207 1782
8207 7228
8208 1551
8209 437
8211 1389
8211 3234
8212 3810
8219 5957
8220 3900
8221 2260
8226 604
8226 3309
8226 3409
8246 7007
8247 532
8250 2480
8254 2699
8254 3207
8257 3864
8258 4038
8259 2550
8263 6300
8267 6804
8277 4770
8282 7052
8285 5764
8290 1479
8292 2570
8295 1186
8297 7019
8300 5420
8305 3230
8307 672
8310 2610
8320 830
8323 4648
8324 6204
8329 6392
8333 1387
8335 6634
8340 5343
8341 4767
8342 1160
8343 6729
8356 6382
8362 1065
8369 4829
8370 3240
8370 3758
8370 5760
8371 7041
8372 4290
8373 6193
8381 1504
8385 5397
8386 5475
8387 4672
8393 422
8393 3716
8401 1512
8402 4384
8403 1691
8404 1279
8405 6685
8408 515
8408 3523
8413 5051
8418 6992
8423 7265
8431 1737
8431 6002
8435 2146
8443 7065
8445 2472
8450 5469
8452 23
8454 1370
8454 2231
8457 3061
8457 3361
8460 4395
8461 2462
8462 4942
8465 1189
8469 4044
8471 5269
8477 4198
8481 2315
8482 7152
8487 5687
8488 6867
8499 6595
8507 834
8510 5103
8511 3810
8512 5117
8517 1278
8521 3745
8524 599
8526 646
8527 4112
8528 5781
8530 5318
8530 5366
8534 2519
8541 2861
8541 4231
8544 5696
8546 124
8550 4488
8551 2219
8554 4809
8555 2410
8558 3374
8558 4903
8559 2393
8561 4074
8564 6743
8565 4485
8565 5896
8570 2979
8573 1533
8576 6824
8578 3583
8580 3527
8592 950
8592 2543
8599 5737
8602 7140
8604 234
8606 1044
8606 5442
8610 6277
8616 4662
8617 3226
8622 384
8631 5785
8631 5890
8635 5980
8647 7048
8652 127
8656 4338
8657 5206
8660 1867
8664 5685
8666 7231
8670 6542
8674 6623
8681 6669
8682 4826
8683 2841
8685 5793
8686 3263
8691 5254
8692 2295
8692 6083
8702 3610
8713 6795
8723 3553
8729 4307
8738 6449
8739 1512
8748 1153
8750 3949
8751 2062
8752 6599
8756 4306
8758 1052
8762 150
8764 1817
8764 2207
8764 5583
8768 460
8781 3239
8782 4517
8789 4367
8792 1482
8793 4276
8794 2944
8795 803
8800 5584
8801 1413
8801 2476
8802 1482
8810 1971

