1785 3077 1341
1 1
1 2312
4 389
4 629
5 1419
7 244
7 1283
8 922
11 107
12 1255
16 357
16 960
18 1495
19 834
19 1500
22 328
23 1992
26 1490
27 1306
29 1480
31 1378
31 2537
32 247
32 897
32 1257
35 1847
38 247
38 2645
40 1503
43 398
43 493
45 1271
46 61
49 1520
50 1307
51 545
51 2389
51 2858
52 1152
52 1695
55 1882
59 1328
59 1593
60 1070
62 2162
63 1661
64 1195
65 362
66 1129
66 2312
67 412
67 2967
68 1914
69 669
69 2831
71 39
71 1694
72 2052
73 2205
75 1612
75 2726
77 1669
78 1447
78 2342
80 511
80 571
81 1303
82 596
82 2146
84 2342
85 2635
87 606
87 1110
87 1329
92 2507
93 2359
93 2414
94 1049
95 40
96 301
96 2083
97 1731
98 1434
100 2054
102 2302
105 1564
108 2709
108 2713
108 2989
112 2036
112 2687
113 647
114 750
114 2454
115 2810
118 530
118 639
120 1818
122 582
123 1796
125 1744
126 2765
126 2812
127 1757
128 431
130 2217
131 1002
132 2109
132 2152
133 1303
133 2051
134 329
134 2293
135 1566
135 2416
137 2896
141 1079
142 71
151 676
155 3015
157 1091
157 2675
158 75
161 2450
165 1396
169 1652
171 1519
172 1186
173 2168
176 298
176 2335
178 152
178 384
181 1798
181 2600
185 2993
186 803
187 1579
187 2427
188 1291
190 1730
192 158
192 2333
192 2457
193 746
194 752
194 1501
195 663
195 712
196 2516
198 2179
199 2296
200 395
204 3007
207 2872
208 69
208 1630
208 2998
209 405
209 752
209 1611
210 629
213 2946
214 1339
215 2930
217 2816
220 509
221 2075
222 118
223 2893
224 1194
227 595
227 1984
228 1039
229 2783
230 1008
234 773
234 2597
235 362
235 2508
236 758
239 2136
241 2021
243 2817
245 1067
245 2276
245 2410
246 369
246 1500
246 2585
247 1066
247 2142
247 2553
247 2992
248 255
249 2325
250 115
250 794
252 2337
254 1860
254 2221
256 393
256 2969
260 8
264 2153
267 934
267 983
269 2050
271 2537
272 2852
274 3038
275 2092
276 2254
276 2565
277 1953
277 1973
279 2300
281 1434
282 1278
282 1377
284 595
284 2227
285 2693
286 2296
288 2313
288 3029
289 2396
293 487
295 2366
295 2551
297 168
298 2864
299 966
299 1924
300 958
302 388
303 1841
307 708
308 2676
308 2805
313 2709
314 2605
315 979
315 2238
316 2572
317 469
318 852
318 2602
321 1492
322 1392
322 2560
326 490
326 2512
328 299
329 581
329 1097
329 1493
329 2274
332 1523
333 792
338 5
341 973
341 1427
342 733
342 755
343 1032
345 1285
345 1340
346 876
346 1274
346 2396
346 2833
349 1011
349 2315
351 1755
352 2905
354 2799
355 1419
355 2556
356 1064
356 1172
357 2168
359 2039
360 485
365 585
366 555
366 738
367 2273
368 1563
368 2727
368 2845
369 2956
370 721
370 2891
372 1879
372 2874
373 2372
375 1154
377 1242
379 2477
380 1080
385 279
389 2605
390 1248
392 2498
397 1793
397 2407
398 1758
399 1730
399 2895
402 914
402 2600
403 224
403 1347
404 2477
405 1
405 69
405 2364
408 1282
408 2553
409 1402
410 2476
415 2128
417 2312
421 2618
423 1006
426 431
427 1741
429 322
430 2141
431 994
433 1807
434 1895
435 1655
435 1752
436 1320
437 1189
438 2436
439 2933
440 475
441 258
441 2751
442 2404
444 635
444 1390
444 2351
445 2155
446 157
446 287
447 1144
447 2276
449 771
449 1501
452 1539
452 1809
453 490
455 1756
455 2781
456 567
460 2659
461 2036
462 2051
462 2347
463 2851
464 1686
466 2459
466 2735
467 2415
468 3049
469 919
469 2462
471 769
471 866
472 1465
472 2663
476 676
476 855
477 2933
481 789
483 456
483 555
484 1052
485 1792
487 1464
489 351
490 935
492 377
492 1647
492 2280
493 1783
494 1195
494 1614
498 98
498 1106
499 1
499 8
499 2184
499 2489
501 1932
503 2094
505 536
505 2031
507 1570
507 2970
508 1600
510 432
511 2541
511 2613
512 57
513 1637
514 562
514 2389
514 2656
516 701
516 1128
523 405
524 152
524 166
525 2122
526 407
526 1997
527 2356
529 1132
530 1659
531 1637
531 1867
537 1668
537 2566
538 811
540 1596
541 719
541 1186
542 1024
544 874
547 687
549 2312
549 2983
550 2769
553 336
553 2647
554 2130
555 1077
556 1631
556 2412
559 817
561 39
562 477
563 410
564 138
567 1897
567 2496
568 581
569 15
569 724
569 1029
572 313
573 1604
579 2143
582 331
584 107
586 1122
588 268
588 3014
589 2771
589 2912
590 2481
591 1912
592 1602
594 2554
596 1636
597 1003
599 2663
601 2944
603 293
603 2079
608 2758
609 679
609 2068
611 13
612 2493
616 2010
618 968
618 2977
619 747
621 382
622 337
625 116
625 2771
626 811
630 1360
632 39
632 477
635 3067
636 177
636 1319
642 2674
643 829
644 96
647 2063
650 403
653 505
653 2023
655 1289
658 1919
659 44
659 1707
659 2715
660 1486
660 2163
662 2434
662 2870
662 2887
663 261
664 2633
666 1216
667 781
668 197
670 2056
671 2552
672 789
673 641
674 1156
682 190
682 2526
687 414
689 1624
689 1988
692 1863
693 1238
694 1222
696 1737
696 2091
697 185
702 3002
704 1058
704 2276
705 471
705 794
705 1464
707 1030
708 1663
709 1381
714 1122
715 1076
717 3017
718 2090
720 58
720 1908
723 1092
724 355
724 1665
724 1690
724 1964
728 316
729 1849
731 476
731 1253
733 2656
734 114
737 688
741 1724
741 2859
744 651
745 1497
746 932
748 2858
749 1643
755 2522
757 583
758 1571
759 2544
759 2962
760 2928
763 1313
764 2679
765 2659
766 1090
767 2757
768 782
769 1110
769 1685
770 949
771 1671
771 2042
772 645
775 2571
777 214
779 185
779 2600
780 707
780 1173
781 1832
782 2601
791 608
792 325
797 276
798 711
798 3008
799 909
801 1348
803 1787
804 222
804 2131
805 1218
806 1504
809 56
812 1973
814 2473
817 672
822 510
822 565
824 2
824 515
825 2402
825 2999
826 1873
827 1745
828 35
828 101
829 2318
830 1847
830 2660
834 2983
835 2597
836 705
836 2832
837 2279
837 2690
838 1094
840 1540
840 1789
841 1507
842 86
843 43
845 922
845 2939
846 2987
848 1775
849 1726
850 2324
852 872
853 959
854 964
857 2197
859 2723
863 1358
864 1082
864 1464
865 2923
867 708
867 2691
870 1729
871 321
872 1097
876 2457
876 2626
879 2160
880 1000
881 818
885 69
885 1199
886 147
887 2317
888 516
889 820
892 536
895 1713
896 1135
897 394
898 2924
899 2224
900 2421
901 1149
903 143
903 260
904 2134
905 797
905 1400
905 2492
905 2767
905 2931
906 1182
906 2568
909 1692
911 591
911 764
911 1929
912 313
912 2561
915 344
915 2564
918 2199
922 1029
922 2382
923 9
923 957
925 878
927 1509
928 770
929 2306
931 192
932 1347
933 2208
933 2477
937 45
937 985
938 2749
939 2263
940 1472
941 1961
942 2864
943 1484
945 24
945 738
946 1109
947 1518
947 2140
950 121
952 2412
953 1652
953 2104
954 921
954 1472
956 1852
956 3017
957 1139
957 1779
957 2138
960 689
960 1217
962 265
965 779
967 2180
968 2390
973 3019
974 289
974 1056
977 695
979 667
980 1220
981 2967
982 202
984 1809
984 2857
985 332
986 442
987 401
987 1527
987 2143
988 1597
988 2529
989 1666
991 2497
991 3048
992 301
995 2133
998 333
1003 828
1006 2840
1007 1825
1007 2416
1009 366
1010 2521
1011 1187
1012 190
1012 1541
1012 2415
1013 103
1017 2626
1019 411
1021 1450
1024 1457
1024 1925
1026 1433
1027 2047
1028 483
1028 2599
1029 1500
1030 3021
1031 1035
1031 1895
1032 398
1032 1682
1033 532
1035 1307
1037 2136
1039 627
1042 718
1042 957
1042 1741
1043 669
1046 1134
1049 791
1053 2557
1056 91
1056 1321
1056 1558
1056 1613
1056 2613
1061 1476
1061 1600
1061 2097
1063 2786
1065 2175
1066 1487
1067 2477
1069 220
1069 483
1070 2158
1071 736
1073 122
1074 1303
1077 881
1078 2043
1079 1210
1080 1398
1080 2847
1083 1193
1083 2271
1086 2992
1088 842
1088 2527
1089 2783
1091 2409
1093 828
1096 1455
1098 2619
1101 1524
1101 2046
1103 1597
1103 3065
1104 2255
1106 2265
1107 80
1107 2176
1107 2946
1109 2130
1110 577
1110 2926
1111 29
1111 1934
1113 1590
1115 2431
1117 1577
1118 1636
1118 1732
1118 1976
1126 351
1127 1280
1128 433
1132 1692
1133 2234
1133 2382
1135 1203
1135 2098
1136 2845
1137 1231
1139 2606
1140 1193
1140 1974
1142 2821
1143 422
1143 869
1143 1119
1144 1126
1144 1813
1147 837
1148 2246
1150 491
1151 1256
1152 1960
1152 2084
1152 2507
1154 2186
1155 2452
1159 1321
1160 1197
1160 2649
1161 1040
1164 2344
1168 2481
1171 527
1174 275
1174 3005
1177 750
1178 871
1179 2980
1181 1535
1181 1748
1184 651
1188 1396
1189 2167
1193 1482
1194 431
1196 282
1199 1898
1200 429
1202 2696
1203 886
1203 1188
1203 1284
1207 1670
1208 1160
1210 1542
1210 1945
1213 2847
1217 238
1217 1177
1218 2373
1220 2922
1224 307
1224 2390
1225 960
1226 411
1227 513
1229 1180
1230 2805
1232 2910
1232 2916
1233 128
1233 2966
1234 2534
1237 1992
1238 1090
1238 2948
1239 26
1239 1392
1239 1714
1240 905
1240 2697
1242 2779
1243 2897
1245 1798
1248 1573
1248 3008
1249 2533
1249 2643
1250 1121
1253 1076
1257 783
1258 1505
1259 2267
1260 2927
1263 659
1264 582
1264 2032
1264 2101
1265 2337
1265 3031
1270 2118
1271 2357
1275 1229
1276 2035
1277 365
1277 731
1277 1180
1279 977
1279 1025
1279 2472
1279 2583
1282 306
1282 3024
1284 548
1286 1939
1288 1007
1291 3066
1293 1977
1293 2889
1294 1451
1296 944
1296 1111
1297 1634
1297 1853
1298 2742
1298 2922
1298 3049
1300 595
1300 2793
1301 845
1301 2341
1302 417
1302 2548
1303 2924
1304 762
1305 102
1305 103
1306 2950
1307 2867
1312 2326
1313 2798
1314 615
1317 2154
1320 2619
1320 2778
1321 1225
1323 2292
1326 2072
1329 1832
1329 2387
1332 2469
1333 2160
1337 554
1337 2511
1337 2637
1338 1600
1339 1787
1339 2464
1340 1165
1341 633
1344 250
1344 1018
1344 2308
1346 589
1346 864
1349 769
1349 2314
1350 2572
1351 997
1352 143
1352 255
1353 480
1354 1515
1355 215
1356 593
1356 802
1357 2145
1361 280
1363 1122
1363 1831
1364 179
1364 278
1372 85
1373 2777
1375 698
1375 975
1377 2295
1378 1870
1378 3046
1379 1679
1379 2587
1382 1284
1385 1799
1387 245
1388 115
1390 1311
1390 1690
1390 2371
1400 1561
1401 4
1401 2021
1402 1702
1403 290
1403 773
1403 1597
1403 1895
1404 492
1405 2529
1406 1866
1408 1267
1409 2488
1410 1169
1411 1020
1415 333
1417 1641
1419 1546
1419 1883
1422 2046
1425 34
1425 1244
1425 1386
1427 2606
1428 1768
1429 1991
1429 2502
1432 2391
1435 427
1437 1848
1439 2777
1441 1823
1443 1075
1443 2745
1443 2967
1444 2785
1445 123
1445 1894
1445 3072
1446 3045
1448 495
1448 3040
1450 1156
1450 1883
1452 1861
1452 2851
1453 2339
1453 2814
1455 237
1455 2215
1457 2027
1458 1020
1458 1948
1461 2289
1463 2423
1464 423
1465 1983
1467 653
1467 2995
1468 1668
1469 2816
1470 65
1475 191
1475 510
1475 1661
1476 482
1477 2057
1478 1142
1479 490
1479 1936
1480 2698
1481 2754
1482 159
1482 2343
1482 2696
1484 2715
1485 904
1487 2126
1489 2502
1490 533
1491 1277
1492 457
1492 659
1492 1932
1492 2676
1493 1655
1493 2982
1495 1709
1495 2360
1497 1063
1497 3050
1497 3056
1498 1965
1505 640
1507 2413
1510 2677
1511 457
1513 2919
1514 3050
1517 2806
1518 1782
1522 1460
1523 821
1524 63
1525 1302
1525 1769
1526 889
1528 3063
1532 888
1537 1851
1537 3077
1539 893
1541 3060
1542 1196
1543 1952
1543 2373
1546 692
1550 1066
1550 1315
1550 2208
1551 2734
1551 2997
1555 16
1555 2701
1556 1471
1556 1931
1557 1953
1557 2881
1558 2699
1560 1631
1561 1209
1561 1312
1563 83
1563 1145
1564 1055
1568 2208
1570 59
1571 2186
1571 2249
1572 499
1573 1943
1573 2669
1574 1633
1575 1660
1576 204
1577 605
1577 1040
1577 1265
1583 1689
1585 1819
1586 2827
1587 2011
1589 1780
1591 2685
1594 16
1595 1501
1595 2221
1595 2645
1599 2208
1600 2640
1601 2594
1607 2706
1608 2334
1609 20
1612 372
1615 1444
1615 2788
1616 2716
1616 3040
1619 91
1619 1916
1620 20
1620 455
1623 1577
1626 76
1627 1666
1629 1956
1630 93
1630 1244
1632 420
1632 1030
1636 1711
1637 232
1639 2196
1642 3071
1645 2743
1650 305
1650 2355
1651 526
1652 3029
1653 160
1653 1336
1654 975
1654 2000
1655 661
1655 2278
1657 99
1657 1395
1658 1752
1661 443
1661 745
1663 352
1663 364
1665 1436
1665 1560
1666 1659
1666 1844
1668 679
1669 2560
1671 586
1672 1214
1674 2413
1675 1433
1677 415
1677 1037
1677 2442
1678 1532
1680 2088
1680 2588
1683 127
1683 2277
1686 1162
1687 235
1687 2727
1688 902
1688 1920
1689 286
1690 315
1691 1889
1699 2132
1700 2877
1701 2540
1704 228
1704 2758
1705 2005
1706 1124
1706 2176
1706 2769
1707 1775
1709 154
1709 2141
1709 2636
1709 2703
1712 601
1713 2774
1714 362
1714 1783
1714 2048
1716 389
1717 245
1717 1097
1717 1710
1720 1312
1720 2966
1721 2039
1722 1779
1724 1013
1726 268
1726 2469
1727 376
1728 1405
1730 2185
1731 2502
1733 2221
1734 1919
1736 2493
1739 2744
1742 1370
1743 1843
1748 263
1748 464
1752 849
1754 1898
1754 2856
1756 1910
1758 941
1760 2693
1761 1227
1763 1200
1764 356
1764 1799
1765 402
1766 1596
1767 1474
1767 2470
1770 1622
1770 1754
1776 2758
1779 825
1779 1783
1781 2079
1782 2399
1783 1492
1784 181

