8741 9105 2820
1 1
1 154
1 546
4 8124
8 5498
12 2820
13 7078
14 3933
19 6163
27 8691
30 6133
37 480
43 4396
44 6217
51 5951
52 6559
60 3218
65 6579
65 6668
70 3813
77 7885
81 6793
86 306
87 5940
87 6100
88 2926
96 6361
99 4514
101 6261
101 6952
102 4156
106 4472
115 791
116 8900
123 1049
128 5509
136 840
139 6414
140 5149
142 6289
143 4454
145 677
147 2067
149 5919
152 8537
155 3178
159 4265
159 8202
161 3468
162 5675
163 1534
163 1573
163 5937
164 1184
164 5822
171 6016
180 2366
180 5974
181 7900
188 2619
189 3870
204 3698
207 5623
207 6792
209 6669
210 4558
212 412
214 8859
218 2112
220 3515
227 8021
230 3726
231 1257
233 5924
237 2406
245 6996
245 7419
250 5062
253 4105
255 1158
260 3778
261 4670
263 5384
265 5422
277 2127
278 142
281 4207
284 5916
287 4308
292 8035
300 8699
304 545
308 1097
308 5692
309 8704
310 4282
310 6193
314 4305
314 7342
317 7002
322 5706
323 3536
330 4193
334 8595
336 6126
337 4252
340 6168
341 2384
341 2861
345 8336
350 5273
351 8292
354 6659
355 3314
363 1446
363 1497
366 7779
368 5866
379 356
383 8337
386 2909
388 6478
393 7450
398 2168
398 6608
402 725
411 6410
412 587
415 5673
418 760
425 4706
425 8045
430 1199
431 6701
431 8213
434 3997
435 2900
439 1655
441 3477
444 5995
449 786
449 4343
450 88
450 1575
453 2420
454 6560
458 4840
461 6587
470 4233
473 2455
479 9014
482 694
484 585
484 3048
490 1358
491 6199
497 2699
499 6095
504 960
507 6766
510 2301
513 2020
514 4781
526 1902
534 5623
538 8870
542 189
542 8982
544 2096
549 3572
554 2812
556 8174
567 4457
568 2356
569 2469
578 8457
580 63
584 3808
588 1230
588 5388
590 7558
602 6049
602 7943
603 1220
608 446
617 386
617 3069
617 5711
620 875
622 4540
629 4668
629 4871
634 2497
634 6385
635 8801
642 253
643 4550
652 1795
652 3122
662 5162
663 4474
669 1583
669 5822
674 5958
678 1680
679 5896
691 1952
693 1678
693 3441
699 7303
710 3026
716 2087
723 7085
729 5296
729 8147
731 5611
736 1349
741 7765
744 220
744 4063
745 604
746 4462
749 8517
758 6948
759 1545
761 2009
761 4121
763 849
767 6571
771 3830
772 228
778 9020
780 3219
784 6680
786 585
786 4217
790 3311
790 6458
795 268
799 3599
802 5469
806 2187
810 7283
818 5588
822 1574
823 813
830 452
834 134
840 2971
842 7350
844 6512
847 547
855 2373
856 802
857 6880
863 2904
863 8577
873 693
873 4143
875 8230
880 2345
880 9019
884 6035
892 1106
893 7505
895 3387
902 248
909 8438
915 8160
919 5774
921 1543
927 4369
929 7816
933 1557
935 4534
941 93
941 8595
942 875
942 4782
944 3944
945 8765
960 6094
962 9096
964 4653
967 728
976 6770
980 7887
981 1149
981 3231
986 5249
990 8676
993 7637
994 1544
997 1748
1001 3120
1001 8189
1003 2834
1003 8697
1003 8815
1005 7502
1005 7614
1016 8026
1017 7943
1026 8980
1027 1930
1028 860
1031 480
1037 6524
1037 8153
1037 9075
1038 8060
1041 8271
1052 2301
1053 7580
1055 8600
1056 8288
1067 6957
1068 2132
1068 3401
1068 6687
1070 6552
1073 3138
1074 6592
1079 5749
1082 800
1082 8108
1083 6470
1085 2690
1087 5713
1088 209
1089 3846
1090 5552
1101 4012
1103 2163
1103 8814
1105 2661
1110 969
1119 5685
1123 824
1123 3005
1123 9049
1124 902
1124 4030
1128 1866
1138 3092
1138 4014
1139 1755
1140 4307
1143 3225
1143 6413
1148 3963
1150 6285
1150 7820
1152 2988
1152 5003
1153 6771
1154 369
1156 5984
1158 7354
1164 594
1165 1950
1165 2490
1168 229
1168 3753
1174 3026
1174 6561
1185 1553
1194 2150
1194 8499
1199 5423
1204 3203
1207 2802
1207 7305
1209 4813
1211 4558
1212 5724
1216 8881
1220 4407
1231 5824
1232 7190
1234 2807
1234 8493
1238 6775
1248 3137
1253 1503
1256 4791
1259 3372
1269 2927
1272 1285
1272 5009
1275 2319
1275 3918
1282 3826
1283 8907
1284 948
1285 1573
1288 1026
1288 7696
1289 1787
1289 1913
1290 6389
1291 3056
1292 460
1294 116
1294 797
1294 2537
1295 311
1298 5143
1299 6025
1303 2058
1317 4328
1321 4276
1321 8442
1323 5234
1334 2510
1334 4214
1336 1705
1342 4507
1350 3253
1357 3233
1365 5859
1367 6158
1372 5646
1373 4941
1374 6754
1378 3746
1382 1811
1383 6502
1385 2480
1385 6243
1390 1395
1405 7118
1424 5307
1424 8220
1426 9040
1427 978
1427 1612
1440 8930
1447 4015
1453 2473
1456 2704
1456 3050
1461 6833
1464 2981
1465 917
1467 7042
1468 4016
1476 8170
1478 810
1484 7591
1486 6680
1491 5839
1492 6872
1494 5162
1502 8735
1503 4320
1506 6296
1508 6722
1514 6146
1515 367
1517 8364
1520 1155
1521 5811
1526 1454
1531 5267
1535 2281
1538 5201
1539 1684
1540 1172
1541 9096
1543 819
1545 1665
1545 8262
1547 7725
1548 2151
1549 6848
1550 165
1552 5803
1553 3742
1563 2893
1565 910
1565 8761
1567 5215
1569 6923
1572 2055
1573 4497
1583 7557
1585 3161
1592 408
1596 2630
1598 4620
1604 7055
1609 898
1610 4625
1616 6191
1620 7861
1622 892
1627 1001
1634 3686
1636 4757
1636 4924
1638 4368
1640 3614
1644 9000
1647 8157
1648 598
1655 6688
1672 2684
1674 5637
1676 4322
1679 553
1682 620
1684 2809
1684 8803
1685 3566
1689 3575
1690 67
1693 3774
1696 8597
1702 1357
1703 2659
1703 5797
1705 6909
1706 6812
1706 7454
1708 3092
1714 8421
1715 8614
1728 1071
1730 2308
1735 4997
1735 8455
1737 2407
1746 3353
1747 1236
1758 1062
1760 2026
1760 5178
1761 9000
1766 3310
1769 1331
1776 5064
1781 4274
1784 1731
1800 851
1801 2702
1805 4491
1810 8796
1812 6573
1820 4893
1823 1408
1827 3180
1835 6717
1836 6172
1838 5108
1844 669
1849 7097
1853 6465
1854 541
1855 185
1858 1903
1860 300
1861 7466
1868 5806
1873 2482
1883 7926
1888 3872
1888 6331
1889 7235
1900 4796
1901 1323
1901 7988
1902 3479
1905 6073
1906 5351
1906 6440
1906 8190
1908 2351
1909 5044
1917 864
1917 1396
1924 8680
1925 6579
1926 6370
1945 7072
1945 7276
1945 7555
1949 3561
1953 4567
1955 6659
1958 5761
1972 1764
1973 6228
1977 4126
1981 5605
1982 6044
1983 8787
2000 5415
2008 5543
2010 1420
2010 4129
2012 2699
2013 4629
2014 4623
2020 5969
2022 2262
2026 1084
2032 9089
2035 299
2041 6764
2043 8267
2043 8826
2044 1073
2046 5285
2047 2848
2048 6623
2049 6038
2050 8548
2054 2902
2059 3256
2067 2836
2067 5703
2068 1783
2068 8536
2070 4370
2074 707
2078 5930
2080 8496
2081 2559
2082 8836
2083 4433
2088 6201
2088 6864
2094 211
2095 149
2096 979
2096 5592
2098 7073
2099 4870
2112 7171
2113 1105
2114 5435
2118 3668
2118 7347
2122 3116
2123 4167
2124 7743
2126 5585
2128 2348
2134 508
2143 4478
2145 3897
2148 8126
2157 7849
2162 1526
2163 2869
2165 5451
2166 5676
2174 766
2181 5635
2183 5602
2201 7804
2204 6522
2213 3083
2216 8229
2217 5605
2228 1744
2232 5271
2239 4049
2240 3840
2240 5155
2241 2389
2249 1927
2250 3197
2252 833
2253 9005
2254 392
2257 3310
2258 94
2259 745
2262 2413
2263 4400
2268 2659
2269 4490
2271 8277
2272 1014
2278 7006
2279 3404
2279 7270
2282 588
2282 4025
2283 2130
2283 5711
2284 4267
2286 4492
2287 4118
2291 1593
2291 8494
2293 862
2295 5627
2298 1278
2300 5569
2301 1648
2301 2607
2303 2275
2306 3360
2310 8019
2312 5244
2326 7378
2328 7099
2329 2033
2329 3610
2340 4052
2352 44
2353 3612
2353 8209
2354 2909
2354 3204
2354 7078
2354 7343
2360 442
2362 2985
2362 3122
2363 1182
2371 8040
2382 5172
2389 29
2391 4846
2400 8700
2401 4301
2402 2970
2404 346
2410 8188
2412 750
2424 5329
2425 7361
2432 2916
2432 6588
2433 3809
2434 8027
2437 2694
2445 4323
2446 8990
2447 1501
2449 2155
2451 4062
2458 7039
2458 7055
2460 7374
2462 6079
2462 8466
2470 7413
2471 7748
2472 1008
2473 6687
2474 2440
2474 8834
2475 867
2476 3696
2481 2147
2487 3653
2491 591
2492 5
2493 4066
2494 6716
2495 6314
2499 106
2499 6627
2505 3001
2509 7888
2510 5600
2511 5153
2515 7391
2522 5075
2523 4557
2524 2749
2527 138
2528 4785
2529 3862
2530 4701
2531 1046
2534 2401
2539 612
2540 4203
2550 525
2550 7808
2555 2851
2556 486
2559 2270
2560 7505
2562 4575
2568 8615
2570 8038
2575 2212
2577 7829
2585 6921
2589 7388
2591 1731
2596 3098
2600 5726
2603 4036
2604 7822
2607 1529
2611 2756
2612 5074
2618 8841
2621 946
2625 8348
2626 7358
2628 5298
2629 1720
2633 120
2645 3175
2646 7314
2648 2369
2659 4275
2660 4762
2661 1877
2663 4526
2664 1941
2664 7658
2665 2448
2668 7481
2669 3607
2671 5685
2672 1979
2679 279
2679 1402
2679 7509
2684 4843
2688 1423
2690 8890
2692 5505
2703 4240
2705 5797
2706 7808
2708 2621
2712 4136
2718 5869
2719 1909
2720 407
2720 7721
2726 5538
2730 8549
2736 6097
2739 4123
2749 4406
2753 7443
2765 7999
2767 1857
2768 133
2768 5892
2769 5505
2773 6151
2776 580
2779 8518
2784 9011
2787 2534
2787 6977
2790 5985
2795 7
2798 1834
2798 2414
2799 3931
2803 4054
2805 47
2805 2609
2811 683
2811 5716
2814 5463
2817 4344
2819 7902
2820 7298
2822 5399
2822 8841
2826 7582
2831 3043
2832 6452
2835 510
2840 241
2841 6267
2850 721
2855 3853
2859 4269
2859 8053
2861 4062
2862 8312
2863 8482
2866 7678
2868 1245
2870 3899
2877 3389
2877 7003
2884 5006
2884 8457
2895 3686
2903 9010
2909 4597
2911 6389
2911 7769
2913 2895
2913 7456
2914 3900
2917 205
2921 7664
2922 2919
2925 8672
2927 3361
2929 3716
2932 453
2935 6731
2936 720
2937 5737
2942 604
2943 8999
2944 4065
2949 992
2956 4472
2963 5433
2970 4631
2985 3605
2985 7478
2986 2236
2988 2590
2992 3220
2995 4343
2997 4917
2999 4501
3002 1039
3003 8059
3008 8265
3010 6024
3011 2695
3012 1064
3014 8231
3018 8887
3021 8672
3022 6973
3024 413
3024 3040
3025 8195
3026 2932
3026 5305
3029 5280
3029 9014
3033 5035
3035 6794
3039 3314
3042 46
3042 2288
3043 2639
3057 2949
3060 8137
3066 5935
3069 5274
3070 7216
3071 1056
3073 3309
3074 2197
3077 6011
3077 8509
3080 729
3080 2080
3081 3415
3085 8056
3092 7340
3094 7108
3094 8991
3097 2102
3104 1624
3105 7827
3110 867
3111 5404
3113 772
3116 5620
3122 930
3135 609
3135 6808
3136 7146
3152 6208
3154 4519
3157 2888
3159 361
3159 6070
3169 5728
3170 2451
3171 5158
3178 346
3178 2125
3179 8453
3183 1817
3184 677
3184 2515
3194 8460
3199 1698
3201 7459
3202 1235
3202 5030
3204 4279
3204 7089
3210 7601
3213 1383
3217 885
3217 3886
3229 1554
3235 8766
3236 2726
3239 1076
3243 7485
3246 2639
3246 6584
3254 509
3255 5463
3258 286
3265 2166
3265 3727
3267 2918
3272 5639
3274 4166
3278 8226
3285 4963
3287 7757
3290 623
3292 1765
3294 2757
3294 3413
3295 2202
3300 2421
3301 448
3302 5960
3307 5668
3308 2457
3319 2945
3321 1644
3322 6871
3330 7916
3332 2963
3334 6944
3341 4054
3341 5535
3343 338
3344 4981
3345 2288
3353 3886
3358 7480
3358 7591
3369 4524
3375 8121
3376 2742
3377 2651
3377 7189
3378 2028
3378 3367
3380 8583
3395 7243
3396 8865
3397 2627
3407 5951
3408 6418
3410 1860
3410 6094
3415 4528
3416 2786
3416 3442
3419 415
3419 3798
3430 7575
3431 2820
3432 2682
3433 2307
3440 5188
3441 7810
3443 8473
3446 322
3451 8264
3452 7315
3452 8956
3455 6874
3460 6752
3461 5320
3464 174
3464 7195
3470 7094
3472 678
3473 3362
3476 1640
3476 1866
3477 7184
3478 2224
3479 4394
3483 3143
3485 1516
3489 7382
3493 3471
3498 6120
3500 8167
3504 587
3508 2660
3509 3307
3509 6758
3513 223
3517 6516
3526 5505
3530 4136
3532 341
3538 2007
3546 344
3546 379
3546 8008
3548 6122
3549 3627
3550 7806
3557 1406
3561 2711
3571 4210
3574 8301
3575 206
3576 6971
3577 2209
3582 236
3583 2918
3587 1880
3592 5834
3598 7538
3602 440
3602 4561
3602 5548
3604 7263
3605 7373
3612 1392
3620 2962
3623 3962
3624 4225
3626 5465
3630 5942
3645 7191
3650 6030
3654 2678
3659 5141
3664 315
3667 3892
3673 168
3675 706
3677 1589
3682 8821
3683 2867
3686 3176
3686 4937
3687 604
3687 3139
3688 2365
3694 5142
3696 605
3696 8074
3698 766
3700 5396
3701 6483
3708 2451
3708 3896
3721 610
3722 690
3724 589
3724 1416
3725 5682
3726 1843
3730 2294
3732 162
3734 8660
3735 7712
3735 7909
3737 4822
3739 2633
3742 443
3745 541
3748 4658
3748 6540
3752 7463
3753 3989
3755 2172
3757 3933
3763 2824
3765 4155
3765 8195
3768 5646
3773 8516
3774 3821
3775 5176
3780 6613
3783 2724
3784 997
3785 2070
3787 3465
3787 5681
3793 3468
3794 8152
3796 835
3803 4235
3804 9050
3806 8393
3809 608
3811 6512
3813 657
3814 8680
3816 4844
3818 6614
3818 6720
3829 8402
3831 6374
3831 8170
3834 7098
3836 1252
3839 494
3843 6505
3844 4105
3846 5999
3851 4766
3857 5770
3859 6261
3875 6286
3878 6973
3879 3108
3880 8844
3889 2707
3891 979
3897 6271
3899 1136
3903 4414
3905 552
3914 8088
3915 809
3918 7168
3921 5803
3935 569
3936 1426
3936 1603
3936 7134
3944 1993
3944 9088
3945 8366
3954 5898
3955 7508
3958 2335
3959 7343
3962 893
3963 1402
3973 7097
3975 5567
3976 3263
3981 2735
3990 4840
3991 2175
3991 7964
3994 3307
3999 4985
4004 8220
4005 7158
4009 4214
4011 1213
4013 1348
4014 1346
4014 3284
4018 1146
4018 7572
4023 7894
4030 6162
4035 442
4036 6611
4039 1066
4039 3540
4041 2652
4041 7920
4043 190
4045 5008
4046 5212
4053 1456
4054 332
4054 2458
4055 3369
4058 3731
4060 2350
4060 7551
4065 4818
4067 2862
4068 8324
4070 3958
4070 6601
4072 327
4074 5
4084 4241
4086 2576
4090 1861
4095 2835
4096 6896
4103 3162
4121 4631
4124 8090
4137 4303
4139 5201
4142 4986
4142 7674
4145 4386
4154 8910
4157 1713
4163 2796
4166 2153
4167 3690
4170 3000
4174 1556
4176 5208
4179 1935
4181 3242
4181 6112
4183 5024
4184 3172
4191 4629
4196 7964
4202 3687
4210 3861
4211 7319
4212 2832
4212 4558
4213 1660
4214 3837
4219 3897
4219 6807
4223 1118
4226 8503
4227 2530
4230 3700
4230 4629
4230 8316
4234 1731
4236 7100
4238 5718
4239 6379
4250 7371
4254 2757
4254 7345
4255 3895
4267 8638
4274 7819
4278 4203
4284 2225
4286 3225
4295 6816
4296 401
4296 2758
4299 18
4302 4334
4304 3651
4304 4710
4305 1704
4312 2579
4314 7444
4315 8012
4321 2074
4324 5787
4326 3352
4327 6509
4328 6817
4338 791
4338 6225
4345 616
4345 5896
4346 535
4346 866
4346 6848
4354 6909
4355 2737
4359 3080
4360 6515
4360 7848
4366 2535
4367 2535
4368 6865
4368 8154
4373 1183
4387 545
4394 3151
4395 3600
4396 7086
4400 1825
4402 4295
4411 6267
4417 4171
4421 2852
4421 3144
4429 2047
4436 232
4438 9025
4441 4448
4441 5349
4443 1320
4443 4184
4443 6527
4444 1883
4446 2027
4447 3588
4448 1111
4454 8717
4455 1995
4460 582
4468 2
4470 8442
4471 1507
4474 6872
4478 4302
4487 8510
4492 897
4495 2218
4498 7386
4504 5699
4509 4173
4514 1333
4515 2127
4517 2344
4518 7522
4521 5085
4522 8521
4523 8503
4531 2925
4532 8520
4542 7141
4542 8429
4543 1938
4545 6707
4550 5616
4554 3595
4557 9073
4558 1683
4558 3232
4564 7164
4568 519
4570 7825
4573 3486
4581 6003
4581 8983
4582 7893
4585 1239
4585 5633
4587 5137
4589 7911
4598 5919
4600 1256
4600 6936
4600 7019
4603 3255
4603 5996
4604 1193
4621 6827
4621 8784
4635 1870
4641 3688
4646 336
4648 1350
4648 7314
4656 5074
4660 7055
4661 6509
4664 984
4670 7700
4673 5269
4673 7927
4678 6263
4680 2291
4680 7593
4687 1013
4693 1437
4695 7168
4699 8470
4704 1724
4708 2937
4708 6742
4709 5547
4711 3004
4712 2525
4715 950
4718 1456
4718 7901
4719 7900
4722 5258
4726 2735
4727 5600
4739 7842
4747 8497
4749 6554
4750 4519
4750 5530
4756 2269
4756 4954
4758 6870
4760 3941
4760 7865
4773 3192
4774 2749
4774 6442
4782 4915
4787 3517
4789 6915
4794 4292
4795 537
4802 1297
4802 7410
4807 276
4810 5755
4814 8557
4815 5440
4816 8054
4820 3769
4827 2661
4827 5884
4828 3058
4836 5265
4837 7362
4840 236
4846 1278
4847 492
4848 2746
4851 1327
4853 2935
4854 1129
4856 1857
4858 3353
4864 6745
4866 2546
4866 8018
4877 1216
4883 8103
4885 7799
4886 6290
4889 2767
4893 575
4908 4109
4908 4125
4914 8527
4916 5233
4918 5450
4921 4648
4924 6899
4927 4579
4930 2426
4931 8615
4932 1311
4934 1097
4941 2209
4955 2195
4959 8716
4962 3156
4968 87
4970 2127
4972 2593
4975 5804
4975 7912
4976 5191
4980 5844
4982 328
4987 3318
4989 1651
4993 6342
4994 4297
5002 8998
5004 5444
5006 6987
5010 1511
5014 7497
5015 8333
5021 2699
5027 6299
5032 8457
5033 6987
5038 7629
5039 435
5040 5364
5042 5870
5045 3827
5049 2637
5049 4573
5049 5014
5057 1461
5062 8601
5070 7450
5072 718
5077 1496
5081 1203
5086 6289
5087 8143
5088 5990
5088 6503
5090 701
5091 7198
5093 543
5094 1487
5099 7859
5104 1314
5106 2343
5107 3208
5113 6146
5114 4592
5115 505
5117 3650
5117 5710
5122 4165
5126 1724
5127 1321
5127 4045
5132 93
5132 3604
5133 6109
5138 7752
5140 5443
5141 7056
5148 2865
5153 3934
5163 4799
5166 6548
5168 6142
5168 6813
5169 2013
5170 9095
5172 8825
5173 574
5182 5513
5183 709
5188 3468
5188 6165
5192 3552
5195 6940
5196 1957
5196 3992
5198 8798
5201 7843
5202 4086
5208 2937
5211 3236
5213 6297
5214 8655
5216 2674
5222 3629
5225 3162
5226 2915
5234 7203
5235 4537
5237 6918
5244 7692
5248 5905
5252 1624
5253 683
5255 2060
5256 8915
5257 4195
5258 7291
5260 4849
5263 4401
5263 5391
5265 8386
5266 3585
5269 8283
5272 4545
5276 6651
5281 4590
5285 7715
5286 1504
5287 1688
5288 3787
5290 2458
5290 3611
5294 3791
5294 8517
5302 7202
5303 907
5303 4809
5305 6412
5308 5391
5309 4628
5312 6057
5316 2527
5321 8510
5327 4704
5331 3824
5332 7377
5337 25
5337 2286
5346 2620
5350 7846
5363 2254
5371 682
5378 475
5386 2548
5387 1148
5398 8523
5400 3245
5400 6984
5404 8356
5408 3178
5410 4375
5412 2436
5423 5951
5425 731
5426 5792
5427 2969
5429 1115
5429 8785
5435 40
5435 5595
5436 4601
5436 7259
5438 2253
5442 141
5445 2431
5450 4441
5452 1537
5453 6875
5453 8678
5462 4361
5463 3308
5469 6642
5469 7729
5469 7971
5474 2814
5475 3892
5478 7127
5481 6718
5483 2519
5483 6256
5487 2829
5490 5374
5490 8302
5490 8501
5493 1989
5512 8142
5518 5841
5524 1802
5526 6126
5534 3842
5536 4836
5539 1402
5539 6427
5539 9084
5540 3687
5543 7255
5545 5948
5549 3882
5561 3395
5565 574
5565 3385
5567 3413
5569 229
5571 2950
5572 5308
5573 8988
5575 1247
5575 6468
5581 5997
5588 9034
5596 5426
5596 8586
5603 1694
5603 2777
5605 4119
5607 5914
5609 6330
5615 5647
5615 6975
5616 9032
5619 9031
5620 6741
5626 4073
5627 5225
5628 220
5632 1397
5637 2409
5638 9080
5645 7519
5650 1156
5656 7933
5657 4251
5662 4128
5664 464
5664 2217
5666 1978
5670 2465
5677 6379
5679 8552
5684 8095
5685 5722
5688 317
5689 256
5692 2140
5697 3871
5698 39
5706 6564
5710 7764
5712 2574
5715 8540
5716 1535
5724 7157
5725 3609
5725 7537
5726 3528
5729 4659
5731 732
5734 3376
5735 4236
5736 6980
5738 7085
5741 4626
5747 4176
5747 8010
5748 7252
5753 8189
5753 8490
5755 1351
5755 3383
5759 665
5760 1522
5763 4537
5766 3112
5770 1073
5771 7212
5772 857
5775 3729
5777 5276
5777 5493
5777 8708
5778 5764
5780 3625
5781 7054
5789 1321
5792 289
5793 7486
5798 8094
5801 7629
5802 87
5803 1573
5803 8109
5817 7982
5818 6663
5820 8530
5821 3900
5826 3151
5829 8247
5832 3100
5832 6809
5837 6981
5846 8457
5847 7153
5851 602
5852 3907
5852 8694
5853 5033
5854 7210
5855 5900
5861 5731
5863 5974
5864 8667
5867 3265
5867 5291
5871 132
5875 4536
5879 2084
5880 3599
5881 4132
5884 1605
5884 8557
5885 267
5885 1203
5885 4602
5886 1249
5886 7637
5888 7309
5897 1764
5901 316
5902 5764
5905 2308
5912 4114
5923 2998
5924 2760
5927 7446
5927 8833
5929 6812
5937 3500
5940 1444
5941 4857
5944 2302
5944 4473
5945 2575
5947 8021
5949 1795
5962 3968
5966 2193
5968 7238
5969 8372
5972 6084
5976 8635
5980 1925
5982 762
5982 8547
5986 7542
5987 124
5987 7453
5996 6669
5998 4478
6002 5699
6010 2855
6013 6319
6023 317
6023 2539
6026 4239
6026 8810
6027 475
6030 1713
6030 4563
6030 7885
6032 945
6033 4861
6039 1762
6044 7405
6045 5269
6045 7173
6046 2741
6049 3801
6050 45
6050 6691
6052 2607
6052 8933
6058 4595
6059 1470
6064 937
6064 7286
6068 1640
6069 5313
6071 120
6075 1992
6087 268
6088 133
6089 416
6090 9051
6095 8501
6101 2011
6109 8467
6113 8592
6121 1146
6122 4416
6134 1034
6135 5674
6136 1848
6137 8807
6141 8532
6147 4657
6150 5876
6152 8209
6155 3795
6157 139
6157 6210
6162 7188
6164 1614
6170 846
6170 5313
6173 8151
6174 4760
6177 8309
6180 279
6183 7435
6186 979
6186 4377
6186 4570
6186 6488
6187 3479
6195 7324
6196 2204
6200 2598
6205 6386
6206 3053
6208 9019
6209 5697
6210 2340
6210 5036
6215 6531
6218 5161
6222 5007
6228 5836
6229 1730
6229 5748
6230 2523
6232 1723
6232 6168
6235 1242
6236 1118
6237 6916
6241 1157
6241 3970
6244 770
6246 3593
6249 5599
6250 1150
6253 5677
6254 944
6254 8618
6260 5111
6260 6363
6261 949
6262 1708
6265 4668
6266 1954
6266 8534
6267 7808
6269 5523
6269 7458
6276 1127
6277 8283
6278 6905
6283 8054
6290 525
6294 6496
6294 6556
6295 3402
6297 8363
6301 6172
6301 7780
6306 5864
6307 5577
6312 2910
6313 7626
6315 4296
6316 6032
6324 1772
6326 5817
6328 6652
6335 78
6338 1946
6341 3343
6342 2654
6353 4731
6354 1378
6354 7421
6357 5271
6363 3121
6363 5396
6364 3035
6364 4894
6365 7740
6368 7988
6368 8431
6371 2279
6372 4643
6378 5961
6379 718
6395 7465
6398 824
6403 4411
6403 6958
6405 178
6406 3470
6410 7085
6412 977
6412 4430
6412 6194
6414 4566
6415 2266
6417 7351
6418 8553
6422 6848
6426 2894
6431 508
6432 6271
6433 2148
6435 3479
6439 2779
6442 2227
6445 228
6453 6866
6456 600
6456 6194
6457 3593
6457 8333
6458 7168
6462 4406
6465 7179
6469 8876
6471 5749
6472 931
6472 1370
6473 1708
6473 8871
6475 5154
6479 5766
6480 2128
6487 1465
6490 593
6491 6261
6501 4756
6502 5582
6504 675
6504 2843
6510 253
6516 2031
6516 7920
6520 5168
6522 1331
6524 957
6529 8784
6530 297
6532 4002
6536 2524
6537 5904
6537 6647
6541 4535
6541 6221
6545 1726
6548 4763
6549 6519
6550 7012
6550 8933
6551 1514
6556 2465
6559 7533
6563 3583
6569 2677
6579 8814
6585 5576
6593 7982
6596 2596
6596 5766
6599 1684
6599 1951
6600 2792
6607 1986
6609 2213
6611 5462
6616 85
6617 6085
6626 2460
6627 3568
6631 1649
6632 6923
6636 5999
6639 4536
6639 5485
6644 7736
6649 5249
6652 8047
6657 8920
6658 5789
6660 4112
6666 5333
6668 4558
6681 6211
6683 578
6683 6538
6694 6803
6695 7740
6702 621
6703 4383
6704 6774
6707 303
6709 1353
6710 8511
6711 786
6712 1645
6712 5215
6715 5314
6717 7377
6730 6191
6730 8598
6732 1356
6735 7736
6740 1488
6740 1700
6740 8893
6742 2851
6746 8230
6747 6983
6755 3167
6757 2328
6760 3812
6761 3131
6761 5694
6765 1550
6772 6368
6779 1617
6780 982
6783 8795
6785 1224
6785 5996
6799 6807
6803 4143
6803 5596
6808 8877
6813 6738
6814 3057
6815 5566
6821 1
6826 1103
6826 4804
6828 4588
6831 5388
6837 1473
6838 6036
6839 4891
6841 5611
6854 3485
6862 7701
6867 502
6871 1538
6873 1138
6873 5198
6886 8710
6886 9091
6893 8691
6899 836
6901 2835
6902 6783
6904 8714
6905 6039
6906 8216
6921 779
6926 7223
6927 3230
6937 3167
6940 5816
6940 6475
6941 7539
6942 526
6955 4676
6957 9078
6964 5101
6964 6838
6968 7681
6972 3641
6974 4213
6979 8007
6981 1176
6981 1640
6983 3178
6986 259
6986 4530
6987 179
6990 3443
6996 7863
6998 5519
7002 559
7004 3405
7007 4390
7010 6568
7013 4351
7014 2638
7015 3412
7019 603
7020 5631
7026 3546
7028 3820
7031 4818
7044 5300
7045 5916
7046 2854
7047 5646
7048 2020
7048 6711
7051 516
7055 8213
7058 4645
7059 6964
7060 2629
7077 6550
7081 3120
7083 6042
7091 8370
7092 4813
7097 2105
7097 7168
7098 4128
7103 4871
7103 6359
7104 6194
7106 2061
7107 4490
7107 6058
7108 1998
7108 8800
7114 855
7124 8783
7129 196
7130 2942
7131 3907
7132 6992
7134 4000
7135 4790
7141 2164
7150 5675
7152 1886
7154 4000
7159 3297
7159 5962
7160 2297
7162 3618
7162 5836
7165 1700
7165 5181
7169 2979
7170 8353
7171 8488
7172 3025
7172 7371
7173 8745
7182 5186
7183 5689
7190 7305
7197 3368
7201 1944
7210 1000
7211 3223
7211 5015
7211 8998
7217 868
7219 7623
7221 4450
7223 1365
7223 9075
7224 7866
7226 4827
7228 876
7229 1919
7229 3460
7240 3618
7243 6633
7246 8828
7247 7398
7248 5890
7251 2474
7261 1888
7262 6737
7263 5162
7268 8173
7270 891
7275 5677
7276 2328
7278 8932
7287 509
7289 2606
7289 3671
7301 7959
7302 5154
7305 5014
7311 5970
7312 5645
7316 6165
7318 7686
7319 6394
7326 1946
7332 2038
7333 2579
7333 3143
7339 8307
7340 5169
7345 1008
7345 8689
7346 3977
7352 5928
7353 4653
7360 3462
7364 3854
7364 4303
7366 2046
7366 8652
7367 4721
7372 7104
7373 1249
7374 8467
7384 3067
7389 1307
7391 8511
7393 4023
7394 2234
7394 7924
7398 5278
7399 2783
7401 7399
7403 3749
7415 5168
7416 3251
7421 5341
7427 7130
7432 2895
7434 2909
7436 5727
7437 6355
7439 5491
7440 897
7441 1508
7444 3180
7445 5448
7447 6839
7458 7594
7467 7321
7470 6057
7477 12
7478 3707
7481 5411
7502 3725
7508 3309
7508 5763
7511 4037
7513 2045
7516 1897
7517 4927
7518 5592
7527 1478
7528 1567
7529 60
7529 3441
7530 4082
7539 8163
7542 520
7543 4569
7544 1606
7546 7874
7558 3111
7559 4443
7561 7387
7563 4874
7566 7420
7577 2304
7579 6822
7581 1001
7584 4750
7584 8748
7587 2522
7589 1587
7596 3155
7601 530
7602 5339
7603 263
7603 5852
7608 7320
7611 8706
7612 2679
7613 8052
7621 707
7621 4134
7622 6551
7624 4360
7624 4372
7624 8162
7627 5897
7634 2428
7635 2954
7636 7601
7637 1178
7638 5325
7640 7210
7645 4576
7645 5320
7652 2655
7652 3316
7657 4940
7659 8480
7668 3556
7669 5835
7672 6197
7677 7349
7678 5309
7680 1826
7683 7155
7685 661
7693 8169
7694 160
7694 1181
7697 7453
7699 7385
7701 8399
7703 6631
7705 704
7705 2343
7706 2378
7707 6642
7708 345
7715 814
7715 3896
7717 2674
7725 2891
7729 4399
7732 897
7735 1963
7744 512
7744 6168
7750 528
7759 3951
7761 6527
7765 4014
7766 6818
7769 4140
7770 1301
7771 5951
7771 8464
7777 593
7778 6636
7785 1244
7787 4216
7788 1394
7789 7021
7796 4913
7804 1714
7804 4317
7805 1221
7806 5112
7807 3967
7815 7691
7815 7997
7816 2774
7825 3466
7827 3237
7833 6672
7840 908
7840 5846
7845 998
7848 1106
7858 1977
7861 6482
7861 7408
7862 7775
7863 9074
7866 1529
7871 2532
7875 701
7875 5304
7880 3401
7883 19
7883 1418
7888 509
7890 7204
7894 3893
7902 1127
7902 6572
7903 5544
7906 713
7906 1287
7913 5790
7917 508
7920 6737
7922 1649
7932 1649
7935 5584
7942 1143
7944 8163
7947 8871
7956 726
7956 8502
7957 2265
7959 992
7962 4846
7966 489
7966 2190
7967 1432
7971 1861
7973 7806
7974 3669
7983 8979
7984 2050
7987 384
7999 6444
8002 154
8006 6996
8007 4830
8009 2733
8013 7043
8019 6937
8021 1340
8021 5428
8023 4470
8024 3168
8024 3201
8026 1854
8027 2605
8028 7217
8033 3189
8033 7365
8038 5850
8040 1719
8041 1370
8041 5863
8044 7910
8048 193
8057 3669
8057 7065
8063 7876
8067 1970
8067 8557
8071 1897
8071 5226
8077 2572
8085 4191
8088 1221
8089 8822
8090 252
8093 942
8100 7127
8102 3974
8103 4613
8105 3557
8113 6038
8115 5903
8118 812
8122 881
8124 3459
8126 1540
8132 8601
8133 1265
8137 186
8137 916
8139 2794
8140 4619
8141 4481
8143 5787
8144 1209
8149 3615
8156 337
8156 2010
8158 1254
8163 3773
8165 3039
8165 8032
8167 808
8179 969
8184 8263
8188 3113
8197 8206
8198 7621
8199 2851
8204 8859
8207 7576
8208 8705
8214 5496
8216 3503
8216 4210
8216 4633
8218 3514
8218 4440
8224 1651
8233 5557
8235 5018
8236 2425
8242 3431
8244 4176
8245 9038
8247 322
8257 8411
8260 7692
8261 8432
8262 4662
8267 1188
8271 8592
8272 3994
8277 2160
8278 5741
8281 4262
8283 7739
8284 4823
8287 4162
8288 7017
8298 8422
8300 2468
8301 7848
8302 6419
8303 497
8306 220
8306 6146
8306 7983
8307 1605
8308 2016
8308 5435
8309 1564
8312 6090
8321 1879
8323 128
8325 8740
8328 5241
8330 2220
8330 8978
8333 1679
8335 3792
8336 2103
8344 3237
8344 7154
8344 8406
8345 5055
8347 1328
8349 5173
8350 781
8352 4659
8361 2559
8364 2000
8367 5795
8369 4534
8372 6876
8375 6393
8376 7284
8378 7422
8379 2348
8380 645
8384 1141
8385 1605
8400 3672
8401 3738
8404 1153
8405 4764
8409 6833
8409 7867
8417 4593
8422 5370
8426 6062
8434 3371
8440 2121
8442 7359
8444 5071
8445 1706
8447 3827
8447 8188
8448 3296
8449 3181
8450 2252
8454 41
8455 6918
8461 1935
8461 7168
8463 4861
8467 48
8468 6712
8470 4889
8487 1185
8490 5551
8494 8926
8498 5950
8507 514
8509 1948
8510 4240
8512 5147
8513 2787
8519 1781
8519 6769
8520 8004
8521 9063
8525 4456
8533 4056
8533 6842
8536 8089
8538 1247
8539 2732
8545 8703
8554 2918
8554 7795
8555 4314
8555 5074
8556 106
8557 5181
8558 3277
8559 5934
8559 8498
8560 1166
8562 3834
8563 1876
8563 7925
8565 344
8566 3806
8566 8294
8567 4612
8568 5621
8569 5177
8575 2799
8577 134
8578 1890
8580 3881
8580 7275
8584 1403
8586 8880
8594 3633
8598 4470
8606 7993
8609 3755
8623 8475
8624 3900
8624 8115
8625 806
8626 5164
8626 6163
8627 5583
8627 8837
8633 6288
8642 1119
8643 385
8652 54
8656 8061
8661 2849
8662 2592
8675 6225
8676 4227
8679 3599
8681 2274
8682 965
8685 6946
8687 3763
8687 6517
8693 8814
8695 9086
8698 619
8699 3785
8708 6156
8717 2279
8717 5153
8717 7674
8720 6724
8721 3728
8723 8533
8724 7257
8725 7684
8725 7808
8727 1060
8733 5723
8733 8445
8737 3353
8738 130

