5853 8356 1828
1 1
1 5742
2 6932
6 447
6 6228
7 5054
15 5611
19 7921
21 4592
25 137
27 3561
30 4942
32 2797
35 537
45 5549
50 4579
60 430
66 2757
66 7625
67 5845
67 6757
72 3532
72 5122
77 228
86 7155
95 8139
97 3036
97 5235
101 183
104 5585
105 7669
108 1580
108 3577
110 2906
121 1363
122 3456
123 612
123 4719
131 4421
133 7203
136 810
137 68
138 877
141 1476
144 877
145 3693
146 8182
149 739
155 4375
157 6437
166 3255
170 3382
171 554
181 1740
184 1897
184 3874
184 5106
190 2082
191 3418
192 3931
193 128
197 951
200 7038
204 7060
207 4484
208 14
209 872
210 8063
215 4885
217 6045
217 7423
223 3346
225 4591
227 49
229 31
237 4868
238 2248
246 6141
249 2994
251 7203
253 5668
268 4176
270 3057
271 689
277 3096
280 6649
283 547
285 8002
287 5118
287 6152
294 3418
299 451
299 4308
301 123
303 1215
303 8317
305 6158
306 3847
307 4117
308 473
313 510
313 5110
314 3334
315 8132
316 4303
319 8020
320 1493
320 3259
321 3997
324 3918
330 1063
332 1355
334 3164
334 3313
337 769
342 1603
342 5462
343 1092
347 6768
348 1640
348 2396
351 1856
355 6367
358 982
359 2644
360 1185
360 2267
362 5678
363 921
365 1027
366 6266
367 7017
370 2397
372 7
374 1637
374 4234
375 8325
387 3553
390 1503
397 2757
398 39
398 3041
410 2769
411 5908
414 4792
415 4654
417 3369
419 1679
425 6249
433 8271
437 1623
438 5579
439 2789
442 13
445 209
445 1028
451 5014
451 6133
452 513
455 2017
458 6393
459 1563
459 3929
461 1009
466 8291
468 5847
474 2183
475 908
477 6583
478 2290
480 2003
483 4299
486 861
487 3333
502 5808
502 6129
523 1982
523 7836
525 1727
532 443
542 2108
542 6526
545 1510
548 5514
549 3084
549 3840
551 1772
556 300
556 5832
557 2396
565 8149
572 941
576 6160
581 6307
583 5112
588 6893
591 4230
594 3445
598 2660
604 5811
605 7142
609 6160
611 2835
622 5300
622 6514
623 6921
628 4445
629 5630
630 7873
633 1096
634 973
635 5614
639 4325
641 5416
642 1013
643 2056
643 2250
645 4495
645 7441
647 4735
647 7785
648 1563
655 7076
660 2689
661 6090
672 5756
673 226
674 5476
675 4088
687 5649
688 8157
689 6085
698 7992
699 5683
719 2230
720 4114
727 2700
730 4082
735 2505
737 4740
739 336
747 7790
749 7660
757 6055
757 7888
763 3160
764 7095
768 3891
769 7136
776 8168
781 3194
788 2046
797 6015
799 2816
805 3428
808 7734
815 490
815 1379
817 875
829 8009
833 3476
834 1807
835 3649
849 5655
853 4294
853 6718
855 6280
856 8181
862 1250
862 3250
863 1574
873 356
873 8309
875 214
876 4906
876 7357
880 7719
882 7043
887 4482
888 5268
889 7247
890 6241
896 4276
905 4721
905 5048
907 2393
910 5722
936 731
937 2777
937 7481
942 3417
944 1573
946 1295
947 157
955 6885
959 2668
959 5592
965 4558
965 5005
965 7395
974 120
976 6248
978 2834
980 1905
980 5854
986 2481
991 5697
993 8018
994 5079
1000 695
1003 4392
1004 5753
1004 7199
1007 4760
1007 7166
1028 2947
1028 4863
1029 4494
1031 7396
1045 2977
1050 3149
1052 6217
1055 7786
1062 7397
1063 666
1067 6267
1073 2358
1077 3369
1077 5559
1078 1462
1085 626
1087 879
1088 2148
1088 5168
1088 7041
1089 2267
1099 173
1100 6497
1110 8273
1111 1734
1113 5308
1125 6394
1133 4094
1135 550
1139 7766
1141 5605
1142 7109
1145 1342
1146 2968
1151 2607
1152 5214
1153 2347
1154 2758
1155 3495
1155 7938
1167 6161
1174 5368
1175 1792
1175 3763
1176 6757
1178 1830
1179 4033
1185 262
1186 5029
1188 645
1193 3304
1200 5153
1203 1205
1205 171
1210 4783
1214 5142
1221 722
1222 7702
1225 6443
1226 8284
1227 3725
1235 2499
1239 4452
1247 5913
1248 6299
1256 765
1257 5053
1258 6042
1259 7755
1261 2438
1261 5241
1264 3775
1269 2270
1270 262
1270 1521
1274 3652
1274 4722
1275 3502
1280 3853
1280 5714
1289 8006
1291 1200
1297 2956
1299 7163
1300 7660
1301 5859
1306 893
1309 175
1310 5196
1310 6718
1312 7586
1314 3249
1321 7024
1331 6192
1332 2589
1334 2881
1334 4406
1335 5329
1336 858
1340 1419
1343 7329
1345 6324
1346 5523
1347 4694
1348 1051
1356 6136
1361 7842
1364 2633
1369 1637
1370 1821
1372 5351
1378 764
1386 1221
1386 6528
1387 1053
1392 6152
1404 4708
1413 813
1414 8316
1417 5879
1420 3406
1420 4285
1422 1444
1423 7633
1424 4254
1427 5965
1428 3172
1428 5065
1430 6286
1434 8021
1438 3070
1444 234
1462 1375
1462 6880
1467 2010
1469 6744
1470 210
1478 5643
1483 3284
1483 3575
1484 589
1487 308
1487 1739
1488 419
1489 5534
1494 8189
1495 6025
1498 3686
1504 2337
1504 5135
1507 5105
1508 6481
1509 978
1510 1972
1515 1313
1517 727
1517 7955
1521 3278
1521 6813
1524 3554
1531 3086
1535 1538
1536 5422
1542 6956
1546 8332
1555 4996
1561 7547
1566 781
1569 6372
1570 4233
1575 4487
1576 6936
1579 5370
1580 1143
1581 2666
1581 5469
1582 6172
1584 6866
1594 7402
1601 1206
1612 2576
1613 444
1614 6919
1620 1600
1621 3630
1624 1953
1625 6612
1625 7361
1628 5260
1632 4196
1636 1564
1637 3237
1642 2935
1647 4886
1648 1374
1651 3993
1651 7285
1653 2904
1655 2924
1656 870
1667 2492
1670 2768
1676 2245
1677 3713
1680 2981
1684 6190
1687 5426
1690 5702
1690 7811
1694 395
1694 3911
1695 2206
1698 3738
1706 4103
1712 6867
1713 4543
1718 1085
1719 4624
1730 1834
1731 3365
1738 2493
1739 4664
1742 5876
1743 2930
1747 4242
1748 6576
1751 8343
1752 3752
1755 3140
1761 4118
1761 7259
1769 1285
1771 6973
1775 2558
1778 6573
1779 6976
1780 855
1781 4062
1785 7972
1786 5594
1788 4368
1791 1747
1795 165
1797 5996
1801 4083
1803 8154
1809 1945
1809 2736
1812 4107
1813 5078
1818 7533
1822 7650
1826 6004
1827 2473
1827 4042
1829 422
1829 5239
1839 1764
1841 4957
1844 2876
1849 8165
1856 7773
1858 8075
1861 1094
1866 2077
1867 7646
1873 3413
1875 5483
1876 4275
1879 7427
1883 3203
1887 2982
1891 1641
1892 204
1904 787
1906 1303
1907 5991
1910 5984
1912 4594
1919 2638
1919 7495
1920 3262
1929 4104
1934 7598
1935 5000
1935 6567
1936 512
1939 6814
1939 7376
1942 3690
1958 2582
1964 6296
1966 2575
1966 7479
1974 6540
1976 8299
1978 1322
1978 5479
1979 6922
1982 6069
1985 204
1987 1631
1989 6882
1991 2925
1996 6543
1997 1499
1998 7435
2000 4929
2002 564
2005 3930
2013 4070
2014 4415
2015 4640
2020 2016
2022 6983
2025 5424
2026 713
2026 4665
2031 4436
2032 4619
2032 5276
2032 7692
2035 1271
2036 4681
2037 5267
2043 6340
2044 7127
2046 6275
2049 3333
2051 1571
2051 3607
2051 7373
2052 799
2052 5719
2054 1878
2056 239
2058 818
2061 5823
2065 427
2065 4624
2071 3406
2071 6057
2075 1011
2075 7273
2077 1853
2084 6646
2092 4543
2093 5444
2095 2343
2095 4356
2095 6894
2099 4998
2106 2922
2108 7321
2109 309
2109 5644
2111 3564
2119 2971
2122 969
2123 4849
2128 1725
2132 667
2134 2698
2134 3434
2136 7147
2138 2493
2140 4301
2140 6678
2141 7366
2143 2725
2146 4324
2147 397
2148 6809
2148 8060
2151 8093
2156 1051
2158 315
2158 8098
2161 117
2163 8332
2164 7426
2180 6241
2181 542
2184 8298
2187 1367
2193 6968
2197 4439
2201 6600
2205 4797
2207 1644
2208 6621
2208 7184
2209 2677
2209 3731
2212 7789
2214 7181
2215 163
2217 5084
2221 4894
2231 6222
2232 5451
2237 3388
2237 7740
2246 1595
2246 7787
2249 7321
2251 1937
2255 3978
2256 5197
2260 3740
2260 6767
2264 6771
2265 7105
2266 3342
2270 4083
2271 112
2276 2442
2279 468
2280 2418
2282 4136
2284 1255
2284 5092
2286 2979
2291 3498
2296 97
2298 1686
2301 1285
2301 5797
2302 769
2304 3377
2304 4689
2311 4632
2315 2004
2316 5205
2316 6839
2322 3573
2325 1597
2327 7680
2331 8253
2332 1768
2341 7284
2342 4234
2343 3372
2348 1793
2351 2352
2354 7232
2359 3063
2361 8125
2369 3203
2369 6905
2377 3116
2380 6726
2381 8028
2382 6850
2383 6240
2387 5223
2388 543
2388 4645
2392 618
2393 3384
2394 5498
2394 7483
2417 7898
2418 4245
2418 6872
2420 2581
2426 34
2426 6487
2436 6419
2437 1712
2441 4704
2441 6625
2443 2951
2447 2196
2450 6860
2451 6602
2459 3955
2463 4439
2467 3060
2477 1288
2487 3131
2493 3266
2493 7576
2495 2536
2506 4585
2507 4779
2514 8171
2528 5221
2530 4807
2539 1174
2541 2543
2550 1995
2554 2464
2554 2612
2559 1125
2560 6255
2570 1788
2570 4156
2572 254
2572 4497
2573 2231
2574 8148
2579 6360
2581 6157
2581 6515
2590 5189
2596 3043
2598 5030
2598 7776
2612 6716
2619 1977
2620 3453
2621 2650
2625 3435
2628 1162
2629 1456
2631 5342
2635 2101
2637 7982
2648 2244
2654 573
2657 2514
2658 7669
2661 3206
2663 450
2675 3014
2677 680
2681 6108
2683 6299
2684 6092
2688 3758
2691 2403
2692 4266
2702 1162
2708 3049
2714 8048
2720 1952
2721 4502
2723 198
2724 377
2724 1080
2739 882
2746 7617
2748 6384
2749 4259
2750 3677
2752 4463
2754 8259
2761 2317
2766 7999
2769 3254
2771 6801
2774 4127
2775 5059
2776 6076
2779 7644
2781 8163
2784 3381
2785 1325
2785 5180
2792 2046
2796 1951
2800 3088
2800 7885
2802 5422
2808 950
2809 454
2814 3292
2815 4171
2823 3708
2826 3160
2831 690
2833 5305
2834 1105
2839 1489
2839 5855
2844 5882
2848 2720
2853 149
2855 7133
2858 1823
2874 892
2878 4801
2882 3392
2882 6267
2885 4801
2888 3427
2889 8076
2891 1695
2893 1311
2895 3492
2896 3322
2899 6763
2904 3169
2904 7359
2911 708
2912 4944
2915 1914
2916 6838
2926 4755
2927 71
2927 3847
2931 4382
2932 133
2934 1551
2934 4008
2934 6348
2936 1918
2937 929
2937 6564
2938 2232
2941 3074
2945 5270
2949 1955
2949 5788
2950 4107
2952 1287
2952 5925
2954 7826
2960 1967
2961 2451
2964 2564
2964 3400
2971 2873
2974 6649
2975 5659
2976 1392
2976 6388
2977 7615
2981 6920
2984 506
2990 7034
2991 2431
2992 711
2999 5414
3005 849
3005 3712
3005 3739
3017 7304
3018 4044
3026 4915
3029 3230
3031 5920
3033 2755
3034 3849
3038 6489
3040 4156
3043 6522
3060 3159
3061 4476
3063 5629
3066 10
3066 5390
3069 5405
3082 3606
3082 7252
3083 3289
3083 5548
3086 1734
3087 4415
3089 2231
3090 890
3094 4200
3107 7621
3112 2509
3112 3235
3113 7783
3116 512
3117 3149
3120 6865
3121 7969
3127 3996
3134 1514
3148 6520
3152 5338
3153 7963
3156 3762
3157 392
3157 1783
3158 5396
3159 1640
3163 6642
3164 7531
3166 2595
3173 1344
3175 7120
3201 950
3208 6674
3208 8069
3209 5105
3213 4187
3213 4221
3214 1603
3214 2047
3215 814
3217 2040
3224 262
3224 493
3225 7182
3228 1380
3229 6995
3232 8146
3234 4167
3239 5755
3242 1361
3248 4078
3253 7897
3256 86
3261 2572
3261 6750
3262 2686
3264 5603
3267 4767
3275 3271
3276 2591
3281 7845
3284 5533
3285 1378
3289 3864
3298 4604
3298 7706
3304 2468
3305 7154
3306 4742
3311 6521
3311 8013
3313 143
3313 761
3316 3248
3325 8124
3326 2060
3327 8152
3327 8222
3331 6027
3339 3202
3342 1405
3342 3063
3347 3325
3347 4526
3347 6128
3349 5217
3350 2782
3356 7567
3357 4637
3357 6798
3362 5721
3363 3708
3365 1611
3374 4447
3374 6071
3377 592
3378 7003
3382 2113
3384 520
3384 2853
3386 112
3392 5300
3392 5756
3393 3933
3394 4150
3394 7281
3397 3983
3398 5673
3403 3152
3403 6349
3406 1092
3408 547
3409 3209
3409 3324
3414 3065
3414 6772
3418 866
3420 4296
3425 310
3427 1140
3435 1948
3436 8313
3442 308
3443 4435
3444 213
3446 7609
3452 3441
3454 6885
3462 1561
3462 6409
3464 3192
3468 5373
3473 153
3479 4389
3484 4810
3488 6524
3495 5801
3496 2833
3508 1173
3512 6191
3516 1899
3524 1227
3527 3518
3531 909
3531 4743
3540 4310
3542 7249
3553 77
3554 4982
3555 5089
3560 6304
3562 744
3565 6951
3566 906
3567 5354
3570 5270
3575 2852
3576 5792
3577 3385
3578 6656
3582 6609
3584 7522
3589 6362
3591 6936
3599 3412
3600 2475
3601 2448
3602 8103
3608 3583
3616 7133
3621 6989
3627 7784
3651 3131
3654 2257
3658 1854
3666 4037
3666 5589
3668 7163
3669 6242
3670 5061
3687 1877
3690 5493
3691 6305
3695 3932
3702 796
3707 925
3710 6487
3710 8065
3713 1533
3714 4662
3716 971
3721 3240
3725 7527
3727 6431
3731 2286
3733 8053
3735 2347
3736 7842
3740 2683
3741 127
3742 6573
3742 6724
3752 8004
3754 2786
3760 2541
3760 7128
3763 157
3769 5642
3774 5331
3776 5037
3784 7167
3790 6205
3793 6930
3800 4319
3805 114
3805 2760
3807 3053
3807 5138
3813 912
3813 8251
3815 967
3815 6464
3828 2813
3829 767
3833 2813
3839 3792
3841 3265
3841 4885
3842 6451
3845 7507
3848 2741
3853 8337
3854 6606
3855 3798
3856 4960
3861 5778
3862 5202
3863 3159
3868 437
3875 6163
3884 3082
3892 4112
3893 676
3895 2395
3896 7377
3901 936
3901 1767
3901 3519
3901 3692
3904 769
3908 4569
3908 4960
3911 7920
3920 7571
3922 306
3929 5003
3930 4607
3935 4054
3941 6359
3942 4098
3944 1590
3944 4750
3945 1479
3945 1611
3946 3005
3947 7777
3949 2003
3949 3089
3950 1835
3952 1799
3954 6304
3960 7623
3961 3104
3962 4715
3968 4205
3970 7430
3971 5814
3971 6588
3972 972
3981 3548
3984 7175
3989 382
3997 2696
4001 2790
4001 4010
4002 2695
4004 382
4010 2499
4013 158
4014 331
4017 5257
4027 3514
4034 1449
4041 5639
4044 5063
4048 1312
4051 5569
4053 6078
4058 6455
4061 8098
4064 6092
4065 3026
4066 2546
4066 4769
4067 7282
4069 8351
4071 987
4071 7882
4074 3864
4076 80
4076 7188
4078 7422
4080 6295
4085 7227
4086 914
4086 2538
4092 6253
4092 6752
4092 7777
4093 2866
4095 1635
4097 4923
4104 868
4108 6027
4110 7144
4111 5680
4111 8211
4115 544
4117 1218
4117 1656
4127 3200
4131 6838
4132 249
4133 3788
4134 3014
4145 7060
4147 3467
4150 322
4150 2454
4160 1790
4160 3733
4160 5126
4163 1957
4165 611
4167 1425
4167 7129
4168 683
4175 3728
4179 5625
4185 1431
4187 2119
4189 1444
4191 2936
4191 7934
4192 110
4194 1983
4198 1364
4199 8287
4200 1206
4202 6591
4207 155
4214 5382
4223 498
4223 7840
4228 5596
4230 6387
4235 8164
4238 1195
4240 470
4242 7120
4243 7141
4244 4622
4247 2251
4251 3175
4261 759
4262 645
4262 1348
4263 4904
4269 4285
4270 7842
4274 2164
4275 8199
4278 7665
4279 1649
4280 2397
4282 2761
4283 1495
4292 8266
4294 5636
4298 5653
4299 4898
4303 4925
4313 3467
4314 2209
4315 2593
4319 3717
4321 4029
4321 5616
4338 8230
4341 4662
4344 666
4347 7565
4348 234
4348 6814
4349 4901
4353 4534
4355 216
4359 7640
4362 6525
4363 674
4363 861
4365 7749
4369 1638
4369 4637
4371 3109
4374 2172
4374 6318
4382 3587
4383 1468
4385 6412
4388 1052
4390 1062
4394 1446
4397 1126
4409 1045
4410 1096
4410 7888
4415 4646
4415 8150
4426 2017
4431 399
4433 6184
4434 5571
4435 1621
4437 3229
4442 4406
4449 1515
4449 2720
4452 2433
4455 2407
4458 5678
4459 1725
4466 4452
4468 1036
4472 1435
4472 4323
4475 4905
4476 5509
4484 1099
4485 523
4487 3472
4489 3179
4493 3672
4493 7317
4498 2112
4500 3182
4501 5599
4502 5630
4503 4992
4514 2327
4516 6955
4517 6926
4518 3051
4521 2402
4523 151
4525 8225
4526 120
4526 4649
4533 3251
4534 4559
4535 7446
4535 7921
4539 6672
4548 5748
4550 8291
4554 7072
4557 4539
4558 4222
4560 708
4561 7752
4562 1448
4564 8026
4569 2591
4575 101
4577 359
4577 5863
4581 3738
4582 533
4583 5370
4586 6390
4589 2497
4589 5141
4592 5855
4599 6314
4603 6047
4607 3061
4609 4089
4611 8301
4614 4478
4620 256
4620 2233
4620 3195
4621 2447
4622 6386
4622 8301
4627 4349
4628 4348
4630 4219
4631 670
4634 8145
4637 2931
4643 3456
4643 4536
4643 5573
4650 7066
4652 4962
4656 3677
4657 2575
4660 3544
4664 2686
4668 1867
4669 2147
4670 7058
4672 597
4681 3875
4687 2974
4688 1529
4691 2038
4696 3562
4696 5139
4696 5395
4698 5977
4701 69
4704 5771
4706 3250
4715 5528
4717 7492
4719 1829
4720 1307
4740 5323
4741 1207
4744 4586
4746 3329
4747 2022
4750 2740
4756 241
4759 4680
4761 5134
4769 2857
4769 4244
4770 7583
4771 3857
4776 2256
4782 1105
4783 5467
4786 1638
4787 4730
4790 8356
4795 3086
4795 8256
4796 2280
4798 1246
4799 851
4801 1921
4805 7828
4811 1334
4815 3240
4815 7467
4818 3069
4823 247
4823 5331
4827 2676
4834 632
4834 7002
4841 1983
4843 5495
4845 1722
4849 3696
4857 6886
4868 466
4872 5378
4872 6809
4875 1501
4875 5191
4877 4439
4881 6365
4882 6843
4891 5579
4898 325
4901 1159
4904 2285
4904 4732
4904 8108
4906 5108
4912 6897
4917 152
4918 361
4922 6909
4933 5702
4952 4088
4954 1774
4955 7379
4968 8276
4972 6857
4979 6873
4981 3662
4982 6716
4986 2874
4987 7769
4994 6625
4995 1196
4995 6013
5003 6359
5010 6777
5027 3096
5030 6746
5035 1871
5035 3572
5037 6173
5039 6710
5046 2998
5049 2335
5051 6891
5058 716
5059 3902
5060 765
5062 5058
5067 7162
5069 5458
5069 7344
5073 276
5081 3639
5082 4850
5085 7478
5089 4839
5090 3713
5090 6370
5092 6152
5093 921
5097 1432
5097 7593
5102 5709
5104 7836
5109 5370
5116 5098
5117 8248
5121 7101
5126 7215
5126 8126
5127 878
5128 5136
5133 7481
5138 7261
5140 94
5168 7394
5169 1677
5170 3522
5172 6566
5173 5675
5178 3878
5179 796
5179 7813
5180 1023
5182 7287
5187 6166
5190 5371
5201 5281
5203 3937
5205 7925
5213 6649
5215 5068
5222 986
5223 4463
5228 4295
5235 586
5237 6482
5238 9
5244 8147
5248 4805
5250 6238
5254 4842
5260 5609
5261 5204
5262 8070
5267 2095
5272 7345
5278 380
5281 7469
5283 6333
5286 3223
5286 4212
5286 6482
5297 44
5299 950
5301 2974
5303 7808
5313 1824
5313 2859
5320 6428
5321 8218
5322 7744
5324 5833
5331 7077
5336 2319
5337 5801
5338 4567
5339 2156
5341 4736
5341 4944
5343 7819
5346 6512
5352 3911
5360 3133
5369 1205
5371 1405
5371 5389
5377 599
5379 7855
5383 7955
5385 3225
5391 3029
5398 6601
5408 7698
5411 5674
5416 1266
5421 1539
5422 8266
5425 2825
5426 1081
5427 2660
5429 8110
5435 1542
5436 2116
5438 589
5438 2317
5443 1087
5447 7332
5448 2540
5450 73
5452 1756
5452 4324
5452 6887
5457 2689
5458 5403
5462 6105
5463 7344
5464 6725
5464 7243
5468 2125
5474 4517
5474 5495
5475 3166
5477 5101
5479 3788
5484 3135
5491 5807
5499 876
5504 4212
5506 6629
5508 3559
5509 5156
5518 3847
5528 7311
5532 6083
5533 7053
5540 1452
5550 2705
5552 4908
5554 2601
5559 603
5560 69
5560 262
5562 1705
5566 2224
5573 7194
5575 6295
5577 5331
5577 7166
5583 6521
5590 7845
5591 151
5591 6983
5592 4826
5593 7007
5597 5836
5602 5869
5605 634
5608 5578
5608 5987
5609 8265
5622 700
5622 7419
5626 4227
5627 1407
5629 4731
5639 7969
5640 1495
5648 3956
5651 2964
5654 198
5656 1397
5659 4625
5659 5224
5662 2571
5664 5249
5669 2205
5671 6170
5673 2323
5675 1617
5675 7438
5680 3373
5680 5350
5682 4103
5685 1020
5686 3121
5689 5595
5698 865
5704 7658
5707 891
5707 6670
5708 8232
5712 4371
5715 3162
5717 370
5720 4378
5722 617
5731 6407
5735 8101
5738 5804
5740 7992
5745 5544
5749 7571
5751 7934
5753 8285
5755 2543
5761 3783
5763 4084
5764 405
5768 2362
5769 7874
5770 8268
5772 6972
5785 2003
5793 4396
5793 5201
5798 3313
5799 4664
5812 5590
5815 4696
5816 1754
5823 4779
5824 3307
5828 1935
5839 7244
5841 329
5843 25
5849 8127
5853 2798

