7841 1012 323
1 1
32 3
33 905
128 974
159 127
172 972
215 610
224 60
241 368
246 76
249 927
255 4
258 211
260 346
261 407
282 808
298 338
317 881
319 54
330 707
365 935
376 651
467 826
494 398
496 709
505 449
521 42
583 92
619 353
626 73
632 247
687 201
733 500
751 723
758 355
773 139
822 827
838 79
838 437
875 513
911 383
939 643
982 30
984 771
994 783
996 811
1016 435
1063 419
1069 146
1073 848
1078 316
1091 316
1121 508
1169 663
1193 728
1202 619
1284 880
1288 267
1289 656
1307 617
1334 63
1377 886
1383 205
1402 59
1414 199
1435 838
1475 306
1480 565
1481 37
1491 873
1502 324
1511 887
1539 244
1563 201
1576 25
1680 158
1680 856
1705 498
1719 681
1741 150
1788 264
1793 261
1814 533
1844 283
1846 159
1846 468
1864 482
1887 40
1904 470
2043 228
2054 730
2058 375
2131 621
2138 209
2164 200
2181 275
2184 804
2207 673
2262 43
2307 543
2314 407
2405 154
2441 174
2460 658
2483 81
2504 247
2512 538
2520 624
2552 65
2569 514
2575 354
2580 605
2593 182
2605 966
2646 433
2647 134
2656 930
2684 649
2693 871
2720 150
2776 790
2790 131
2855 677
2901 579
2922 648
2926 16
2931 792
2964 335
2980 649
3002 998
3022 91
3067 843
3093 463
3136 26
3153 426
3186 482
3239 55
3244 138
3272 980
3314 724
3324 430
3348 255
3356 865
3374 359
3407 1002
3418 507
3421 164
3488 222
3491 105
3491 772
3494 959
3507 756
3518 167
3548 135
3565 632
3593 2
3638 230
3673 94
3693 401
3722 136
3743 262
3768 187
3812 351
3815 296
3852 925
3859 357
3866 1004
3867 541
3890 994
3891 195
3923 557
3931 882
3937 813
3957 902
4010 276
4014 353
4023 146
4027 1008
4032 99
4037 832
4041 926
4048 773
4061 449
4122 410
4127 624
4149 645
4200 476
4222 34
4244 485
4254 556
4280 12
4415 152
4420 937
4425 740
4477 301
4511 1001
4553 385
4567 552
4607 576
4701 472
4707 541
4736 425
4749 176
4778 907
4816 693
4831 589
4840 97
4850 179
4921 424
4959 600
5052 119
5084 20
5084 706
5105 695
5115 159
5150 232
5166 701
5169 89
5250 845
5289 321
5311 277
5312 481
5360 891
5406 325
5501 836
5514 388
5532 98
5532 442
5545 675
5561 798
5585 144
5596 956
5621 784
5649 993
5670 914
5686 13
5708 246
5760 161
5803 588
5820 615
5831 899
5861 717
5931 420
5936 290
5998 284
6034 812
6077 3
6081 617
6082 543
6085 400
6094 768
6096 438
6098 583
6141 705
6166 515
6246 749
6313 920
6344 782
6380 369
6380 936
6414 476
6433 272
6452 430
6459 854
6485 214
6490 740
6499 427
6519 215
6585 388
6594 397
6616 86
6638 518
6649 944
6655 457
6687 293
6700 564
6735 72
6738 440
6744 670
6772 857
6776 934
6818 289
6883 330
6893 384
6895 1009
7000 468
7010 150
7054 78
7066 290
7082 239
7105 271
7127 390
7129 315
7131 586
7154 689
7179 259
7185 623
7197 409
7209 337
7224 774
7248 444
7290 769
7330 733
7354 295
7405 851
7407 711
7421 94
7490 457
7501 135
7613 202
7625 296
7633 406
7726 778
7746 778
7756 331
7757 374
7761 1006
7764 994
7774 395
7810 417
7822 223
7832 323
7841 378

