385 221 4306
1 1
1 15
1 60
1 97
1 101
1 114
1 115
1 131
1 149
1 156
1 172
1 198
1 211
1 213
1 214
2 11
2 14
2 20
2 24
2 33
2 49
2 119
2 131
2 190
2 192
2 208
3 11
3 37
3 53
3 54
3 66
3 72
3 85
3 143
3 163
3 165
3 166
3 169
3 174
3 187
3 209
4 30
4 76
4 99
4 111
4 135
4 141
4 162
5 5
5 8
5 16
5 51
5 79
5 95
5 112
5 119
5 181
5 187
5 193
5 194
5 197
5 204
6 1
6 2
6 6
6 55
6 109
6 110
6 119
6 120
6 186
6 208
6 215
7 8
7 20
7 71
7 93
7 104
7 142
7 149
7 154
7 168
7 183
7 185
7 198
7 200
7 203
8 9
8 18
8 28
8 36
8 54
8 60
8 62
8 72
8 107
8 140
8 167
8 170
8 185
8 209
8 213
8 216
9 12
9 15
9 32
9 66
9 100
9 142
9 196
9 197
10 10
10 29
10 33
10 37
10 54
10 55
10 79
10 102
10 109
10 110
10 114
10 127
10 141
10 143
10 161
10 168
10 174
10 186
11 7
11 28
11 36
11 116
11 117
11 171
11 172
11 209
11 213
12 17
12 30
12 34
12 52
12 87
12 135
12 141
12 173
12 192
12 217
13 10
13 17
13 39
13 51
13 54
13 77
13 115
13 129
13 157
13 216
14 6
14 11
14 52
14 131
14 140
14 185
14 186
14 194
14 199
14 212
15 11
15 19
15 40
15 74
15 87
15 88
15 123
15 138
15 182
15 187
15 206
15 216
16 31
16 41
16 54
16 56
16 61
16 69
16 70
16 92
16 94
16 116
16 143
16 147
17 6
17 9
17 20
17 106
17 125
17 144
17 163
17 164
17 205
17 214
18 28
18 69
18 70
18 72
18 84
18 101
18 110
18 122
18 131
18 134
18 160
18 162
18 169
18 180
18 199
18 207
18 220
19 68
19 93
19 100
19 108
19 186
19 203
20 27
20 59
20 83
20 109
20 132
20 160
20 195
20 202
21 1
21 4
21 18
21 23
21 28
21 47
21 64
21 85
21 95
21 104
21 129
21 140
21 147
21 158
21 166
21 175
21 176
21 203
22 17
22 32
22 76
22 87
22 112
22 120
22 129
22 134
22 143
22 177
22 198
22 203
22 215
23 75
23 76
23 82
23 89
23 174
23 185
24 7
24 23
24 34
24 41
24 100
24 104
24 116
25 27
25 42
25 57
25 75
25 86
25 93
25 115
25 139
25 195
26 12
26 20
26 38
26 49
26 51
26 93
26 97
26 114
26 132
26 155
26 158
26 162
26 166
26 179
26 185
26 207
26 213
27 30
27 51
27 57
27 91
27 145
27 180
27 185
27 187
28 70
28 73
28 89
28 95
28 100
28 103
28 122
28 146
28 193
28 204
28 220
29 18
29 49
29 72
29 90
29 91
29 97
29 98
29 103
29 108
29 151
29 215
29 218
30 49
30 100
30 141
30 155
30 175
30 185
30 188
30 193
31 13
31 39
31 51
31 111
31 141
31 180
31 188
31 206
31 211
31 215
31 218
32 13
32 29
32 92
32 97
32 123
32 129
32 135
32 175
32 196
32 209
33 3
33 13
33 57
33 58
33 65
33 66
33 68
33 85
33 88
33 117
33 138
33 144
33 147
33 158
33 161
33 176
33 202
33 213
34 21
34 79
34 83
34 100
34 117
34 168
34 198
34 211
35 8
35 20
35 37
35 45
35 53
35 56
35 120
35 134
35 164
35 189
35 195
35 217
36 2
36 19
36 60
36 64
36 72
36 147
36 159
36 176
36 197
36 202
36 210
37 4
37 12
37 56
37 81
37 97
37 149
37 152
37 173
37 180
37 190
37 216
38 43
38 61
38 110
38 180
39 6
39 31
39 59
39 100
39 157
39 163
39 190
39 207
39 212
40 28
40 32
40 35
40 71
40 75
40 77
40 136
40 138
40 156
40 170
40 187
40 214
41 14
41 46
41 47
41 53
41 67
41 75
41 85
41 87
41 91
41 93
41 136
41 147
41 154
41 160
41 165
41 167
41 180
41 199
42 21
42 47
42 67
42 76
42 79
42 83
42 91
42 103
42 117
42 135
42 143
42 151
42 152
42 153
42 161
42 166
42 173
42 182
42 212
43 41
43 48
43 56
43 72
43 114
43 122
43 138
43 149
43 158
43 213
44 17
44 20
44 44
44 56
44 119
44 146
44 156
44 189
44 205
45 21
45 25
45 34
45 37
45 57
45 69
45 109
45 124
45 126
45 158
45 182
45 204
46 2
46 25
46 32
46 38
46 82
46 85
46 170
46 172
46 181
46 206
47 1
47 27
47 53
47 89
47 110
47 119
47 120
47 121
47 138
47 159
47 162
47 164
47 199
48 8
48 73
48 123
48 141
48 208
49 7
49 16
49 18
49 27
49 51
49 85
49 128
49 147
49 170
49 174
49 189
49 221
50 19
50 32
50 33
50 45
50 60
50 65
50 135
50 139
50 151
50 170
50 209
51 34
51 41
51 48
51 60
51 66
51 126
51 128
51 144
51 215
52 40
52 92
52 109
52 112
52 120
52 133
52 143
52 146
52 164
52 165
52 212
52 217
52 218
53 2
53 10
53 57
53 63
53 93
53 102
53 127
53 179
54 3
54 6
54 7
54 11
54 17
54 37
54 90
54 92
54 105
54 126
54 172
54 178
54 191
55 9
55 33
55 78
55 130
55 153
55 170
55 174
55 176
55 183
55 187
55 202
56 21
56 22
56 30
56 71
56 83
56 101
56 110
56 121
56 131
56 136
56 147
56 151
56 172
56 173
56 176
56 215
57 1
57 17
57 50
57 62
57 146
57 155
57 158
57 164
58 67
58 85
58 89
58 90
58 98
58 135
58 137
58 161
58 168
58 186
58 192
59 6
59 25
59 41
59 51
59 57
59 87
59 168
59 169
60 2
60 4
60 65
60 76
60 89
60 92
60 103
60 139
60 152
60 174
60 217
61 9
61 99
61 112
61 115
61 127
61 178
61 188
62 44
62 49
62 51
62 54
62 71
62 80
62 86
62 102
62 124
62 142
62 185
63 12
63 26
63 78
63 83
63 89
63 92
63 109
63 111
63 150
63 193
64 26
64 34
64 48
64 69
64 70
64 85
64 103
64 108
64 127
64 129
64 139
64 165
64 178
64 183
64 205
65 33
65 36
65 51
65 53
65 67
65 73
65 98
65 117
65 130
65 219
66 27
66 79
66 101
66 105
66 109
66 132
66 136
66 138
66 164
66 184
66 211
67 22
67 31
67 50
67 122
67 141
67 157
67 198
67 218
68 1
68 8
68 32
68 43
68 49
68 52
68 81
68 86
68 87
68 92
68 111
68 130
68 144
68 154
68 161
68 173
68 197
68 210
68 220
69 33
69 66
69 80
69 134
69 153
69 174
69 195
70 21
70 33
70 70
70 77
70 83
70 108
70 132
70 140
70 193
70 207
70 208
71 3
71 12
71 45
71 54
71 90
71 97
71 129
71 134
71 135
71 172
71 176
71 213
71 215
72 41
72 51
72 108
72 116
72 123
72 189
73 26
73 67
73 83
73 109
73 114
73 115
73 167
73 197
73 214
73 218
73 220
74 20
74 33
74 102
74 142
74 152
74 174
74 189
74 195
74 210
75 10
75 13
75 38
75 48
75 58
75 86
75 100
75 121
75 129
75 185
75 194
76 3
76 7
76 12
76 50
76 84
76 125
76 133
76 143
76 145
76 154
76 155
76 193
76 204
76 213
76 216
77 43
77 44
77 66
77 71
77 85
77 86
77 119
77 131
77 152
77 162
77 164
77 174
77 202
78 53
78 61
78 74
78 143
78 151
78 153
78 170
78 203
78 209
78 212
79 22
79 25
79 64
79 83
79 84
79 101
79 103
79 131
79 145
79 194
80 51
80 69
80 73
80 91
80 106
80 116
80 120
80 123
80 151
80 154
80 184
81 31
81 51
81 63
81 69
81 74
81 96
81 117
81 130
81 136
81 141
81 192
81 212
82 66
82 73
82 77
82 90
82 116
82 117
82 133
82 135
82 172
82 178
82 180
83 3
83 17
83 23
83 39
83 45
83 55
83 92
83 119
83 163
83 195
84 21
84 65
84 66
84 90
84 98
84 100
84 107
84 116
84 128
84 146
84 158
84 169
84 205
84 213
85 4
85 6
85 18
85 68
85 95
85 110
85 113
85 135
85 157
85 158
85 165
85 175
85 180
85 201
85 218
86 32
86 41
86 59
86 84
86 105
86 119
86 154
86 167
86 180
86 198
86 214
87 51
87 95
87 116
87 117
87 125
87 150
87 153
87 155
87 193
87 203
87 218
88 39
88 40
88 63
88 68
88 100
88 120
88 128
88 136
88 137
88 152
88 176
88 191
88 204
88 207
88 209
89 47
89 65
89 88
89 109
89 120
89 133
89 171
89 214
90 24
90 29
90 32
90 47
90 62
90 75
90 82
90 85
90 100
90 108
90 201
90 209
90 219
91 45
91 46
91 54
91 69
91 93
91 142
91 167
91 189
91 209
92 8
92 28
92 33
92 36
92 40
92 54
92 57
92 89
92 163
92 164
92 178
92 190
92 194
92 206
93 9
93 51
93 73
93 76
93 108
93 116
93 119
93 153
93 159
93 162
93 192
94 17
94 69
94 74
94 91
94 120
94 138
94 189
95 1
95 13
95 16
95 28
95 54
95 65
95 78
95 141
95 189
95 195
95 216
96 55
96 56
96 72
96 75
96 76
96 89
96 140
96 142
96 146
96 155
96 159
96 169
96 170
96 185
96 190
96 195
96 209
97 24
97 40
97 43
97 77
97 78
97 82
97 96
97 98
97 109
97 125
97 137
97 138
97 179
97 192
98 7
98 28
98 30
98 31
98 55
98 150
98 156
98 180
99 15
99 51
99 57
99 59
99 75
99 97
99 118
99 122
99 140
99 149
99 159
99 180
99 192
99 193
100 7
100 11
100 46
100 71
100 112
100 158
100 162
100 173
100 201
100 206
100 208
100 214
100 217
101 86
101 88
101 135
101 141
101 197
102 12
102 15
102 17
102 68
102 86
102 95
102 122
102 124
102 126
102 137
102 157
102 185
102 204
102 211
102 218
103 7
103 24
103 29
103 45
103 52
103 58
103 72
103 78
103 120
103 140
103 190
104 16
104 58
104 70
104 74
104 76
104 93
104 98
104 101
104 124
104 165
104 181
104 182
104 202
104 211
105 8
105 19
105 54
105 57
105 62
105 76
105 84
105 90
105 99
105 109
105 134
105 160
105 179
105 187
105 197
105 198
105 204
105 208
106 7
106 33
106 43
106 92
106 94
106 96
106 117
106 163
106 208
106 211
107 44
107 108
107 111
107 112
107 120
107 129
107 132
107 152
107 159
107 194
107 211
108 54
108 102
108 127
108 151
108 165
108 199
108 210
108 215
109 2
109 3
109 34
109 57
109 66
109 83
109 119
109 135
109 143
110 111
110 132
110 163
110 172
110 175
110 189
111 46
111 60
111 114
111 121
111 136
111 139
111 152
111 169
112 16
112 57
112 60
112 65
112 69
112 78
112 149
112 156
112 213
112 218
112 220
113 3
113 72
113 110
113 159
113 176
113 183
113 210
113 220
114 7
114 36
114 43
114 100
114 117
114 147
114 160
114 167
114 195
115 5
115 16
115 96
115 155
115 177
115 178
115 179
115 203
115 207
115 212
115 213
116 20
116 34
116 38
116 50
116 55
116 86
116 124
116 156
116 160
116 196
116 213
117 2
117 29
117 30
117 33
117 40
117 55
117 60
117 67
117 70
117 153
117 171
117 183
117 207
117 210
118 1
118 7
118 41
118 50
118 52
118 60
118 116
118 119
118 135
118 138
118 140
118 141
118 156
118 157
119 32
119 64
119 78
119 87
119 91
119 135
119 139
119 151
119 221
120 45
120 74
120 110
120 114
120 130
120 131
120 153
120 161
120 172
120 186
120 193
120 214
121 35
121 45
121 68
121 102
121 116
121 150
121 176
122 8
122 28
122 44
122 45
122 66
122 89
122 92
122 107
122 146
122 170
122 207
123 42
123 61
123 69
123 76
123 78
123 140
123 156
123 199
124 1
124 18
124 20
124 50
124 84
124 103
124 116
124 120
124 129
124 160
124 165
124 200
124 205
125 13
125 31
125 34
125 50
125 76
125 87
125 140
125 160
125 172
125 181
125 183
126 9
126 17
126 24
126 46
126 74
126 137
126 142
126 173
126 178
127 13
127 15
127 21
127 44
127 74
127 122
127 131
127 140
127 144
127 159
127 161
127 191
127 196
127 198
127 201
127 202
127 209
127 210
127 218
128 29
128 33
128 38
128 44
128 58
128 61
128 117
128 136
128 150
128 156
128 157
128 166
128 218
129 10
129 13
129 25
129 112
129 115
129 131
129 135
129 143
129 219
130 17
130 26
130 54
130 100
130 126
130 139
130 147
130 148
130 149
130 152
130 155
130 156
130 166
130 200
130 205
130 221
131 32
131 38
131 39
131 48
131 49
131 53
131 109
131 152
131 216
132 1
132 4
132 31
132 39
132 49
132 50
132 78
132 100
132 136
132 145
132 153
132 179
132 199
133 12
133 35
133 75
133 78
133 96
133 97
133 124
133 135
133 149
133 156
133 160
133 197
133 216
134 8
134 58
134 64
134 72
134 75
134 125
134 132
134 142
134 147
135 3
135 9
135 25
135 29
135 91
135 93
135 122
135 129
135 163
135 199
135 220
136 16
136 77
136 78
136 99
136 104
136 110
136 125
136 185
137 23
137 59
137 65
137 90
137 124
137 126
137 140
137 169
138 15
138 19
138 33
138 101
138 130
138 155
138 182
138 192
138 213
139 27
139 28
139 47
139 57
139 78
139 98
139 111
139 115
139 117
139 149
139 172
139 179
140 13
140 15
140 78
140 110
140 115
140 121
140 126
140 131
140 140
140 159
140 180
140 195
140 211
141 31
141 32
141 81
141 96
141 180
141 189
141 190
141 191
141 192
141 200
141 204
142 13
142 43
142 46
142 78
142 130
142 143
142 147
142 156
142 185
142 190
143 12
143 17
143 30
143 33
143 40
143 114
143 123
143 131
143 142
143 150
143 162
143 200
143 214
144 21
144 93
144 124
144 149
144 155
144 165
144 176
144 181
144 189
144 208
145 13
145 31
145 65
145 71
145 183
145 186
145 196
145 212
146 14
146 23
146 34
146 61
146 114
147 8
147 40
147 72
147 87
147 96
147 112
147 128
147 141
147 162
147 163
147 177
148 14
148 18
148 20
148 24
148 28
148 70
148 117
148 124
148 128
148 153
148 199
148 214
148 220
149 16
149 42
149 65
149 79
149 103
149 129
149 155
149 165
149 169
149 190
150 80
150 96
150 109
150 194
150 214
151 84
151 85
151 92
151 107
151 117
151 124
151 182
151 194
151 214
152 43
152 54
152 71
152 75
152 78
152 87
152 91
152 108
152 114
152 164
152 182
152 215
153 43
153 44
153 47
153 64
153 70
153 98
153 153
153 160
154 52
154 70
154 77
154 119
154 128
154 132
154 135
154 138
154 184
154 206
154 218
154 219
155 11
155 14
155 20
155 35
155 137
155 149
155 164
155 191
155 210
156 3
156 11
156 15
156 16
156 24
156 69
156 116
156 124
156 127
156 143
156 153
156 164
156 187
156 196
156 197
157 2
157 28
157 78
157 95
157 107
157 114
157 126
157 127
157 165
157 177
157 179
157 199
157 208
158 5
158 16
158 57
158 71
158 83
158 95
158 130
158 164
158 181
158 200
159 5
159 7
159 26
159 38
159 39
159 74
159 85
159 134
159 164
159 169
159 176
159 217
160 17
160 36
160 38
160 40
160 63
160 72
160 73
160 89
160 93
160 94
160 122
160 158
160 170
160 178
160 212
161 8
161 27
161 40
161 48
161 55
161 61
161 64
161 76
161 80
161 107
161 135
161 160
161 173
161 181
161 213
161 214
162 21
162 34
162 51
162 54
162 62
162 63
162 71
162 106
162 114
162 125
162 129
162 136
162 145
162 148
162 150
162 152
162 155
162 160
162 201
163 23
163 29
163 42
163 73
163 76
163 100
163 113
163 139
163 141
163 162
163 170
163 186
163 214
164 11
164 49
164 58
164 77
164 92
164 93
164 108
164 122
164 124
164 145
164 153
164 204
164 206
165 1
165 2
165 42
165 65
165 74
165 121
165 158
165 173
165 189
165 199
165 219
165 221
166 13
166 20
166 44
166 53
166 54
166 65
166 124
166 150
166 202
166 204
166 205
167 16
167 24
167 29
167 72
167 76
167 78
167 86
167 97
167 103
167 105
167 108
167 134
167 137
167 146
167 157
167 171
167 200
168 23
168 28
168 41
168 87
168 92
168 105
168 109
168 110
168 167
168 188
168 206
168 215
169 4
169 28
169 94
169 108
169 160
169 165
169 175
169 194
170 9
170 27
170 60
170 66
170 96
170 105
170 139
170 143
170 180
170 194
170 221
171 30
171 34
171 59
171 74
171 115
171 128
171 176
171 198
171 206
172 23
172 53
172 61
172 96
172 106
172 110
172 115
172 145
172 182
172 189
172 200
172 201
172 207
172 210
173 3
173 10
173 29
173 45
173 48
173 65
173 78
173 81
173 90
173 122
173 160
173 175
173 186
173 194
173 195
173 211
174 12
174 13
174 28
174 33
174 57
174 74
174 104
174 118
174 127
174 130
174 139
174 155
174 162
174 171
174 172
174 197
175 10
175 27
175 35
175 84
175 150
175 171
175 174
175 202
176 3
176 13
176 81
176 99
176 177
176 201
177 24
177 36
177 66
177 70
177 83
177 100
177 120
177 133
177 146
177 147
177 155
177 174
177 193
177 205
178 3
178 23
178 60
178 115
178 126
178 131
178 160
178 161
178 169
178 174
178 220
179 27
179 28
179 35
179 94
179 95
179 101
179 107
179 119
179 121
179 122
179 152
180 42
180 43
180 80
180 91
180 124
180 149
180 152
180 158
180 167
180 169
180 175
180 215
181 3
181 27
181 31
181 60
181 63
181 67
181 97
181 148
181 155
181 181
181 182
181 184
181 185
181 187
181 197
181 198
181 209
182 13
182 28
182 55
182 65
182 111
182 121
182 140
182 142
182 143
182 146
182 147
182 150
182 170
182 206
182 219
183 10
183 15
183 19
183 32
183 41
183 51
183 55
183 62
183 86
183 126
183 128
183 175
183 207
183 208
184 7
184 27
184 35
184 41
184 46
184 67
184 79
184 83
184 90
184 103
184 107
184 147
184 196
184 198
185 4
185 12
185 28
185 114
185 120
185 143
185 155
185 193
185 206
186 42
186 136
186 139
186 217
187 5
187 33
187 36
187 38
187 53
187 77
187 87
187 95
187 140
187 155
187 163
187 180
188 26
188 31
188 41
188 48
188 54
188 74
188 113
188 128
188 133
188 144
188 182
188 208
189 27
189 68
189 89
189 93
189 116
189 141
189 160
189 203
189 217
189 218
190 64
190 67
190 72
190 75
190 97
190 128
190 143
190 149
190 197
190 205
191 11
191 56
191 84
191 95
191 106
191 138
191 148
191 149
191 180
191 190
191 200
192 14
192 15
192 40
192 44
192 69
192 73
192 99
192 121
192 160
192 171
192 178
192 216
193 40
193 46
193 73
193 76
193 93
193 97
193 107
193 151
193 159
193 162
193 165
193 191
193 211
194 1
194 11
194 26
194 32
194 39
194 50
194 96
194 122
194 145
194 148
194 152
194 186
194 205
195 9
195 31
195 39
195 43
195 56
195 68
195 87
195 115
195 196
196 4
196 11
196 12
196 65
196 85
196 133
196 135
196 155
196 166
196 198
197 37
197 45
197 73
197 80
197 106
197 123
197 163
197 173
197 178
197 211
198 38
198 79
198 112
198 121
198 145
198 150
198 163
198 167
198 199
198 210
198 214
199 32
199 44
199 52
199 55
199 60
199 80
199 98
199 120
199 165
199 201
200 10
200 12
200 28
200 35
200 36
200 54
200 58
200 95
200 167
200 175
200 215
201 24
201 35
201 45
201 106
201 125
201 142
201 176
201 184
201 189
201 209
201 220
202 21
202 48
202 62
202 105
202 113
202 134
202 168
202 189
203 15
203 77
203 79
203 105
203 110
203 149
203 159
203 205
203 219
204 11
204 12
204 40
204 67
204 77
204 83
204 93
204 94
204 123
204 145
204 159
204 166
204 216
205 68
205 114
205 151
205 196
205 202
205 221
206 47
206 86
206 132
206 170
207 6
207 15
207 21
207 59
207 77
207 102
207 121
207 131
207 166
208 1
208 4
208 22
208 30
208 121
208 122
208 136
208 148
208 181
208 182
208 187
208 212
208 216
209 13
209 31
209 37
209 46
209 62
209 106
209 116
209 160
209 162
209 176
209 195
210 4
210 31
210 39
210 40
210 43
210 53
210 84
210 130
210 176
210 177
210 180
210 205
211 1
211 41
211 92
211 114
211 149
211 190
212 26
212 42
212 46
212 60
212 64
212 66
212 85
212 97
212 102
212 104
212 118
212 120
212 123
212 138
212 140
212 142
212 152
212 181
212 208
212 215
213 6
213 17
213 19
213 35
213 42
213 43
213 84
213 115
213 152
213 186
213 192
214 4
214 66
214 75
214 76
214 78
214 96
214 138
214 149
214 161
214 165
214 187
214 214
215 3
215 10
215 84
215 140
215 151
215 165
215 194
215 199
215 211
216 13
216 21
216 22
216 23
216 40
216 85
216 90
216 96
216 116
216 140
216 144
216 153
216 170
216 192
216 195
217 4
217 24
217 44
217 48
217 56
217 61
217 78
217 86
217 92
217 112
217 126
217 127
217 131
217 136
217 164
217 171
217 172
217 190
217 196
218 5
218 7
218 16
218 44
218 85
218 92
218 96
218 98
218 110
218 142
218 144
218 203
218 210
218 215
219 2
219 4
219 6
219 21
219 23
219 70
219 83
219 108
219 153
219 160
219 162
219 181
220 22
220 24
220 28
220 52
220 101
220 145
220 147
220 164
220 166
221 26
221 38
221 76
221 91
221 112
221 116
221 132
221 145
221 147
221 151
221 154
221 155
221 170
221 198
221 208
221 209
222 22
222 30
222 37
222 47
222 51
222 57
222 99
222 102
222 154
222 163
222 186
222 187
222 210
223 34
223 52
223 68
223 188
223 212
223 219
224 26
224 61
224 69
224 71
224 101
224 136
224 137
224 146
224 178
224 186
224 187
224 191
224 202
224 210
224 218
225 14
225 52
225 60
225 67
225 80
225 83
225 88
225 105
225 125
225 147
225 166
225 189
225 199
225 216
226 20
226 21
226 27
226 55
226 68
226 80
226 102
226 182
227 14
227 35
227 37
227 65
227 103
227 108
227 112
227 113
227 121
227 124
227 156
227 176
227 211
227 212
228 4
228 8
228 35
228 54
228 70
228 129
228 131
228 140
228 159
228 184
228 198
229 16
229 26
229 39
229 79
229 105
229 119
229 182
230 54
230 72
230 161
230 164
230 170
230 185
230 202
230 212
231 39
231 55
231 115
231 136
231 179
231 189
231 206
231 220
232 8
232 19
232 30
232 56
232 60
232 71
232 87
232 109
232 115
232 166
232 173
232 209
233 49
233 79
233 91
233 103
233 108
233 110
233 137
233 164
233 165
233 182
233 191
234 8
234 10
234 19
234 42
234 52
234 153
234 172
234 176
234 184
234 194
234 201
234 204
235 14
235 32
235 53
235 57
235 105
235 131
235 144
235 172
235 179
235 190
235 214
236 12
236 26
236 46
236 92
236 95
236 120
236 122
236 137
236 145
236 149
236 152
237 13
237 24
237 25
237 39
237 50
237 85
237 97
237 103
237 127
237 136
237 182
237 183
237 210
238 1
238 54
238 55
238 89
238 99
238 143
238 151
238 154
238 187
238 218
239 27
239 55
239 102
239 123
239 143
239 148
239 183
240 31
240 35
240 51
240 61
240 130
240 148
240 154
240 158
240 163
240 214
240 215
240 218
241 3
241 18
241 29
241 36
241 38
241 65
241 79
241 82
241 115
241 130
241 145
241 161
241 193
241 205
241 220
242 22
242 34
242 58
242 95
242 143
242 149
242 161
242 183
242 213
242 221
243 2
243 26
243 64
243 67
243 107
243 130
243 136
243 160
243 217
244 14
244 19
244 42
244 64
244 83
244 93
244 105
244 116
244 118
244 133
244 138
244 181
244 187
244 193
245 5
245 51
245 60
245 77
245 93
245 103
245 150
245 159
246 14
246 19
246 57
246 65
246 81
246 94
246 153
246 166
246 170
246 171
246 180
246 193
247 4
247 54
247 87
247 89
247 92
247 96
247 114
247 115
247 136
247 178
247 188
248 36
248 37
248 47
248 48
248 51
248 92
248 104
248 111
248 135
248 169
248 180
248 191
248 200
248 216
249 36
249 44
249 56
249 130
249 138
249 148
249 150
249 158
249 170
249 171
249 211
250 11
250 29
250 35
250 38
250 46
250 59
250 66
250 90
250 121
250 127
250 163
250 165
250 175
250 176
251 5
251 19
251 30
251 46
251 49
251 59
251 73
251 90
251 110
251 155
251 159
251 193
252 16
252 22
252 34
252 56
252 73
252 79
252 106
252 108
252 151
252 196
252 216
253 22
253 28
253 29
253 75
253 82
253 103
253 131
253 174
253 203
253 218
253 220
254 19
254 45
254 146
254 175
254 191
254 195
254 221
255 10
255 17
255 23
255 59
255 62
255 84
255 114
255 131
255 135
255 156
255 162
255 171
255 173
255 179
256 7
256 26
256 28
256 34
256 47
256 53
256 101
256 113
256 116
256 150
256 162
256 163
256 189
256 209
257 12
257 38
257 122
257 141
257 146
257 182
257 195
257 196
257 197
258 7
258 20
258 33
258 59
258 71
258 124
258 125
258 154
258 174
258 207
258 215
258 217
259 20
259 25
259 26
259 66
259 69
259 96
259 152
259 153
259 158
259 171
259 176
259 182
259 205
260 5
260 10
260 53
260 82
260 112
260 129
260 144
260 154
260 168
260 197
260 204
261 4
261 9
261 20
261 23
261 24
261 55
261 76
261 97
261 108
261 114
261 145
262 11
262 15
262 27
262 30
262 39
262 75
262 91
262 108
262 164
262 210
263 76
263 83
263 124
263 127
263 170
263 179
263 199
263 202
264 60
264 88
264 95
264 111
264 160
264 194
264 196
264 199
264 220
265 29
265 40
265 59
265 61
265 68
265 95
265 106
265 119
265 120
265 145
265 175
265 221
266 15
266 42
266 43
266 53
266 66
266 70
266 77
266 84
266 90
266 128
266 134
266 137
266 190
266 221
267 6
267 8
267 32
267 44
267 74
267 77
267 80
267 101
267 112
267 114
267 149
267 158
267 213
268 11
268 33
268 52
268 102
268 109
268 132
268 149
268 167
268 177
268 178
269 10
269 23
269 53
269 81
269 127
269 131
269 138
269 151
269 155
269 162
270 8
270 49
270 88
270 92
270 135
270 150
270 180
270 186
270 199
270 204
271 15
271 30
271 54
271 66
271 101
271 123
271 192
271 202
271 208
271 218
272 38
272 63
272 115
272 127
272 148
272 168
272 197
272 221
273 3
273 13
273 16
273 31
273 35
273 54
273 60
273 94
273 100
273 121
273 187
273 202
273 216
274 3
274 7
274 29
274 37
274 55
274 59
274 61
274 135
274 136
274 139
274 143
274 146
274 150
274 176
274 216
275 25
275 27
275 40
275 50
275 120
275 134
275 136
275 170
275 179
275 199
275 221
276 27
276 31
276 39
276 84
276 89
276 96
276 131
276 146
276 180
276 192
277 3
277 6
277 52
277 70
277 99
277 142
277 190
277 193
277 209
278 27
278 62
278 100
278 103
278 137
278 146
278 157
278 169
278 176
278 178
278 191
278 217
279 27
279 36
279 60
279 63
279 88
279 95
279 101
279 106
279 129
279 173
280 12
280 18
280 31
280 33
280 63
280 109
280 188
280 194
280 202
281 4
281 8
281 48
281 55
281 87
281 96
281 98
281 103
281 130
281 143
281 166
281 174
281 179
281 208
281 210
282 14
282 15
282 17
282 21
282 23
282 60
282 67
282 142
282 160
282 187
282 194
282 195
282 221
283 33
283 46
283 51
283 57
283 64
283 79
283 107
283 129
283 149
283 152
283 173
283 181
283 186
284 9
284 46
284 49
284 78
284 89
284 117
284 120
284 137
284 150
284 188
284 189
284 190
284 212
285 4
285 39
285 73
285 89
285 102
285 103
285 110
285 142
285 172
286 8
286 38
286 54
286 75
286 112
286 116
286 119
286 129
286 147
286 152
286 200
287 2
287 11
287 26
287 53
287 81
287 90
287 94
287 133
287 152
287 176
288 30
288 31
288 36
288 50
288 57
288 70
288 73
288 113
288 205
289 30
289 37
289 40
289 41
289 65
289 78
289 94
289 96
289 136
289 140
289 172
289 205
290 26
290 27
290 49
290 51
290 78
290 88
290 163
290 177
290 180
290 210
290 216
291 9
291 10
291 43
291 72
291 109
291 211
292 6
292 25
292 26
292 29
292 58
292 71
292 76
292 80
292 88
292 109
292 137
292 140
292 192
292 204
293 10
293 12
293 14
293 26
293 106
293 162
293 187
293 190
293 220
294 36
294 45
294 144
294 184
294 208
294 209
295 1
295 9
295 38
295 69
295 124
295 136
295 172
295 196
295 216
296 17
296 26
296 57
296 70
296 90
296 92
296 136
296 140
296 146
297 1
297 34
297 43
297 52
297 125
297 137
297 162
297 169
297 170
297 176
297 178
297 186
297 214
298 45
298 57
298 62
298 83
298 106
298 110
298 127
298 147
298 161
298 195
299 22
299 61
299 81
299 92
299 105
299 166
299 170
299 174
299 194
299 203
299 210
299 217
300 17
300 47
300 63
300 65
300 93
300 127
300 155
301 3
301 102
301 109
301 172
301 200
301 213
302 25
302 37
302 57
302 61
302 72
302 86
302 110
302 111
302 133
302 163
302 172
303 3
303 26
303 60
303 111
303 149
303 198
303 217
304 4
304 16
304 18
304 34
304 86
304 107
304 147
304 180
304 200
304 219
305 11
305 24
305 29
305 31
305 50
305 70
305 73
305 87
305 135
305 140
305 144
305 145
305 177
305 193
305 221
306 22
306 58
306 63
306 113
306 125
306 141
306 159
306 160
306 163
306 208
307 3
307 5
307 10
307 81
307 106
307 111
307 116
307 136
307 141
307 166
307 178
307 187
307 202
307 207
308 11
308 13
308 33
308 35
308 41
308 90
308 122
308 160
308 193
308 198
308 221
309 6
309 26
309 32
309 43
309 124
309 144
309 147
309 173
309 176
309 181
309 192
310 25
310 35
310 47
310 82
310 100
310 115
310 126
310 144
310 151
310 156
310 158
310 160
310 165
310 167
310 185
310 199
310 204
310 220
311 2
311 15
311 30
311 32
311 89
311 130
311 169
311 210
312 8
312 17
312 32
312 44
312 61
312 118
312 126
312 186
312 193
312 205
312 207
312 216
312 217
312 221
313 41
313 82
313 83
313 92
313 118
313 127
313 147
313 173
313 179
313 184
313 190
313 213
314 7
314 14
314 44
314 79
314 82
314 133
314 185
314 191
314 203
314 212
314 217
315 20
315 110
315 156
315 160
315 164
315 189
316 4
316 5
316 13
316 18
316 67
316 72
316 90
316 153
316 169
316 186
316 193
316 198
316 203
316 211
317 5
317 10
317 17
317 22
317 25
317 30
317 50
317 78
317 89
317 122
317 172
317 202
318 5
318 62
318 77
318 83
318 89
318 111
318 116
318 122
318 129
318 131
318 151
318 166
318 203
318 215
318 220
319 16
319 17
319 32
319 40
319 87
319 106
319 116
319 122
319 124
319 140
319 189
319 198
320 53
320 56
320 84
320 89
320 97
320 118
320 129
320 142
320 156
320 170
321 7
321 9
321 19
321 41
321 44
321 58
321 84
321 98
321 171
321 204
322 2
322 23
322 38
322 49
322 63
322 77
322 120
322 142
322 149
322 156
322 167
322 169
322 188
322 198
322 216
323 10
323 24
323 57
323 66
323 69
323 81
323 141
323 163
323 168
323 178
323 205
323 221
324 71
324 73
324 100
324 105
324 154
324 159
324 198
324 206
324 207
324 215
324 216
325 23
325 39
325 47
325 60
325 62
325 68
325 95
325 104
325 169
325 178
325 179
325 186
325 209
326 58
326 66
326 69
326 76
326 84
326 87
326 124
326 144
326 146
326 148
326 168
326 172
326 178
326 210
327 10
327 14
327 46
327 84
327 85
327 106
327 111
327 117
327 126
327 158
327 164
327 172
327 198
327 214
328 9
328 13
328 19
328 55
328 73
328 82
328 104
328 111
328 114
328 116
328 138
328 139
328 142
328 153
328 197
328 204
329 5
329 15
329 27
329 41
329 54
329 60
329 113
329 126
329 181
330 16
330 17
330 33
330 58
330 63
330 67
330 71
330 89
330 114
330 121
330 137
330 143
330 144
330 184
330 187
330 199
330 213
330 214
330 219
331 12
331 25
331 26
331 36
331 40
331 48
331 59
331 65
331 111
331 131
331 134
331 144
331 145
331 147
331 194
331 218
332 2
332 26
332 28
332 40
332 60
332 61
332 73
332 97
332 113
332 125
332 150
332 164
332 190
333 1
333 4
333 12
333 54
333 59
333 94
333 99
333 119
333 135
333 198
333 208
334 22
334 97
334 104
334 112
334 114
334 129
334 141
334 146
334 148
334 157
334 167
334 171
334 177
334 202
334 212
335 24
335 27
335 42
335 74
335 82
335 108
335 152
335 161
335 170
335 180
335 196
335 199
336 5
336 41
336 49
336 70
336 80
336 99
336 108
336 152
336 205
337 29
337 46
337 53
337 64
337 113
337 131
337 176
337 181
337 193
337 203
337 214
337 219
338 19
338 29
338 35
338 39
338 43
338 45
338 94
338 112
338 119
338 149
338 163
338 190
338 194
339 5
339 27
339 32
339 77
339 117
339 124
339 130
339 151
340 1
340 33
340 42
340 81
340 127
340 181
341 42
341 57
341 82
341 88
341 102
341 108
341 148
341 166
342 35
342 64
342 87
342 92
342 94
342 108
342 138
342 142
342 149
342 166
342 186
342 210
343 97
343 102
343 111
343 124
343 154
343 173
343 190
344 40
344 54
344 63
344 66
344 84
344 104
344 138
344 146
344 150
344 202
344 216
345 13
345 16
345 18
345 34
345 55
345 73
345 79
345 83
345 85
345 129
345 130
345 193
345 202
346 35
346 47
346 65
346 91
346 143
346 177
346 198
346 215
347 16
347 34
347 58
347 74
347 86
347 150
347 175
347 207
348 16
348 32
348 38
348 46
348 57
348 60
348 66
348 75
348 76
348 84
348 113
348 120
348 156
348 174
348 192
349 2
349 14
349 31
349 74
349 122
349 125
349 180
350 25
350 67
350 75
350 89
350 133
350 142
350 153
350 163
350 165
350 180
351 5
351 13
351 40
351 62
351 72
351 77
351 116
351 127
351 146
351 156
351 165
351 189
351 211
352 5
352 16
352 32
352 38
352 40
352 60
352 74
352 79
352 119
352 154
352 157
352 193
352 196
352 199
352 201
352 208
352 219
353 21
353 32
353 109
353 124
353 125
353 148
353 156
353 157
353 165
353 176
353 180
353 183
353 193
353 194
353 215
353 221
354 2
354 31
354 39
354 67
354 101
354 103
354 130
354 142
354 194
354 197
354 206
354 215
355 5
355 31
355 33
355 40
355 43
355 46
355 66
355 67
355 77
355 94
355 146
355 192
355 202
356 51
356 124
356 127
356 172
357 21
357 24
357 38
357 60
357 88
357 94
357 97
357 100
357 140
358 6
358 10
358 53
358 56
358 76
358 97
358 112
358 127
358 153
358 171
358 182
358 183
358 185
358 191
358 194
358 204
358 211
359 6
359 17
359 27
359 30
359 33
359 48
359 63
359 76
359 101
359 152
359 157
359 177
359 194
359 210
360 1
360 3
360 18
360 21
360 43
360 45
360 49
360 62
360 92
360 94
360 106
360 128
360 132
360 136
360 147
360 191
361 1
361 98
361 99
361 110
361 165
361 187
361 194
362 32
362 33
362 70
362 98
362 119
362 127
362 133
362 166
362 181
362 197
362 212
363 6
363 9
363 22
363 46
363 53
363 116
363 125
363 155
364 17
364 38
364 59
364 69
364 85
364 108
364 121
364 124
364 130
364 197
364 205
364 212
365 7
365 17
365 42
365 59
365 99
365 105
365 210
366 31
366 116
366 140
367 9
367 51
367 66
367 68
367 76
367 121
367 123
367 129
367 133
367 142
367 152
367 165
367 191
368 23
368 25
368 32
368 36
368 70
368 81
368 103
368 110
368 119
368 142
368 155
368 157
368 174
368 187
368 195
369 8
369 34
369 85
369 115
369 153
369 154
369 165
369 201
369 207
370 21
370 32
370 44
370 59
370 85
370 90
370 109
370 124
370 162
371 33
371 45
371 54
371 89
371 103
371 113
371 116
371 153
371 171
371 186
372 6
372 17
372 19
372 20
372 23
372 45
372 98
372 162
372 181
372 188
372 204
373 37
373 56
373 62
373 68
373 87
373 90
373 118
373 127
373 130
373 140
373 206
374 13
374 14
374 31
374 45
374 80
374 114
374 167
374 220
375 2
375 11
375 25
375 37
375 51
375 62
375 82
375 105
375 140
375 163
375 187
375 209
375 213
376 10
376 19
376 54
376 66
376 71
376 97
376 113
376 132
376 150
376 188
376 201
377 12
377 18
377 27
377 48
377 72
377 87
377 95
377 113
377 158
377 166
378 9
378 19
378 33
378 112
378 194
379 63
379 86
379 131
379 141
379 150
379 152
379 168
379 184
379 207
380 25
380 80
380 90
380 92
380 98
380 116
380 139
380 177
380 198
380 200
381 29
381 48
381 57
381 73
381 77
381 85
381 86
381 102
381 129
381 198
382 1
382 12
382 64
382 70
382 71
382 72
382 92
382 101
382 136
382 155
382 164
382 167
382 175
382 189
382 207
382 211
382 221
383 5
383 47
383 60
383 78
383 102
383 111
383 112
383 133
383 207
384 5
384 15
384 54
384 59
384 107
384 136
384 157
384 179
384 205
385 13
385 27
385 40
385 48
385 80
385 89
385 95
385 126
385 191
385 211
385 215
385 217

