6495 6073 1260
1 1
6 2312
6 4800
7 1041
7 4512
8 186
21 632
27 5819
30 1841
32 5788
40 1047
42 3076
56 4910
68 5710
71 3832
74 976
84 1959
94 3684
95 4572
96 1878
97 2474
100 453
107 5490
114 3206
119 1555
120 3388
121 4321
130 3345
130 3721
142 5596
144 755
157 2857
162 2428
169 93
169 947
169 1085
176 1691
177 1608
190 3472
193 5635
195 642
208 4960
209 1513
216 468
218 3407
222 1625
228 3030
236 5492
248 3989
254 1438
256 5729
260 360
262 602
262 3196
266 5063
268 39
269 2593
270 4415
271 3954
285 6004
286 3392
288 3300
297 199
299 5809
303 4199
304 3313
318 1316
321 5646
322 888
336 747
336 3700
336 5058
343 5774
345 4456
346 5962
353 5299
356 2692
359 201
360 3248
364 402
367 4532
381 2270
395 788
395 2750
397 743
403 743
407 196
415 1292
419 5409
423 812
423 2335
429 4005
430 478
432 2344
433 5706
443 5962
446 544
447 3301
458 445
475 2857
484 5419
493 1791
501 2299
502 2639
505 2655
519 5920
520 2514
534 6022
552 2777
555 4223
576 3370
580 4149
581 3186
600 4489
607 3176
610 3192
615 1637
618 4818
621 5830
634 411
635 4952
635 5142
640 5914
643 2910
650 2163
656 945
662 890
663 5296
671 5490
672 3549
675 5552
680 1078
681 1438
682 1268
683 2069
685 5838
691 5031
696 4814
713 2967
736 1178
739 448
747 1340
750 2825
751 642
751 1818
756 4642
762 558
767 4701
774 5445
775 1565
775 4369
776 4800
777 1831
777 2081
779 1117
779 5845
780 1765
781 1052
784 5418
788 2177
800 3010
801 5715
812 3595
820 5409
822 5756
835 3516
841 1075
848 3422
850 639
856 3091
856 5130
869 1536
882 3271
884 2276
886 266
891 5276
898 2902
906 560
906 1242
907 3248
924 2047
928 3851
931 574
934 1640
941 5600
947 448
948 2084
953 1655
954 4774
974 5673
982 1295
983 553
985 4382
987 3942
994 2763
996 4278
999 828
1003 3956
1016 2456
1018 3874
1028 2185
1038 839
1039 4430
1042 954
1042 1968
1044 222
1048 3631
1050 3021
1050 4156
1054 632
1055 1212
1062 4516
1063 4207
1064 1451
1066 3201
1071 2369
1073 258
1090 2141
1092 1490
1098 1108
1099 4524
1108 990
1114 1602
1117 4189
1118 4912
1126 2049
1132 1690
1138 4217
1140 3374
1151 269
1161 4545
1165 2679
1165 4451
1178 1493
1186 5146
1187 2929
1188 359
1193 4689
1196 4168
1218 1549
1225 5733
1231 2542
1238 1310
1241 5891
1246 1492
1249 2606
1258 3017
1260 4457
1262 2390
1266 3028
1267 1426
1267 2783
1271 3682
1278 4503
1282 4472
1287 2979
1288 4673
1289 625
1292 1724
1319 5290
1320 1107
1333 3723
1334 2042
1346 4712
1349 6011
1353 1637
1361 1133
1365 5672
1379 1020
1384 602
1384 3557
1390 3330
1394 4216
1394 5952
1402 1806
1402 1877
1402 3097
1406 3564
1408 5669
1428 3029
1429 726
1430 4043
1431 1777
1437 4959
1455 5549
1460 3864
1461 757
1466 4488
1469 2482
1471 4633
1473 3570
1474 1687
1474 3022
1477 4100
1480 2098
1485 3016
1489 855
1492 4352
1501 4766
1508 2180
1516 3716
1527 613
1531 2090
1532 2693
1537 1286
1544 4230
1550 441
1558 3848
1574 158
1580 3638
1585 3328
1610 3260
1622 1058
1627 3740
1644 216
1645 1898
1645 4401
1647 1274
1648 1856
1649 5619
1651 92
1660 291
1664 3290
1666 4317
1666 4488
1668 5685
1682 2605
1682 4613
1688 1482
1698 1841
1703 5009
1711 1102
1728 5771
1741 1147
1747 1719
1748 4324
1753 37
1753 5482
1761 1423
1765 3869
1775 2856
1777 5547
1783 3488
1785 2013
1788 5162
1791 1873
1793 3122
1794 3865
1794 5141
1805 2635
1817 4014
1820 5169
1825 3784
1829 4381
1832 5032
1841 665
1844 223
1845 254
1847 1513
1856 1833
1856 4411
1864 1965
1865 5281
1873 4474
1878 1646
1884 2611
1884 5830
1888 321
1893 5290
1894 5328
1903 1495
1917 4213
1917 5701
1919 3541
1920 2138
1927 1057
1932 3402
1938 733
1943 4335
1954 3229
1975 1740
1978 1372
1984 742
1987 3560
1995 3722
1997 653
1997 4143
2001 3355
2009 360
2023 176
2026 702
2027 2678
2032 5728
2039 2705
2042 3976
2058 5131
2069 253
2089 1949
2099 3047
2101 2682
2107 3409
2110 1590
2110 2348
2112 103
2114 66
2114 957
2122 2193
2125 850
2137 364
2139 3473
2145 3732
2146 2450
2147 4904
2151 771
2152 5496
2153 1874
2159 3258
2181 1415
2181 3357
2182 1519
2183 938
2196 5859
2202 3223
2210 2809
2212 5874
2215 1246
2218 3174
2224 3968
2227 2334
2227 5945
2247 4579
2249 5939
2251 3638
2251 5278
2255 3280
2256 1108
2259 4902
2272 176
2272 1907
2306 3086
2311 2272
2315 4360
2318 4047
2320 5148
2343 4560
2347 2924
2348 3121
2349 5735
2357 2547
2367 4557
2367 4864
2375 4030
2378 353
2380 180
2386 5380
2393 2062
2395 85
2403 429
2404 2431
2405 4813
2409 5398
2425 1549
2427 2303
2430 3289
2434 161
2434 1604
2439 3195
2446 3827
2466 5602
2474 4369
2476 1611
2480 4691
2482 726
2490 2314
2497 5725
2503 885
2518 4121
2518 4926
2519 2896
2535 1529
2550 5896
2566 3382
2567 5702
2571 618
2574 5652
2581 3189
2593 1571
2593 4375
2611 4636
2614 3242
2620 3983
2623 1933
2625 3394
2627 185
2629 5044
2641 4023
2646 4366
2648 3575
2649 2219
2653 95
2656 968
2657 2890
2658 3866
2661 3534
2662 2066
2666 1480
2669 5578
2671 2267
2674 5458
2677 4485
2679 5870
2684 2790
2688 3961
2689 4525
2692 2038
2693 2221
2693 2664
2710 1786
2715 3840
2722 1042
2724 2675
2728 2386
2733 3481
2734 4572
2743 86
2752 717
2752 4702
2756 47
2756 2588
2770 1135
2771 1376
2778 385
2778 3418
2779 3177
2796 5883
2797 157
2804 2945
2807 5433
2814 5803
2826 4641
2826 5131
2835 2456
2837 2447
2850 3839
2851 5922
2853 408
2854 3087
2858 1102
2863 3621
2864 1304
2866 5219
2875 545
2882 2489
2883 5101
2886 3666
2888 2830
2889 5243
2898 4036
2909 610
2932 322
2932 3033
2932 3242
2932 4904
2944 5805
2954 5527
2969 5236
2970 718
2970 2410
2978 660
2979 543
2982 3766
2986 5288
2996 2564
2997 5569
2998 334
2999 3800
3000 2576
3025 5451
3026 2893
3028 103
3030 5404
3037 3582
3041 3558
3042 1592
3044 4185
3050 3637
3062 3089
3065 4331
3067 1332
3067 2980
3072 3137
3082 72
3082 3792
3085 391
3085 5417
3087 387
3095 2140
3099 2321
3106 905
3117 3813
3119 2046
3120 779
3130 3456
3134 3513
3139 2503
3141 1207
3142 4889
3143 2862
3145 5360
3155 4949
3156 1717
3165 1012
3168 5091
3169 3248
3173 783
3179 4457
3180 4316
3183 4660
3184 158
3188 3545
3189 4091
3190 2702
3195 2196
3198 4959
3201 1510
3212 3817
3213 5358
3215 2341
3228 2206
3237 4462
3238 1933
3248 2414
3250 1081
3252 3675
3260 146
3261 2552
3266 4775
3269 4843
3273 3659
3275 3781
3276 3387
3276 4456
3284 3821
3291 810
3293 178
3294 939
3309 3956
3314 1237
3315 5319
3327 5577
3329 3356
3342 1650
3367 2274
3369 4609
3371 1606
3373 4485
3373 5782
3381 965
3385 3818
3388 5444
3396 2993
3397 4152
3402 567
3408 731
3408 5475
3413 333
3420 3519
3431 1218
3432 17
3440 1080
3445 5340
3448 250
3463 5161
3468 1477
3473 2505
3481 4336
3489 322
3496 5798
3497 4201
3500 1326
3505 5737
3508 194
3511 1845
3524 5326
3525 6025
3526 2805
3526 4790
3528 1913
3529 1178
3529 2162
3530 794
3534 1824
3534 5801
3570 2628
3574 5260
3579 675
3579 3713
3584 1587
3590 5488
3593 4664
3609 4271
3612 3792
3613 3052
3616 894
3618 5943
3627 1997
3635 5638
3649 1010
3652 1889
3655 5396
3662 5950
3668 3870
3670 294
3680 942
3690 5159
3692 4094
3695 4924
3700 4239
3701 3739
3702 3298
3706 5896
3707 3923
3714 3878
3731 1663
3734 3626
3735 3430
3741 4102
3742 1573
3744 1646
3746 4408
3750 5369
3753 5827
3760 5076
3763 4645
3777 1441
3778 45
3782 1862
3791 15
3800 1802
3808 1275
3818 3939
3823 492
3834 1348
3836 2785
3842 5673
3845 3811
3848 677
3848 2243
3850 2902
3853 1882
3855 5717
3862 491
3865 5995
3866 890
3867 1690
3867 3255
3871 4859
3872 5625
3876 5322
3887 564
3888 78
3892 1234
3893 2168
3900 5597
3902 4548
3906 2197
3907 4954
3915 5877
3920 3528
3921 4538
3925 2168
3931 707
3934 4499
3936 2421
3942 3417
3944 3998
3945 1570
3945 4454
3947 5470
3951 5081
3957 4997
3963 5115
3977 1153
3977 2406
3981 783
3983 103
3986 4759
3993 2994
3996 2980
3999 1761
4000 5622
4005 1322
4006 2991
4007 2349
4012 2558
4018 4722
4021 1443
4023 1895
4029 1436
4030 1884
4040 1105
4042 2034
4047 4171
4057 5113
4061 5359
4068 5529
4071 4552
4098 1315
4100 1817
4103 3470
4103 5905
4106 4560
4113 4533
4121 3378
4122 1300
4125 1589
4128 4511
4132 2692
4133 59
4137 1927
4137 5782
4138 2488
4152 2118
4156 4824
4173 4175
4180 50
4181 118
4182 3505
4188 2139
4194 1135
4195 4894
4195 5077
4200 2269
4201 2718
4206 5725
4209 2104
4218 2751
4221 4655
4224 5390
4225 2885
4228 5799
4243 1978
4248 2826
4253 78
4256 5557
4259 3321
4262 937
4268 4654
4283 3183
4285 1309
4288 6035
4303 956
4303 5792
4311 3415
4316 1898
4330 3265
4336 4112
4348 26
4348 479
4353 5092
4359 1956
4361 5097
4373 1723
4377 1571
4398 2205
4399 5282
4431 11
4443 1356
4444 363
4447 1156
4452 2073
4452 3974
4458 4697
4459 984
4459 3693
4463 2127
4466 3005
4467 1303
4467 4610
4467 5959
4477 1603
4479 5089
4497 4276
4499 4173
4522 5312
4529 945
4535 1326
4537 4331
4544 1627
4548 5085
4549 5564
4550 830
4551 1797
4553 1724
4553 2698
4563 3064
4563 3267
4565 1350
4571 2284
4573 137
4579 1832
4589 208
4591 84
4598 4407
4604 1663
4604 2586
4605 5303
4607 4800
4616 4363
4618 5036
4627 1173
4632 2762
4637 4217
4640 5175
4659 3406
4674 337
4681 607
4683 4156
4686 748
4696 2778
4698 5301
4700 2777
4704 4086
4715 1684
4722 1024
4727 1681
4731 4636
4740 3500
4742 3039
4742 4146
4744 2521
4746 4736
4747 5723
4752 4803
4753 1047
4753 2830
4755 2953
4761 5702
4771 3117
4776 304
4779 3094
4779 4480
4797 5948
4801 4155
4814 3012
4815 1504
4819 1667
4822 5374
4824 569
4824 2242
4824 2478
4828 2792
4829 1851
4832 4507
4843 5587
4852 1311
4857 4804
4862 236
4869 5060
4870 3930
4872 2524
4876 2369
4877 5954
4887 995
4889 406
4896 6015
4922 3653
4922 5324
4933 1197
4940 163
4941 4293
4948 5974
4950 4422
4959 1780
4960 487
4967 5713
4979 1472
4983 5803
4984 4752
4987 4252
4991 121
4993 2595
4995 281
5001 1227
5002 3280
5003 37
5003 1465
5015 4811
5022 5830
5040 4688
5059 3779
5060 1323
5064 4334
5067 1544
5075 3309
5076 2024
5081 2135
5081 5641
5094 114
5098 380
5099 2180
5106 3462
5110 3641
5110 5643
5113 497
5117 437
5126 3798
5126 3875
5135 1700
5147 1171
5155 3026
5155 3752
5156 1169
5163 2343
5170 2567
5177 3869
5182 5718
5186 957
5189 1645
5190 5076
5190 5209
5190 5959
5198 4342
5221 2500
5236 4486
5238 5136
5252 4988
5254 467
5265 540
5267 1490
5268 1294
5292 2365
5293 1984
5297 272
5302 354
5303 3448
5308 1150
5310 1448
5312 300
5319 1718
5320 2786
5324 3350
5335 5285
5337 699
5340 2808
5350 5060
5372 5583
5375 5254
5376 1993
5377 4279
5378 3989
5400 638
5404 5043
5409 3273
5410 5925
5411 4275
5419 2252
5423 3931
5426 420
5426 601
5439 476
5448 5548
5449 5674
5468 1276
5472 3254
5473 5645
5477 1135
5488 4101
5506 3747
5508 5112
5512 243
5512 2945
5518 2935
5534 3205
5544 5889
5545 3948
5554 3317
5565 2223
5566 3412
5580 2622
5580 5989
5582 5937
5594 5843
5597 416
5597 5595
5600 1072
5601 400
5601 5445
5602 753
5604 670
5606 2143
5612 98
5619 1703
5624 5104
5626 2776
5642 930
5647 2904
5671 1271
5676 3291
5684 1257
5685 1184
5691 1083
5709 5904
5719 3344
5724 2454
5725 462
5725 1167
5725 5075
5735 1538
5736 956
5736 2005
5738 3727
5752 1084
5760 165
5761 5353
5764 1097
5770 37
5773 3241
5780 2211
5804 5711
5811 430
5818 3462
5827 3243
5827 5010
5840 901
5843 5572
5844 2807
5845 4758
5849 2034
5873 775
5875 4405
5880 4342
5886 1318
5888 1272
5898 536
5900 3205
5903 1108
5905 516
5910 3968
5920 756
5930 433
5932 5178
5934 1049
5935 2517
5949 2317
5952 2874
5953 4554
5960 4649
5965 3464
5968 4756
5972 5645
5976 3270
5978 2071
5981 3135
5982 557
5984 1020
5988 2284
5990 3163
5990 4773
5992 3905
5995 5454
5998 4697
6005 2769
6009 5035
6024 5238
6025 4905
6031 3188
6035 5485
6042 279
6042 5409
6050 4880
6055 3979
6062 2525
6069 404
6071 4925
6077 3801
6081 1043
6085 5197
6091 3262
6094 4565
6098 5593
6101 3627
6111 4135
6112 4515
6114 4142
6120 4967
6121 3521
6123 235
6126 5789
6132 3660
6145 2626
6160 3864
6162 5117
6165 1345
6172 4590
6175 5962
6185 3384
6186 1594
6193 1765
6201 5818
6204 3712
6211 3061
6223 5562
6235 2550
6239 2009
6239 5545
6241 4076
6243 1428
6249 5477
6250 1667
6257 2237
6262 4883
6268 268
6276 4132
6280 4864
6281 5608
6282 4780
6286 832
6288 5932
6294 1725
6296 3450
6299 5195
6307 4698
6311 1637
6311 2770
6314 5971
6324 1615
6331 2696
6336 3736
6344 1914
6344 2672
6352 1361
6357 53
6370 1537
6374 1556
6374 4523
6385 463
6398 3528
6402 3025
6415 2048
6426 5507
6435 3241
6435 4244
6442 4720
6444 3150
6445 616
6451 3772
6462 258
6464 2965
6465 4389
6468 2956
6472 2807
6476 1559
6478 403
6478 4528
6482 3402
6483 4946
6485 4182
6490 5748
6491 2018

