8256 5557 624
1 1
7 1603
8 2075
61 5214
86 3236
137 2670
180 2775
184 1911
187 3198
187 4538
191 63
192 2984
196 3313
206 3910
212 165
214 2079
217 1673
217 4043
233 1522
241 3980
252 4688
257 3119
259 1093
262 720
294 3378
300 5313
312 2358
336 5480
391 2926
408 377
448 4554
478 860
500 1490
512 797
526 2078
537 2179
547 3188
555 4309
567 4997
584 1130
597 3146
603 1189
619 2693
620 4678
632 4853
649 501
653 1209
661 4666
681 1031
688 3456
690 4135
713 3338
717 3923
725 5338
742 2481
745 1487
759 4086
794 4999
808 2863
822 800
830 1233
833 987
838 342
876 2720
892 2510
894 1617
932 522
968 1243
996 134
1011 1233
1024 4039
1028 3092
1030 1042
1045 4077
1054 2913
1082 2157
1091 215
1095 435
1095 4654
1131 2070
1134 4097
1160 3658
1162 4420
1179 332
1205 378
1208 1496
1210 5081
1217 5555
1222 4942
1269 2526
1303 3144
1304 4897
1308 3213
1311 4332
1316 3800
1323 4883
1350 4002
1354 295
1384 3440
1394 3305
1409 4264
1412 4905
1443 2902
1464 160
1477 623
1487 3887
1507 1974
1508 3992
1513 4021
1520 4256
1527 4192
1528 2682
1571 4974
1578 2950
1615 2713
1621 1539
1633 256
1642 3663
1651 1340
1671 3321
1704 1963
1722 5036
1730 2250
1736 1585
1749 320
1753 417
1770 1074
1773 3292
1803 286
1806 2433
1861 123
1877 5059
1923 1390
1951 3147
1980 3456
1998 181
2001 2912
2015 990
2046 1009
2049 413
2067 2187
2113 3275
2126 3378
2133 1017
2144 1215
2145 1009
2160 3763
2161 3220
2170 709
2170 4787
2183 2146
2193 3488
2196 2769
2205 5400
2207 3938
2211 1014
2216 641
2227 5314
2239 2042
2242 5041
2247 1614
2251 4187
2259 4305
2277 2794
2299 4709
2304 1658
2305 1930
2313 655
2315 4777
2330 4315
2342 3640
2356 2495
2364 2959
2391 1263
2434 4165
2445 1009
2447 4194
2449 3098
2456 5021
2458 2082
2459 1352
2463 1219
2465 418
2475 2860
2479 3772
2499 3141
2518 1100
2538 2936
2561 2921
2563 4778
2567 2734
2577 396
2615 2333
2619 226
2629 2979
2647 868
2657 4841
2667 1441
2678 767
2688 3900
2695 1624
2699 4611
2722 2864
2732 3535
2744 756
2750 5322
2763 962
2765 4191
2779 2064
2808 4124
2808 4235
2842 3506
2848 3904
2859 4869
2867 3300
2870 4935
2881 4249
2893 4584
2901 5444
2905 2997
2944 3030
2953 954
2957 3634
2963 4159
2971 4136
2973 224
2993 5299
3001 1664
3015 4302
3050 659
3051 3819
3055 1999
3072 4396
3085 1453
3095 2371
3122 3599
3130 1852
3131 3637
3142 3898
3157 3810
3157 5330
3207 5214
3238 217
3249 3617
3265 1984
3265 3640
3269 358
3269 1855
3282 5008
3289 1643
3319 364
3359 4031
3360 686
3364 3970
3376 4092
3405 2799
3432 2851
3432 5498
3433 5254
3441 3861
3447 547
3459 4280
3486 1233
3488 4853
3541 5310
3546 637
3558 4374
3565 5236
3586 5017
3599 114
3602 4989
3629 690
3652 2226
3656 1442
3674 575
3684 2325
3685 4545
3687 5474
3691 3637
3696 4246
3710 3162
3740 4375
3746 4976
3747 707
3751 1507
3751 4659
3791 4939
3804 1383
3821 1351
3842 3752
3849 4153
3857 2496
3886 3646
3901 859
3930 1557
3938 3730
4034 1447
4037 2811
4042 1069
4047 763
4087 330
4111 2383
4121 188
4153 1135
4153 1835
4158 4148
4173 5168
4187 3842
4227 1670
4235 2724
4236 469
4237 2080
4257 588
4267 684
4286 1480
4286 5361
4299 2953
4307 4701
4312 2653
4314 2057
4330 3138
4331 3611
4333 1514
4351 3304
4355 3686
4358 2293
4360 5279
4385 4930
4396 4153
4398 1873
4432 1472
4449 1231
4452 575
4453 1498
4463 4226
4477 3950
4479 4752
4489 1024
4491 2355
4510 1798
4520 5223
4547 4499
4551 1060
4553 375
4558 5292
4565 3438
4591 4224
4602 2698
4620 2301
4629 3437
4674 5434
4682 4466
4699 2050
4701 486
4709 1982
4741 3654
4744 404
4759 5187
4761 4422
4773 4590
4784 3593
4808 1540
4827 5321
4863 5550
4920 1109
4933 115
4938 1896
4963 3883
5012 3829
5044 3654
5054 1150
5059 5441
5083 4109
5098 164
5132 4467
5144 1355
5149 111
5150 2714
5170 3311
5188 3452
5195 2750
5214 1867
5220 5379
5222 317
5222 934
5222 3478
5232 689
5249 5436
5274 127
5282 4922
5316 4466
5322 2676
5341 3042
5345 2907
5347 4483
5368 2666
5376 1192
5389 1072
5419 4060
5447 1149
5451 2227
5468 1652
5495 1492
5516 1826
5535 2189
5543 4196
5551 550
5557 1613
5570 4721
5571 1473
5592 2719
5611 4128
5616 4683
5619 3444
5629 413
5646 4630
5647 2587
5647 3702
5652 4857
5656 972
5691 3606
5692 51
5700 1916
5734 334
5753 2858
5769 17
5773 4612
5798 256
5818 5057
5822 4250
5837 3493
5842 5069
5848 1041
5855 1671
5856 146
5874 3389
5875 2701
5876 2269
5887 3076
5905 2720
5906 5515
5907 3642
5921 5180
5938 875
5938 4241
5955 3470
5960 1430
5967 1897
5977 1407
6009 1032
6011 782
6015 3245
6030 3829
6032 2686
6045 2969
6075 1164
6091 1212
6093 1672
6118 2711
6145 2798
6148 4713
6192 4942
6199 808
6228 981
6235 138
6237 2615
6237 5462
6250 3752
6268 2908
6281 5172
6284 1254
6319 1026
6322 1380
6337 1680
6362 3365
6367 2921
6377 3700
6385 710
6387 2256
6462 187
6464 4685
6467 5285
6474 1392
6484 5505
6512 4449
6529 3286
6531 3695
6571 2380
6580 2914
6590 2205
6598 5211
6599 174
6599 1247
6614 2668
6615 5048
6617 4223
6623 1269
6627 1161
6637 4404
6657 1303
6659 3428
6677 3359
6722 3915
6726 1961
6729 2449
6743 2763
6772 845
6789 2457
6797 5429
6800 927
6820 2557
6848 5144
6851 4340
6852 4361
6858 1259
6888 644
6911 2077
6948 4532
6965 3629
6976 2760
6990 3552
7009 5110
7013 2362
7037 3799
7042 3573
7044 1964
7048 3187
7051 3778
7054 4122
7064 332
7080 765
7086 5451
7087 1157
7106 4049
7113 1103
7132 2532
7143 4004
7144 3523
7146 1392
7177 2026
7200 4515
7201 1763
7206 1130
7212 3738
7219 2002
7221 2582
7228 3405
7230 5079
7255 924
7272 495
7387 4327
7393 887
7394 1638
7397 3929
7399 3989
7415 5260
7435 422
7451 1996
7468 1332
7470 1413
7473 118
7484 5180
7491 2078
7501 2193
7533 1640
7544 4070
7546 1172
7570 2057
7590 563
7596 1756
7623 4517
7633 695
7633 4200
7657 1021
7660 5446
7668 676
7671 1208
7683 4561
7688 2408
7705 2265
7709 821
7723 2595
7754 4650
7757 1231
7759 1801
7759 2988
7777 1419
7779 2431
7787 4419
7796 1765
7811 4672
7814 3194
7832 1796
7836 5521
7844 5255
7845 3931
7856 4889
7865 2739
7867 2888
7868 2471
7875 5205
7892 922
7925 5127
7940 4315
7944 703
7948 688
7952 1591
7976 2111
7997 2663
8023 1062
8033 3986
8035 720
8048 1680
8053 1684
8061 3553
8071 2893
8080 3624
8097 5074
8104 2975
8150 886
8163 1153
8165 1318
8203 2875
8208 4747

