2170 21 758
1 1
5 12
14 7
14 21
17 21
19 18
21 5
23 2
28 15
30 10
31 5
34 12
36 21
42 19
44 19
50 8
52 12
55 21
60 13
65 5
68 17
69 9
71 1
71 11
71 16
72 11
74 8
78 8
80 13
83 8
85 1
86 12
93 5
94 11
95 18
100 8
104 8
107 7
108 18
111 5
112 13
114 2
120 5
122 9
128 4
133 19
140 14
146 21
147 3
147 8
148 8
153 13
154 17
155 5
164 8
165 12
168 15
172 18
174 8
176 17
181 6
184 2
186 5
186 10
189 8
194 3
194 15
196 9
200 14
203 12
208 20
210 11
217 19
221 11
221 18
222 8
225 11
225 19
232 12
233 17
235 7
236 14
237 19
238 1
238 20
243 8
247 21
248 1
258 12
259 16
264 16
265 14
271 16
278 12
280 2
281 21
283 2
285 5
286 12
287 15
293 5
293 11
293 12
293 19
294 15
297 11
302 18
316 21
317 10
320 6
324 7
324 21
327 8
328 1
333 9
334 4
335 11
337 10
339 1
339 7
342 14
343 17
344 1
344 11
344 14
346 13
354 2
354 13
357 4
359 11
360 2
377 21
385 21
393 11
394 15
395 9
403 6
407 6
411 2
412 6
414 19
418 8
418 21
425 11
425 21
432 20
434 19
437 13
449 14
453 4
454 15
455 16
462 1
462 20
463 21
465 18
467 19
470 11
471 6
473 2
474 21
476 1
478 5
480 14
490 8
495 20
498 13
501 20
506 18
508 11
509 3
512 18
513 14
513 17
514 2
518 6
519 12
525 5
526 4
532 20
533 21
534 4
535 17
538 7
538 16
540 12
542 12
550 7
552 4
564 4
566 4
566 11
567 6
567 8
572 3
574 8
581 16
581 17
585 12
586 2
587 17
596 10
599 12
600 16
602 4
602 19
604 4
607 12
608 1
609 2
612 15
615 4
616 5
616 20
619 19
620 16
621 7
629 6
630 1
631 6
635 6
637 5
638 17
643 5
645 9
648 1
658 12
666 4
667 17
673 11
673 14
683 2
695 20
697 10
701 5
708 1
712 19
715 12
716 16
719 10
723 6
725 17
727 21
728 14
730 10
731 16
734 20
735 21
738 9
739 9
741 21
743 14
750 9
751 14
753 9
756 15
758 3
758 8
758 17
759 3
760 3
763 9
763 17
769 17
771 15
775 21
777 19
782 8
793 11
800 16
803 6
803 18
811 3
814 12
815 4
827 6
827 12
827 15
828 15
829 5
830 9
832 19
835 5
836 7
840 18
841 16
845 2
846 6
846 18
848 13
850 1
851 19
857 17
860 15
861 4
866 2
866 18
869 6
871 5
872 8
872 18
878 5
880 7
880 8
884 13
889 2
891 8
892 16
894 12
898 8
900 21
901 14
904 3
908 17
909 14
918 12
919 11
920 4
925 2
925 8
926 18
929 7
929 20
930 14
933 9
933 15
947 8
948 20
948 21
952 14
962 2
962 9
963 9
969 4
969 8
969 13
974 9
978 9
986 15
988 14
990 14
993 15
994 4
996 18
999 18
1003 12
1004 18
1005 8
1010 17
1012 6
1012 9
1020 17
1021 8
1024 2
1025 2
1036 8
1037 5
1037 9
1040 12
1043 2
1043 8
1047 2
1060 6
1062 9
1076 2
1077 2
1082 14
1083 2
1086 6
1086 12
1088 21
1091 3
1104 6
1106 3
1109 9
1112 5
1112 11
1117 19
1121 11
1122 12
1122 15
1123 2
1126 1
1127 5
1129 10
1129 20
1130 11
1132 14
1136 14
1136 20
1139 14
1145 16
1146 19
1148 6
1152 19
1157 6
1160 5
1161 6
1161 20
1168 20
1169 7
1172 1
1172 17
1173 18
1176 3
1183 21
1193 20
1195 19
1196 13
1198 8
1199 8
1200 3
1203 15
1211 15
1214 7
1214 14
1215 16
1216 8
1216 10
1218 5
1220 3
1220 16
1226 19
1228 1
1232 1
1232 5
1238 12
1244 5
1246 21
1247 11
1250 15
1254 21
1258 11
1259 16
1260 12
1261 16
1263 14
1269 15
1270 1
1272 7
1275 2
1278 8
1282 13
1283 11
1285 4
1285 20
1286 1
1288 9
1289 17
1293 15
1298 12
1299 5
1299 9
1301 8
1304 13
1306 4
1306 11
1312 15
1314 14
1319 16
1323 3
1323 4
1324 17
1328 21
1330 17
1331 2
1332 6
1333 1
1339 9
1339 20
1340 13
1347 20
1352 18
1353 5
1353 10
1355 19
1356 3
1360 10
1361 6
1364 21
1368 21
1371 5
1373 7
1379 14
1385 1
1388 16
1392 19
1393 19
1396 7
1399 19
1402 21
1408 6
1411 9
1412 9
1413 11
1416 1
1420 16
1425 21
1431 10
1433 1
1434 7
1437 20
1441 13
1441 20
1442 8
1447 4
1448 12
1451 13
1453 15
1458 6
1459 15
1463 8
1466 8
1466 20
1467 4
1472 15
1477 18
1479 17
1481 2
1481 12
1495 15
1496 4
1496 17
1501 13
1502 12
1506 11
1507 15
1509 16
1512 12
1519 17
1524 20
1528 13
1529 3
1530 13
1531 7
1534 5
1540 3
1541 2
1543 4
1545 21
1558 7
1561 12
1562 4
1564 1
1564 15
1568 18
1569 17
1571 19
1574 14
1577 20
1579 12
1586 8
1595 21
1603 12
1613 1
1614 19
1616 19
1617 12
1618 12
1620 16
1622 7
1623 19
1625 6
1625 10
1627 17
1629 2
1631 7
1631 11
1636 6
1636 14
1638 10
1641 5
1645 16
1646 1
1646 11
1650 8
1650 19
1651 20
1652 13
1660 6
1662 20
1665 2
1668 13
1669 6
1671 7
1671 9
1673 3
1674 11
1674 15
1675 16
1675 19
1683 8
1683 16
1683 21
1692 11
1694 14
1698 20
1701 15
1703 7
1704 4
1716 16
1718 5
1733 17
1734 16
1740 11
1743 6
1756 3
1762 20
1766 16
1767 5
1768 3
1770 4
1770 6
1771 16
1776 5
1779 17
1788 6
1788 8
1799 17
1802 1
1802 7
1803 17
1808 20
1809 9
1814 18
1815 3
1815 6
1819 7
1824 1
1827 20
1831 20
1832 16
1838 5
1848 8
1849 1
1849 10
1852 21
1855 7
1865 4
1870 17
1870 21
1873 8
1874 7
1876 21
1879 16
1880 5
1880 17
1883 13
1884 6
1886 7
1886 10
1886 17
1887 1
1887 2
1892 6
1892 14
1893 3
1897 12
1898 20
1905 3
1905 4
1906 15
1908 8
1908 15
1920 7
1923 8
1924 12
1924 18
1928 11
1929 20
1932 18
1933 9
1942 8
1944 5
1945 3
1949 20
1950 9
1951 5
1953 11
1958 13
1960 13
1964 9
1966 5
1966 15
1967 2
1971 14
1974 18
1976 1
1977 13
1977 14
1978 4
1980 6
1987 16
1992 6
1995 18
1996 14
1997 20
2000 9
2005 9
2007 10
2011 16
2012 11
2012 13
2014 20
2021 14
2023 10
2023 21
2024 21
2026 18
2027 8
2028 10
2029 14
2029 20
2030 16
2035 9
2038 2
2039 13
2041 14
2043 10
2046 17
2049 4
2050 3
2054 8
2056 13
2059 6
2062 3
2065 12
2069 2
2074 1
2074 20
2079 1
2080 21
2082 15
2084 16
2100 14
2103 20
2107 3
2110 12
2114 20
2115 9
2119 18
2121 5
2123 5
2125 17
2132 7
2135 1
2135 17
2139 3
2139 5
2139 12
2141 14
2146 7
2148 12
2153 16
2157 18
2161 13
2163 14
2167 10

