531 8448 567
1 1
2 4396
3 450
4 7799
5 6514
6 1514
6 5874
7 436
7 1582
8 7397
9 6543
11 7074
12 498
12 5404
12 7494
13 1414
16 3938
16 8136
17 2333
18 509
18 3207
19 6626
20 3633
22 1174
22 7065
23 2223
23 4471
24 5315
25 7863
27 5445
27 7436
28 1347
29 5754
31 4213
32 6491
33 5326
34 1015
34 3379
34 4644
35 1272
35 8326
35 8338
36 4129
36 5102
37 2057
37 3093
38 2055
38 3112
41 509
41 1972
41 2963
41 8262
42 861
42 1667
42 1692
42 2787
42 5760
43 4131
43 4866
43 5166
44 1208
45 1955
46 670
46 5622
47 6100
49 1723
50 1542
50 8146
51 5387
53 7608
54 4899
56 8366
59 5529
62 6722
63 2160
63 3210
65 3638
69 4938
70 3953
72 1289
72 6399
73 3287
74 2772
75 4453
76 6730
77 2837
77 2912
77 4069
78 6146
84 1070
85 1496
85 3106
86 4365
86 5109
87 2741
87 4646
87 5616
91 713
91 4970
92 4751
93 5761
93 6176
94 4001
94 6536
94 8271
97 2338
97 2538
99 6434
100 5606
102 7578
102 8284
106 4726
106 5271
106 5569
106 5674
106 6259
111 1526
111 4837
112 4829
115 736
115 7693
117 4047
117 4576
117 5395
119 3352
119 5886
120 3129
124 442
124 2978
124 4017
125 2261
127 1139
132 4892
133 8277
134 1455
135 2339
135 3362
137 227
137 621
138 228
138 4796
141 168
142 2267
142 7043
142 7591
143 2154
143 3165
143 6048
144 244
144 1667
144 4034
145 1141
146 1142
146 2613
147 107
147 7780
148 5242
148 8414
149 3157
149 4511
152 585
153 3519
154 2706
156 6445
157 1056
157 2746
157 3918
158 2956
158 7134
161 4399
161 8429
163 1187
164 1483
167 4808
168 3090
168 4398
169 2811
170 3897
170 6051
171 831
171 6793
173 1412
173 4201
174 7520
174 7738
177 1525
177 3695
177 5246
179 1829
179 4841
181 3416
183 6976
183 7616
186 656
188 3604
189 2574
189 3242
189 6308
189 6949
190 77
190 8312
191 1742
191 2986
193 3988
194 377
194 7541
196 7609
197 2123
198 253
198 7958
200 2896
200 3686
202 2050
202 4436
203 166
203 1097
203 1316
203 7425
204 1177
204 1882
205 5078
205 5489
205 5994
207 6137
207 6820
208 5
208 1422
208 8298
209 3089
210 1645
210 4078
210 7661
210 8318
211 7404
213 3885
213 8276
215 6171
216 4164
217 7953
219 8089
220 8290
224 1244
224 5225
225 1445
226 14
226 6912
227 7582
229 3365
229 5024
229 8256
230 196
230 1561
230 4822
231 2317
231 3646
232 5286
235 2045
235 2082
237 849
237 3402
237 4277
237 5933
238 4292
238 4852
246 2470
246 4061
246 7193
247 2551
247 7611
249 3865
252 1187
252 3901
254 4434
257 593
257 1562
258 981
258 3776
259 4509
261 6989
261 7948
261 8362
262 1654
263 322
264 2385
265 17
265 44
265 384
265 1272
265 5463
267 1174
267 1862
268 3151
268 3876
271 2562
271 7561
274 3858
274 4436
275 2136
275 3158
276 6630
277 1351
280 7673
283 2262
283 5183
283 7784
284 2684
285 5473
285 7715
286 6900
287 2863
289 2565
289 8273
290 5157
290 7106
291 2576
292 6196
295 254
295 1120
295 3317
295 6325
295 6404
296 964
296 1699
297 2425
297 6443
300 693
301 282
302 201
302 8209
304 3724
305 458
305 5916
306 5238
308 4647
308 7881
309 1905
309 3255
309 3785
309 6140
311 5961
312 2963
313 7554
314 6071
315 5525
318 7453
320 2139
320 4546
320 7840
322 4743
325 3413
325 5192
325 5664
327 219
327 368
327 3478
327 3816
330 1979
332 2245
333 6449
334 5469
336 2039
336 6197
336 7536
337 1751
337 2346
337 3840
338 1338
338 2466
338 3225
338 5801
339 1105
339 8302
340 1151
340 2934
340 7420
342 476
342 5097
343 3577
346 8441
347 7897
349 3276
349 8383
350 1733
350 3910
351 3957
351 6644
352 3100
354 5243
354 8245
355 7040
355 8208
356 1615
357 760
360 1476
361 2956
362 5398
364 195
364 380
364 3265
365 2816
366 1234
366 8116
369 239
369 659
369 5692
371 7092
372 1990
372 4464
374 3879
374 4911
375 2036
376 1187
376 5297
377 7048
379 650
379 3228
380 7568
381 3566
383 585
383 2615
383 6402
384 2040
386 440
386 2381
387 3893
387 6755
389 526
389 1245
389 4115
390 3236
390 5509
391 4749
392 3875
392 8237
393 1468
395 2043
395 3076
396 646
397 1717
398 5769
398 6499
398 7552
399 4982
399 6383
400 2483
400 5431
400 7745
401 7312
402 4763
403 5266
403 8003
404 4884
406 4126
406 5201
407 1108
407 7894
411 1076
411 1947
411 2064
411 4976
412 3911
417 2275
417 2916
418 2028
418 3804
420 1745
420 7510
421 6899
422 250
422 8143
423 2433
424 2658
424 3981
429 5190
429 7598
430 4579
431 2695
431 4698
440 5510
441 5056
443 2348
444 3740
445 7919
445 8170
446 5924
448 1225
451 2538
451 2942
452 4923
454 966
454 1826
454 2602
455 3529
455 6220
455 7293
456 3580
458 6975
458 7463
459 3689
460 4153
461 3082
462 3654
463 8172
464 6218
466 6028
467 7163
468 2549
468 2917
468 4718
468 5649
468 6911
469 399
470 2209
470 4570
477 7217
478 4942
478 8103
479 7563
480 399
480 4476
481 5086
481 6453
482 3543
483 3843
483 6875
484 2961
486 5370
487 2441
488 8164
489 6565
490 1573
490 7587
492 6127
493 5519
494 1290
495 8373
496 6658
499 6315
504 6832
504 8401
505 1848
505 7861
506 2437
507 937
508 6244
509 2303
509 4984
509 7787
509 7919
509 8060
511 4478
513 1284
513 2886
513 3279
516 6269
517 6497
520 4282
522 1310
523 477
523 8065
524 222
526 655
526 6920
527 7812
528 3090
529 4227
531 6776

