4933 4015 1298
1 1
5 3232
8 402
11 2034
11 2332
12 3457
22 1873
29 1214
29 3378
30 2918
35 135
37 2572
38 177
39 2758
40 1715
42 3289
47 3053
51 2001
54 1816
69 158
79 3228
87 3646
91 909
91 3051
93 3594
94 984
97 1814
102 2352
106 3717
117 450
118 1054
120 463
121 1760
136 525
138 2229
141 3924
143 3078
144 1561
147 1031
154 3023
156 3673
159 1508
161 2719
162 3090
164 1523
170 1102
171 3193
173 2308
174 3567
176 1393
182 3479
185 2308
190 1292
194 1575
197 492
201 2926
204 2963
205 2631
205 3881
213 2572
214 1452
222 2662
222 3090
223 1206
225 1884
225 3587
230 955
233 983
242 3831
243 2596
245 3587
249 2928
270 3273
271 1347
272 1751
275 1495
275 3533
280 2445
283 2011
287 1159
294 3902
295 209
297 169
297 3826
298 3693
300 1161
304 1601
305 1161
313 225
321 116
323 1948
325 841
327 118
337 1630
340 1231
349 1303
359 108
365 2175
367 3123
369 2204
370 697
370 3691
372 1785
372 2940
396 3924
402 480
407 2396
412 525
415 3156
421 954
422 1127
425 170
428 586
428 3662
432 2416
435 1263
441 2969
458 356
458 829
461 3137
462 185
462 1459
464 227
465 3532
468 3356
477 3569
480 1864
494 1978
496 1785
498 2142
499 3444
500 1006
506 2270
508 2209
511 1337
512 3618
517 918
531 3749
532 3907
554 3403
567 1397
571 1302
580 771
582 2659
594 100
598 2892
598 3221
605 3666
606 3165
609 3152
609 3533
613 2063
613 3225
618 469
618 1557
618 3584
626 96
626 3533
628 3386
632 2917
637 1152
641 1309
647 1483
648 1371
655 1702
657 3901
658 1993
660 1122
663 739
670 739
671 727
675 663
677 15
678 3050
679 3028
681 2196
682 3275
685 1621
694 71
695 2940
697 943
703 3470
704 2345
706 3983
713 1888
717 2441
721 3710
723 860
724 3472
727 2960
735 903
735 3163
737 916
737 3454
742 2148
742 2474
751 2976
752 272
755 3968
761 1802
764 186
765 149
771 323
776 46
784 3755
785 3179
795 3774
818 3917
824 827
824 2196
825 723
829 1030
836 3566
840 1080
840 1095
844 1697
844 3797
846 1030
852 3235
853 857
853 2083
854 744
855 1458
855 3475
862 2558
871 820
873 1886
881 2541
883 587
885 3566
889 205
889 1953
892 125
892 640
896 3004
901 3967
904 3816
914 1294
914 3953
917 24
917 1456
923 274
924 2219
925 3723
929 618
932 3669
935 1233
946 2423
951 2806
952 1331
957 1687
959 1747
965 1970
966 228
966 3605
967 398
968 3966
975 721
984 1351
985 3714
993 1846
1007 3219
1021 2460
1026 3202
1028 3770
1031 28
1031 1213
1033 1042
1044 2680
1055 2721
1061 1690
1063 3541
1066 135
1067 3842
1077 770
1080 2810
1090 3027
1094 2922
1098 1270
1103 1994
1106 2964
1107 3954
1108 1257
1108 2512
1108 3383
1114 1305
1114 1767
1118 173
1119 3945
1130 2133
1142 837
1142 1470
1145 507
1146 477
1154 967
1154 2481
1160 2405
1162 739
1162 2036
1162 3999
1169 2481
1169 3355
1173 977
1175 3922
1176 3963
1193 333
1194 3476
1195 1914
1207 1345
1208 318
1213 3414
1214 1215
1221 753
1223 291
1230 322
1233 982
1233 2142
1235 2105
1235 3834
1239 414
1251 3586
1268 314
1269 2430
1271 1945
1280 3024
1283 2631
1284 2545
1285 1500
1286 704
1296 2635
1312 1466
1317 3880
1321 593
1322 2190
1323 2885
1324 447
1324 2212
1326 2675
1331 1577
1346 412
1346 2877
1354 817
1354 3154
1356 1237
1359 1136
1363 3489
1364 108
1372 3488
1374 2295
1377 2344
1382 116
1388 2918
1392 242
1398 255
1404 3261
1406 1248
1407 690
1410 594
1412 210
1413 2219
1418 2087
1418 2632
1419 791
1423 3230
1425 2499
1427 3586
1438 1547
1438 2395
1438 3057
1444 500
1452 3570
1454 1847
1459 3457
1467 2331
1469 1874
1472 1655
1476 2991
1477 233
1477 1202
1477 3888
1487 1484
1490 1011
1495 2837
1498 2510
1506 2088
1512 2913
1514 3904
1514 3962
1516 2428
1518 2513
1521 1889
1521 3275
1528 3961
1533 1180
1539 2236
1545 3428
1548 3691
1549 1634
1549 2350
1557 1920
1559 3918
1560 571
1560 3558
1563 3825
1568 588
1579 3921
1585 2769
1594 328
1596 1173
1599 2943
1600 3941
1601 2491
1602 709
1602 2356
1604 3251
1606 2384
1610 3978
1612 2608
1629 783
1633 1359
1634 2159
1636 217
1640 1726
1641 1063
1642 2379
1643 212
1645 3639
1651 786
1651 1052
1656 828
1657 1642
1661 1007
1662 852
1665 879
1669 1539
1670 322
1674 2415
1676 1799
1678 2974
1681 3247
1693 923
1694 214
1701 2398
1715 728
1718 2444
1720 3832
1737 225
1740 615
1740 2492
1753 1050
1758 2047
1759 208
1760 3382
1761 1980
1769 2395
1771 574
1774 402
1777 2098
1779 3461
1781 519
1790 441
1791 403
1793 468
1803 2645
1821 3926
1824 2130
1828 2240
1832 87
1832 2908
1835 2504
1839 1994
1843 1318
1845 907
1847 46
1847 812
1850 367
1852 3346
1862 1288
1865 2547
1871 3604
1872 165
1876 355
1878 2677
1881 841
1886 1314
1894 704
1894 3741
1905 1153
1905 1811
1907 3645
1908 3657
1908 3841
1912 2583
1914 3829
1923 3045
1934 3525
1935 1315
1936 1899
1938 3436
1940 2435
1940 3710
1949 2291
1951 737
1954 3759
1969 417
1971 457
1971 687
1971 2940
1973 1888
1974 700
1982 3668
1987 2302
1989 869
1992 1826
2001 111
2003 2847
2003 3205
2009 729
2009 3677
2015 1522
2018 409
2020 1772
2025 947
2036 2047
2045 1535
2050 1494
2054 1246
2060 2418
2061 1191
2061 3649
2062 2046
2062 3541
2065 669
2069 803
2070 3280
2071 2235
2081 3912
2082 1800
2091 1567
2091 1972
2091 2675
2091 3459
2100 2397
2101 1080
2106 1008
2107 418
2109 531
2115 2082
2116 2878
2118 3141
2119 3545
2120 1724
2122 2830
2126 1088
2130 992
2131 2948
2132 2350
2135 169
2137 615
2144 1441
2145 1627
2147 184
2147 912
2151 495
2159 905
2160 2170
2161 2874
2162 361
2164 2221
2171 809
2173 3334
2180 1799
2180 2290
2181 3044
2184 1983
2190 3272
2194 682
2197 478
2220 763
2220 1537
2220 3558
2221 2204
2223 455
2232 2639
2233 2871
2246 3647
2248 1833
2256 3126
2267 456
2274 420
2274 1712
2281 893
2282 1601
2282 1910
2283 2578
2284 3588
2306 2757
2310 2359
2314 1843
2315 464
2315 905
2319 925
2319 1003
2326 276
2334 491
2340 1361
2343 3949
2345 3717
2347 3301
2349 3352
2350 1246
2350 1797
2360 2560
2361 1903
2367 3685
2368 288
2372 3957
2375 3965
2376 139
2376 2698
2377 1811
2377 3499
2378 949
2389 2169
2396 1557
2397 350
2400 2930
2403 1328
2410 3734
2420 3633
2430 3438
2441 3450
2446 3550
2457 3018
2470 3431
2474 242
2474 3243
2476 940
2477 1382
2479 1985
2481 2980
2486 1789
2488 505
2490 3090
2493 3380
2495 473
2498 2322
2500 3410
2501 2083
2504 1406
2508 2197
2509 1901
2515 1320
2516 1966
2519 1701
2521 2801
2522 3119
2522 3813
2527 54
2527 2508
2529 3140
2532 3861
2533 2994
2534 2924
2539 688
2539 3875
2543 2333
2546 707
2550 1466
2551 463
2555 1970
2555 3251
2558 1994
2560 714
2566 1105
2567 1291
2574 3070
2582 1288
2586 157
2593 1374
2602 3942
2605 599
2614 685
2619 1043
2620 1710
2625 1455
2630 2090
2632 1864
2632 3108
2633 2730
2639 656
2640 2195
2641 2033
2643 946
2651 1909
2653 1553
2654 3550
2655 3840
2659 340
2659 560
2666 3178
2672 3574
2684 1798
2686 1510
2689 679
2690 2274
2692 1412
2692 3904
2694 1124
2695 2231
2698 3808
2700 592
2700 2291
2701 36
2701 2082
2702 179
2706 1935
2713 2973
2719 1178
2719 1998
2719 3020
2720 2510
2723 3809
2733 3127
2735 1958
2742 3377
2744 2286
2745 3608
2747 698
2759 19
2759 1406
2761 1368
2761 2645
2769 1338
2774 3267
2778 3547
2779 1012
2780 2358
2781 1640
2782 2493
2786 1069
2793 1717
2799 1421
2805 226
2806 1264
2811 1299
2812 2347
2828 451
2831 2671
2834 775
2835 286
2838 2697
2843 3735
2845 2122
2845 2147
2848 582
2849 3247
2873 488
2875 1574
2877 507
2880 993
2881 797
2885 413
2891 3545
2892 2692
2893 3355
2895 280
2895 3659
2901 3529
2901 3626
2902 2387
2905 302
2905 863
2907 1682
2912 527
2913 2312
2918 1869
2920 2513
2921 2324
2923 1156
2927 2172
2932 2886
2935 2810
2935 3002
2946 1799
2949 2670
2950 318
2953 422
2955 1975
2958 1469
2963 578
2973 719
2978 3645
2992 1965
2994 1957
2996 3767
3000 3702
3001 2738
3012 320
3017 1346
3017 2114
3019 2316
3021 2983
3028 2631
3035 3500
3040 472
3043 2377
3044 1222
3051 2498
3055 3176
3056 2596
3057 3831
3058 409
3060 2769
3063 410
3066 1853
3066 2729
3074 793
3077 3634
3086 3244
3089 3577
3092 1725
3099 542
3104 753
3107 2173
3107 4014
3115 1868
3118 3599
3119 1939
3120 953
3124 1441
3126 3090
3129 195
3129 3272
3131 1472
3140 2628
3150 1234
3152 1623
3153 3345
3155 1870
3160 1429
3162 941
3166 2533
3170 146
3176 1357
3176 2995
3179 1498
3181 1662
3188 2893
3189 1837
3195 2006
3197 140
3202 1238
3203 2117
3205 22
3205 940
3210 961
3216 3466
3217 2667
3219 430
3228 2675
3230 3360
3232 361
3245 1778
3245 2523
3248 1765
3248 1870
3256 2189
3257 1095
3258 1015
3268 566
3281 788
3287 1324
3292 2022
3297 3376
3299 2975
3305 305
3317 3342
3318 2514
3325 2027
3328 1106
3329 330
3329 386
3332 898
3333 847
3336 2738
3340 3736
3346 3428
3347 1530
3349 2014
3352 3378
3354 1666
3355 145
3359 3759
3366 2146
3372 1933
3375 2958
3383 2911
3383 3459
3388 1722
3394 3284
3407 1745
3410 3288
3411 3450
3419 1879
3421 1182
3421 3390
3422 1862
3425 2800
3431 3007
3437 200
3440 1298
3444 412
3444 2092
3446 732
3447 990
3452 2229
3460 297
3468 2755
3470 2659
3472 1435
3472 3090
3478 1364
3481 1530
3488 1183
3489 1709
3502 2424
3504 1784
3505 2952
3507 3614
3510 979
3518 3688
3519 2918
3522 187
3526 2898
3527 167
3533 1002
3534 3908
3543 764
3544 1817
3545 651
3546 3238
3547 3150
3550 1691
3551 1456
3551 2371
3554 570
3554 3937
3556 927
3558 2381
3567 2585
3577 632
3581 2462
3584 3963
3590 1187
3590 2817
3592 2963
3595 2313
3599 3517
3608 2071
3611 1411
3612 1142
3614 3536
3615 1955
3620 2850
3621 288
3623 1044
3626 1926
3628 1565
3631 1578
3631 2462
3636 2746
3644 2616
3647 3880
3648 1144
3650 722
3653 1881
3664 1613
3676 3194
3680 2118
3681 1173
3682 849
3689 386
3696 3638
3697 1958
3698 2413
3699 3720
3701 2559
3701 2986
3704 3683
3708 3774
3713 3913
3715 1153
3720 57
3723 1752
3730 3212
3731 1929
3733 1174
3733 2825
3734 1912
3738 450
3739 152
3750 2648
3764 2700
3765 214
3772 524
3778 3653
3781 3165
3782 513
3788 350
3793 3405
3795 125
3797 642
3803 1719
3807 650
3807 1356
3807 2523
3807 3000
3808 1658
3810 2389
3811 3993
3817 2866
3819 2667
3821 665
3821 3218
3826 2776
3829 2345
3831 1266
3836 1572
3839 180
3839 1596
3843 3821
3848 1577
3848 3595
3851 3051
3862 932
3868 3760
3873 1020
3879 2720
3885 448
3885 3680
3887 3758
3890 413
3903 249
3903 1144
3911 3854
3914 2322
3922 1536
3924 3143
3925 3917
3926 507
3931 328
3936 2654
3937 217
3937 2043
3946 1329
3949 612
3953 1023
3957 3942
3972 381
3981 1175
3990 2682
3993 3033
4001 3932
4003 2967
4015 665
4015 2566
4019 1136
4021 171
4026 3222
4044 644
4046 2209
4048 3872
4054 3054
4056 3200
4059 1391
4059 2843
4065 3277
4072 1450
4073 1649
4078 2004
4098 1
4108 743
4110 3164
4116 1659
4121 463
4122 224
4124 3377
4134 2093
4134 3350
4135 2199
4140 2778
4141 1301
4150 2705
4151 3497
4152 44
4152 3408
4153 239
4164 2635
4166 2967
4167 1539
4170 2960
4180 3215
4180 4011
4182 3429
4186 2187
4186 2237
4189 32
4198 2920
4207 706
4207 1603
4212 2261
4214 806
4218 3268
4219 2783
4224 632
4229 1414
4230 3730
4232 3429
4237 2467
4239 2548
4242 1954
4247 53
4257 3363
4263 806
4268 3083
4273 34
4275 1328
4277 3492
4281 1506
4282 1150
4284 2210
4285 518
4288 3262
4288 3865
4292 1468
4295 3496
4305 822
4314 3209
4315 1855
4323 3600
4324 3769
4331 1771
4334 3316
4335 1602
4336 3007
4337 1640
4341 1426
4344 1831
4348 3439
4350 349
4357 3422
4358 1241
4362 3935
4365 2316
4369 1133
4373 1517
4374 823
4376 49
4376 774
4379 1766
4385 1210
4385 4003
4392 3776
4395 2265
4400 636
4410 2043
4412 712
4413 343
4417 1525
4417 2855
4418 2629
4432 3947
4434 2858
4438 1979
4440 1523
4450 2501
4450 2953
4451 1119
4464 209
4470 3221
4481 1086
4481 1229
4488 570
4488 3164
4488 3402
4491 2976
4493 2882
4497 490
4498 443
4498 541
4501 3484
4502 2622
4507 1538
4508 722
4509 1162
4518 3788
4519 261
4521 1515
4529 3039
4539 3497
4540 3083
4541 18
4555 343
4555 381
4560 1850
4563 2076
4571 3211
4573 3673
4581 1178
4586 1572
4587 588
4592 2790
4596 2055
4596 3794
4605 1392
4607 3548
4608 628
4615 1586
4615 2019
4616 1586
4627 1437
4628 1402
4632 1016
4643 2299
4649 2066
4652 3719
4657 3190
4658 2245
4659 3763
4660 3448
4664 1261
4664 2039
4664 2089
4665 2759
4666 1886
4671 1453
4683 2902
4687 1051
4690 1545
4694 2879
4695 1258
4698 2869
4706 2533
4710 1657
4712 2540
4714 1448
4721 244
4727 147
4729 3599
4731 2151
4733 1611
4735 2284
4737 1189
4739 2452
4741 1606
4742 384
4749 2426
4754 3464
4754 3856
4776 438
4798 94
4805 3445
4807 1351
4808 509
4808 894
4808 1088
4813 4005
4816 2763
4817 3934
4818 2208
4819 3890
4821 145
4832 2673
4835 2820
4848 703
4850 1096
4854 998
4860 2438
4860 3983
4863 1927
4864 2928
4865 48
4871 555
4879 2079
4882 1254
4884 3396
4885 221
4888 3707
4893 893
4893 1420
4897 1095
4903 1207
4910 3057
4912 2178
4913 1999
4926 2288
4931 2652

