5541 2304 3464
1 1
2 155
2 742
3 1089
5 206
6 25
7 1087
9 1035
9 2058
11 513
12 1340
14 217
14 1855
16 561
16 563
16 1414
18 940
19 82
20 793
21 988
22 1547
25 1784
26 416
27 1209
28 110
32 1523
34 1594
36 51
36 2262
38 1394
38 1570
39 1651
41 2029
46 2203
47 1112
48 42
49 497
49 629
50 545
50 1623
52 603
52 1444
54 408
55 1623
59 1057
60 971
67 1822
67 2150
69 236
70 1232
70 1551
70 1862
71 2258
73 2022
76 812
77 511
77 1108
78 2107
80 711
80 831
86 178
86 722
88 58
88 1156
90 1185
93 1016
94 2078
101 1252
102 1200
103 1581
104 650
106 1648
107 2217
108 538
109 416
109 890
111 10
112 424
113 841
113 1457
114 2133
115 273
116 73
117 2293
119 418
120 1029
120 1986
121 1537
122 1672
123 731
123 1982
125 435
128 827
132 2014
133 968
135 387
135 419
136 484
137 1090
138 2254
139 916
139 1091
141 413
141 2204
142 1202
142 1924
144 1956
148 441
148 2100
149 20
149 2215
155 273
157 1144
158 1699
161 93
162 1470
163 651
163 696
164 264
165 141
166 142
167 210
168 1821
174 1499
175 1752
178 2051
179 2300
187 539
188 1234
189 1706
195 134
206 331
207 2291
209 1442
210 986
210 1515
212 807
213 817
216 523
216 1377
216 1529
218 205
218 1979
220 1664
223 1778
224 917
226 83
229 620
232 1857
232 2020
238 328
238 1264
238 1334
239 1218
240 1503
241 722
242 31
244 248
244 584
244 638
245 1013
246 856
249 1403
249 1921
251 257
253 1626
256 1532
258 13
258 2180
263 1367
265 2225
268 499
269 1074
272 202
272 508
273 392
273 1200
273 1556
274 2232
276 1686
278 66
282 875
282 2304
283 765
283 1479
285 1640
286 2071
289 660
289 682
289 1564
296 2187
299 222
302 1802
305 507
306 902
310 2020
316 1687
317 253
317 998
319 817
320 1599
323 1460
324 1399
324 1970
324 2296
326 56
326 592
328 1119
328 1525
329 1185
329 1599
334 389
338 1726
338 1938
339 195
346 193
346 736
348 1683
349 1512
353 969
354 818
355 63
355 386
357 525
357 1735
359 1009
360 278
361 572
362 1078
364 708
368 1053
369 104
370 600
372 676
378 1516
379 449
379 1959
382 2058
385 516
385 627
385 937
386 1004
386 1513
388 163
395 340
399 647
400 875
402 856
405 2282
407 285
407 324
407 875
409 2033
410 155
410 2210
413 1944
414 857
415 466
415 1883
415 2185
418 633
419 300
421 518
421 837
421 1979
428 746
428 1346
432 951
434 849
435 1599
437 512
438 1742
440 1132
441 1565
441 2065
443 860
449 2183
450 666
457 1726
458 1134
458 1890
460 2028
462 1228
465 563
465 1578
466 1334
468 792
468 1799
471 1116
472 74
473 629
475 295
477 2276
478 1193
480 1411
480 1676
482 664
482 1433
483 275
483 831
486 226
489 154
492 1394
492 1749
493 2263
495 732
497 802
497 1711
498 651
498 2132
499 759
499 1688
500 1050
500 1718
501 1765
503 1289
506 560
506 1064
508 176
509 58
511 195
511 1999
512 426
512 1185
514 1746
515 708
517 1051
520 2027
521 1046
522 1540
523 651
526 1040
529 1491
530 2268
533 429
534 2223
535 1173
538 1193
540 1139
541 675
543 2147
544 2284
546 410
546 731
547 1025
547 2007
548 768
548 2196
551 1223
552 440
552 1549
553 2055
554 1600
554 1914
556 990
557 296
558 1089
559 1017
560 295
568 1268
569 1235
569 1778
570 16
570 1258
575 797
576 684
576 772
576 1000
576 1740
576 2077
578 563
579 1581
582 2245
588 2244
589 1059
590 578
590 1145
593 302
593 718
601 1563
604 411
607 1942
608 91
610 1281
610 2123
611 1274
611 1572
612 1034
613 1834
614 2178
616 1707
618 639
620 1131
620 1623
621 1649
622 230
623 1717
626 980
626 1634
627 587
628 1954
630 761
631 2093
632 1165
633 945
638 1062
639 900
639 1516
645 1302
646 219
646 2159
647 1713
650 245
651 1612
654 276
654 781
654 1614
656 24
657 759
659 1179
660 653
660 1693
663 547
663 1625
669 20
669 907
670 511
671 878
671 2239
673 1734
674 154
677 2139
678 1166
682 1683
682 1798
684 67
687 1273
687 1816
692 438
696 2087
698 541
699 463
699 1347
699 2118
701 655
701 1409
702 2063
704 53
704 736
708 1589
709 160
711 1229
711 1528
712 552
713 1922
716 2289
717 464
720 970
726 430
728 224
732 2247
736 2048
738 1631
741 1209
743 994
743 2092
747 477
747 1346
747 1524
748 1542
748 2106
753 1513
755 898
756 1516
761 1563
765 1196
768 2249
770 242
771 701
771 1171
773 1999
776 1260
776 2017
779 1047
782 1459
782 2126
784 1146
784 1391
785 350
785 622
786 955
787 1164
790 758
791 2297
793 519
793 1298
795 206
797 1779
798 1894
799 1420
800 926
801 415
801 1636
801 1717
803 2185
804 104
808 1045
809 91
810 2287
821 1290
821 1373
821 1793
826 486
829 595
833 871
837 830
838 1304
839 358
845 1862
846 1933
847 1074
848 293
848 321
848 1309
851 109
854 582
857 1594
859 329
860 934
863 1009
865 1077
865 1748
866 1139
869 326
870 1144
870 2182
872 117
872 1121
873 954
873 967
875 409
876 161
878 1350
878 1528
882 1965
883 91
883 1475
883 1541
886 19
890 1254
891 191
892 1973
894 819
896 2003
902 232
909 119
909 285
909 1802
909 1858
910 1035
921 1878
922 1544
923 699
923 1815
926 402
926 643
928 1910
938 1681
938 1774
940 586
941 1590
942 2083
943 143
948 857
949 1276
950 157
950 179
952 1489
955 1706
957 1741
961 15
963 1609
965 857
967 1022
967 1242
971 354
972 75
973 1901
975 1917
976 2253
978 987
979 915
979 1068
982 2081
983 2150
985 801
985 1793
990 1913
993 662
993 1259
995 1037
996 636
996 1424
999 908
999 2206
999 2286
1000 2180
1001 690
1003 2034
1006 1459
1007 1139
1009 1895
1011 460
1012 47
1012 719
1013 2027
1016 225
1016 2269
1017 2014
1018 69
1021 462
1021 734
1021 1456
1023 645
1023 766
1023 840
1023 929
1023 1972
1024 233
1027 1266
1027 1845
1031 98
1031 1122
1031 1652
1032 1768
1035 46
1035 2061
1037 1455
1038 1533
1039 539
1040 48
1040 270
1040 1462
1041 602
1041 1064
1045 706
1046 1544
1048 421
1050 955
1053 2174
1053 2301
1054 2280
1054 2281
1060 248
1061 1934
1062 675
1064 1268
1065 1002
1065 1726
1066 692
1066 755
1066 768
1066 1773
1068 338
1069 1727
1072 2028
1074 72
1074 528
1076 135
1078 762
1078 1266
1082 384
1085 134
1087 2056
1090 912
1091 354
1092 1307
1093 46
1094 1759
1097 1484
1098 2048
1099 753
1101 1722
1104 178
1104 2274
1105 1139
1106 1419
1107 2062
1109 427
1109 1172
1109 1782
1110 503
1110 2240
1114 346
1114 1708
1115 1616
1120 894
1121 1155
1121 1601
1121 2229
1125 727
1127 1505
1128 2075
1129 1381
1132 1317
1132 1750
1133 1998
1134 454
1135 1167
1135 2177
1136 7
1137 1452
1138 20
1138 1130
1140 171
1146 2214
1148 507
1149 190
1151 609
1151 1619
1151 2272
1152 1772
1154 107
1155 1178
1155 2046
1156 1175
1157 632
1158 941
1158 1682
1158 2233
1160 68
1164 2061
1165 495
1166 1492
1168 1057
1168 2164
1169 589
1169 1125
1170 964
1172 824
1172 2048
1173 401
1173 694
1173 917
1174 375
1174 1527
1176 318
1177 806
1180 1094
1181 1293
1181 2007
1181 2285
1183 2192
1184 82
1184 2039
1185 1827
1187 548
1189 1463
1190 850
1190 1453
1191 1968
1192 821
1193 471
1195 1851
1198 1809
1199 1675
1201 635
1201 679
1207 1878
1209 1967
1211 1033
1214 502
1214 1028
1218 157
1218 1322
1220 246
1221 2269
1222 1410
1222 2281
1224 868
1225 230
1229 47
1230 794
1230 1675
1231 630
1231 2009
1232 280
1233 1083
1233 1970
1237 882
1237 1695
1237 2003
1239 313
1240 691
1240 2301
1244 209
1244 1372
1245 1592
1247 2230
1253 854
1254 187
1256 1315
1257 30
1258 360
1261 1823
1263 1474
1266 2160
1267 166
1268 1982
1269 987
1270 692
1273 1672
1273 1784
1273 2031
1278 766
1280 863
1280 1983
1281 677
1282 444
1282 734
1284 101
1286 1421
1291 894
1295 801
1295 1090
1295 1693
1295 2260
1297 454
1297 2293
1298 1577
1298 1973
1299 165
1299 197
1300 1855
1301 1206
1302 1537
1303 705
1305 16
1307 498
1307 1105
1309 439
1310 1460
1310 1936
1310 2171
1311 1929
1312 418
1312 1787
1313 280
1315 1117
1316 1974
1317 792
1322 549
1322 1652
1323 1187
1324 631
1325 1581
1327 2214
1331 761
1332 2114
1332 2189
1334 19
1334 1768
1334 1896
1334 2007
1336 543
1336 779
1336 1604
1339 114
1343 2000
1347 32
1347 1702
1347 1952
1348 265
1348 1884
1349 403
1352 1746
1354 1172
1355 532
1356 2166
1363 325
1364 1657
1365 1899
1367 1542
1367 2061
1367 2226
1368 1436
1370 118
1371 28
1374 918
1374 1454
1376 475
1377 1739
1379 595
1385 850
1391 249
1392 1116
1394 76
1394 1481
1397 418
1397 730
1400 1693
1402 550
1403 234
1405 447
1405 1169
1406 1020
1414 2226
1415 382
1416 587
1420 948
1420 2220
1423 2015
1424 1380
1426 468
1426 695
1435 859
1436 1871
1443 1503
1444 684
1445 42
1445 1193
1445 2222
1450 1303
1451 726
1451 828
1452 788
1453 617
1454 1027
1455 48
1456 634
1459 324
1466 32
1466 1805
1467 757
1468 58
1470 185
1471 1028
1472 1552
1473 182
1473 1353
1473 1842
1474 495
1474 2097
1480 1052
1480 1561
1482 445
1483 694
1483 765
1484 1514
1485 1173
1491 2078
1492 1278
1493 431
1494 1763
1494 2075
1494 2128
1500 219
1501 1027
1501 1092
1502 1439
1502 1916
1503 134
1503 1775
1504 953
1504 1325
1505 2211
1506 1126
1509 384
1509 2277
1510 2094
1513 435
1514 1516
1515 1645
1516 648
1519 2183
1521 1340
1522 765
1524 2215
1525 949
1526 678
1526 1564
1526 1958
1530 679
1531 1265
1532 1683
1532 2120
1536 662
1536 1306
1539 124
1540 1643
1541 143
1542 104
1543 1593
1543 1652
1545 830
1545 1163
1546 369
1548 534
1548 1399
1551 1117
1552 1466
1553 875
1553 910
1553 1485
1555 922
1556 522
1556 1399
1558 1193
1560 842
1561 104
1561 835
1564 662
1566 1578
1569 1318
1573 1947
1574 1831
1574 1836
1576 987
1576 1305
1579 95
1580 1718
1584 1566
1587 1330
1590 1014
1592 580
1595 930
1596 10
1596 563
1596 1930
1600 614
1607 669
1609 1819
1610 840
1613 870
1614 1777
1615 217
1615 2219
1615 2287
1617 720
1617 993
1619 1458
1623 633
1624 1865
1626 1632
1627 934
1628 2135
1629 1557
1633 1280
1636 1447
1637 794
1638 1317
1638 1930
1639 1784
1641 2161
1643 1967
1652 579
1654 2043
1655 1853
1655 2060
1657 1742
1657 2167
1661 1087
1662 1367
1664 24
1664 663
1664 771
1665 1181
1666 1641
1666 2245
1667 763
1668 193
1668 893
1668 1034
1669 2276
1672 450
1675 413
1677 1851
1678 1691
1679 2157
1681 1877
1686 1579
1686 1827
1686 1923
1687 1555
1687 1801
1689 1680
1690 818
1690 1285
1691 1376
1693 1113
1695 1132
1700 307
1702 288
1702 302
1702 1008
1702 1152
1702 1251
1702 1352
1706 596
1712 430
1712 1622
1713 250
1719 428
1720 44
1722 2061
1723 2295
1724 1114
1726 2164
1727 928
1729 666
1730 971
1731 839
1732 584
1732 905
1734 346
1734 1852
1734 2233
1738 773
1741 239
1741 729
1741 1881
1744 1490
1748 143
1749 460
1749 1127
1750 84
1751 1209
1753 116
1754 1637
1754 1699
1759 419
1759 1111
1760 698
1760 1782
1763 937
1765 1029
1765 1335
1765 2269
1767 406
1769 959
1769 1180
1771 1705
1771 2190
1772 491
1775 1477
1781 1275
1782 1695
1783 1313
1784 445
1787 1883
1789 871
1789 1371
1790 997
1791 868
1791 1820
1793 1404
1795 350
1798 322
1800 381
1803 1289
1804 1911
1805 1613
1806 625
1806 1042
1807 1433
1807 1758
1811 759
1813 513
1815 1922
1822 1355
1823 27
1828 232
1828 1199
1831 437
1831 1270
1833 1322
1834 1033
1834 1346
1834 1372
1834 2261
1835 229
1837 981
1838 424
1838 557
1841 1156
1848 18
1850 2099
1851 2175
1853 1631
1854 443
1858 391
1858 2155
1859 240
1859 348
1859 2088
1860 299
1862 1631
1863 617
1866 571
1867 24
1869 2122
1869 2149
1873 55
1876 1755
1877 2218
1879 75
1880 972
1880 1731
1881 426
1881 1753
1882 95
1884 339
1884 1222
1885 125
1889 2238
1891 2106
1893 409
1894 277
1894 573
1895 1421
1896 208
1897 2128
1901 1713
1903 1247
1909 2297
1910 14
1911 514
1912 760
1917 1150
1919 146
1920 1101
1929 1966
1934 396
1936 961
1938 1026
1938 1223
1939 775
1940 166
1943 6
1943 1046
1944 503
1947 1162
1948 678
1952 2
1952 866
1953 761
1954 1582
1958 1910
1960 479
1961 2141
1962 1044
1964 1930
1965 594
1966 1622
1968 368
1968 1679
1969 572
1969 955
1970 570
1971 87
1972 718
1974 839
1975 1478
1975 1564
1976 1621
1976 1688
1978 354
1985 1272
1985 1980
1986 114
1987 1776
1990 307
1991 961
2001 1285
2003 170
2003 1078
2007 793
2008 1406
2012 561
2014 480
2016 390
2016 495
2017 1710
2018 1730
2018 1865
2022 399
2026 1231
2026 2159
2028 1437
2029 1789
2033 566
2034 2289
2036 1295
2037 1223
2040 2287
2041 1620
2041 1785
2042 2054
2043 1743
2044 312
2044 1858
2048 1822
2050 264
2050 1103
2050 1820
2052 2024
2055 1499
2055 1544
2057 418
2057 1158
2058 2099
2059 434
2059 912
2060 1602
2061 593
2061 639
2061 1735
2062 1182
2063 1388
2065 781
2071 2290
2072 563
2074 1328
2075 419
2078 1301
2080 1594
2080 1703
2080 2069
2081 1904
2082 1170
2082 1861
2088 714
2088 1024
2089 1781
2091 578
2094 1895
2095 1539
2095 1907
2097 85
2097 2213
2099 1314
2099 1820
2100 1770
2102 2005
2104 301
2106 1032
2107 1419
2107 1435
2107 1720
2110 75
2112 82
2117 814
2119 341
2120 527
2120 679
2120 1014
2123 193
2123 779
2124 1940
2125 2206
2128 1493
2128 1746
2128 1784
2136 1031
2137 1793
2138 1787
2139 359
2139 610
2139 978
2139 1797
2140 1089
2143 320
2146 397
2146 2104
2148 1518
2149 31
2149 956
2150 1091
2157 1736
2158 1762
2159 667
2159 1000
2162 201
2163 1632
2164 1455
2168 25
2169 1689
2169 1708
2169 1895
2170 1855
2170 1875
2171 1598
2174 194
2175 1708
2178 13
2179 829
2182 398
2184 65
2184 1787
2185 141
2186 1751
2187 920
2188 2108
2194 753
2195 763
2196 1915
2202 1367
2203 1911
2204 1405
2206 1556
2207 337
2207 2089
2209 2085
2211 636
2212 247
2215 800
2216 1717
2217 484
2220 2059
2221 692
2222 1197
2223 1923
2224 1851
2224 2288
2225 2050
2226 873
2229 333
2230 1790
2231 1425
2235 265
2236 270
2236 412
2238 179
2239 1290
2241 409
2241 1117
2245 1420
2245 2015
2249 202
2249 1923
2250 510
2250 1181
2251 2078
2252 1554
2252 2262
2255 266
2255 407
2256 673
2257 605
2260 73
2261 1203
2267 2284
2268 1906
2273 1416
2275 2201
2279 1956
2280 313
2284 2244
2288 39
2291 440
2292 978
2293 416
2294 461
2295 1617
2296 894
2296 985
2298 1129
2298 1513
2299 2289
2300 638
2304 344
2305 1762
2305 1956
2306 552
2306 1590
2307 13
2308 1082
2308 1181
2311 1884
2313 1086
2314 955
2317 1962
2318 1173
2318 2095
2321 914
2321 1782
2322 1850
2323 194
2324 541
2324 1792
2325 1436
2327 356
2327 576
2330 1919
2335 657
2335 2024
2336 1876
2339 679
2341 1733
2343 700
2345 2
2345 933
2345 2231
2349 1672
2349 1743
2350 1972
2351 199
2352 1347
2352 2196
2356 255
2358 153
2358 487
2358 1604
2358 2014
2361 81
2362 1488
2366 2217
2367 1559
2368 174
2369 892
2369 2190
2371 382
2372 1370
2373 2116
2375 167
2376 1565
2378 881
2379 1552
2382 758
2383 762
2386 492
2386 1644
2389 620
2389 1999
2392 2212
2394 575
2395 704
2397 1193
2399 54
2403 1686
2404 61
2404 1205
2405 311
2406 1010
2410 1748
2413 1367
2420 1474
2422 1648
2425 1592
2428 1358
2428 1751
2429 276
2430 1250
2431 1449
2431 1861
2435 1313
2438 1075
2444 773
2444 1183
2445 2137
2446 613
2446 1140
2446 1308
2447 148
2447 529
2449 124
2449 1281
2450 446
2455 157
2455 1719
2457 1243
2457 2019
2458 397
2459 248
2459 298
2460 169
2462 1694
2463 1253
2463 1724
2467 1415
2470 472
2470 1629
2473 304
2473 958
2475 594
2476 2073
2480 2245
2481 67
2481 1182
2483 867
2484 1671
2488 589
2488 1653
2491 522
2491 1865
2493 345
2494 68
2494 1754
2495 981
2496 2149
2500 739
2502 601
2502 1379
2502 1493
2502 1749
2502 2155
2503 1372
2505 360
2510 538
2511 41
2511 213
2511 509
2513 539
2513 872
2517 1864
2518 1259
2519 221
2523 94
2523 1204
2525 510
2525 2153
2527 2074
2528 812
2528 2050
2530 2276
2532 1022
2532 1807
2534 1005
2535 1119
2538 1942
2541 1004
2543 1434
2543 2097
2546 451
2546 657
2547 551
2551 2156
2552 952
2557 159
2557 1427
2560 1517
2563 222
2563 1141
2565 1870
2565 1908
2566 1337
2569 2216
2571 1899
2573 1542
2574 44
2578 1137
2579 1336
2581 363
2582 1517
2584 199
2584 2226
2587 1071
2589 80
2589 1348
2590 691
2590 1066
2591 609
2591 1067
2592 1445
2592 2174
2593 645
2596 1806
2598 2051
2600 1446
2604 391
2606 1424
2608 309
2610 406
2611 874
2613 1603
2621 2096
2622 328
2623 457
2623 1440
2625 1750
2626 1333
2627 686
2629 947
2630 250
2631 508
2631 1510
2631 2293
2632 1394
2634 1951
2636 1950
2644 163
2647 2291
2648 110
2648 1610
2649 1857
2652 1235
2652 2040
2653 412
2654 481
2654 578
2657 352
2657 1002
2660 1498
2664 1577
2668 291
2668 1973
2672 2239
2674 1585
2675 321
2676 886
2677 1083
2677 1406
2677 1710
2677 2154
2678 353
2679 453
2684 2129
2685 1011
2686 1097
2687 2025
2688 383
2688 494
2689 2256
2690 478
2695 453
2695 1826
2701 611
2701 1258
2713 1754
2714 1279
2715 1720
2716 179
2717 759
2717 1430
2720 919
2722 1753
2724 189
2728 1007
2728 1277
2729 193
2729 1080
2732 775
2732 1631
2734 1139
2735 85
2735 141
2737 1682
2740 649
2743 1211
2746 374
2747 121
2747 605
2749 2165
2751 966
2751 1792
2751 2259
2752 1112
2753 180
2753 1662
2771 400
2771 1188
2771 1730
2771 2084
2772 2109
2772 2181
2773 2005
2775 86
2776 122
2776 335
2776 1302
2777 1538
2779 779
2779 1512
2785 655
2786 1646
2787 2213
2788 637
2791 357
2791 1229
2792 1018
2793 1361
2793 2123
2798 491
2799 828
2801 1340
2804 1417
2804 1706
2804 1984
2805 472
2806 2260
2807 1372
2809 1400
2811 1842
2811 2149
2813 1367
2817 1507
2820 2280
2823 431
2823 658
2823 2177
2824 1508
2825 1293
2826 1893
2827 1221
2829 562
2829 1019
2830 67
2831 299
2831 1986
2834 2266
2837 79
2837 935
2837 1613
2839 548
2839 995
2841 1260
2843 6
2849 469
2849 1876
2850 290
2851 1493
2853 509
2853 958
2853 1963
2853 2162
2857 761
2857 2236
2860 208
2862 367
2863 1100
2864 754
2866 487
2868 404
2872 430
2875 874
2876 62
2876 1610
2881 2020
2882 400
2883 1629
2885 1776
2886 2178
2892 350
2893 2145
2899 332
2901 2029
2903 471
2904 791
2904 2294
2905 47
2907 801
2907 835
2908 871
2909 1329
2913 538
2913 859
2914 539
2916 1905
2917 299
2919 1220
2920 1686
2921 642
2923 407
2924 2049
2926 879
2926 1009
2929 1288
2929 1558
2931 726
2934 27
2934 57
2937 1776
2938 120
2939 95
2942 1456
2943 1849
2943 1866
2944 1958
2949 685
2953 986
2956 406
2957 782
2957 1411
2957 1823
2958 2218
2959 708
2960 1439
2964 1785
2966 700
2967 750
2967 1749
2970 804
2971 1634
2971 2276
2972 971
2972 1177
2973 1263
2973 1800
2974 981
2978 540
2981 853
2982 1480
2982 2116
2984 1190
2984 1793
2986 950
2987 188
2988 889
2989 1241
2989 1963
2990 66
2991 807
2993 91
2994 1437
2995 1461
2996 1782
2997 1079
2997 1321
2999 440
2999 944
3002 939
3004 2216
3005 352
3006 565
3009 1692
3010 2247
3011 1401
3012 1331
3013 2017
3017 867
3017 1613
3018 644
3019 359
3019 523
3019 2102
3021 710
3021 1980
3027 1776
3033 1666
3034 1437
3037 1778
3038 948
3041 435
3041 1468
3041 2157
3042 1157
3044 1147
3044 1385
3046 1139
3046 2106
3053 1417
3058 1046
3059 1666
3059 2298
3061 1064
3067 581
3070 644
3071 527
3080 1001
3081 141
3083 2004
3087 53
3088 362
3088 1052
3093 419
3094 169
3094 2079
3097 1206
3097 1259
3099 671
3099 1816
3101 1135
3105 1323
3106 981
3106 1576
3108 739
3111 984
3111 2098
3113 1123
3116 567
3117 1247
3122 864
3122 1555
3123 75
3123 2263
3130 743
3131 68
3131 978
3133 1091
3137 1309
3138 269
3138 297
3139 838
3141 1475
3144 655
3146 2303
3148 514
3150 893
3152 101
3153 1190
3154 2284
3160 1252
3161 554
3163 1513
3165 819
3165 948
3167 610
3167 1334
3168 322
3173 395
3173 440
3178 1680
3179 1321
3184 480
3184 1123
3185 601
3185 1031
3186 1226
3188 1415
3188 1736
3192 1047
3198 552
3198 981
3201 275
3203 1263
3203 1587
3205 681
3208 1761
3209 5
3212 1939
3213 233
3215 195
3215 1312
3217 1431
3218 177
3218 1236
3218 1329
3219 763
3219 1182
3220 1007
3220 1451
3226 2145
3227 2044
3231 2286
3232 2101
3233 418
3235 1433
3239 1816
3241 353
3241 1288
3249 1611
3251 1882
3252 506
3255 384
3260 2049
3261 1377
3261 2204
3265 2144
3266 1812
3267 849
3267 2163
3270 152
3270 2111
3271 704
3273 2205
3274 310
3274 400
3274 1291
3276 1521
3281 1050
3286 361
3286 2226
3288 660
3289 741
3290 90
3290 2260
3291 1
3292 158
3292 447
3293 138
3293 1049
3293 1454
3294 80
3295 93
3296 1844
3300 75
3304 1386
3304 1464
3306 688
3307 810
3310 1498
3314 129
3314 2166
3316 385
3319 2153
3321 1775
3322 665
3323 2059
3325 378
3325 2231
3327 167
3327 1739
3328 1154
3329 1680
3329 2009
3330 2219
3332 825
3332 1307
3333 815
3338 1083
3340 532
3345 376
3345 1125
3346 242
3346 1354
3349 1708
3351 586
3351 690
3353 865
3355 1056
3355 2284
3359 1960
3360 405
3363 1318
3367 271
3369 857
3370 117
3371 1611
3374 1865
3376 812
3376 1622
3378 1055
3379 1831
3379 1959
3380 141
3380 1391
3381 281
3382 73
3383 23
3384 907
3385 849
3390 696
3393 2225
3395 1386
3397 632
3401 1678
3404 42
3404 1138
3404 1516
3408 1994
3410 354
3411 209
3411 2024
3412 1852
3413 179
3415 264
3415 1111
3416 1652
3416 1775
3417 1502
3418 961
3419 743
3419 1165
3420 1116
3420 1408
3422 1756
3426 2151
3428 1708
3429 341
3430 2187
3432 714
3433 442
3434 871
3435 235
3439 1121
3442 1949
3443 336
3445 98
3446 708
3447 1057
3453 2127
3457 932
3457 946
3462 1994
3466 660
3466 1041
3466 1853
3466 2149
3467 763
3469 2148
3474 307
3477 1709
3479 949
3479 2178
3479 2202
3481 1166
3483 1260
3485 286
3491 788
3494 695
3495 660
3495 681
3495 728
3495 1985
3498 2063
3500 498
3503 1240
3503 1852
3504 1490
3505 1035
3507 833
3508 1944
3509 868
3510 958
3511 2007
3513 250
3513 2200
3514 402
3514 436
3518 589
3518 2228
3519 2075
3520 1662
3521 1773
3521 1979
3523 2289
3525 126
3531 565
3532 1980
3533 1508
3534 859
3536 229
3538 1819
3539 621
3540 992
3542 1829
3546 924
3548 1840
3550 763
3551 523
3552 502
3552 1014
3552 1275
3552 2133
3553 72
3555 1508
3556 1539
3557 1449
3558 506
3558 1051
3559 1730
3560 1413
3560 1428
3565 623
3566 700
3566 1831
3571 1058
3574 1002
3575 414
3576 1616
3576 2302
3577 267
3578 72
3578 448
3578 1931
3581 1990
3581 2270
3582 2132
3588 848
3590 1857
3590 2028
3590 2071
3592 1803
3593 1626
3596 564
3596 570
3598 405
3601 314
3602 2092
3605 1855
3606 2246
3607 768
3608 653
3608 1343
3611 1513
3613 1094
3617 673
3617 853
3617 1520
3618 452
3620 1723
3620 1747
3620 1807
3623 394
3624 317
3627 1763
3629 1201
3631 329
3631 921
3631 2256
3633 924
3634 147
3638 1262
3638 2008
3640 1788
3640 2203
3643 1971
3644 1056
3646 882
3648 937
3648 1008
3653 521
3654 842
3657 770
3657 1840
3659 2176
3659 2275
3660 516
3661 776
3666 164
3667 328
3668 792
3668 1875
3669 160
3669 756
3669 1506
3671 487
3671 1351
3671 1710
3672 849
3678 408
3680 645
3683 890
3683 1032
3685 1750
3688 271
3693 17
3694 1260
3697 715
3698 1243
3698 1514
3701 1554
3701 2093
3702 1859
3703 2197
3708 1597
3708 1776
3710 352
3712 980
3714 677
3716 1579
3717 496
3717 1046
3724 1787
3725 1760
3728 612
3731 1469
3733 1389
3734 1992
3735 2184
3736 858
3741 1995
3742 1857
3743 385
3744 750
3745 1439
3747 841
3748 1957
3749 714
3750 49
3751 697
3752 1895
3755 825
3756 2285
3759 346
3759 1347
3760 1838
3762 848
3763 2137
3766 9
3772 1208
3772 1447
3780 270
3780 665
3780 2038
3781 903
3781 1774
3783 737
3783 1544
3784 668
3786 1330
3787 539
3788 264
3788 656
3788 740
3790 2000
3794 1644
3795 567
3802 1986
3803 1696
3804 723
3807 527
3809 321
3809 2092
3811 1841
3819 1278
3820 1562
3822 2036
3826 2038
3827 84
3827 135
3827 1494
3828 592
3829 1663
3829 1835
3830 337
3830 500
3831 2279
3833 1235
3833 1275
3834 218
3834 1181
3834 2037
3837 9
3837 661
3839 731
3840 1182
3841 1860
3841 2239
3842 1230
3843 1920
3844 1486
3846 301
3847 404
3848 1110
3850 513
3852 2116
3853 1389
3855 1229
3856 259
3856 969
3858 586
3861 360
3861 1392
3865 467
3873 2006
3874 1778
3875 449
3876 1290
3877 26
3882 549
3885 1653
3892 235
3893 1095
3893 2265
3895 425
3895 1501
3898 1884
3902 340
3903 56
3906 1214
3906 1636
3906 1713
3909 1210
3913 2059
3914 1563
3916 1660
3918 274
3918 1264
3919 319
3921 694
3924 540
3924 1362
3926 1443
3926 1616
3926 2148
3927 1302
3928 672
3929 2125
3930 48
3932 582
3936 523
3937 385
3938 1016
3938 2206
3939 2054
3940 8
3940 787
3943 1056
3946 1190
3946 1586
3946 1789
3947 116
3947 2130
3948 596
3956 670
3957 1746
3963 443
3964 1204
3966 377
3967 2006
3968 528
3970 1498
3970 1903
3972 838
3977 515
3981 1631
3983 1011
3983 1553
3983 1590
3984 2116
3987 821
3988 975
3990 979
3991 206
3995 1203
3996 1499
3996 2282
3997 791
4000 1925
4001 511
4002 1077
4003 188
4005 306
4005 1119
4006 647
4006 724
4007 165
4009 1604
4010 156
4010 1203
4010 1901
4015 340
4015 1092
4015 1571
4018 90
4018 152
4019 130
4019 1447
4019 2007
4020 1849
4023 824
4024 1036
4027 512
4027 851
4028 324
4028 2110
4031 1969
4034 1173
4036 6
4039 265
4043 1010
4047 616
4047 619
4050 1319
4050 1589
4053 139
4054 120
4054 1674
4060 1014
4061 1925
4062 1564
4065 1907
4067 1848
4069 659
4070 469
4072 696
4072 1913
4075 1360
4078 1407
4079 534
4079 1420
4080 643
4082 454
4082 2018
4083 1458
4085 2081
4090 1104
4091 1571
4099 1401
4101 619
4104 617
4105 462
4106 963
4108 91
4112 134
4114 307
4121 467
4121 759
4123 1498
4126 1256
4129 2241
4130 144
4130 381
4132 89
4135 1785
4138 2222
4139 313
4140 304
4141 449
4144 1759
4145 2123
4153 862
4155 196
4155 985
4157 1845
4162 615
4162 1188
4162 2286
4163 925
4166 168
4166 1852
4167 1679
4169 1993
4172 867
4172 1411
4174 1878
4178 580
4181 214
4181 1510
4182 1402
4182 1422
4182 2224
4185 1858
4185 2281
4186 1428
4186 2082
4187 860
4188 1127
4192 394
4192 1741
4193 1071
4202 2116
4206 819
4209 118
4210 836
4211 200
4214 1724
4216 1578
4222 1524
4226 827
4227 1730
4228 631
4229 1808
4230 231
4231 38
4234 1754
4238 1395
4241 1913
4242 196
4242 782
4244 6
4244 2170
4246 1849
4248 420
4250 447
4251 2071
4253 155
4253 1414
4253 1611
4254 38
4255 2069
4260 474
4261 1802
4263 83
4264 825
4264 1294
4265 187
4265 1465
4267 679
4270 1160
4270 1369
4274 2274
4275 240
4276 791
4277 580
4278 1540
4279 91
4279 557
4283 1448
4284 551
4286 368
4288 2107
4289 190
4290 2150
4294 39
4295 643
4300 2095
4302 173
4303 125
4305 2254
4306 1193
4307 2136
4310 240
4312 526
4312 681
4312 1092
4312 1414
4312 1605
4313 1772
4315 1104
4317 1077
4317 1234
4317 1250
4324 602
4324 2080
4325 2175
4326 1707
4327 1326
4341 910
4344 759
4344 849
4345 2279
4348 1773
4349 1681
4353 1549
4357 384
4359 2073
4360 80
4362 804
4366 2167
4372 1021
4376 1492
4376 2021
4379 1247
4383 2215
4384 230
4384 578
4384 899
4388 1920
4391 1179
4391 1938
4393 1793
4401 1380
4403 526
4403 758
4405 977
4406 264
4406 2140
4407 1222
4407 1475
4408 2185
4410 1323
4411 540
4412 960
4412 1782
4414 492
4414 1396
4414 1709
4415 512
4417 701
4417 1252
4418 1250
4424 809
4424 1988
4426 1969
4428 651
4428 1169
4431 631
4432 1366
4432 2008
4436 506
4440 1165
4440 2193
4441 1554
4442 1828
4443 21
4446 553
4446 1823
4447 988
4451 1303
4452 2210
4455 1249
4459 496
4461 455
4462 146
4463 374
4464 1097
4464 2088
4465 1739
4467 1214
4469 2202
4470 1819
4471 1100
4471 1866
4473 753
4474 1232
4476 228
4481 2242
4482 204
4484 295
4484 1567
4486 210
4488 1246
4490 1538
4491 1608
4492 123
4493 1712
4494 725
4500 1791
4504 1931
4506 1836
4507 942
4508 724
4511 1085
4512 740
4514 1136
4514 1605
4515 327
4515 429
4516 1403
4517 1780
4517 2183
4520 4
4523 1055
4524 34
4528 79
4529 1675
4529 1943
4530 1600
4533 441
4534 1833
4537 1130
4538 1914
4542 806
4548 171
4551 970
4552 126
4552 1394
4554 1248
4561 520
4561 717
4561 1289
4562 1699
4568 50
4568 723
4569 237
4570 85
4572 25
4573 941
4574 1524
4576 911
4576 944
4578 2177
4579 763
4581 229
4581 1295
4582 1514
4586 781
4586 931
4588 949
4588 1935
4589 1491
4591 302
4593 2245
4597 530
4598 1813
4598 2223
4602 1602
4607 1698
4609 1341
4610 266
4611 1199
4613 1652
4615 869
4616 944
4616 1007
4616 1261
4617 2172
4619 1608
4620 431
4621 757
4624 1139
4625 2090
4626 1754
4631 133
4631 469
4631 940
4631 1084
4631 1589
4634 1638
4634 1639
4635 2209
4636 305
4641 1413
4643 1187
4643 1245
4644 1524
4645 931
4646 599
4646 1555
4647 1026
4650 802
4651 712
4651 1125
4654 1570
4654 1813
4655 611
4655 1238
4656 300
4657 1727
4663 2173
4668 862
4668 1288
4669 301
4671 517
4675 1160
4675 1499
4675 1911
4678 995
4687 841
4688 562
4690 991
4692 1344
4693 317
4693 829
4694 721
4699 1391
4700 478
4702 1702
4704 393
4704 1879
4711 150
4713 265
4713 2032
4714 1562
4715 144
4715 1015
4719 1031
4720 1535
4721 134
4721 1492
4722 1159
4723 1493
4726 730
4728 518
4733 69
4734 141
4735 1525
4737 1215
4740 474
4742 1820
4743 43
4743 1283
4744 260
4744 522
4746 106
4748 1796
4750 751
4751 470
4755 1353
4756 342
4757 1496
4759 102
4760 505
4761 2276
4763 1720
4763 2124
4766 2103
4767 1650
4770 435
4771 2202
4772 172
4774 1966
4775 1362
4776 14
4778 1868
4779 2278
4780 320
4782 1887
4784 356
4784 1526
4784 2117
4788 1462
4789 2238
4790 230
4795 987
4796 99
4796 823
4798 564
4800 903
4803 1222
4805 96
4805 230
4805 692
4807 1022
4807 1586
4809 1493
4811 1767
4812 1852
4813 2172
4815 1120
4817 1310
4821 1694
4825 1309
4827 137
4828 1855
4829 250
4831 1467
4833 221
4833 494
4836 985
4838 8
4838 517
4838 988
4839 1006
4840 1170
4843 383
4843 394
4843 478
4843 1844
4844 2164
4845 260
4847 885
4848 2092
4849 1886
4850 525
4853 211
4854 507
4854 1789
4855 1613
4856 530
4858 1289
4860 1547
4860 2185
4862 858
4864 138
4864 2223
4865 1665
4866 409
4868 820
4873 1197
4877 161
4877 213
4880 472
4883 1728
4889 471
4889 2129
4890 2093
4892 567
4893 2071
4897 5
4897 473
4898 1703
4899 717
4901 786
4905 2219
4906 1701
4907 1308
4907 2082
4909 545
4909 1405
4913 1863
4914 1592
4917 181
4917 1001
4917 2217
4918 97
4920 2263
4922 22
4923 422
4924 868
4924 1061
4925 1861
4926 888
4928 1858
4929 18
4933 947
4935 1137
4937 1549
4939 1741
4940 1756
4945 1239
4946 1484
4949 876
4949 1351
4951 1031
4952 20
4953 165
4954 348
4954 1258
4957 564
4958 1161
4963 1880
4966 2298
4967 1544
4971 1404
4973 1323
4974 462
4975 50
4975 1845
4976 1381
4978 1601
4979 2199
4980 83
4980 295
4980 1358
4983 1592
4984 2084
4986 1439
4988 180
4988 2106
4989 918
4989 2069
4991 539
4992 210
4992 1596
4994 280
4996 1524
4997 1075
4998 774
5002 956
5004 2069
5008 258
5008 313
5008 528
5010 1527
5012 1563
5013 2102
5015 1343
5015 1461
5019 753
5020 1428
5024 1434
5024 1454
5027 2268
5032 170
5032 838
5034 36
5036 889
5040 6
5041 967
5045 770
5046 803
5049 118
5049 1178
5051 2126
5052 717
5052 1963
5052 2129
5053 115
5054 918
5057 2009
5060 287
5060 876
5060 1965
5061 1491
5062 2206
5064 2139
5065 1366
5068 219
5069 80
5071 434
5071 1762
5079 376
5079 949
5079 1282
5079 1681
5082 1543
5082 1595
5083 2065
5086 527
5086 565
5088 967
5090 576
5090 1374
5091 774
5093 1030
5095 2296
5096 1500
5097 371
5100 1777
5102 2180
5104 1023
5104 1171
5104 1364
5104 2262
5106 1123
5109 298
5110 288
5110 1690
5116 1777
5116 2295
5117 415
5117 1964
5119 195
5121 1951
5122 1585
5123 915
5123 987
5124 713
5124 1629
5129 1964
5130 1349
5131 395
5132 2061
5133 1654
5137 1964
5139 703
5140 1399
5140 1558
5143 572
5143 2120
5145 871
5146 1348
5146 2005
5148 77
5148 404
5148 2192
5153 1195
5154 190
5154 2144
5156 1366
5157 1062
5160 1174
5162 1083
5167 93
5167 1243
5167 2275
5168 1003
5169 1496
5172 904
5173 608
5173 825
5175 749
5175 1268
5175 1509
5175 1579
5175 1979
5177 28
5177 1726
5177 2124
5178 628
5184 1664
5186 289
5186 1951
5187 313
5187 1632
5189 393
5190 20
5190 1422
5192 2053
5193 2187
5194 1044
5195 360
5196 9
5201 2174
5203 704
5204 788
5206 2233
5207 922
5208 884
5210 1130
5210 1514
5211 1559
5213 140
5214 303
5214 1808
5218 399
5218 1256
5218 1625
5219 182
5222 609
5224 444
5225 609
5228 435
5232 329
5232 1292
5233 152
5233 1422
5238 340
5241 352
5241 616
5242 48
5242 1570
5242 1599
5244 1506
5248 676
5249 1247
5250 512
5250 851
5251 1641
5252 337
5254 628
5255 756
5255 1742
5256 2300
5257 2157
5258 1948
5259 508
5259 1954
5263 1441
5265 2054
5265 2129
5266 329
5269 121
5276 1110
5278 1001
5279 117
5280 296
5282 1759
5282 1812
5284 1360
5284 2218
5285 1111
5286 1316
5286 1867
5287 958
5288 2061
5289 131
5293 880
5293 1178
5294 1007
5298 277
5298 2251
5300 90
5302 2192
5305 2095
5306 1781
5310 836
5311 1267
5311 2060
5316 1412
5317 404
5324 578
5325 1968
5326 1373
5330 1206
5331 1182
5332 692
5332 843
5332 1662
5333 526
5338 2074
5340 98
5343 301
5343 891
5343 1358
5343 1597
5344 1152
5348 268
5349 1251
5352 1109
5353 1122
5354 1182
5355 716
5356 490
5357 903
5363 1964
5366 195
5368 1241
5369 1580
5374 266
5375 1519
5380 1333
5383 223
5385 178
5386 1955
5388 360
5389 947
5390 1426
5394 331
5395 1522
5396 229
5396 1405
5396 1539
5397 110
5397 1864
5399 685
5399 2256
5401 830
5402 256
5402 1065
5404 2121
5409 555
5412 631
5412 1029
5413 1981
5414 1754
5415 1360
5416 1801
5420 1663
5424 61
5425 889
5428 996
5428 1876
5429 772
5431 1173
5434 1139
5435 85
5437 1468
5438 1129
5438 2095
5439 1559
5439 1794
5440 1213
5442 1961
5442 2118
5443 2023
5448 649
5448 1781
5449 723
5449 2109
5450 2243
5454 239
5456 2004
5458 802
5460 82
5463 962
5465 1725
5466 1130
5469 613
5472 704
5472 1805
5472 2239
5475 2274
5477 156
5478 942
5481 305
5481 1652
5482 414
5483 417
5484 2124
5485 1768
5485 1919
5486 1500
5488 38
5489 116
5489 1199
5490 381
5490 1314
5492 238
5492 297
5493 700
5494 1881
5496 1481
5496 1973
5497 233
5499 2134
5501 2037
5502 1055
5502 1425
5505 890
5505 1322
5508 21
5509 64
5509 156
5509 433
5510 1336
5510 2181
5511 1483
5516 1468
5518 1003
5522 1511
5524 986
5527 565
5527 841
5530 1529
5531 1252
5531 1923
5533 100
5538 439
5538 1523
5541 730

