4742 9288 474
1 1
15 7525
16 6025
42 8810
47 4425
49 248
55 6780
70 4972
73 1702
128 4533
145 838
162 7722
169 6215
172 3735
178 1108
204 503
224 8013
240 4864
246 2001
256 1359
256 8679
262 5907
297 985
298 2938
326 1198
347 5696
366 8554
371 3212
372 3955
376 1865
376 4062
421 8549
439 983
449 8781
455 5975
461 6017
468 5643
476 8681
477 4894
483 177
487 5573
493 990
508 564
508 6796
521 4308
529 1459
555 7260
595 3608
607 5885
610 4073
615 1989
615 5792
644 2709
646 7690
648 2319
657 2751
667 6199
693 3236
702 566
708 6138
711 6283
734 7942
735 8958
740 7117
742 1401
746 1851
758 5789
773 4814
788 2001
794 5368
807 7748
817 8347
830 8302
839 209
845 4058
860 6550
864 6637
881 5214
889 3049
907 1659
911 3058
915 6295
923 2479
931 123
931 6619
939 6062
942 9281
957 3315
961 1554
967 2013
986 7386
990 1580
990 3942
996 5942
1004 8754
1005 3994
1008 9057
1014 5167
1027 2971
1029 263
1038 8856
1041 7298
1043 2612
1047 5994
1071 8855
1077 1962
1079 1762
1088 2402
1094 3133
1116 9278
1118 276
1118 923
1118 5461
1127 8763
1149 5537
1156 4800
1161 8067
1189 2071
1199 6581
1202 1938
1209 7241
1213 602
1219 2753
1239 5058
1254 7880
1303 6136
1304 9266
1311 515
1322 1700
1327 6406
1333 5251
1353 455
1376 2897
1376 5508
1390 3612
1390 6414
1397 8197
1402 8944
1439 1763
1444 3549
1449 3841
1455 101
1499 289
1519 8147
1520 4765
1526 4999
1548 1778
1551 6660
1554 192
1567 8747
1573 570
1579 4833
1600 257
1608 693
1608 5750
1615 5303
1639 4859
1642 7062
1648 8596
1666 4916
1668 2126
1681 897
1688 5020
1692 2704
1697 5846
1697 6109
1702 3228
1715 844
1715 8940
1720 6683
1720 7519
1758 8914
1780 7313
1785 6005
1787 2766
1800 8169
1810 7799
1812 6747
1846 5927
1849 4212
1849 7625
1855 4644
1859 9091
1870 4724
1887 748
1898 7193
1909 2841
1925 4806
1925 8538
1941 1781
1952 8995
1957 7574
1959 8608
1963 305
1973 9131
1982 3995
1988 5989
1998 6038
2016 147
2019 4658
2020 1910
2020 8256
2034 6985
2054 2211
2065 5241
2070 4128
2076 6194
2090 8142
2099 6900
2112 4616
2116 1140
2124 6142
2131 3821
2133 3678
2150 2213
2166 4755
2177 5105
2186 2453
2188 3778
2198 946
2200 345
2219 2852
2223 5706
2228 6080
2245 6172
2268 1161
2268 9204
2269 1569
2278 23
2290 3473
2302 7900
2307 2289
2320 6009
2332 2214
2359 6140
2360 58
2367 8339
2374 3753
2375 2258
2380 1824
2395 4777
2410 7543
2420 7953
2442 1242
2472 1947
2472 3725
2476 4091
2479 3098
2489 5248
2494 1744
2498 111
2537 3774
2551 6449
2555 5276
2563 1716
2563 7462
2569 4686
2599 1478
2605 9032
2608 5545
2612 8621
2616 7734
2634 6572
2641 3001
2655 5801
2663 2409
2686 1324
2692 7692
2699 4428
2700 3608
2704 2953
2707 6701
2718 9144
2726 372
2739 6172
2780 3066
2780 7409
2790 6434
2792 4002
2797 7636
2801 3846
2803 2848
2837 9280
2861 7471
2873 2050
2874 4939
2877 8286
2890 5745
2891 8958
2893 4518
2899 3754
2901 8767
2902 8125
2954 5274
2985 1824
2987 7116
2994 8294
2997 243
3000 4625
3002 6535
3024 702
3025 4456
3045 7635
3066 3191
3075 1291
3079 4977
3095 5339
3096 6453
3103 4708
3123 6352
3131 3225
3141 1554
3145 3017
3159 3911
3160 3100
3163 5614
3178 8393
3184 309
3188 7895
3191 2459
3218 7949
3221 682
3230 5590
3243 1144
3253 2706
3255 5192
3323 842
3333 6575
3335 6950
3348 174
3357 8228
3359 5313
3363 5581
3381 5506
3393 9093
3409 3936
3414 8055
3417 2245
3417 6999
3422 4694
3433 8807
3443 3417
3449 4358
3453 4454
3456 1727
3466 6417
3466 8563
3490 1007
3491 7743
3500 6112
3514 8664
3520 6557
3533 3205
3533 3406
3538 998
3542 5872
3566 8175
3568 9218
3569 8960
3575 5120
3579 5119
3580 780
3582 5526
3593 2612
3594 3376
3599 7429
3607 6715
3633 1424
3634 6022
3638 670
3638 4402
3659 2463
3661 8503
3672 4119
3681 5324
3687 2870
3689 845
3695 132
3695 7037
3718 2607
3740 7354
3753 7282
3768 4528
3771 7504
3773 7360
3785 7313
3801 8053
3807 8712
3815 4208
3839 8030
3855 5600
3874 8368
3880 6524
3881 3778
3899 609
3907 1809
3929 4262
3929 6062
3931 1774
3932 6844
3934 5376
3936 4495
3937 8823
3939 2527
3945 3795
3961 7049
3963 392
3966 1723
3982 8512
3997 4395
4001 493
4018 582
4020 7180
4025 3594
4025 7823
4052 3934
4054 306
4054 7101
4057 192
4092 1720
4104 4900
4107 801
4107 4075
4110 7163
4118 3661
4121 2007
4144 3138
4147 6263
4161 5348
4164 8604
4188 5543
4206 5845
4209 9139
4217 6043
4247 3024
4249 2313
4254 6632
4258 4764
4263 5178
4271 442
4282 8847
4290 1510
4300 3611
4311 5340
4345 5606
4347 2742
4361 743
4361 6104
4367 8957
4371 1653
4377 7662
4381 9103
4384 8364
4422 6379
4430 683
4454 2930
4469 3701
4473 4242
4477 2546
4486 428
4487 596
4489 8982
4512 2150
4515 3736
4527 1545
4541 7635
4612 2902
4616 2601
4641 943
4683 2396
4704 5547
4712 7462
4720 4078
4740 7502

