390 4205 1492
1 1
1 2422
1 2556
2 2491
2 3929
3 2044
3 2106
4 88
4 376
4 1252
4 2029
4 3176
4 3563
4 3916
5 1828
6 698
6 1268
6 2867
6 3494
6 3657
7 2072
7 4050
8 118
8 137
8 1204
8 2570
9 1578
9 3446
9 4023
10 1121
10 1275
10 2502
10 2984
10 3548
11 1447
11 3087
11 3136
12 1570
12 2019
12 2847
12 2985
12 3305
12 3570
13 44
13 351
13 752
13 2375
14 48
14 1056
14 1131
14 1248
14 2254
14 3917
14 4086
15 605
15 611
15 1450
15 2673
16 244
17 381
17 660
17 1293
17 1820
17 3175
18 413
19 989
19 1999
19 2330
19 3495
20 828
20 1629
20 2041
20 2070
20 2140
20 3497
21 302
21 1807
21 3143
21 3422
21 4040
22 2421
22 3695
23 2677
23 2679
23 3827
24 402
24 2049
25 1115
25 1573
25 1883
26 1444
26 2170
26 2217
26 3283
27 65
27 1226
27 2201
27 2212
27 2514
28 3
28 1489
28 2423
28 4193
29 1937
30 1082
30 2176
31 361
31 1628
31 2029
31 2676
31 2725
31 3151
31 3175
32 2319
32 2347
32 2549
32 2880
33 118
33 1936
33 3088
33 3261
33 3431
34 76
34 185
34 387
34 1363
34 2743
34 3740
34 4197
35 702
35 2365
35 2497
35 2852
35 3304
36 1535
36 1815
36 2348
36 2915
37 1810
37 2467
37 2576
37 3196
37 3887
38 895
38 3122
39 717
39 1284
39 1486
39 2829
40 43
40 1025
40 2166
40 2906
40 2975
41 553
41 931
41 1217
41 1362
41 1768
41 2345
41 2992
41 3299
42 1167
42 1732
43 343
43 3339
44 1082
45 1035
45 1148
45 2712
46 179
46 716
46 2202
46 2553
46 3139
46 3205
47 1347
47 2776
47 3024
48 279
48 1645
48 2380
48 3220
48 3914
48 3974
49 264
49 716
49 2210
49 3585
49 3903
49 4094
50 591
51 1916
52 301
52 442
52 577
52 644
52 1060
52 1498
52 1568
52 2840
52 2859
53 1343
53 2240
53 2335
53 3393
54 3869
55 251
55 687
55 1828
55 2062
55 2516
55 2861
55 2888
55 3015
55 3540
55 3952
56 1204
56 1296
56 2831
56 3138
57 190
57 1889
57 2131
57 2493
57 2546
57 3140
57 3307
58 585
58 765
58 1179
58 3083
59 492
59 534
59 655
59 3068
59 3187
59 3802
60 738
60 1764
60 3084
61 1497
61 2234
61 2760
62 1126
62 2069
62 2931
63 16
63 616
63 2148
63 2520
63 2765
63 2804
63 3079
63 3149
63 3246
63 3364
64 1200
64 2838
65 827
65 984
65 2072
65 2731
65 2914
65 3054
66 373
66 584
67 865
67 4018
67 4154
68 886
68 2691
68 2819
68 2838
69 457
69 2635
69 3640
70 1284
71 3492
72 377
72 967
72 3727
72 4167
73 2698
74 1731
74 1881
74 3857
75 232
75 478
75 1651
75 2098
75 2811
75 3938
75 3992
76 1936
76 2848
76 3170
76 4067
77 600
77 1888
77 3203
78 1020
79 1101
79 3022
80 1860
80 2366
81 1220
81 1356
81 1884
81 1968
81 2450
81 2958
81 3673
82 8
82 333
82 407
82 1075
82 1882
82 2596
83 1588
83 2030
83 3290
84 153
84 1075
84 1136
84 3075
85 179
85 868
85 1052
85 1471
86 556
86 1325
86 3297
86 4123
87 433
87 1065
87 1714
87 1975
87 1976
87 2156
87 2233
87 3695
88 1005
88 1058
88 4021
88 4112
89 12
89 1769
90 571
90 621
90 774
90 1428
90 2122
91 818
91 850
91 3128
91 3425
91 3524
91 3764
92 303
92 1110
92 1356
92 1736
92 3580
92 3837
93 1929
93 2277
94 131
94 459
94 741
94 3390
94 3777
94 4167
95 234
95 1665
95 2289
95 4123
96 114
96 3521
98 581
98 957
98 1698
98 2249
99 1283
99 2213
99 2352
99 2617
99 3663
100 2170
100 2801
100 2918
101 445
101 814
102 639
102 1708
102 3083
103 544
103 831
103 2248
103 4099
104 1540
104 2980
105 619
105 1292
105 2404
105 3611
106 2165
106 2315
106 3665
106 3668
106 3962
107 398
107 2294
107 2302
107 3389
107 3786
108 2599
108 2808
108 2968
108 3599
109 497
109 1148
109 1434
109 1531
109 1830
109 2083
109 2401
109 2851
110 2398
110 2521
110 3042
110 3137
110 3325
110 3883
111 27
111 69
111 512
111 2901
111 2997
111 3313
111 3677
112 747
112 1567
112 1906
112 2476
112 4024
113 193
113 209
113 2597
113 3664
114 93
114 876
114 1221
114 1861
115 27
115 3555
116 2315
116 2624
116 2797
116 2851
116 3805
117 1079
117 1307
117 1469
117 1632
117 2222
117 2307
117 2980
117 3111
117 3758
118 214
118 1612
118 1993
118 2030
118 2257
118 2301
118 3068
118 3728
119 191
119 324
119 3282
119 3491
120 1230
120 2248
120 2646
120 3812
121 961
121 2021
122 1184
122 1326
122 1764
122 3646
123 1013
123 2079
123 2670
123 3131
124 694
124 2116
124 3033
124 3664
124 3805
125 311
125 1326
125 1626
126 453
126 3403
128 108
128 2616
129 2084
129 2149
129 2378
129 3171
130 1777
130 2540
130 3688
131 71
131 550
131 583
131 1186
131 1970
131 2893
131 3078
131 3341
131 3537
132 530
132 1414
132 4084
134 701
134 3286
135 133
135 833
135 2437
135 3363
136 1015
136 2351
136 3228
136 3557
136 3909
137 2502
137 3025
137 3070
137 3324
138 848
138 1344
138 2363
138 2543
138 3867
139 715
139 2801
139 3604
140 281
140 562
140 3093
140 3949
141 83
141 2622
142 1865
143 2102
143 3150
143 3625
144 517
144 2879
144 3669
144 4126
145 1133
145 1502
145 1755
145 2894
145 3408
145 4122
146 37
146 1717
146 2801
146 3694
146 3847
147 1556
147 1918
147 2811
147 4097
148 499
148 2649
149 2897
149 3178
149 3488
150 2701
150 2991
151 3227
151 3656
152 1865
153 759
153 1809
153 2404
153 3197
154 1692
154 1774
154 3684
154 3698
155 651
155 750
155 1534
155 2911
155 3990
156 911
156 2139
156 2989
156 3173
156 3687
157 106
157 1084
157 1381
157 3546
158 2450
159 916
159 2465
159 3613
160 157
160 2621
161 983
161 1189
161 1688
161 2186
162 296
162 854
162 859
162 1597
162 2510
162 3195
162 3200
162 3336
162 4129
163 1860
163 2197
163 2329
163 2922
163 3133
164 2890
164 3559
164 3654
164 3940
165 553
165 2755
165 3652
166 2535
166 2855
166 3601
166 4118
167 4084
168 430
168 671
168 821
168 2148
168 2696
168 2729
168 3262
168 3497
168 3621
169 514
169 1560
169 1856
169 2347
169 3333
170 87
170 582
170 1167
170 2047
170 2051
170 3000
170 3246
170 3713
171 71
171 1401
171 1853
171 2169
172 2205
172 2294
172 2895
172 3166
172 3610
173 1592
173 3435
174 605
174 931
174 1199
174 3846
175 530
175 1497
175 2124
175 2601
176 1327
176 1343
176 1869
176 3777
177 183
177 1047
177 1744
177 1880
177 1922
177 2301
178 1857
178 2598
178 2620
179 193
179 3676
180 1916
180 2868
180 3445
180 3493
180 3984
180 4008
181 1435
181 1970
181 2119
181 2497
182 2183
182 2215
182 2539
183 363
183 462
183 769
183 2416
183 2463
183 2487
184 101
184 224
184 1098
184 1207
184 3516
185 1237
185 1319
185 1539
186 1344
186 1727
186 2929
186 3786
187 280
187 645
187 1556
187 1639
188 211
188 1273
188 1820
188 1867
188 1980
188 2939
188 3115
188 3780
189 1712
189 3556
189 3806
190 136
190 1534
190 3164
190 3635
191 2019
191 3681
192 2006
192 3363
192 3476
193 2380
193 2966
193 3502
194 1044
194 2864
194 3106
195 1515
195 2389
195 2919
195 3367
195 3524
196 2096
197 3434
198 506
198 552
198 1322
198 2319
198 2861
198 3921
199 2537
199 2644
199 3776
200 3529
201 253
201 902
201 1342
201 1471
201 2157
201 3894
202 621
203 577
203 1661
203 2677
203 3284
203 3995
204 498
204 765
204 2944
204 3614
205 321
205 1740
205 2228
205 3908
206 1559
206 2832
206 4203
207 1914
207 3543
207 3790
207 4189
208 621
208 935
208 2019
208 2095
208 2467
208 3109
208 3747
209 360
209 757
209 2257
209 2772
210 3498
210 3560
211 2764
211 3693
212 2627
212 2783
213 3495
213 3828
214 1264
214 1725
214 2479
214 3085
214 3376
214 3492
214 3922
214 4147
215 222
215 1982
216 276
216 1169
216 1421
216 3263
216 3858
217 660
217 1245
217 1319
217 2127
217 2139
217 2345
219 1727
219 2108
219 3455
219 3838
219 4173
220 2431
220 3394
220 3900
221 3335
221 3623
221 3689
221 4138
222 670
222 1640
222 1896
222 1979
222 2082
222 2980
223 3103
223 3562
223 3668
223 3743
224 3064
224 3508
225 1018
225 2798
226 868
227 214
227 275
228 361
228 650
228 3392
229 838
229 2233
230 414
230 610
230 1208
230 2678
230 2962
230 3307
230 3629
231 2115
231 4155
232 94
232 643
232 958
232 1346
232 2671
232 2753
232 3338
233 574
233 1539
233 2428
233 3630
233 4012
234 1640
234 2131
234 2158
234 2679
234 3703
234 3951
235 198
235 740
235 808
235 2915
235 3922
235 4105
236 1119
237 639
237 918
237 3061
238 143
238 2340
238 3964
239 875
239 1419
239 1694
239 2998
239 3302
240 58
240 843
240 2097
240 2814
240 4119
241 1023
241 1213
241 1976
241 2325
242 280
242 331
242 717
242 2524
242 3183
243 690
243 712
243 789
243 2395
243 2431
243 2763
244 1064
244 2887
244 3759
244 4008
244 4172
245 491
245 2327
245 2879
245 3162
245 3252
246 232
246 1003
246 1782
246 2366
246 2415
246 2558
247 190
247 2860
247 2953
248 890
248 1040
248 2647
248 3128
248 3397
249 1754
249 2687
249 3365
249 4191
250 173
250 899
250 1554
251 1125
251 1607
251 4052
252 1372
252 1393
252 1405
252 2804
252 3042
253 599
253 769
253 2341
253 2579
254 696
254 1935
254 2222
254 2872
254 4204
255 4088
256 1099
257 1010
257 1488
257 1767
257 2745
257 3254
257 4098
258 2354
259 2865
259 3715
259 3720
260 673
260 2668
260 2683
261 2134
261 3257
262 2439
262 2955
262 3739
263 31
263 1237
263 2263
263 2768
263 3362
264 656
264 1328
264 1946
264 2415
264 2458
264 2595
264 4086
265 726
265 3148
265 3367
266 2334
267 282
267 287
267 646
267 1196
267 1725
267 1892
267 2774
268 1339
268 1461
268 1946
268 1978
268 2403
268 4026
269 3078
269 3687
270 1155
270 2266
271 1163
271 2938
271 3225
271 3583
271 4072
272 16
272 1026
272 2145
272 2674
272 3054
272 3204
273 1159
273 1777
273 3551
273 3556
273 3695
273 3954
274 462
274 1344
274 1367
274 3091
274 3770
275 491
275 735
275 892
275 1008
275 2605
275 4009
276 322
276 881
276 1298
276 1813
276 1842
276 2777
276 3058
277 940
277 1007
277 1363
277 1595
277 2191
277 2398
277 2828
278 356
278 504
278 762
278 913
278 3057
279 2485
279 3135
280 1155
280 1549
280 1890
280 2507
280 3068
281 631
281 888
281 1381
281 2197
281 2341
281 3396
282 675
282 1822
282 2402
282 2661
282 2823
282 3667
282 3889
282 4158
283 566
283 2967
283 3184
284 4
284 718
285 2581
285 3677
286 508
286 959
286 3646
286 3927
287 3251
288 1090
288 1269
288 1545
288 1882
288 2642
288 3648
288 3743
289 1138
289 1654
289 2753
290 253
290 320
290 346
290 2435
290 3296
291 161
291 165
291 843
291 973
291 1130
291 1551
291 3208
292 2028
293 351
293 1675
293 2345
293 4076
293 4157
294 585
294 848
294 1558
294 2545
295 1577
295 2534
296 603
296 2228
297 171
297 413
297 2636
297 3445
297 3879
298 307
298 1422
298 3471
298 3654
299 1064
299 2547
299 4011
300 426
300 1254
300 1810
301 1420
301 1580
301 3372
301 4177
302 618
302 636
302 2619
302 2711
302 3152
302 3750
302 3925
303 3464
304 2592
304 3225
304 4049
305 669
305 1032
305 2271
305 2297
306 833
306 1295
306 3596
307 2029
307 2730
307 2828
307 3871
308 252
308 949
308 1009
308 3412
309 1274
309 1427
309 2438
309 2605
309 2865
310 4203
311 215
311 2154
311 3368
311 4084
312 893
312 1631
312 3867
313 876
313 1101
313 1635
313 2102
313 3846
314 1277
314 2372
314 3634
314 3909
315 2815
315 3561
315 3618
315 3964
316 3852
317 2004
317 4044
318 2759
318 3560
319 700
319 1779
319 2267
319 2859
319 4082
319 4124
319 4176
320 779
320 2299
320 2460
320 3505
320 3609
321 2864
322 386
323 564
323 1074
323 2164
323 2170
324 595
324 1261
324 1534
324 1897
324 2792
324 3816
324 4017
325 228
325 786
326 126
326 1608
326 2213
327 1951
327 1961
327 2533
327 3876
328 2289
328 2520
328 3750
329 953
329 1044
329 1075
329 2506
329 2779
329 2833
330 1046
331 938
331 1398
331 1840
331 3743
331 3749
332 4109
333 1197
333 1556
333 1655
333 1740
333 2817
333 3155
333 3498
333 3538
334 213
334 1373
334 2236
334 3764
335 956
335 1429
335 2771
335 3263
335 3721
335 3864
336 1819
336 2236
336 3106
336 3741
337 888
337 1774
337 2681
337 3383
337 3804
338 1193
338 1874
338 2563
339 1245
340 1317
340 2384
340 2743
340 3359
340 3394
341 2547
343 2715
344 615
344 3480
344 3547
344 3768
345 311
345 3361
346 834
347 1125
347 2518
347 3089
347 3584
348 1659
348 1724
348 2245
349 200
349 574
349 627
349 1932
349 2377
349 3503
349 3934
350 2432
350 3933
351 1786
351 1878
351 2634
352 235
352 1641
352 1734
352 3958
353 433
353 987
353 1909
353 3102
353 3190
354 660
354 2036
354 2622
355 321
355 531
355 669
355 3168
356 1434
356 2379
356 3200
357 3164
358 428
358 771
358 1794
358 2573
358 3713
359 1794
359 2332
359 2780
359 2961
359 3369
360 2262
360 2920
360 4090
361 1123
361 2965
361 3562
361 4096
362 629
362 1509
362 2765
363 210
363 1247
363 3852
364 752
364 761
364 863
365 354
365 507
365 1519
365 2034
365 2065
366 2252
366 2431
366 2544
366 4113
367 1608
367 1941
367 2486
367 2630
367 2864
369 290
369 1374
369 1445
369 1627
369 2127
369 2530
370 3057
370 3651
371 627
371 3047
371 4181
372 85
372 1431
372 2947
372 3622
372 3822
372 3984
373 435
373 1011
373 3627
373 3736
374 35
374 86
374 120
374 1227
374 1258
374 1274
374 3356
374 3660
375 2428
375 3639
375 3669
375 4059
376 937
376 2640
377 196
377 515
378 549
378 3356
378 3810
378 4009
378 4172
379 722
379 3553
380 1401
380 1948
380 2995
381 2917
381 3041
382 1486
382 1526
383 665
383 930
383 2027
383 2591
383 4164
384 1418
384 1776
384 2889
385 799
385 1054
385 2699
385 4049
386 3042
387 536
387 917
387 1037
387 2059
387 2134
387 2716
387 2737
388 199
388 3104
388 3890
390 627
390 1584
390 1945
390 3410

