165 999 1071
1 1
1 31
1 116
1 269
1 298
1 436
1 549
1 586
1 677
1 774
2 36
2 425
2 508
3 59
3 116
3 160
3 858
4 101
4 139
4 155
4 288
4 400
4 602
4 830
4 980
5 25
5 56
5 357
5 738
5 780
6 19
6 133
6 257
6 311
6 330
6 418
6 619
6 747
6 764
6 872
7 33
7 493
7 567
7 659
7 862
7 866
7 884
7 925
8 37
8 43
8 288
8 600
8 644
8 717
8 800
8 807
8 941
9 49
9 141
9 315
9 546
9 802
9 897
9 903
9 973
10 142
10 335
10 344
10 513
10 608
10 679
10 705
10 706
10 810
10 832
10 989
11 196
11 470
11 690
11 713
11 964
12 109
12 209
12 406
12 741
12 794
13 116
13 203
13 285
13 469
13 592
13 736
13 764
13 859
13 941
14 179
14 243
14 264
14 573
14 694
14 921
15 76
15 189
15 289
15 497
15 526
15 558
16 89
16 571
16 600
16 997
17 84
17 98
17 207
17 398
17 424
17 816
18 9
18 94
18 334
18 427
18 452
18 747
19 37
19 250
19 389
19 495
19 575
19 705
20 14
20 15
20 397
20 453
20 772
21 502
21 773
22 44
22 73
22 260
22 396
22 403
22 521
22 555
22 728
22 857
22 968
23 62
23 91
23 181
23 469
23 585
23 625
23 850
24 26
24 51
24 191
24 327
24 357
24 529
25 115
25 125
25 324
25 441
25 516
25 713
25 810
25 880
25 898
26 605
26 687
26 709
26 878
26 957
27 35
27 114
27 242
27 615
27 648
27 656
27 899
27 913
28 21
28 196
28 321
28 353
28 367
28 884
29 18
29 37
29 97
29 281
29 347
29 438
29 486
29 789
29 876
29 965
30 78
30 85
30 93
30 113
30 158
30 646
30 803
30 875
31 103
31 341
31 496
31 589
31 707
31 939
32 152
32 266
32 303
32 343
32 396
32 426
32 476
32 690
32 742
32 883
32 950
33 365
33 386
33 438
33 493
33 550
33 552
33 689
33 701
33 737
33 754
33 875
33 964
34 293
34 334
34 524
34 747
34 845
35 102
35 157
35 792
35 855
36 38
36 44
36 303
36 338
36 825
37 315
37 418
37 532
37 826
37 961
38 31
38 191
38 340
38 397
38 480
38 733
38 870
39 216
39 615
39 910
40 49
40 143
40 360
40 361
40 525
40 909
41 90
41 612
41 619
41 699
41 731
41 747
41 871
41 897
41 944
41 995
42 241
42 330
42 486
42 945
43 18
43 42
43 310
43 692
43 700
43 854
44 277
44 339
44 663
44 716
44 822
44 841
44 956
45 188
45 455
45 514
45 621
45 922
46 94
46 175
46 403
46 613
46 770
46 796
46 815
47 442
47 609
47 714
47 747
47 964
48 24
48 27
48 112
48 358
48 423
48 454
48 459
48 465
48 469
48 483
48 605
48 858
49 41
49 103
49 323
49 770
50 85
50 256
50 435
50 665
50 719
50 948
50 959
51 92
51 220
51 261
51 382
51 405
51 708
51 824
51 889
52 29
52 348
52 380
52 447
52 565
52 604
52 984
53 217
53 247
53 264
53 365
53 442
53 685
54 197
54 256
54 412
54 416
54 789
55 36
55 49
55 84
55 260
55 588
55 649
55 656
55 915
55 939
55 956
56 146
56 254
56 443
56 478
56 510
56 586
56 614
57 67
57 148
57 317
57 544
57 623
57 650
58 169
58 236
58 244
58 249
58 274
58 526
58 556
58 798
58 829
58 978
59 37
59 98
59 219
59 410
59 426
59 518
59 530
59 805
59 905
59 932
60 169
60 304
60 349
60 608
60 830
60 926
61 144
61 198
61 572
61 577
61 649
61 895
61 913
61 945
62 220
62 372
62 425
62 925
62 931
62 963
62 969
63 594
63 595
63 976
64 373
64 548
64 588
64 766
64 772
65 20
65 324
65 433
65 530
65 614
65 894
65 906
65 916
67 185
67 224
67 298
67 485
67 581
67 641
68 310
68 343
68 771
68 779
68 920
69 80
69 131
69 162
69 353
69 658
69 889
69 947
70 18
70 177
70 279
70 538
70 839
70 894
70 903
70 977
71 49
71 192
71 291
71 292
71 428
71 973
72 299
72 308
72 418
72 473
72 583
72 644
72 725
73 75
73 104
73 221
73 342
73 374
73 865
74 296
74 523
74 621
75 120
75 149
75 786
75 907
76 271
76 302
76 815
76 976
77 42
77 833
77 867
77 947
78 51
78 64
78 191
78 295
78 314
78 457
78 650
78 796
78 919
79 365
79 484
79 698
79 954
80 10
80 453
80 468
80 470
80 558
80 598
80 699
80 724
80 817
81 67
81 92
81 160
81 260
81 414
81 439
81 617
81 753
82 80
82 177
82 187
82 205
82 627
82 883
82 901
83 128
83 277
83 343
83 445
83 606
83 761
83 783
83 803
83 996
84 158
84 179
84 726
85 282
85 537
85 644
85 854
85 890
85 913
86 45
86 90
86 530
86 545
86 737
86 826
87 151
87 260
87 376
87 533
87 564
87 822
88 555
88 632
88 923
88 942
89 339
89 418
89 486
90 12
90 29
90 41
90 891
90 940
90 986
91 337
91 388
91 434
91 635
92 405
92 522
92 531
92 547
92 614
92 707
92 896
93 73
93 584
93 636
93 785
93 791
93 853
94 87
94 136
94 203
94 636
94 660
94 790
94 810
94 848
94 988
95 320
95 439
95 600
95 723
95 747
96 47
96 320
96 354
96 516
96 539
96 743
97 18
97 36
97 275
97 346
97 352
97 498
97 885
98 75
98 103
98 223
98 353
98 358
98 432
98 701
99 127
99 640
99 689
100 241
100 365
100 498
101 35
101 156
101 462
101 548
101 564
101 686
101 788
102 59
102 507
102 574
102 735
103 778
103 956
104 415
104 580
104 648
104 924
105 194
105 196
105 351
105 605
105 690
105 716
105 894
105 904
105 924
106 68
106 618
106 675
106 785
106 942
107 445
107 457
107 482
107 649
107 969
108 307
108 466
108 530
108 624
108 719
108 848
109 41
109 157
109 165
109 393
109 632
109 780
109 862
109 880
110 76
110 344
110 365
110 584
110 609
110 641
110 651
110 656
110 740
110 807
111 335
111 565
111 655
111 685
111 731
111 852
112 94
112 505
112 526
112 527
112 528
112 735
112 747
112 858
112 941
112 948
113 132
113 318
113 780
113 895
113 940
113 988
114 32
114 326
114 391
114 785
115 3
115 19
115 29
115 150
115 250
115 460
115 503
115 528
115 993
116 373
116 414
116 511
116 574
116 580
116 828
116 856
116 911
117 64
117 208
117 454
117 609
117 914
118 200
118 291
118 653
118 697
118 984
118 986
119 132
119 138
119 178
119 199
119 553
119 564
119 726
119 729
119 735
119 785
119 989
120 44
120 130
120 450
120 533
120 612
120 763
120 779
120 784
120 850
120 969
121 389
121 669
121 676
121 809
121 861
122 210
122 410
122 423
122 514
122 732
123 166
123 486
123 577
123 718
123 957
124 84
124 213
124 591
124 644
124 745
124 950
124 977
124 980
125 50
125 251
125 285
125 408
125 448
125 608
125 648
125 685
125 739
125 913
125 970
126 34
126 204
126 223
126 354
126 623
126 780
126 906
127 501
127 548
127 724
127 734
128 74
128 83
128 418
128 787
128 913
128 925
128 992
129 6
129 106
129 117
129 152
129 365
129 403
129 532
129 900
129 915
129 929
129 948
130 6
130 602
130 879
130 986
131 372
131 427
131 667
131 822
131 984
132 90
132 161
132 270
132 379
132 550
132 595
132 617
132 644
132 810
133 52
133 525
133 560
133 608
134 402
134 434
134 546
135 46
135 85
135 466
135 475
135 670
135 767
135 855
135 976
135 984
135 994
136 238
136 343
136 555
136 733
136 813
136 819
137 16
137 47
137 85
137 101
137 470
137 763
138 167
138 270
138 388
138 393
138 527
138 709
139 44
139 65
139 463
139 662
139 788
140 22
140 120
141 77
141 218
141 427
141 563
141 981
142 24
142 275
142 340
142 649
142 658
142 684
142 766
142 991
143 33
143 184
143 204
143 260
143 731
143 797
144 32
144 53
144 485
144 561
144 678
144 959
145 39
145 162
145 200
145 217
145 306
145 419
145 735
145 759
145 785
145 826
146 168
146 181
146 311
146 369
146 387
146 444
146 551
146 638
146 640
146 804
146 825
146 857
146 862
147 15
147 86
147 341
147 656
147 952
147 992
148 118
148 210
148 392
148 568
148 619
148 931
149 19
149 191
149 548
150 138
150 301
150 351
150 376
150 383
150 563
150 760
150 994
151 215
151 289
151 562
151 603
151 653
151 658
151 728
151 828
152 12
152 151
152 152
152 195
152 231
152 246
152 377
152 598
152 677
152 722
152 965
153 24
153 38
153 90
153 229
153 247
153 280
153 305
153 318
153 736
153 952
154 301
154 328
154 335
154 418
154 636
155 517
155 549
155 582
155 892
156 154
156 477
156 682
157 361
157 419
157 483
157 607
157 812
157 910
158 54
158 81
158 369
158 605
158 824
159 205
159 300
159 421
159 470
159 528
159 540
159 666
159 849
159 863
160 46
160 158
160 189
160 250
160 384
160 425
160 572
160 674
160 846
160 882
160 892
160 914
161 36
161 316
161 405
161 819
162 193
162 329
162 372
162 533
162 618
162 690
162 735
163 94
163 134
163 297
163 317
163 400
163 465
163 585
163 786
163 935
164 95
164 165
164 453
164 599
164 704
164 833
165 396
165 409
165 863
165 924

