8602 1067 5713
1 1
1 584
1 965
2 615
6 267
6 418
7 382
10 1005
11 728
11 890
14 337
15 258
16 290
16 742
16 831
18 137
21 926
22 34
22 80
22 511
23 412
23 756
23 1067
24 993
25 42
26 196
26 363
26 557
28 238
29 318
29 620
31 908
34 138
34 904
36 124
38 907
41 164
41 574
43 182
43 599
46 544
47 959
55 961
57 666
58 1000
59 672
60 766
61 836
67 325
67 781
70 925
71 43
72 844
73 128
74 922
75 692
76 389
78 497
84 347
85 258
87 345
88 1004
89 625
90 91
90 623
91 665
98 462
100 1011
104 1015
105 825
106 122
108 460
109 834
109 872
110 707
110 724
111 216
111 935
112 916
113 270
113 272
117 635
120 15
121 632
123 249
123 300
125 938
126 35
128 725
128 954
131 680
133 15
135 455
135 725
136 156
136 948
137 4
138 276
140 175
142 743
143 857
146 192
147 827
148 776
153 554
154 486
157 1038
159 229
163 21
163 164
166 1
166 384
168 840
169 377
171 962
172 932
173 541
175 859
175 1054
176 90
177 905
178 505
179 676
181 394
182 595
183 987
185 34
185 490
185 512
189 908
190 104
190 1049
191 146
191 918
194 723
194 933
194 987
195 1019
198 414
198 477
199 203
199 766
201 583
203 1010
208 378
208 415
208 820
208 968
210 582
210 837
211 772
212 656
214 31
214 480
216 699
216 792
216 975
217 112
217 257
219 121
221 3
221 538
222 507
223 510
223 824
226 380
228 698
228 727
229 173
230 649
232 239
232 552
233 552
234 184
234 234
234 752
234 973
239 586
242 167
244 429
244 571
248 401
248 936
249 537
251 186
251 660
251 900
252 554
256 668
257 166
259 647
263 498
263 711
263 1061
265 497
266 271
266 767
267 662
268 949
272 198
272 580
272 687
274 169
278 87
279 250
286 414
287 870
289 401
289 857
293 118
296 555
297 653
297 828
299 679
301 426
302 563
305 984
306 1036
307 693
308 201
309 300
309 1048
312 95
312 225
312 1031
313 934
314 38
314 931
317 381
319 853
321 856
323 470
324 976
330 157
330 737
331 31
331 678
332 183
333 134
333 279
338 629
339 712
340 264
341 982
343 566
351 166
352 431
353 784
355 426
361 232
364 1011
366 79
367 248
368 65
371 320
371 455
373 160
373 752
376 854
376 984
379 465
381 329
381 861
383 276
385 150
386 179
386 368
387 5
388 541
389 25
391 370
392 585
392 666
394 274
397 165
401 22
402 198
404 226
405 96
408 476
408 549
409 332
409 406
410 200
410 532
413 318
413 571
413 1038
417 825
418 188
419 14
419 1031
420 912
423 77
423 875
425 678
426 397
428 290
428 719
429 2
439 55
439 68
439 259
440 243
441 952
441 973
442 285
445 730
446 212
446 260
447 156
448 508
449 136
449 954
450 417
450 769
450 790
451 537
453 7
453 740
455 96
455 552
455 578
458 923
461 392
465 666
465 944
467 941
468 980
469 762
472 38
474 348
476 234
476 531
476 856
480 1067
481 501
482 410
483 526
483 730
484 465
485 479
487 26
489 940
490 252
490 989
491 78
491 441
491 719
492 820
494 17
494 329
494 612
494 853
498 671
503 313
506 776
508 827
510 804
511 999
512 264
512 590
513 878
514 375
516 827
516 915
517 883
519 854
520 489
522 7
523 151
525 177
526 187
528 277
529 183
529 880
529 964
530 814
532 800
535 719
535 755
536 319
538 722
538 1003
539 270
539 332
539 628
541 649
542 156
542 718
546 54
547 399
547 803
548 886
550 829
552 729
552 842
554 394
554 1044
563 76
565 827
568 299
570 359
571 627
572 270
575 584
575 725
579 608
580 870
582 862
584 7
584 23
589 479
589 633
590 368
591 500
593 468
593 473
597 7
599 476
603 645
603 832
603 996
604 504
605 542
609 1035
610 918
612 1043
615 120
615 589
616 788
618 290
618 402
621 444
624 160
625 664
627 286
629 302
631 1012
632 580
633 821
634 228
634 350
634 1025
635 1012
636 230
637 444
637 1022
638 567
638 887
638 909
640 409
640 497
643 858
644 960
646 177
652 519
652 865
654 725
657 496
657 784
659 287
660 786
660 790
666 992
669 10
669 497
671 671
671 777
672 346
672 944
675 1041
677 702
681 529
682 255
683 476
684 274
685 35
685 382
686 290
688 632
688 957
690 955
693 383
694 626
696 717
700 1
702 1016
704 420
704 977
706 510
712 827
712 939
714 904
715 251
716 11
719 1064
722 89
724 428
726 520
726 899
726 932
726 1005
732 522
733 110
733 371
734 746
737 241
738 211
738 907
742 193
743 95
744 205
746 346
746 876
748 696
750 722
753 409
755 87
755 830
756 1007
758 615
760 867
761 895
762 1062
763 427
765 335
765 637
766 729
769 204
770 132
770 558
771 412
771 982
772 345
772 396
773 200
773 924
777 252
777 271
781 595
783 68
783 879
784 356
784 442
786 21
786 235
788 860
789 223
789 799
791 1050
793 425
797 457
797 979
798 45
799 110
800 35
800 135
800 896
801 670
803 57
803 309
804 10
804 358
807 935
808 128
808 406
809 757
810 869
812 190
815 560
817 201
822 4
823 120
823 1024
825 951
829 934
830 161
830 412
830 832
834 1012
840 99
840 921
841 21
841 602
842 14
842 403
843 371
846 50
849 157
849 660
858 1001
860 879
861 953
866 451
867 378
869 35
869 611
871 824
873 419
879 974
880 449
881 697
882 408
882 510
883 896
884 718
888 99
888 795
890 16
891 810
892 363
894 527
895 932
897 232
898 801
898 970
899 862
901 373
902 384
905 282
906 105
906 599
909 794
909 964
910 802
911 642
918 400
922 264
924 288
924 913
926 815
927 283
931 354
936 704
937 270
938 838
941 769
944 942
945 312
947 871
947 891
948 915
949 136
951 903
953 568
954 182
954 677
957 1050
960 491
961 995
962 201
963 733
964 491
966 601
969 100
973 218
977 955
978 204
978 639
979 709
981 92
983 808
984 331
985 490
988 61
993 192
994 605
1001 1012
1001 1024
1003 766
1004 134
1005 110
1007 464
1008 848
1010 313
1010 731
1012 797
1013 589
1014 810
1015 216
1015 941
1016 889
1016 906
1020 687
1020 707
1021 74
1022 235
1023 100
1023 375
1023 709
1025 528
1025 768
1026 943
1027 1022
1028 1050
1029 985
1030 323
1035 1014
1036 318
1038 275
1039 502
1040 897
1041 553
1041 636
1042 937
1043 554
1044 892
1045 65
1047 1021
1051 58
1051 302
1063 215
1064 72
1064 474
1067 426
1068 585
1069 869
1069 959
1073 305
1073 806
1074 407
1075 76
1075 1013
1076 985
1078 313
1078 377
1080 248
1081 319
1082 97
1085 249
1085 750
1087 301
1091 890
1093 321
1094 585
1096 94
1096 616
1098 122
1101 849
1102 215
1102 521
1103 158
1106 782
1109 249
1110 1020
1110 1022
1111 10
1112 188
1113 794
1114 933
1115 234
1117 711
1118 169
1118 1016
1119 420
1120 538
1121 972
1127 78
1129 191
1132 186
1132 467
1132 910
1133 930
1135 770
1138 131
1139 985
1141 428
1143 258
1144 360
1144 828
1148 707
1148 959
1149 103
1149 644
1149 968
1154 112
1155 279
1158 173
1159 45
1160 218
1162 167
1164 307
1165 577
1165 750
1166 282
1166 496
1168 56
1171 129
1171 682
1172 774
1174 252
1174 276
1174 778
1178 343
1178 560
1180 436
1181 205
1182 477
1185 440
1186 570
1187 490
1190 36
1192 214
1192 889
1193 483
1193 721
1196 564
1199 84
1199 535
1202 727
1206 589
1208 66
1214 108
1216 981
1217 789
1218 533
1221 548
1222 229
1222 258
1226 86
1226 108
1226 712
1226 885
1229 900
1230 299
1231 48
1231 163
1231 323
1233 628
1234 287
1237 258
1237 826
1238 703
1239 19
1242 629
1246 516
1246 1066
1247 122
1248 224
1252 967
1254 22
1256 109
1257 988
1259 475
1260 406
1263 580
1265 252
1265 498
1265 958
1268 529
1269 289
1270 22
1271 689
1272 865
1273 184
1273 921
1274 85
1275 329
1278 682
1279 696
1282 348
1285 690
1286 749
1286 1014
1288 200
1290 568
1291 241
1291 1006
1294 850
1296 365
1299 32
1300 599
1301 55
1306 660
1306 966
1307 470
1309 164
1312 713
1315 66
1315 931
1317 479
1319 192
1321 45
1321 302
1323 67
1323 342
1324 597
1326 163
1327 893
1327 911
1330 176
1334 180
1336 589
1341 184
1342 103
1344 463
1345 24
1346 98
1346 507
1348 373
1348 642
1349 812
1352 120
1352 746
1353 717
1355 421
1355 882
1355 966
1356 899
1357 628
1358 717
1359 834
1366 402
1366 734
1366 739
1367 160
1367 682
1372 945
1373 207
1374 808
1376 788
1379 650
1383 790
1389 48
1390 948
1392 273
1392 400
1392 761
1394 1005
1395 397
1397 551
1399 1047
1401 574
1401 668
1401 972
1402 927
1403 561
1405 183
1405 319
1407 345
1407 350
1410 280
1412 742
1413 283
1414 207
1417 135
1417 422
1419 623
1420 453
1420 486
1421 407
1421 726
1423 775
1425 218
1425 992
1428 645
1433 987
1434 981
1436 646
1438 1020
1440 820
1441 375
1441 722
1444 585
1444 895
1445 213
1448 886
1453 233
1455 944
1456 923
1456 965
1457 191
1458 404
1459 592
1466 303
1466 750
1466 868
1468 429
1470 293
1472 42
1472 885
1473 1040
1481 107
1484 566
1487 903
1487 955
1488 913
1489 227
1489 255
1490 487
1490 629
1490 767
1492 908
1494 167
1495 134
1495 941
1496 4
1498 986
1499 890
1500 888
1502 119
1502 708
1502 933
1504 513
1505 405
1506 250
1508 555
1511 968
1512 1036
1513 209
1514 478
1516 659
1516 804
1516 999
1516 1038
1517 921
1518 211
1521 655
1521 769
1522 512
1525 956
1528 710
1529 119
1531 197
1535 267
1538 502
1538 790
1540 301
1544 54
1546 38
1546 1063
1549 396
1555 655
1556 295
1560 824
1563 395
1567 594
1568 773
1569 820
1569 912
1570 825
1571 496
1579 918
1583 70
1583 959
1585 427
1586 989
1588 207
1588 884
1589 298
1589 1054
1592 291
1594 955
1598 215
1599 493
1599 702
1600 81
1600 863
1601 833
1603 348
1603 603
1606 955
1608 304
1610 225
1611 210
1611 608
1612 530
1613 413
1615 179
1615 356
1615 459
1616 412
1616 501
1622 110
1626 931
1632 194
1632 715
1633 744
1634 666
1636 457
1638 261
1642 510
1644 53
1644 586
1647 1065
1650 244
1650 514
1651 631
1652 277
1653 101
1653 418
1653 962
1663 754
1663 954
1669 634
1669 1000
1672 475
1673 934
1675 1059
1678 577
1679 548
1680 353
1685 258
1686 170
1687 844
1688 373
1689 194
1692 556
1702 383
1705 62
1705 229
1706 25
1707 365
1707 567
1708 326
1709 460
1712 316
1716 414
1716 582
1717 51
1717 645
1717 1044
1718 349
1720 717
1722 1016
1724 688
1725 966
1726 656
1726 793
1727 541
1728 456
1728 717
1728 861
1729 1042
1730 249
1734 531
1738 104
1739 335
1740 1000
1746 694
1746 770
1746 867
1750 70
1750 955
1752 350
1754 499
1757 325
1758 345
1761 591
1762 450
1762 980
1764 46
1765 528
1766 104
1778 35
1778 754
1780 644
1784 742
1785 732
1785 1036
1786 542
1787 168
1788 298
1792 122
1794 288
1794 641
1796 252
1796 614
1798 1022
1804 397
1804 525
1804 1024
1806 699
1808 645
1810 67
1810 458
1810 985
1811 89
1814 490
1818 1018
1820 56
1822 794
1823 173
1824 304
1824 390
1825 498
1825 558
1825 1060
1826 271
1830 640
1832 720
1832 890
1834 603
1835 160
1838 124
1839 406
1840 25
1842 594
1845 937
1845 1021
1846 800
1847 145
1847 206
1848 633
1848 719
1849 745
1852 575
1853 841
1853 860
1856 659
1856 985
1858 812
1861 231
1861 350
1861 805
1863 12
1864 494
1865 463
1868 49
1870 723
1870 782
1873 35
1874 483
1875 191
1878 351
1880 46
1882 363
1882 459
1884 467
1890 38
1891 552
1893 464
1894 98
1894 513
1894 587
1895 66
1895 250
1895 1026
1896 1003
1900 151
1901 909
1902 974
1905 5
1905 303
1905 645
1905 935
1905 936
1908 475
1909 80
1912 987
1913 97
1914 29
1915 190
1917 645
1919 1009
1922 587
1923 304
1930 152
1930 330
1935 1003
1936 434
1937 926
1938 930
1943 242
1943 679
1943 847
1947 53
1947 501
1948 174
1948 431
1949 475
1949 784
1952 291
1952 467
1955 667
1957 748
1959 361
1960 611
1962 812
1963 782
1966 406
1974 657
1979 376
1979 397
1980 822
1981 561
1983 461
1986 729
1988 167
1992 1027
1993 336
1995 621
1997 255
1998 710
1999 985
2002 899
2005 200
2006 166
2010 1027
2011 410
2011 725
2012 711
2014 307
2022 738
2023 402
2023 468
2026 191
2026 811
2027 975
2028 722
2029 902
2030 323
2030 775
2031 115
2034 224
2034 1021
2035 684
2038 1064
2042 99
2043 545
2043 692
2044 416
2046 673
2046 776
2046 983
2047 890
2049 468
2049 692
2051 308
2052 136
2053 310
2054 475
2055 391
2056 235
2059 18
2059 1012
2060 534
2061 71
2061 842
2066 320
2066 796
2069 689
2072 583
2072 600
2072 830
2076 175
2076 620
2077 659
2081 35
2081 631
2082 671
2086 314
2089 687
2092 541
2093 123
2093 889
2095 565
2095 747
2097 100
2100 192
2100 883
2102 171
2103 292
2103 590
2104 694
2104 782
2105 113
2105 343
2105 938
2106 142
2106 337
2107 85
2108 464
2109 386
2110 158
2111 101
2115 844
2116 208
2117 1010
2121 787
2125 382
2128 289
2128 492
2130 968
2131 1059
2132 729
2132 1033
2137 165
2137 497
2137 600
2139 13
2140 408
2142 831
2147 826
2147 914
2150 504
2152 266
2153 947
2155 112
2161 120
2162 812
2166 213
2166 761
2168 878
2169 105
2172 634
2173 40
2174 480
2178 357
2178 856
2180 171
2180 1011
2182 566
2188 744
2190 158
2199 1058
2200 390
2200 797
2201 1060
2206 459
2210 246
2210 619
2210 1016
2211 516
2212 828
2214 724
2217 393
2219 352
2221 851
2222 310
2224 128
2225 785
2226 108
2226 548
2230 958
2232 681
2232 879
2234 469
2234 735
2234 798
2236 459
2236 655
2237 161
2240 785
2243 231
2244 983
2245 465
2245 510
2246 1045
2248 60
2250 771
2251 561
2252 226
2252 408
2254 298
2255 880
2256 72
2257 467
2258 58
2258 609
2258 727
2260 529
2261 41
2264 221
2267 136
2267 187
2268 333
2272 204
2274 143
2276 957
2277 850
2278 575
2280 1036
2281 388
2286 333
2287 37
2288 973
2289 259
2290 1011
2292 1049
2294 806
2297 363
2298 50
2302 593
2302 742
2303 1025
2305 39
2305 325
2305 539
2305 731
2305 827
2308 518
2308 896
2309 898
2310 144
2310 644
2312 853
2317 214
2317 684
2322 1061
2323 273
2323 825
2324 890
2325 922
2328 345
2330 481
2334 644
2334 941
2335 431
2336 155
2337 725
2338 207
2338 257
2339 342
2339 344
2339 846
2341 580
2345 1037
2346 97
2346 1020
2349 459
2349 1055
2351 80
2351 322
2351 638
2353 873
2358 68
2360 84
2364 979
2366 236
2367 268
2367 770
2371 181
2371 451
2376 609
2376 978
2379 720
2379 1000
2380 476
2382 40
2389 260
2389 874
2391 603
2392 391
2395 763
2396 624
2397 192
2398 2
2398 85
2399 1044
2401 688
2404 9
2404 674
2406 861
2406 912
2408 30
2410 991
2411 24
2412 843
2413 11
2413 770
2415 56
2416 683
2417 711
2418 210
2419 173
2420 309
2422 332
2424 831
2425 375
2426 25
2426 809
2429 908
2430 577
2430 937
2431 43
2431 308
2433 218
2434 851
2437 419
2438 741
2442 873
2443 65
2443 741
2444 294
2447 858
2447 1002
2448 52
2449 655
2454 250
2455 680
2456 499
2458 1027
2459 76
2461 811
2461 833
2463 152
2465 203
2465 461
2466 469
2467 850
2468 920
2469 570
2472 65
2475 35
2479 159
2479 481
2483 790
2486 462
2488 659
2490 266
2491 218
2492 292
2493 359
2495 1015
2501 1025
2504 534
2506 618
2508 42
2508 412
2509 249
2511 147
2512 547
2514 131
2514 461
2514 924
2517 464
2518 734
2520 70
2524 54
2525 578
2526 920
2527 155
2527 490
2530 629
2530 991
2532 776
2534 491
2534 656
2536 940
2537 191
2539 672
2539 689
2540 646
2544 901
2546 575
2547 549
2548 791
2549 335
2549 911
2550 329
2551 921
2553 156
2553 914
2555 282
2562 245
2562 598
2566 775
2567 687
2569 264
2570 816
2571 34
2573 59
2577 369
2577 782
2580 29
2580 789
2583 722
2584 252
2584 832
2585 713
2588 218
2588 974
2590 533
2593 71
2593 979
2594 958
2595 66
2595 148
2599 217
2599 567
2600 387
2600 944
2601 258
2601 936
2606 373
2608 490
2613 604
2613 1042
2615 751
2616 330
2617 236
2617 800
2618 780
2618 920
2620 208
2620 375
2624 810
2625 1029
2630 203
2631 214
2633 564
2633 580
2634 641
2635 225
2635 684
2638 681
2641 48
2642 329
2645 239
2645 886
2647 459
2649 55
2649 300
2649 331
2650 487
2651 125
2651 749
2651 868
2652 830
2653 71
2656 16
2656 309
2656 1047
2660 165
2660 912
2660 988
2661 281
2661 367
2663 597
2665 718
2667 323
2667 510
2668 876
2669 564
2670 901
2673 20
2677 42
2677 181
2677 629
2677 1039
2678 156
2679 958
2682 54
2682 1034
2684 517
2685 219
2690 736
2692 484
2694 470
2698 645
2699 328
2701 956
2702 119
2702 895
2703 111
2706 871
2708 531
2708 602
2709 108
2709 631
2709 643
2711 54
2713 242
2714 701
2716 113
2716 176
2716 769
2720 493
2725 966
2726 823
2730 259
2731 765
2732 269
2732 293
2732 739
2732 1060
2733 857
2736 581
2743 485
2744 377
2744 910
2745 317
2746 296
2750 442
2753 680
2754 15
2757 300
2761 301
2764 7
2764 1004
2766 589
2768 458
2768 569
2769 605
2770 433
2771 292
2771 993
2773 233
2774 217
2775 732
2776 539
2779 4
2781 919
2783 452
2785 619
2786 881
2788 75
2790 309
2794 344
2794 366
2794 986
2795 438
2796 546
2797 504
2797 707
2798 744
2799 872
2802 7
2803 44
2804 273
2805 898
2806 738
2806 1028
2807 699
2808 107
2808 424
2808 445
2809 776
2812 467
2813 867
2813 920
2815 136
2816 763
2816 1027
2817 399
2819 124
2819 464
2820 300
2820 552
2822 549
2830 84
2835 267
2836 590
2837 185
2837 462
2837 853
2838 987
2840 871
2841 204
2841 251
2843 158
2844 70
2845 552
2845 764
2846 560
2846 576
2848 60
2848 955
2849 857
2850 325
2851 388
2852 410
2852 831
2853 98
2855 685
2855 835
2856 606
2856 703
2859 637
2861 904
2864 98
2864 194
2864 238
2866 3
2871 464
2874 580
2875 831
2876 189
2877 538
2878 445
2883 884
2885 188
2887 322
2889 257
2890 388
2892 159
2894 118
2894 1035
2895 192
2895 482
2896 424
2900 363
2901 179
2903 57
2903 728
2904 93
2904 812
2910 22
2912 556
2912 649
2913 818
2913 845
2914 784
2916 813
2917 492
2917 628
2917 655
2917 983
2918 712
2919 1056
2920 158
2921 284
2922 305
2923 6
2924 30
2924 603
2924 610
2926 387
2926 532
2928 328
2930 732
2934 731
2936 194
2936 210
2937 606
2937 879
2938 555
2941 331
2942 454
2942 771
2944 1011
2947 711
2948 807
2949 71
2951 301
2952 191
2952 806
2954 17
2956 203
2956 717
2958 358
2959 61
2959 172
2959 982
2960 478
2960 730
2961 25
2962 622
2962 862
2966 550
2966 647
2969 99
2970 383
2973 11
2973 900
2977 967
2978 749
2978 1030
2979 140
2979 705
2984 58
2984 702
2987 351
2987 591
2989 600
2990 300
2991 342
2996 201
2996 613
2998 247
3000 210
3004 655
3006 819
3008 365
3008 479
3014 354
3014 1047
3015 687
3016 316
3016 327
3017 77
3018 12
3018 761
3019 9
3019 118
3019 658
3020 942
3021 135
3022 297
3024 885
3025 70
3027 747
3031 611
3032 296
3032 777
3033 745
3034 24
3035 576
3037 408
3037 641
3037 883
3040 481
3041 334
3041 855
3041 858
3044 580
3046 102
3047 682
3048 638
3049 426
3050 766
3051 720
3053 113
3053 581
3054 313
3054 619
3054 749
3054 783
3055 486
3056 570
3056 881
3057 852
3059 647
3063 173
3063 665
3065 21
3065 185
3065 492
3065 624
3066 821
3066 856
3067 533
3070 34
3071 155
3072 456
3075 247
3078 735
3079 226
3080 406
3082 926
3083 356
3083 385
3083 880
3084 748
3085 418
3087 398
3088 424
3088 1050
3090 702
3091 919
3091 1029
3092 101
3094 258
3095 917
3096 1015
3099 202
3099 680
3101 346
3103 221
3103 988
3109 366
3110 80
3110 786
3115 448
3115 945
3116 1024
3117 437
3117 562
3119 770
3120 290
3122 138
3123 980
3129 782
3130 445
3130 515
3132 409
3133 197
3133 833
3136 96
3138 881
3140 654
3140 805
3144 155
3144 569
3145 47
3146 375
3147 399
3148 672
3149 460
3151 558
3153 939
3157 549
3157 798
3161 261
3162 150
3165 814
3169 310
3169 742
3170 465
3172 544
3173 614
3176 735
3179 553
3183 103
3183 611
3185 410
3187 724
3190 45
3190 190
3192 686
3192 862
3194 607
3199 391
3200 467
3201 991
3203 39
3203 633
3205 190
3207 517
3214 481
3215 779
3221 545
3221 781
3225 88
3225 322
3225 370
3225 530
3227 387
3227 833
3230 837
3232 138
3235 135
3236 506
3239 195
3239 666
3239 669
3244 591
3247 317
3248 255
3251 56
3251 385
3251 874
3252 1029
3257 986
3258 784
3266 830
3267 856
3268 893
3270 224
3273 359
3275 598
3280 954
3282 269
3284 132
3285 662
3285 954
3286 506
3289 243
3289 1008
3291 404
3294 539
3297 96
3297 204
3297 686
3298 1048
3299 969
3304 198
3304 202
3304 954
3305 219
3305 572
3306 319
3306 1006
3308 19
3310 698
3311 97
3311 942
3312 21
3312 699
3312 964
3317 666
3319 599
3321 915
3323 529
3324 758
3327 129
3327 228
3332 620
3333 196
3334 794
3335 733
3336 42
3336 785
3336 875
3339 261
3339 562
3339 945
3340 758
3340 958
3341 938
3342 394
3342 764
3344 636
3347 877
3347 1024
3349 741
3351 875
3351 897
3352 1024
3353 659
3354 286
3354 391
3357 66
3357 766
3359 89
3360 86
3361 296
3361 927
3362 280
3363 271
3367 281
3367 764
3369 322
3369 781
3370 605
3371 324
3373 331
3373 359
3374 5
3377 172
3379 890
3380 698
3382 761
3383 331
3384 862
3384 998
3387 754
3389 921
3390 119
3390 122
3392 634
3394 1036
3399 1010
3401 536
3401 1036
3402 881
3403 779
3405 914
3405 969
3407 605
3411 103
3419 489
3420 883
3420 973
3421 257
3421 994
3424 214
3424 312
3424 576
3425 795
3428 901
3429 501
3429 927
3430 288
3431 3
3439 926
3440 597
3440 753
3443 771
3445 264
3445 359
3448 77
3451 594
3452 245
3453 576
3459 167
3467 538
3467 650
3468 111
3468 831
3469 486
3470 407
3470 428
3471 109
3471 871
3473 329
3475 516
3477 482
3477 658
3480 561
3482 654
3484 508
3492 200
3492 968
3494 963
3496 385
3497 448
3497 574
3503 384
3504 102
3506 1063
3508 315
3509 182
3511 651
3512 343
3515 158
3517 358
3517 407
3521 625
3522 106
3526 442
3526 481
3528 737
3530 28
3530 782
3531 960
3534 959
3536 164
3537 897
3539 763
3540 186
3540 599
3542 156
3542 497
3542 791
3544 273
3548 107
3548 506
3551 882
3553 322
3556 506
3557 243
3557 750
3559 46
3559 845
3559 990
3560 576
3560 888
3562 401
3564 114
3564 358
3566 130
3567 630
3573 206
3573 434
3574 665
3575 527
3575 1051
3576 236
3576 622
3576 771
3584 767
3585 324
3586 895
3587 206
3587 343
3589 934
3590 668
3590 673
3593 237
3593 481
3593 602
3596 701
3596 745
3597 923
3598 94
3598 793
3599 417
3600 386
3602 191
3602 455
3602 533
3602 1013
3605 1053
3606 928
3607 480
3609 310
3610 209
3613 942
3614 707
3615 752
3616 760
3616 905
3621 714
3625 561
3626 177
3627 219
3629 223
3637 275
3640 834
3642 519
3642 723
3643 125
3643 965
3651 713
3652 533
3654 51
3656 586
3656 1052
3659 318
3659 544
3662 782
3664 909
3665 376
3665 904
3668 552
3668 908
3669 98
3670 954
3671 167
3671 603
3675 840
3677 644
3678 715
3679 201
3679 808
3680 490
3681 450
3681 458
3685 1022
3688 551
3690 625
3694 451
3697 461
3701 917
3702 529
3703 921
3704 427
3704 996
3706 777
3708 856
3709 554
3711 771
3713 797
3715 362
3716 493
3716 843
3717 46
3717 129
3719 566
3720 6
3722 835
3724 488
3724 949
3725 884
3726 491
3727 486
3728 131
3729 562
3729 665
3730 21
3730 186
3732 63
3733 70
3738 454
3739 910
3740 746
3741 343
3744 739
3747 73
3747 341
3747 929
3749 421
3749 806
3751 275
3754 101
3757 490
3758 270
3759 143
3761 809
3764 187
3766 410
3767 544
3768 427
3769 777
3770 335
3770 507
3771 602
3773 239
3775 674
3775 918
3777 47
3779 1035
3780 576
3788 759
3790 44
3790 301
3791 276
3791 949
3795 582
3798 47
3798 196
3801 260
3803 30
3805 202
3806 381
3807 278
3809 576
3815 965
3817 46
3818 102
3818 613
3822 350
3822 725
3823 446
3824 622
3829 186
3829 750
3835 127
3835 527
3836 566
3840 389
3840 409
3840 831
3841 155
3841 458
3843 197
3847 266
3849 496
3850 442
3850 832
3851 1016
3855 62
3856 553
3857 570
3857 922
3858 952
3862 536
3862 811
3862 987
3863 758
3866 477
3874 620
3877 233
3877 516
3878 468
3879 812
3880 441
3882 768
3883 451
3883 547
3884 1037
3885 201
3886 549
3886 947
3887 705
3889 368
3889 448
3891 602
3891 894
3896 189
3897 188
3897 223
3898 672
3899 306
3899 466
3899 603
3900 358
3901 255
3902 688
3903 130
3905 619
3906 288
3909 112
3910 195
3911 25
3911 911
3913 231
3913 669
3914 863
3915 914
3919 753
3920 697
3923 106
3923 634
3926 318
3926 838
3928 182
3930 736
3930 769
3931 259
3932 745
3932 918
3932 988
3937 68
3938 391
3938 677
3938 944
3939 572
3940 220
3942 77
3943 703
3944 116
3948 842
3948 922
3949 367
3950 350
3951 704
3951 880
3951 962
3951 1061
3953 849
3954 160
3955 12
3955 666
3956 824
3958 307
3959 29
3959 350
3962 399
3964 998
3965 837
3968 128
3970 138
3971 688
3973 653
3975 70
3977 411
3980 538
3980 779
3981 60
3981 542
3985 1021
3986 459
3992 230
3992 750
3995 65
3995 576
3995 588
4000 519
4003 632
4003 1013
4004 6
4008 779
4009 745
4010 679
4011 43
4011 1059
4012 682
4015 775
4015 977
4016 296
4021 1012
4022 118
4022 419
4024 306
4024 458
4025 708
4026 402
4027 371
4027 393
4028 840
4029 68
4029 803
4029 942
4031 353
4031 535
4032 422
4033 99
4033 205
4033 981
4034 1060
4038 909
4039 183
4042 20
4042 579
4049 409
4051 328
4052 584
4054 956
4055 1047
4056 358
4056 747
4058 224
4060 10
4066 115
4067 268
4074 310
4076 192
4077 256
4078 531
4078 625
4079 578
4080 1048
4082 603
4082 825
4085 473
4086 364
4088 959
4089 16
4089 378
4092 575
4095 927
4096 202
4096 1063
4097 443
4097 684
4097 1060
4098 629
4098 878
4099 287
4100 135
4100 542
4104 147
4105 720
4107 401
4110 855
4112 102
4112 1023
4115 1020
4118 254
4122 63
4123 435
4125 14
4126 401
4128 493
4131 280
4135 527
4139 1008
4143 756
4143 794
4144 101
4146 519
4147 247
4148 92
4148 288
4148 514
4149 848
4151 258
4151 349
4152 751
4154 204
4154 616
4155 249
4156 796
4156 1041
4157 478
4158 891
4164 217
4166 533
4166 972
4167 349
4168 156
4171 410
4171 845
4171 1027
4172 26
4172 809
4173 1020
4175 479
4175 615
4177 27
4180 433
4182 29
4183 362
4183 821
4186 1060
4187 588
4187 653
4189 120
4189 923
4191 974
4193 1043
4198 409
4200 309
4200 613
4201 481
4202 270
4203 112
4203 372
4204 374
4208 532
4208 946
4209 421
4209 433
4211 110
4214 719
4215 631
4216 810
4217 282
4223 254
4224 191
4224 693
4225 965
4227 531
4227 731
4229 273
4231 43
4231 990
4232 631
4233 823
4237 752
4238 77
4238 349
4239 1039
4240 604
4241 48
4243 274
4243 392
4243 1059
4244 676
4245 111
4245 381
4248 248
4250 68
4251 711
4252 580
4253 125
4254 961
4260 942
4262 420
4263 947
4264 44
4264 88
4264 894
4265 992
4267 626
4268 959
4271 221
4271 376
4272 989
4278 871
4278 973
4279 863
4286 977
4287 931
4287 1051
4289 453
4289 543
4290 265
4290 290
4291 628
4292 117
4293 311
4293 662
4293 828
4293 830
4293 1055
4295 273
4298 679
4299 564
4299 968
4300 1044
4304 332
4304 580
4304 919
4306 826
4307 83
4307 290
4308 456
4309 96
4309 139
4309 787
4311 96
4311 743
4312 463
4312 514
4314 1038
4316 697
4317 734
4318 215
4325 906
4326 655
4331 61
4333 853
4334 105
4335 8
4335 154
4342 256
4342 554
4345 60
4345 835
4347 1053
4348 722
4349 1017
4350 788
4352 458
4353 250
4354 231
4354 882
4358 411
4364 188
4364 815
4365 127
4365 648
4370 854
4370 951
4371 581
4372 252
4374 21
4374 823
4376 532
4377 987
4380 659
4381 583
4383 279
4386 401
4387 387
4392 330
4392 491
4392 783
4394 1019
4395 529
4398 498
4401 210
4402 999
4405 256
4407 296
4407 322
4407 603
4408 1063
4410 507
4415 1037
4416 706
4422 759
4424 486
4426 115
4427 15
4427 385
4428 357
4429 532
4430 434
4433 118
4433 1010
4436 84
4436 1036
4437 459
4437 997
4438 412
4444 936
4449 67
4451 926
4452 306
4453 1066
4455 742
4456 997
4457 63
4457 624
4458 868
4459 832
4460 456
4462 455
4464 419
4465 512
4465 714
4467 48
4472 64
4472 302
4472 421
4472 877
4473 641
4474 70
4475 420
4475 826
4478 750
4479 581
4480 761
4480 1049
4481 636
4487 148
4487 334
4488 586
4489 1008
4491 435
4495 665
4496 35
4498 169
4499 34
4499 641
4499 878
4499 937
4500 541
4501 432
4501 568
4503 678
4503 802
4503 922
4504 213
4504 594
4504 717
4505 607
4505 897
4505 1049
4507 510
4508 272
4508 451
4511 356
4511 652
4511 678
4512 295
4512 516
4513 510
4514 445
4514 612
4515 650
4515 986
4516 940
4518 851
4518 907
4519 452
4519 489
4521 169
4522 54
4522 660
4523 811
4524 393
4525 130
4525 229
4525 495
4526 856
4527 155
4528 1005
4530 83
4531 568
4533 270
4533 292
4536 366
4536 547
4538 1006
4539 413
4539 887
4542 624
4545 700
4546 672
4549 51
4549 1061
4549 1067
4550 1037
4552 99
4553 219
4556 126
4556 814
4556 854
4559 337
4564 4
4566 945
4570 915
4571 727
4571 772
4577 83
4580 746
4580 935
4581 835
4583 525
4584 990
4585 987
4588 315
4591 228
4591 258
4593 276
4594 380
4595 331
4595 359
4596 406
4596 838
4598 223
4601 23
4601 297
4604 979
4611 596
4613 918
4617 717
4618 758
4624 881
4624 1050
4625 342
4626 702
4631 370
4633 743
4634 160
4636 840
4637 296
4638 892
4640 916
4644 1056
4646 407
4647 166
4647 364
4649 855
4650 596
4650 846
4650 1033
4652 71
4652 146
4653 765
4655 1001
4656 510
4663 3
4663 346
4665 750
4666 659
4670 893
4672 54
4673 594
4673 971
4674 185
4675 91
4677 534
4677 796
4677 813
4678 445
4679 781
4680 562
4681 845
4684 621
4685 476
4686 319
4687 150
4689 735
4691 955
4695 406
4695 938
4696 933
4697 205
4700 609
4701 912
4702 485
4704 183
4705 1045
4707 915
4710 747
4711 27
4714 62
4715 304
4715 320
4716 866
4717 551
4718 47
4718 238
4719 464
4720 481
4728 128
4729 474
4729 508
4732 307
4733 373
4733 572
4733 978
4734 780
4739 1
4742 34
4743 703
4745 44
4746 726
4749 309
4749 566
4751 1063
4756 758
4757 940
4758 634
4758 977
4759 19
4759 735
4759 815
4760 88
4760 672
4762 33
4762 125
4763 538
4763 641
4764 637
4767 416
4767 1051
4771 370
4771 730
4774 907
4777 640
4782 224
4783 738
4784 750
4786 561
4787 1025
4788 358
4789 38
4796 821
4804 189
4804 664
4810 1050
4811 926
4812 53
4812 576
4813 613
4817 142
4817 303
4817 735
4817 769
4819 23
4819 1059
4820 778
4822 333
4827 262
4827 1046
4828 188
4828 229
4828 331
4828 612
4829 192
4829 311
4830 73
4833 435
4833 830
4834 160
4834 521
4835 392
4836 633
4836 649
4839 360
4840 820
4841 67
4841 545
4843 724
4845 156
4845 725
4847 975
4848 236
4853 679
4853 767
4854 464
4854 493
4855 683
4857 263
4857 681
4858 180
4860 196
4861 91
4864 770
4864 855
4865 813
4866 738
4866 1007
4868 546
4871 468
4872 197
4872 477
4875 681
4876 515
4876 861
4876 1011
4877 901
4878 218
4878 479
4878 805
4878 870
4880 660
4882 393
4883 360
4887 1044
4888 365
4888 624
4893 375
4893 742
4893 905
4896 1003
4897 63
4897 234
4897 682
4899 424
4901 661
4903 103
4903 416
4904 334
4905 492
4906 750
4908 389
4909 1002
4911 687
4913 509
4913 697
4915 64
4915 1043
4922 501
4923 7
4925 270
4925 326
4925 446
4927 618
4927 903
4928 811
4932 177
4933 321
4933 626
4934 225
4934 1034
4935 534
4936 235
4939 47
4940 8
4940 121
4941 370
4942 642
4942 757
4943 397
4943 873
4949 1062
4950 230
4951 325
4951 735
4952 897
4953 752
4953 795
4954 580
4955 302
4955 456
4957 94
4957 1022
4973 991
4974 169
4975 784
4976 301
4979 649
4981 296
4984 108
4985 429
4987 708
4988 748
4990 583
4992 905
4996 783
4997 902
4998 255
4999 833
5001 285
5004 375
5006 778
5009 208
5011 316
5011 981
5013 746
5014 272
5015 1026
5018 347
5018 610
5018 858
5019 690
5021 580
5022 341
5023 444
5023 859
5025 253
5025 274
5025 781
5026 758
5026 778
5027 740
5027 889
5028 888
5029 363
5030 671
5031 200
5033 566
5035 542
5036 350
5036 387
5037 852
5040 297
5041 1005
5045 312
5048 875
5049 787
5049 1064
5051 387
5052 262
5052 422
5053 712
5053 760
5054 358
5055 58
5055 944
5056 537
5056 998
5057 347
5059 783
5060 988
5062 490
5064 250
5064 963
5065 30
5067 767
5067 847
5071 923
5074 338
5075 342
5075 359
5075 435
5076 895
5079 258
5080 130
5080 466
5083 826
5085 548
5087 339
5087 389
5089 720
5091 50
5096 323
5097 835
5098 449
5098 763
5099 331
5102 225
5103 781
5107 473
5107 620
5107 887
5108 911
5110 974
5111 308
5114 537
5114 571
5115 729
5117 399
5118 25
5119 161
5123 568
5125 45
5129 282
5129 523
5129 732
5131 741
5133 361
5136 458
5139 465
5140 90
5140 425
5140 676
5141 215
5141 1067
5143 575
5144 156
5146 1032
5147 161
5148 55
5148 71
5150 414
5157 284
5163 310
5164 522
5166 937
5167 732
5168 112
5168 271
5169 516
5170 883
5171 356
5173 534
5177 368
5184 106
5185 248
5188 13
5190 414
5191 316
5192 657
5193 242
5193 1051
5194 345
5194 490
5200 463
5202 199
5202 565
5209 333
5213 349
5216 281
5216 388
5216 679
5216 816
5217 238
5218 322
5219 89
5223 666
5224 305
5224 728
5224 1031
5228 245
5231 1012
5232 313
5234 195
5234 697
5234 1007
5234 1020
5237 1063
5241 367
5247 450
5249 842
5257 867
5258 725
5260 201
5265 676
5266 704
5266 965
5267 716
5267 800
5267 838
5268 848
5271 952
5271 1022
5281 46
5282 67
5283 310
5284 220
5285 43
5285 820
5286 936
5287 951
5291 180
5292 641
5294 599
5294 1003
5295 108
5298 492
5303 672
5304 637
5305 406
5306 719
5306 729
5307 525
5308 375
5309 583
5311 1025
5312 10
5315 222
5316 768
5317 434
5319 550
5320 309
5323 666
5326 218
5326 853
5329 882
5330 1009
5330 1062
5332 548
5334 236
5336 957
5338 614
5338 619
5338 680
5339 975
5340 598
5343 662
5343 670
5344 643
5345 1067
5347 359
5348 581
5350 882
5352 471
5353 755
5355 543
5356 250
5358 760
5359 648
5362 936
5364 669
5364 1019
5365 673
5369 836
5374 209
5374 229
5374 530
5374 538
5376 208
5376 537
5377 9
5382 454
5383 352
5383 670
5384 696
5385 14
5385 1034
5387 768
5387 854
5388 762
5392 302
5393 839
5393 878
5395 742
5396 866
5397 541
5397 944
5398 181
5398 690
5399 709
5399 894
5401 684
5402 620
5403 796
5403 874
5404 724
5405 733
5406 364
5406 619
5407 750
5411 286
5412 30
5412 756
5413 293
5414 62
5415 767
5416 384
5417 461
5418 540
5419 107
5422 948
5424 921
5426 126
5429 231
5429 1036
5432 633
5433 167
5433 627
5435 172
5437 296
5437 335
5437 651
5438 399
5441 614
5441 963
5442 1004
5445 918
5446 499
5449 569
5450 162
5455 71
5455 298
5457 64
5459 300
5459 424
5462 306
5462 980
5463 661
5464 262
5464 313
5464 770
5464 984
5464 1059
5465 282
5466 637
5468 226
5469 431
5470 359
5470 804
5471 894
5472 520
5473 935
5476 683
5477 917
5478 263
5479 559
5480 243
5482 173
5484 300
5489 326
5489 856
5493 181
5493 1029
5495 653
5495 1014
5497 352
5499 254
5502 274
5503 117
5504 104
5504 653
5507 936
5507 1038
5508 701
5511 882
5512 226
5518 395
5519 364
5519 843
5523 31
5523 703
5525 664
5528 847
5529 147
5529 1015
5531 885
5536 152
5536 265
5536 973
5538 363
5542 691
5547 805
5554 570
5554 641
5554 974
5555 426
5558 70
5558 499
5561 552
5564 305
5565 410
5572 317
5572 383
5572 824
5574 717
5576 272
5576 991
5577 122
5577 698
5578 1013
5581 585
5582 219
5588 655
5589 719
5592 497
5593 105
5593 1062
5599 349
5600 532
5600 593
5601 897
5602 94
5602 315
5605 123
5608 601
5608 1067
5609 969
5610 152
5610 153
5613 254
5613 500
5613 850
5615 786
5616 394
5618 663
5619 670
5620 15
5622 412
5623 340
5624 569
5627 51
5627 744
5628 684
5628 851
5633 245
5633 547
5636 133
5636 986
5637 48
5637 791
5639 1001
5641 833
5641 1033
5644 270
5645 353
5651 862
5652 496
5653 381
5654 872
5655 54
5655 512
5657 597
5660 394
5660 403
5660 431
5663 914
5664 20
5666 853
5667 277
5667 377
5668 392
5668 737
5669 852
5670 172
5670 736
5671 1045
5673 83
5675 61
5682 116
5686 252
5686 813
5688 450
5689 236
5691 362
5691 661
5692 183
5693 718
5695 150
5695 472
5696 768
5697 186
5698 165
5698 813
5699 731
5701 815
5703 756
5708 516
5708 749
5710 191
5714 787
5714 980
5715 381
5715 384
5715 913
5717 826
5719 265
5720 17
5723 180
5724 467
5725 23
5726 1030
5731 201
5734 134
5735 974
5737 591
5742 153
5748 344
5748 807
5749 901
5750 843
5755 643
5757 686
5757 783
5757 973
5758 749
5758 989
5761 767
5762 90
5762 390
5766 686
5766 749
5766 994
5774 216
5774 568
5775 583
5777 68
5779 255
5780 555
5780 633
5782 465
5785 630
5786 334
5789 64
5790 523
5790 598
5791 428
5791 508
5792 351
5794 873
5796 394
5796 450
5796 466
5798 303
5803 627
5803 1003
5804 740
5805 100
5808 865
5810 755
5811 461
5811 725
5812 175
5813 237
5815 452
5815 791
5816 788
5819 857
5820 673
5821 929
5823 803
5824 372
5826 363
5830 379
5831 492
5835 535
5838 1047
5840 847
5840 952
5841 374
5842 340
5842 919
5847 876
5847 914
5856 635
5861 311
5862 458
5864 152
5865 88
5866 111
5867 644
5871 463
5872 479
5873 357
5874 241
5875 931
5877 901
5881 679
5882 664
5883 391
5883 826
5885 18
5885 243
5885 521
5889 143
5890 160
5893 866
5897 6
5898 41
5898 196
5899 349
5899 475
5900 599
5905 17
5906 665
5907 481
5910 230
5910 516
5910 984
5912 123
5912 780
5915 427
5915 757
5920 10
5921 836
5923 843
5924 476
5925 431
5925 590
5926 896
5928 602
5929 864
5930 62
5932 205
5932 775
5933 148
5933 869
5940 357
5940 669
5942 6
5943 15
5944 275
5944 838
5944 867
5945 131
5946 672
5950 258
5950 1008
5952 1007
5953 463
5954 28
5956 811
5960 97
5962 334
5966 348
5966 687
5967 371
5967 477
5968 256
5979 805
5981 254
5981 661
5983 243
5984 1002
5987 575
5992 426
5993 155
5993 925
5995 384
5995 852
5996 267
5997 192
5997 903
6002 603
6003 628
6003 707
6007 972
6008 917
6009 524
6010 756
6010 917
6011 297
6011 722
6013 147
6014 619
6015 620
6017 476
6019 312
6021 304
6023 263
6025 492
6025 918
6026 391
6027 208
6028 841
6029 872
6031 83
6031 788
6035 421
6036 686
6036 962
6037 827
6039 666
6042 87
6042 817
6042 1000
6044 839
6046 209
6048 757
6048 762
6050 143
6050 654
6054 980
6057 288
6060 527
6062 840
6063 163
6063 804
6063 866
6065 39
6065 277
6066 221
6067 261
6069 27
6070 656
6072 601
6073 456
6073 957
6074 1001
6076 368
6076 620
6076 828
6077 289
6078 977
6082 925
6083 336
6085 650
6087 719
6089 272
6089 1044
6090 193
6091 1051
6093 151
6093 779
6096 433
6097 137
6097 196
6097 341
6097 647
6098 562
6099 327
6099 549
6099 856
6099 949
6100 159
6100 354
6101 719
6103 86
6104 887
6106 541
6108 881
6110 501
6113 70
6115 165
6117 274
6119 276
6120 332
6122 364
6122 704
6124 42
6124 794
6126 393
6126 617
6129 4
6129 244
6131 189
6132 364
6132 533
6132 574
6134 458
6137 7
6138 309
6140 902
6141 377
6141 682
6145 519
6145 730
6148 33
6149 864
6150 568
6150 588
6150 846
6151 166
6153 312
6153 468
6157 643
6157 680
6158 844
6158 882
6160 275
6171 1007
6172 135
6172 638
6173 1055
6175 1014
6176 509
6177 621
6180 38
6182 646
6183 827
6184 92
6184 414
6185 451
6188 178
6188 499
6188 831
6189 364
6195 625
6195 754
6196 175
6198 724
6202 293
6203 219
6205 491
6205 680
6205 739
6207 917
6212 976
6213 388
6218 339
6220 222
6221 312
6221 482
6222 28
6227 1036
6229 571
6230 801
6234 16
6234 109
6235 815
6236 989
6237 817
6239 805
6240 254
6240 263
6247 580
6250 755
6251 428
6252 465
6253 505
6254 248
6254 728
6254 881
6256 608
6257 990
6258 48
6260 644
6262 164
6262 641
6264 544
6264 962
6265 49
6267 107
6270 37
6271 8
6273 339
6273 801
6274 234
6274 996
6274 1001
6276 843
6278 245
6280 405
6282 671
6283 506
6284 484
6284 550
6284 564
6284 774
6286 637
6292 473
6293 875
6294 40
6294 385
6300 429
6300 809
6301 462
6302 384
6302 495
6304 858
6305 925
6306 152
6309 496
6309 854
6311 583
6312 479
6313 854
6315 306
6317 90
6317 194
6317 986
6318 84
6318 412
6318 497
6318 743
6318 989
6319 215
6321 578
6322 6
6323 371
6323 480
6324 716
6325 826
6327 54
6327 533
6327 762
6327 1005
6330 134
6330 804
6331 570
6332 214
6333 102
6333 556
6334 505
6335 386
6335 641
6335 1013
6337 980
6338 956
6343 621
6343 927
6346 1006
6347 468
6347 1015
6350 370
6351 692
6353 881
6354 194
6354 774
6355 228
6356 408
6356 589
6358 694
6359 774
6359 982
6361 1021
6362 478
6363 394
6363 1024
6366 228
6367 950
6373 35
6375 561
6376 464
6376 534
6378 706
6380 829
6381 154
6381 984
6382 165
6382 902
6384 982
6385 709
6386 200
6386 830
6387 986
6390 665
6390 856
6391 1011
6394 1055
6397 102
6398 220
6398 595
6399 109
6399 843
6404 692
6405 227
6409 482
6410 711
6411 770
6411 821
6412 196
6414 287
6416 594
6417 706
6417 936
6421 33
6423 527
6424 96
6424 631
6425 529
6426 25
6427 324
6427 366
6428 386
6428 461
6428 1006
6432 97
6432 932
6433 259
6433 899
6433 934
6436 576
6436 643
6439 415
6439 637
6442 472
6444 34
6444 683
6445 738
6446 986
6447 71
6448 718
6448 1007
6450 451
6450 566
6450 897
6450 1040
6451 163
6452 392
6452 776
6453 611
6454 321
6455 39
6455 580
6456 358
6460 31
6460 776
6463 934
6468 468
6470 251
6471 133
6473 111
6473 326
6473 548
6474 610
6474 630
6475 75
6475 581
6476 235
6481 438
6482 585
6482 677
6483 14
6484 459
6485 240
6485 1031
6489 850
6489 970
6494 437
6495 642
6498 500
6501 275
6504 84
6510 344
6510 978
6514 81
6514 502
6517 441
6517 515
6517 650
6521 352
6524 54
6524 391
6528 189
6529 141
6530 831
6532 366
6533 328
6533 619
6534 412
6535 351
6535 825
6538 1052
6539 972
6540 540
6543 342
6543 524
6547 741
6548 963
6549 256
6549 395
6549 629
6553 274
6555 816
6556 284
6557 271
6558 48
6558 177
6559 313
6561 505
6561 840
6565 180
6568 65
6569 336
6569 545
6569 703
6570 799
6572 50
6575 518
6576 151
6577 561
6582 798
6584 421
6585 162
6587 253
6588 194
6590 996
6591 224
6591 564
6593 239
6593 733
6597 200
6597 381
6597 1062
6598 965
6599 494
6599 681
6599 725
6600 82
6603 476
6603 1026
6604 313
6604 985
6610 206
6610 804
6611 966
6613 1007
6614 275
6615 333
6618 94
6618 435
6618 705
6618 1056
6623 1007
6628 294
6628 441
6629 701
6631 842
6632 480
6633 99
6635 975
6636 504
6637 200
6637 880
6641 609
6641 732
6642 137
6642 579
6642 1047
6643 1057
6645 154
6645 670
6646 295
6646 308
6646 448
6646 792
6646 910
6647 122
6647 988
6648 403
6648 556
6650 694
6653 1066
6655 22
6655 463
6656 32
6656 901
6659 1051
6661 626
6662 168
6663 53
6666 258
6666 879
6667 888
6668 77
6671 212
6671 844
6673 362
6674 1064
6675 965
6675 1052
6679 677
6680 133
6683 10
6683 874
6684 487
6686 783
6688 212
6690 784
6691 523
6691 763
6695 210
6695 760
6697 557
6697 698
6698 323
6700 230
6710 390
6710 1057
6712 182
6713 397
6715 733
6715 1008
6716 433
6721 1040
6722 38
6722 852
6723 1047
6724 139
6726 11
6728 408
6728 688
6729 59
6730 518
6730 798
6730 968
6731 720
6734 270
6736 33
6736 592
6738 598
6739 556
6743 84
6747 169
6750 529
6751 600
6753 964
6757 40
6757 954
6758 427
6761 9
6766 524
6766 1061
6770 892
6772 895
6777 473
6779 966
6780 99
6781 212
6782 420
6782 817
6782 921
6784 86
6784 313
6784 742
6785 227
6786 186
6788 972
6791 62
6794 71
6794 648
6794 995
6796 450
6800 210
6800 604
6801 788
6802 701
6803 80
6804 612
6806 1023
6809 207
6811 13
6811 997
6811 1048
6814 966
6815 756
6822 137
6822 588
6824 322
6824 635
6824 1023
6826 207
6826 968
6833 731
6833 765
6834 747
6836 71
6837 522
6839 338
6840 126
6844 138
6847 854
6848 544
6848 601
6852 936
6858 302
6859 273
6859 714
6862 368
6865 72
6865 779
6865 871
6866 640
6867 375
6868 91
6869 233
6870 192
6870 372
6870 854
6870 1003
6871 828
6872 606
6873 314
6873 403
6875 711
6878 209
6880 111
6882 406
6882 424
6884 120
6887 279
6888 169
6891 706
6894 949
6896 704
6897 29
6900 358
6900 945
6902 420
6905 548
6905 635
6907 978
6908 642
6910 776
6914 11
6915 455
6916 944
6920 720
6920 1038
6921 189
6922 514
6924 728
6925 195
6930 636
6930 830
6931 960
6933 856
6933 991
6934 138
6935 372
6935 981
6937 305
6943 664
6943 868
6944 245
6944 615
6945 224
6945 1043
6947 771
6947 929
6948 327
6949 860
6952 236
6953 455
6955 590
6957 824
6959 482
6959 844
6964 835
6964 873
6968 198
6968 1030
6970 63
6976 175
6980 720
6982 955
6983 812
6984 632
6984 721
6985 513
6988 410
6990 426
6992 664
6994 406
6994 787
6996 48
6998 679
7000 920
7002 379
7005 487
7010 30
7012 117
7012 727
7012 756
7013 1035
7016 507
7017 191
7018 482
7018 508
7023 394
7027 228
7027 512
7029 117
7031 390
7033 306
7033 832
7033 1037
7038 679
7039 830
7040 879
7042 533
7043 528
7043 1063
7048 586
7051 333
7051 864
7052 1012
7053 860
7056 346
7056 843
7056 1057
7058 935
7059 158
7060 418
7061 29
7061 241
7064 616
7064 887
7074 236
7075 933
7076 657
7081 414
7083 428
7086 61
7087 809
7091 116
7091 540
7094 699
7097 206
7097 824
7097 1044
7100 876
7103 364
7103 706
7104 304
7105 102
7105 114
7105 720
7106 584
7107 966
7108 119
7108 452
7110 78
7115 918
7116 732
7116 834
7116 878
7119 171
7120 755
7121 788
7124 1014
7125 459
7127 164
7127 713
7128 370
7128 569
7130 380
7130 607
7133 601
7137 204
7138 28
7142 569
7144 934
7145 726
7146 777
7147 316
7147 979
7149 377
7149 492
7155 96
7161 744
7167 769
7170 652
7172 430
7174 228
7176 699
7176 759
7178 906
7182 241
7182 899
7184 66
7184 357
7188 179
7189 955
7190 683
7192 76
7193 87
7194 902
7194 994
7195 427
7195 971
7195 1025
7200 21
7200 505
7205 717
7207 774
7208 759
7209 810
7211 355
7216 198
7217 727
7218 496
7218 602
7219 162
7222 881
7227 382
7227 1010
7228 206
7228 600
7229 749
7231 1057
7232 733
7237 303
7241 1054
7244 781
7245 959
7245 1064
7247 507
7247 1024
7248 702
7248 835
7249 604
7251 358
7253 597
7253 874
7255 888
7256 525
7258 371
7259 308
7259 970
7261 371
7263 90
7265 549
7266 485
7267 208
7268 25
7268 542
7269 991
7270 557
7271 8
7274 161
7275 235
7276 87
7276 236
7276 705
7278 368
7281 249
7282 4
7282 365
7282 593
7283 710
7285 990
7286 865
7287 519
7288 218
7289 137
7290 39
7292 845
7293 39
7294 640
7296 415
7297 582
7298 1024
7299 51
7299 667
7300 830
7302 48
7302 265
7302 346
7303 635
7304 170
7305 296
7305 606
7310 97
7310 818
7315 584
7317 227
7317 307
7318 388
7318 502
7319 103
7322 970
7325 863
7326 591
7326 916
7327 276
7331 512
7332 1022
7336 440
7338 268
7338 388
7339 157
7340 1041
7341 239
7342 437
7343 520
7345 267
7347 314
7353 295
7357 62
7357 788
7358 384
7359 112
7359 686
7359 697
7359 829
7360 177
7360 607
7361 1017
7362 831
7365 264
7368 90
7368 134
7368 762
7374 103
7374 330
7375 370
7377 113
7377 596
7380 23
7381 1048
7385 514
7387 610
7387 641
7388 946
7392 673
7394 587
7394 594
7396 953
7396 986
7397 293
7397 404
7400 331
7402 11
7403 11
7405 997
7406 353
7408 41
7411 918
7414 625
7415 213
7415 621
7419 603
7420 952
7421 455
7421 952
7423 26
7423 1061
7428 769
7429 789
7429 961
7434 637
7435 18
7435 50
7435 212
7436 516
7437 85
7438 989
7440 336
7440 1040
7441 169
7442 451
7442 849
7445 579
7447 964
7451 822
7453 621
7454 684
7455 543
7458 220
7459 230
7465 352
7466 43
7466 339
7467 266
7468 301
7468 411
7473 92
7476 812
7476 841
7477 289
7478 197
7478 323
7478 721
7481 454
7482 826
7485 49
7487 132
7489 749
7491 28
7492 882
7494 596
7494 994
7497 392
7498 553
7508 94
7508 365
7510 143
7514 819
7515 243
7515 695
7517 334
7517 644
7517 736
7519 881
7522 881
7524 739
7529 22
7529 115
7529 1039
7530 1
7532 75
7534 642
7538 380
7539 855
7541 89
7544 895
7549 608
7550 184
7554 287
7555 101
7555 328
7555 834
7556 273
7556 968
7557 741
7557 872
7558 243
7558 703
7559 878
7560 187
7562 486
7563 356
7564 913
7570 682
7575 899
7576 407
7576 574
7577 132
7577 332
7579 904
7582 372
7585 261
7585 786
7586 10
7587 163
7587 212
7587 922
7589 885
7592 324
7594 742
7596 500
7602 38
7602 90
7607 246
7609 1016
7610 234
7615 994
7616 471
7618 70
7618 936
7618 973
7619 689
7620 225
7624 338
7626 954
7626 1004
7627 139
7627 306
7627 566
7629 811
7633 1018
7634 274
7635 50
7639 504
7641 744
7642 336
7645 843
7649 172
7650 862
7652 799
7654 415
7654 600
7656 637
7658 182
7658 434
7659 723
7660 54
7660 288
7660 803
7663 128
7664 459
7667 389
7668 333
7668 412
7669 545
7670 358
7670 619
7670 766
7672 283
7672 1030
7673 140
7676 554
7676 969
7682 19
7684 157
7685 318
7685 1034
7686 7
7688 134
7692 699
7693 71
7694 747
7695 415
7696 326
7696 858
7698 421
7699 1052
7700 952
7701 605
7702 514
7702 673
7703 510
7707 726
7708 669
7712 539
7714 648
7715 947
7718 409
7719 942
7721 581
7722 856
7724 579
7725 614
7726 791
7727 802
7727 838
7729 123
7730 213
7731 630
7732 882
7733 586
7734 1061
7737 745
7741 671
7746 254
7746 686
7746 702
7747 118
7747 138
7747 1060
7748 170
7748 737
7749 195
7753 796
7753 928
7754 225
7756 540
7757 1057
7761 244
7766 819
7768 276
7768 1006
7770 321
7770 439
7772 365
7775 104
7775 564
7778 566
7780 101
7780 716
7781 969
7782 920
7783 698
7783 830
7785 678
7786 153
7787 778
7788 428
7788 494
7792 884
7795 638
7797 589
7797 794
7798 235
7801 225
7801 781
7801 986
7804 239
7804 625
7805 356
7806 257
7807 388
7811 101
7811 986
7813 266
7813 359
7813 457
7818 708
7820 502
7822 260
7822 481
7824 860
7826 957
7829 192
7829 255
7832 279
7833 369
7834 658
7834 920
7836 88
7836 519
7837 756
7839 108
7839 544
7841 595
7842 202
7845 722
7846 323
7850 313
7850 580
7850 1056
7851 546
7851 907
7852 277
7852 902
7854 975
7855 392
7856 144
7858 92
7858 487
7860 693
7861 139
7861 435
7861 465
7862 985
7867 850
7868 142
7871 877
7874 995
7875 720
7876 702
7878 908
7880 715
7881 120
7881 892
7884 261
7889 389
7890 519
7891 24
7893 51
7895 632
7896 780
7896 932
7898 323
7899 985
7901 700
7904 464
7907 363
7907 880
7908 37
7908 548
7908 1006
7911 40
7912 659
7913 567
7913 780
7914 1020
7916 497
7917 483
7918 364
7922 292
7926 849
7927 388
7927 637
7930 803
7931 519
7935 976
7938 144
7944 428
7944 623
7946 621
7949 872
7952 490
7952 721
7953 33
7953 879
7957 727
7958 552
7959 495
7964 62
7965 382
7966 605
7967 449
7969 1008
7970 562
7970 1051
7972 181
7973 31
7974 566
7974 609
7974 674
7976 582
7981 558
7982 475
7985 808
7987 93
7987 314
7987 850
7988 1053
7993 1033
7994 325
7994 958
7997 646
8000 630
8005 719
8008 782
8012 988
8014 24
8015 7
8016 89
8016 436
8016 884
8017 527
8020 99
8023 797
8023 845
8024 476
8025 82
8027 261
8031 272
8031 297
8031 382
8032 718
8036 846
8039 597
8041 269
8043 171
8044 40
8044 607
8045 904
8047 1064
8051 590
8052 410
8052 662
8053 64
8053 343
8053 580
8053 606
8053 859
8054 217
8056 482
8056 647
8057 371
8057 387
8057 1023
8058 199
8059 162
8062 102
8065 495
8067 513
8069 388
8069 782
8070 395
8071 6
8071 932
8072 625
8074 260
8079 690
8082 81
8082 478
8082 809
8082 1009
8084 1042
8085 1008
8086 428
8086 721
8086 768
8090 458
8090 993
8094 741
8095 258
8097 896
8099 746
8105 238
8106 766
8107 772
8109 323
8111 179
8114 702
8115 342
8115 1013
8116 386
8117 247
8117 1029
8118 1054
8121 139
8121 366
8123 758
8125 766
8128 553
8128 1021
8130 456
8133 497
8133 637
8135 120
8137 549
8137 638
8138 1048
8139 119
8142 720
8144 263
8145 849
8146 470
8147 528
8148 392
8149 744
8150 603
8151 1005
8152 268
8156 226
8157 302
8162 170
8162 370
8165 523
8165 524
8165 734
8167 939
8169 961
8170 61
8170 959
8170 984
8170 1000
8171 820
8174 917
8176 599
8176 888
8177 117
8179 502
8180 819
8182 148
8182 568
8187 153
8190 542
8199 199
8199 1045
8203 178
8208 676
8210 372
8213 630
8215 874
8219 327
8219 968
8221 433
8224 813
8224 1002
8227 932
8228 486
8230 1021
8231 287
8231 1006
8232 535
8232 954
8234 224
8237 122
8237 984
8240 1011
8243 895
8246 769
8248 496
8248 935
8250 473
8251 310
8252 246
8252 731
8255 614
8255 619
8255 665
8257 709
8260 64
8261 550
8263 53
8263 648
8266 82
8267 282
8267 878
8268 531
8269 446
8270 385
8271 723
8272 535
8272 600
8273 534
8274 708
8277 176
8277 611
8278 415
8279 317
8280 467
8283 942
8284 326
8284 592
8284 597
8285 660
8285 799
8286 872
8286 986
8287 736
8288 762
8288 906
8290 182
8291 119
8291 281
8294 769
8299 152
8302 689
8302 985
8303 787
8307 820
8310 77
8310 836
8312 266
8312 749
8316 850
8316 964
8318 128
8319 302
8325 937
8327 690
8328 719
8331 743
8332 761
8333 516
8333 982
8335 177
8335 662
8337 999
8340 593
8340 948
8341 527
8342 685
8344 315
8345 910
8346 3
8347 300
8349 295
8349 467
8351 241
8352 408
8353 114
8353 360
8355 824
8357 338
8357 985
8358 138
8363 704
8364 915
8365 181
8370 238
8371 553
8371 802
8372 1019
8373 184
8375 226
8377 567
8378 518
8379 445
8381 458
8382 26
8382 342
8382 943
8384 620
8387 1001
8388 611
8388 806
8389 897
8390 248
8390 898
8394 53
8395 176
8395 539
8396 74
8396 500
8398 1037
8399 765
8400 626
8401 81
8401 1043
8402 585
8403 18
8406 754
8406 1041
8410 915
8413 268
8413 855
8414 733
8415 217
8418 381
8418 424
8420 459
8420 460
8425 30
8425 336
8426 301
8426 850
8428 500
8428 680
8430 402
8432 383
8432 396
8432 898
8439 205
8443 541
8446 932
8450 580
8453 429
8457 454
8459 621
8460 393
8460 400
8460 627
8461 403
8464 815
8465 449
8465 475
8468 875
8469 630
8471 7
8474 309
8478 167
8479 380
8480 672
8482 456
8485 1054
8488 970
8490 1
8490 69
8490 895
8493 49
8496 825
8496 956
8497 120
8502 278
8502 307
8502 364
8502 809
8508 883
8510 80
8510 119
8511 953
8512 891
8514 26
8516 116
8517 337
8518 19
8518 269
8518 770
8521 266
8521 816
8524 242
8524 971
8526 391
8527 351
8529 309
8530 823
8531 297
8532 685
8534 247
8534 601
8535 72
8535 198
8536 711
8537 477
8538 230
8539 416
8539 444
8540 787
8543 350
8544 84
8544 108
8544 972
8546 112
8547 462
8549 427
8550 36
8553 266
8553 772
8554 157
8554 730
8555 149
8555 639
8558 1
8558 803
8559 167
8559 312
8560 447
8561 971
8563 219
8564 518
8564 736
8565 151
8567 953
8574 252
8578 632
8580 431
8584 831
8586 152
8587 213
8590 937
8592 111
8594 854
8595 141
8595 834
8596 904
8597 271
8599 882
8601 177
8601 609
8602 908

