2446 9716 2255
1 1
1 2526
3 1667
4 366
7 5542
10 456
10 4384
10 7918
12 5981
12 9446
13 5408
13 6805
14 188
15 7750
16 5665
20 6907
20 7246
22 3427
23 5805
24 1615
27 4953
27 7117
28 132
28 2989
29 8639
29 8993
30 198
30 6210
32 7961
32 9253
33 4565
33 8686
34 3199
34 6161
34 7661
37 2296
37 7568
39 1433
39 4584
39 4995
40 6329
40 6771
40 6878
40 7984
42 1810
42 5330
45 3837
46 297
47 687
47 3234
48 4788
49 6738
49 6886
51 3935
53 3816
53 4130
53 4776
53 5140
53 7229
54 82
54 611
54 3700
54 5580
54 8922
57 2117
62 3225
64 733
65 129
65 6464
66 3671
66 6446
69 1469
70 5058
72 1607
72 3546
72 5075
73 3991
73 6738
74 7519
75 1321
75 2227
75 3430
78 4308
78 9056
81 1598
81 5549
81 7500
86 5771
88 4574
91 6
91 3024
94 7357
94 9631
97 9212
100 5039
102 1958
104 3492
104 7991
107 3020
107 8862
108 6241
110 7458
112 4238
113 8806
115 4804
116 9147
120 4674
120 8577
122 5755
122 6337
124 5723
126 1186
127 475
128 5081
128 8179
129 8838
132 914
132 4189
135 5168
135 5342
140 2180
140 6791
140 9574
142 1238
144 2185
145 1685
145 8943
150 1674
150 4122
152 3019
152 9606
154 1962
155 5409
157 6761
157 7476
158 1019
159 1650
160 3003
160 5073
161 6471
163 1644
164 5124
164 6449
167 6147
167 6848
168 6026
168 6645
169 995
169 9436
170 6144
171 5524
174 6132
175 3855
175 4611
175 6007
175 6991
175 7439
177 9147
179 2533
179 7266
180 5901
180 9675
182 925
183 1020
184 1784
185 9398
186 6440
187 928
187 7125
189 1002
189 9070
190 421
190 6074
191 3152
191 4128
193 1203
194 2693
194 4939
195 3445
196 5130
197 7652
199 2171
200 1470
200 4880
200 8666
201 4821
202 8608
204 2520
206 8331
207 264
207 8106
207 9302
212 295
212 1262
214 8900
215 6433
216 1128
218 5898
220 8328
220 9655
222 7094
222 7944
223 2155
225 2019
225 2428
225 7933
225 8717
226 3601
227 1989
227 4948
227 6959
230 3454
233 3176
234 1778
234 5156
234 8947
235 1516
236 3764
238 143
239 144
239 2061
239 2908
239 5128
239 9093
240 6901
241 8433
243 5586
243 9322
248 4984
249 6112
253 9595
256 4296
257 267
258 1470
258 2247
259 335
259 2242
260 6312
262 6712
263 4819
264 991
264 8301
264 8576
265 5769
266 4499
268 8544
269 7501
269 9022
270 157
270 3424
270 7752
272 5164
273 4432
276 8216
277 388
279 4289
280 9062
281 3164
281 7950
282 122
283 2404
284 4628
287 4023
288 421
288 1721
289 2000
289 7046
290 5445
291 3225
292 1302
292 6165
294 8705
296 4555
296 6186
299 9490
300 8697
301 2781
302 7142
303 63
303 5222
305 5188
306 791
306 1862
306 4962
306 8483
308 3511
308 5674
311 645
313 6614
314 950
314 9000
315 5218
317 2958
317 3018
317 6008
318 4801
318 7724
320 9041
321 9275
322 760
322 5294
324 8396
326 7794
328 2059
329 9046
330 153
330 7540
331 8744
332 3459
332 6864
333 5116
334 5132
334 8723
335 4108
335 4630
336 578
337 1204
338 4866
339 3827
340 8166
342 9481
343 4337
347 5103
347 7160
348 2673
348 3428
348 5179
349 2907
349 3325
350 9639
353 8906
354 7201
355 1555
356 4430
356 7725
356 8841
357 6789
358 5058
358 5283
359 4864
359 6365
361 3677
362 3240
363 8305
364 4189
365 7189
365 8973
367 6463
367 6467
368 3460
368 8310
369 900
369 6173
369 6243
369 9524
371 3062
371 5071
373 3055
373 4845
374 76
374 7204
375 1412
375 1936
376 8353
379 6618
381 2616
384 5520
386 1120
387 2776
387 3210
388 3859
391 1433
391 7388
392 4068
394 4341
394 8763
397 3536
398 7996
399 1312
399 4195
399 5579
401 4847
401 5652
401 9406
403 4749
403 6403
403 8652
413 2242
415 6163
419 1502
419 6659
421 7568
421 8825
423 6825
423 8640
424 5469
427 3399
428 314
428 3045
428 8696
429 3216
429 4938
432 1264
432 3480
432 5290
433 3344
434 5747
436 111
436 7521
439 1868
439 6951
440 1508
440 4732
442 4365
443 17
443 8233
447 5534
449 7361
450 2948
450 8774
451 2974
452 2611
452 3209
452 6285
453 8427
455 7548
456 1251
456 6194
461 3435
461 3949
462 3117
462 4283
462 8832
465 5596
466 1191
466 4053
466 8706
467 2473
467 3539
467 7911
470 568
471 8045
472 3254
472 8900
473 3193
473 7870
474 6653
475 9574
476 2768
477 1996
477 2459
478 3428
478 4451
479 5402
484 4496
486 141
488 373
490 1422
490 7874
491 2882
491 5253
492 1099
493 8126
495 2897
495 6263
496 8834
497 7164
498 1809
498 4445
498 4896
498 5622
500 6169
500 7424
500 7645
502 2994
502 8952
503 6380
503 8847
504 2865
504 2920
504 5260
505 4994
506 2756
506 7383
508 7079
511 2424
512 3317
513 7271
514 764
516 348
516 518
516 5096
517 2422
517 7697
519 1603
520 6185
521 8090
523 408
526 5525
527 1695
527 9532
528 5327
531 2006
531 5585
532 8113
533 6983
534 8100
535 2843
535 8179
536 5921
537 4422
538 5840
542 4484
544 2439
544 3705
546 5915
549 3351
549 7770
551 5659
551 7487
551 8240
556 1080
557 3999
559 3666
560 220
560 8371
561 248
562 2625
562 7673
567 2903
568 5526
570 6820
570 8405
571 2187
571 5006
571 8077
572 430
573 5578
575 578
575 1696
575 2143
577 3326
580 5025
582 8504
584 4632
586 5300
587 465
587 4210
589 6125
591 429
592 4759
593 225
594 3261
595 1689
595 6826
596 2585
601 371
602 1792
603 462
603 1148
604 3160
605 118
605 361
606 3563
606 5877
608 7701
609 1904
615 4494
617 7210
619 7358
620 1604
620 7137
620 7323
622 2484
623 4267
624 271
624 7644
624 9321
626 9166
627 1876
627 4842
627 7261
628 3542
628 8447
629 3852
629 4730
631 5436
632 7093
633 2208
633 3279
634 9150
635 619
635 6626
636 10
640 670
641 2101
641 2692
643 804
644 6692
646 1409
648 2049
650 5403
651 3162
654 7645
655 51
655 7858
656 2653
657 5363
658 3473
659 6755
660 1368
660 2229
661 3259
661 3370
661 3926
662 3426
664 7345
665 8622
667 3006
668 7839
668 8180
669 3977
669 7594
670 176
670 3204
671 32
671 4305
672 9474
673 5218
674 9588
676 1822
680 2911
680 8621
682 2365
683 3574
687 1069
691 4154
692 1634
692 5303
693 810
693 3357
697 3269
697 6561
698 2978
698 9454
699 818
699 1105
699 5189
699 6530
700 4130
702 5961
703 8329
704 92
705 7516
707 730
707 4883
708 8819
710 9014
712 1679
712 5513
716 2869
716 7016
717 1892
718 3908
719 488
719 3151
723 148
723 4484
723 7438
723 8477
723 9355
725 3010
726 1115
726 1854
727 5315
728 5213
728 7566
730 3640
732 8334
733 5894
736 5846
737 183
737 411
739 5474
740 6303
741 6538
742 1344
746 8872
747 3079
747 3749
747 4977
747 6973
748 7779
748 8254
751 103
751 8455
752 2548
753 9005
754 9272
755 8034
757 4479
758 3163
762 6900
763 1693
764 1534
764 3864
766 3188
766 4617
767 9586
771 2294
771 2367
773 2605
776 2808
777 2211
777 6098
778 1166
778 2037
779 1544
779 1830
780 6129
781 504
781 1147
781 8115
782 9225
782 9298
785 44
785 1236
785 5513
786 9178
787 7571
790 964
792 2823
792 3588
793 631
793 1859
793 1868
794 9621
795 9239
796 8061
797 5659
797 7765
799 698
801 5103
801 7609
803 2892
804 6919
804 7032
805 1184
805 4221
806 8802
807 1916
808 4
809 7408
811 3300
811 5063
812 6013
812 6014
812 9139
813 4624
813 6909
814 2805
816 1819
817 1001
817 1094
817 4834
821 5133
822 3944
823 8548
824 1829
824 5187
826 6312
826 9285
827 1383
827 7325
828 3671
828 7204
831 351
831 1515
832 221
832 2034
832 9149
835 7074
836 1320
836 5778
837 1450
838 2555
838 2951
838 7493
838 8845
840 5765
843 1987
852 8815
854 4943
855 1152
856 3612
856 6669
858 2245
859 2806
859 3062
860 3982
860 7025
861 2806
861 3825
863 3387
864 8726
865 2830
866 652
866 6628
867 8560
868 5272
868 6153
869 2039
869 7291
871 2882
871 7882
873 9668
879 7737
881 2038
882 9149
883 3973
883 6068
884 2728
886 7904
888 2442
890 3220
890 5294
890 8703
893 2741
895 533
896 2881
896 3404
896 5290
898 4558
899 3322
900 1950
901 6054
902 2832
902 5387
903 2717
905 3071
906 8458
907 1600
907 1870
908 3507
908 5216
909 4141
909 5811
913 5004
917 1979
919 3486
919 7708
920 404
921 308
922 7507
923 1100
924 3891
924 7045
925 6801
926 3238
928 5742
932 2240
933 1702
935 1885
936 429
937 222
937 5926
938 6834
940 8446
942 6022
943 3723
944 4315
944 6981
945 8476
948 285
948 3637
951 5530
951 8354
953 2723
953 2776
956 870
957 3295
960 5952
964 2530
964 4050
964 6805
965 932
966 5247
966 6215
969 8987
970 28
972 301
972 349
972 5603
972 7901
973 1245
973 2084
973 7255
973 7312
978 1861
978 8417
981 99
981 2853
981 2985
981 5690
981 8798
983 344
986 110
987 140
989 5029
990 4431
992 3651
992 9530
993 2328
993 6184
994 742
994 6999
995 2482
995 2518
995 8316
996 2311
997 8004
998 8887
1000 2504
1000 3696
1000 7010
1000 7092
1010 1475
1011 4252
1012 2686
1012 6766
1013 556
1013 1388
1013 4696
1015 471
1015 1735
1016 6920
1017 3637
1019 3899
1020 9025
1022 1412
1022 5558
1024 9144
1025 2591
1026 7760
1027 1343
1027 8930
1028 2961
1028 8171
1029 2540
1029 3867
1029 8804
1030 3708
1032 349
1032 2270
1032 8452
1032 8788
1033 818
1033 1486
1035 2141
1037 4614
1038 6770
1041 2156
1042 489
1042 5695
1045 3193
1045 4945
1045 7010
1045 8289
1047 3677
1048 8394
1049 1044
1049 8311
1050 315
1050 1624
1051 3302
1054 3105
1054 8934
1055 8309
1056 2396
1059 3485
1059 7915
1060 6374
1061 7251
1063 7508
1063 9415
1068 5122
1071 298
1073 3343
1073 4884
1074 3017
1074 4450
1074 5983
1074 6682
1078 4053
1078 6782
1079 706
1079 2897
1079 8135
1080 1794
1080 7559
1081 247
1081 1548
1081 6811
1081 8166
1082 5971
1085 3234
1086 4914
1088 1287
1088 2437
1092 8558
1092 9283
1095 5244
1098 2953
1098 6201
1099 4526
1099 7274
1100 1393
1101 240
1101 1773
1102 1041
1102 9490
1105 2861
1105 3508
1105 4387
1105 7749
1113 2251
1114 1142
1114 1592
1116 8800
1117 7237
1118 9466
1119 4722
1120 776
1120 6188
1122 1821
1123 6565
1124 1115
1124 2902
1124 2997
1124 7200
1135 2568
1135 9636
1136 2269
1136 8610
1137 1758
1137 5330
1137 9377
1138 4179
1139 211
1140 1596
1140 5536
1141 988
1141 9366
1142 3507
1142 4814
1144 3746
1144 7831
1146 5537
1147 4530
1147 9691
1148 179
1148 7364
1148 8471
1150 5688
1151 6123
1152 6156
1154 3420
1155 3200
1156 2531
1158 860
1158 1088
1160 6277
1161 7425
1163 6683
1164 3774
1165 8531
1169 7921
1170 7186
1173 3199
1173 4817
1173 7414
1175 3911
1177 6014
1180 6209
1181 4367
1181 4504
1181 7615
1182 7707
1182 8494
1182 9035
1183 1993
1183 5528
1183 5590
1183 9507
1184 2849
1185 1406
1185 2528
1187 925
1187 3554
1187 4987
1188 1064
1188 9514
1189 4303
1189 6949
1190 64
1190 4386
1194 3991
1196 112
1197 6111
1198 7747
1199 6387
1202 4
1202 795
1202 5753
1203 1650
1204 822
1204 6775
1205 5025
1206 334
1206 3791
1206 4999
1207 5608
1207 8501
1207 8919
1209 7193
1209 8167
1210 1757
1210 7973
1211 1012
1212 4933
1212 8797
1213 3452
1214 1049
1215 1766
1216 6983
1218 7536
1218 7728
1219 5734
1221 4016
1224 6050
1225 8050
1226 3763
1226 6714
1227 1112
1228 4468
1230 1174
1230 8623
1231 2832
1231 4860
1233 114
1234 903
1234 2781
1234 7161
1237 3437
1237 5773
1237 7033
1238 4100
1241 3585
1243 3939
1244 4903
1244 9637
1245 3885
1245 4277
1246 8123
1253 288
1253 8374
1256 7009
1257 3023
1257 4949
1261 3199
1261 8744
1262 5888
1263 2158
1264 8604
1265 1218
1265 2470
1270 2085
1271 4898
1272 5975
1272 7734
1273 9188
1277 1689
1277 6898
1280 3555
1281 1723
1281 8321
1282 3312
1282 7298
1282 7728
1284 1769
1285 4500
1286 5929
1287 9211
1294 7818
1298 856
1298 6407
1299 3943
1300 2485
1300 2876
1300 9306
1302 5949
1303 8950
1306 5372
1306 8997
1308 8572
1308 8612
1309 185
1310 5780
1311 4741
1311 5857
1312 9284
1315 1424
1315 3777
1317 7303
1320 905
1321 656
1322 8020
1329 7767
1334 798
1335 604
1335 6755
1336 1724
1337 5741
1339 1709
1339 6729
1339 7451
1339 8022
1340 5043
1341 9295
1342 1185
1342 5199
1343 552
1344 5074
1346 2097
1346 9159
1347 2345
1349 4892
1349 6746
1349 7221
1349 9622
1351 3554
1351 6963
1352 5187
1356 1497
1356 1904
1357 5610
1358 1391
1360 1088
1360 7434
1361 5365
1362 3586
1362 6070
1363 3331
1366 1738
1367 3260
1367 5807
1367 7141
1368 1180
1368 2788
1374 285
1375 1102
1376 2497
1380 866
1380 7948
1381 2954
1382 619
1382 4226
1382 6283
1383 9038
1384 3114
1386 9641
1387 471
1388 1073
1389 3443
1390 6267
1391 8844
1392 3805
1392 5517
1392 9288
1393 7298
1395 1578
1396 2583
1397 841
1397 8002
1401 5170
1403 696
1404 697
1405 1405
1406 9624
1407 7723
1407 9289
1408 4467
1409 7252
1411 40
1411 2011
1412 996
1416 895
1417 2793
1419 7418
1419 7515
1420 1207
1422 3378
1422 8253
1427 2474
1427 2780
1430 4314
1431 7468
1436 164
1439 4994
1440 3080
1441 1327
1441 9030
1442 2206
1444 933
1445 1396
1445 6933
1447 6143
1451 8913
1452 2223
1454 245
1455 3077
1455 5491
1456 6516
1457 2780
1459 2141
1459 2276
1460 173
1460 9040
1461 8493
1462 8644
1463 5767
1464 4146
1464 4810
1466 50
1466 410
1466 6350
1466 6384
1468 1526
1469 3508
1470 1678
1472 8685
1473 1141
1473 7715
1473 8899
1474 5442
1474 9604
1475 5016
1475 6481
1477 7396
1479 5299
1480 656
1480 9657
1483 926
1484 3195
1484 9487
1485 5528
1487 5352
1487 7801
1488 3506
1488 5253
1489 3466
1490 7078
1492 9712
1493 8727
1495 8969
1498 2811
1498 3246
1500 4783
1501 5642
1501 7429
1502 3865
1503 2663
1504 7195
1505 4860
1508 6902
1509 6592
1510 1130
1511 1534
1511 2990
1511 6030
1512 5283
1512 8375
1513 1170
1514 865
1515 2097
1517 4079
1518 2244
1518 3120
1519 7556
1521 2033
1522 2552
1522 3894
1522 6332
1523 51
1523 3404
1525 5632
1527 8451
1528 5459
1528 8790
1530 9120
1531 1549
1531 2019
1531 7301
1534 2455
1534 7603
1534 8072
1536 666
1538 3767
1539 6146
1540 9650
1541 5486
1541 6570
1547 5299
1548 9618
1552 7377
1553 6770
1557 8179
1558 4902
1559 1654
1559 1877
1559 1885
1560 5701
1560 7069
1562 571
1563 5309
1563 6356
1567 3466
1570 7141
1572 8423
1575 194
1575 5508
1575 9471
1576 4774
1577 3850
1577 7427
1579 1480
1581 8052
1581 9037
1585 511
1586 3761
1588 7612
1589 1209
1589 3040
1589 3718
1590 3093
1591 6143
1592 3867
1592 4730
1593 194
1597 2854
1598 9151
1601 2388
1603 7013
1606 3190
1608 3759
1609 2522
1610 770
1610 2146
1611 2829
1611 8086
1612 8229
1615 1277
1618 4173
1619 1010
1620 766
1621 3887
1622 4387
1623 2283
1624 4307
1624 8057
1626 8386
1627 9556
1629 3367
1629 8037
1630 1359
1630 7301
1630 7427
1630 9127
1631 9688
1634 3705
1634 4463
1634 5865
1636 8468
1637 5333
1637 7542
1637 7972
1638 1807
1638 4111
1638 4351
1639 6555
1640 8907
1648 7436
1648 8556
1650 3266
1650 4809
1652 6476
1652 7494
1653 9623
1657 3597
1658 7904
1660 4831
1660 6557
1662 1382
1662 1956
1663 7188
1665 8813
1666 1908
1666 9010
1668 1764
1670 9437
1671 3105
1671 8396
1671 9625
1673 4355
1675 7824
1676 253
1676 9200
1680 4803
1680 4842
1684 7483
1685 4662
1685 8682
1686 846
1689 285
1689 2057
1689 7115
1689 7781
1690 8508
1691 3558
1691 3840
1692 7607
1693 1561
1693 2474
1693 7505
1694 540
1696 2744
1697 8834
1698 391
1698 7894
1703 6751
1704 2133
1704 7721
1706 4429
1706 4525
1706 6961
1708 5975
1709 557
1710 6447
1712 9477
1713 7512
1714 9133
1715 2910
1715 3854
1715 4296
1716 1379
1717 3946
1718 7468
1720 2661
1720 5526
1721 923
1722 6446
1722 7792
1724 2182
1725 6747
1726 9328
1727 535
1727 2322
1727 8895
1729 4202
1732 547
1732 3213
1736 5832
1738 1612
1739 167
1740 952
1741 6398
1741 7373
1743 4595
1743 8027
1744 5019
1745 3888
1745 8937
1748 3599
1750 4555
1751 1199
1752 9604
1753 9613
1754 7744
1757 2560
1757 9516
1758 6625
1759 3947
1760 3939
1760 5491
1761 7426
1762 4215
1762 7344
1763 668
1764 233
1764 7631
1767 6218
1768 4210
1769 4281
1770 7449
1771 9672
1772 4577
1772 7518
1773 2777
1776 8787
1777 9155
1778 3434
1778 8737
1781 3443
1781 5891
1782 3029
1783 3450
1783 5343
1784 642
1785 8405
1786 126
1786 1702
1787 7788
1788 4889
1789 6779
1790 3158
1790 6798
1790 8524
1793 1331
1793 5401
1794 7733
1800 7184
1800 7339
1801 7462
1801 7511
1801 9511
1802 1630
1803 113
1804 3532
1805 2230
1807 2395
1808 4539
1808 6724
1809 1199
1809 3451
1809 7368
1816 6549
1816 7424
1822 6375
1823 1949
1823 4581
1823 7075
1824 3415
1825 3178
1827 2672
1829 5538
1829 7981
1831 4416
1833 2740
1834 5472
1835 5754
1837 6958
1837 6975
1838 491
1841 2315
1843 7518
1844 4196
1844 7022
1845 5023
1845 9678
1847 6214
1848 824
1849 4763
1850 6580
1851 597
1855 9410
1856 2333
1856 7391
1856 8051
1857 6230
1862 294
1862 3362
1863 7178
1867 1378
1868 3024
1868 4544
1868 5476
1869 1456
1870 625
1870 6747
1874 320
1875 5377
1875 6764
1875 9661
1876 5585
1877 5331
1877 5720
1878 2743
1879 6964
1881 81
1882 841
1883 8629
1886 7221
1887 306
1887 3067
1889 6061
1890 6735
1893 2933
1893 3596
1895 8651
1896 6512
1897 1450
1897 3363
1898 5435
1900 3087
1901 9165
1902 8966
1905 646
1907 6065
1908 3773
1909 5062
1910 401
1910 1053
1911 3376
1912 4289
1912 6502
1913 6989
1915 6115
1916 617
1920 1994
1923 4654
1924 852
1924 2245
1925 1387
1926 6751
1927 949
1927 9387
1928 4409
1928 9559
1929 5264
1929 7636
1931 8359
1932 5310
1934 599
1934 8971
1935 6869
1936 2236
1937 468
1937 2015
1940 2152
1940 2531
1940 5412
1940 7983
1942 3290
1943 2302
1946 8541
1946 8608
1948 462
1948 2517
1950 1212
1950 3222
1953 4199
1953 6378
1953 8915
1954 7226
1955 2894
1958 1485
1958 2291
1958 3760
1958 7199
1958 9525
1960 2442
1961 8823
1962 1315
1962 7701
1963 2304
1963 7474
1964 2498
1965 9117
1967 3842
1969 9709
1970 7352
1971 6448
1973 4079
1973 8543
1976 5076
1976 6757
1977 91
1978 5149
1979 1348
1979 8213
1980 5436
1981 7441
1982 6780
1983 8384
1985 1944
1985 2994
1986 8815
1986 9342
1988 63
1989 5141
1990 3405
1991 1939
1992 5487
1992 8192
1992 9334
1995 1795
1996 9560
1997 5956
1998 6300
2001 526
2001 2385
2002 2773
2002 2835
2003 1834
2004 3717
2005 5259
2006 8372
2007 3309
2007 4905
2009 9699
2010 2227
2010 6164
2012 1226
2013 6958
2014 1031
2015 8724
2019 7108
2021 610
2021 4024
2022 4176
2023 6198
2025 167
2025 2641
2025 8451
2027 1355
2027 3063
2028 1331
2030 5027
2035 4800
2036 1280
2036 5961
2037 7305
2038 4745
2039 384
2040 4708
2041 6367
2041 7649
2042 5795
2043 1914
2045 279
2045 3639
2045 7158
2045 8713
2046 7950
2047 7811
2048 5307
2050 6053
2052 2902
2053 968
2053 7384
2054 488
2055 2197
2055 7160
2055 8988
2057 133
2061 793
2061 4329
2063 4795
2063 4902
2064 2425
2065 4200
2067 2126
2069 5685
2069 8950
2070 6938
2070 8578
2072 769
2073 5542
2074 4991
2074 6799
2074 9515
2075 5255
2075 7195
2075 9155
2077 8667
2078 68
2078 6788
2080 4552
2081 1389
2081 8626
2082 896
2082 5181
2082 7513
2083 8225
2083 9149
2083 9452
2084 2945
2084 3073
2085 1758
2085 7403
2086 8968
2088 7171
2090 150
2091 1051
2091 5445
2091 5465
2091 5859
2092 2931
2092 6510
2095 4054
2095 7033
2096 444
2097 1756
2100 19
2100 2155
2101 5351
2102 903
2104 8197
2104 9713
2105 3662
2105 5079
2105 5307
2105 8767
2108 7386
2108 8304
2109 2424
2109 5006
2109 8996
2110 5855
2111 6472
2112 5797
2113 7825
2114 627
2114 6532
2116 9235
2117 6920
2118 3263
2119 4973
2120 6177
2120 9641
2122 7418
2123 3833
2124 1286
2127 3600
2129 7404
2130 8015
2131 2314
2135 3313
2137 240
2137 4961
2137 8959
2140 5617
2141 9108
2142 216
2142 2393
2142 2560
2142 7477
2143 3900
2145 1409
2145 3316
2145 4948
2146 5533
2147 2190
2148 4367
2148 7541
2149 3747
2149 8421
2151 3561
2151 4187
2151 7654
2152 2947
2152 7845
2154 3957
2154 8478
2155 5526
2156 8319
2158 3910
2158 5459
2158 9425
2159 1717
2161 4332
2162 7916
2164 7060
2167 3945
2167 5761
2168 5499
2169 1537
2172 4711
2173 171
2173 6027
2174 7418
2175 1594
2176 74
2177 2798
2178 7841
2179 1117
2180 752
2181 972
2181 6171
2182 6757
2182 7828
2183 3466
2183 6437
2186 7189
2187 6307
2188 3697
2188 8155
2189 4718
2190 4237
2192 2887
2192 3104
2192 7415
2194 3523
2195 5011
2199 1037
2202 3202
2203 3124
2207 626
2207 1593
2207 7744
2208 5197
2209 205
2209 1079
2211 6629
2213 4737
2213 9256
2215 6102
2216 9638
2217 4410
2217 9663
2218 1039
2221 9067
2222 6013
2222 6628
2222 7401
2223 7020
2224 9535
2226 249
2226 6451
2227 509
2227 1515
2227 3306
2229 1965
2232 5003
2232 8001
2232 8007
2236 5984
2237 3282
2240 2059
2240 7352
2241 1275
2241 2024
2241 2819
2241 9012
2242 8105
2243 250
2243 2545
2244 2204
2244 8550
2245 1308
2245 9310
2246 5442
2248 1155
2248 1646
2249 4285
2249 8650
2252 138
2253 1115
2253 3846
2253 8268
2253 8694
2255 1337
2257 2376
2259 3763
2260 6912
2260 7395
2261 2708
2263 2545
2266 2123
2268 1725
2268 8556
2269 7099
2269 9660
2270 3252
2270 7900
2271 9306
2272 209
2272 5610
2274 2451
2275 7426
2277 2893
2278 3178
2278 5524
2279 4139
2280 2252
2280 8138
2284 6819
2286 4038
2287 2170
2287 8748
2288 8923
2289 2148
2290 3757
2290 8984
2293 3034
2293 5438
2294 9562
2295 674
2295 3661
2296 973
2296 9012
2297 2754
2297 4735
2297 6662
2298 2254
2298 6314
2299 1101
2299 3567
2299 6763
2300 84
2301 1116
2301 1876
2306 7539
2307 7877
2309 5171
2309 8099
2309 9510
2312 29
2313 4487
2314 487
2314 6660
2315 83
2317 5202
2320 9525
2322 3771
2323 4596
2323 8862
2324 879
2325 4595
2325 9464
2326 4121
2326 8090
2327 749
2328 2547
2328 6292
2328 6978
2329 3404
2330 6644
2331 2046
2333 6937
2333 8843
2334 9501
2334 9691
2335 459
2335 1295
2337 2299
2337 8599
2338 380
2340 3444
2341 624
2342 3753
2344 7338
2344 7995
2345 7610
2346 9207
2347 7222
2347 7309
2349 6776
2351 8822
2352 2445
2354 6145
2355 9330
2356 6254
2358 2713
2358 3814
2358 8953
2361 3436
2362 7907
2365 392
2365 4100
2365 5830
2366 2903
2367 2792
2372 1539
2373 2072
2373 4462
2373 6974
2373 8293
2374 932
2374 1633
2376 4995
2377 1494
2377 5655
2378 6841
2379 5358
2379 7002
2381 3131
2381 8902
2382 8855
2383 4972
2387 7215
2387 8395
2389 6528
2389 7231
2390 7862
2390 8006
2392 1572
2393 1524
2393 2899
2393 7682
2395 365
2396 850
2396 9284
2397 3023
2397 5157
2399 4049
2400 931
2401 9012
2403 7024
2403 8877
2404 4938
2405 1616
2406 635
2406 3924
2406 6631
2407 5247
2407 7742
2408 7207
2409 8101
2410 4399
2413 7651
2419 3907
2420 964
2421 1660
2424 3297
2425 3841
2426 1432
2427 4026
2430 4646
2432 385
2432 4706
2433 7361
2434 1780
2435 3412
2436 740
2438 719
2438 5342
2438 7072
2439 3308
2439 6592
2442 6904
2443 322
2443 391
2444 9314
2445 8834

