9735 9836 3334
1 1
9 437
10 5488
11 7762
15 8593
17 2548
23 2818
24 4754
24 9041
26 2728
28 54
28 491
32 2109
32 8680
36 6235
37 7166
38 5420
46 9172
48 5254
58 2051
61 3515
61 4962
63 2302
65 1595
66 8768
69 2487
72 1142
75 5032
75 7994
82 4201
83 493
87 1509
89 7
96 1902
96 8610
102 8583
106 3463
108 6647
111 9022
113 2163
115 2308
115 4892
115 9539
118 623
119 2083
120 1878
122 7370
127 695
133 7125
137 7352
139 3103
144 1041
146 5602
152 7316
157 3675
159 2488
166 4180
172 5787
178 7322
179 5
179 4304
185 6238
189 229
189 1220
194 8922
197 9182
202 7790
204 3451
217 9728
220 6727
220 9480
223 8754
224 8456
227 2773
229 3484
229 5744
232 7587
235 4384
237 1518
241 2115
241 8247
249 761
250 8072
251 2927
251 9355
252 8120
253 6836
273 9742
274 7588
277 1266
278 228
281 4005
282 5719
282 6826
282 8016
284 4217
285 7764
286 5074
289 7834
295 8050
297 6038
303 4740
305 3552
306 1991
310 7466
321 516
328 1715
329 1423
330 6939
333 9153
341 7025
344 7156
346 6030
346 7316
349 5855
357 977
358 4538
362 9265
370 4843
370 7036
371 1353
377 3337
378 5014
379 2851
382 5119
383 180
383 8862
392 3669
396 9544
401 677
406 6142
413 382
422 4191
425 4752
429 2727
430 1112
430 1559
430 3996
435 9363
439 3526
439 7762
443 8752
444 2811
447 3090
448 8204
449 6537
450 2067
453 735
454 7006
455 4317
457 5405
457 6618
458 4513
460 5092
460 6797
461 4477
467 4271
472 7398
473 1369
475 4087
475 5592
482 6513
484 3671
488 7182
493 6046
494 194
496 9493
504 2606
505 3203
507 8472
508 6819
511 336
513 643
519 991
519 5697
522 4547
525 3663
525 6385
529 1778
534 4030
537 3202
538 2302
538 9018
549 9801
551 2945
551 3322
551 6602
554 1520
556 9074
556 9670
561 9815
569 110
569 7911
569 8380
570 7754
574 2944
584 3740
584 4621
587 7315
589 8710
592 5117
593 8233
594 142
594 8280
598 542
598 3778
598 4402
601 8785
602 96
602 3651
603 298
605 2146
612 9170
616 1306
618 9666
621 975
623 8274
624 8052
626 4320
628 7752
633 9553
635 5987
638 1616
640 2400
640 8663
641 7648
643 777
646 168
658 3866
664 9812
664 9828
667 6212
671 2339
673 9791
677 5787
678 1159
682 391
682 3952
686 3501
688 4199
688 8257
691 6962
692 693
692 2042
693 2247
699 1156
702 1488
706 5625
713 4652
717 3704
717 8949
719 4989
724 209
724 692
731 8613
733 677
734 4908
735 9709
748 5431
756 2027
775 7052
784 4005
785 5126
786 6669
787 1578
792 1487
804 5417
814 8908
816 1554
816 6518
823 6481
824 460
824 1718
825 428
829 3929
830 1442
835 6406
836 1887
836 6982
839 3536
840 935
845 1458
848 1719
849 2996
850 2987
851 4240
858 2960
862 7051
868 5750
871 2332
871 4643
871 5694
872 3726
872 7573
873 802
874 1351
875 828
886 3393
888 2488
892 4124
893 7675
895 8595
896 2069
896 6466
900 1804
901 7041
902 6947
904 704
905 6367
905 7328
905 8323
908 3308
909 1500
915 2367
917 8295
919 7791
921 7870
934 3028
934 6564
936 1547
937 4042
941 927
943 4640
945 3851
945 6635
951 1492
952 5467
953 1536
960 5953
961 3426
964 5002
964 6943
971 6092
973 7804
976 8686
980 4256
988 8075
991 4478
994 800
998 8765
999 6363
1005 5575
1013 4612
1014 5327
1017 5496
1022 3397
1026 4205
1029 5456
1030 1776
1032 1775
1039 2104
1039 7216
1041 7277
1042 2155
1042 2380
1046 700
1046 9677
1048 1285
1049 4209
1050 443
1055 7796
1060 1575
1060 7323
1062 4506
1066 2411
1067 3919
1067 4507
1069 3690
1073 5337
1074 8327
1078 7465
1080 3469
1083 5360
1083 7357
1085 7011
1095 7888
1096 4197
1097 7113
1106 1743
1107 8698
1108 5895
1113 4575
1118 3106
1125 6182
1128 1956
1129 590
1134 7294
1136 7067
1141 5937
1142 4969
1147 7995
1150 1403
1151 6616
1159 4207
1162 2499
1172 464
1174 9693
1178 3992
1180 9416
1182 6110
1184 8136
1186 867
1188 6223
1190 5632
1194 9543
1196 8433
1199 8912
1204 8646
1215 2805
1217 674
1217 2959
1220 5171
1229 3194
1240 8353
1242 4351
1243 4923
1245 3064
1245 4434
1245 7125
1249 2335
1250 4026
1252 3832
1268 5085
1268 9738
1269 5565
1273 311
1273 3377
1274 6707
1276 7022
1279 6889
1288 3533
1290 4876
1290 9601
1296 8936
1299 6841
1302 1599
1314 2670
1321 8770
1327 8145
1327 9264
1330 2801
1332 6989
1332 8720
1341 2081
1341 4680
1342 8352
1349 5652
1349 8816
1350 647
1356 2491
1359 5075
1360 8208
1361 83
1362 4051
1363 4513
1367 8027
1368 6535
1369 9386
1372 4690
1383 7807
1384 784
1386 9155
1389 5798
1398 2748
1399 8092
1400 129
1401 8192
1404 4360
1407 8794
1409 5781
1410 4672
1410 9584
1411 501
1411 834
1412 9718
1413 2517
1414 9062
1415 8306
1417 1297
1418 9401
1419 67
1430 398
1432 3964
1446 1381
1450 4424
1453 4447
1454 329
1454 1528
1459 1601
1460 676
1461 9311
1465 3965
1467 7746
1483 9076
1484 4779
1487 384
1487 4795
1492 4492
1494 813
1494 1944
1496 4887
1500 1816
1502 2997
1504 5043
1506 4679
1512 8592
1517 5132
1518 8528
1529 6108
1530 4916
1533 7672
1540 1114
1543 7198
1549 874
1550 3959
1553 1634
1553 6683
1557 6573
1559 2092
1559 7334
1563 4642
1568 4962
1578 463
1579 3817
1582 4363
1594 2458
1595 957
1596 6432
1598 5249
1599 3032
1605 5822
1606 2036
1606 9066
1608 2971
1609 3203
1611 56
1615 3410
1616 2760
1617 9144
1620 3661
1620 4881
1623 2404
1624 9096
1630 436
1631 615
1634 801
1636 9119
1642 9046
1650 1718
1651 4252
1655 9679
1657 334
1659 4888
1660 9207
1662 2511
1662 6952
1663 8428
1664 4768
1665 9267
1673 984
1673 2648
1674 9384
1678 9164
1680 1681
1681 1348
1683 9223
1686 7740
1687 7511
1691 1087
1695 5469
1696 9052
1697 7039
1704 6814
1706 9448
1707 9211
1712 7790
1714 3037
1717 3247
1719 1999
1721 93
1721 7859
1726 2078
1728 9431
1730 2884
1731 2305
1731 2453
1743 2153
1750 2963
1752 6517
1754 2062
1763 5426
1767 844
1777 3053
1779 1551
1781 3573
1781 4619
1783 4504
1784 8614
1785 3546
1785 5352
1787 2401
1788 1934
1792 4395
1793 5074
1794 8391
1794 9354
1800 593
1800 8178
1803 8403
1809 7383
1811 7437
1826 2819
1830 8754
1831 4146
1836 4453
1837 2438
1837 9074
1838 7518
1844 3638
1845 3281
1847 4249
1848 5456
1853 7840
1856 8671
1866 2508
1867 355
1867 3184
1871 1548
1874 6572
1876 3543
1876 6263
1877 3751
1885 4204
1890 6365
1893 5669
1901 3922
1902 7977
1906 4844
1908 6006
1910 3906
1912 4657
1912 5977
1921 2494
1923 4676
1927 4385
1931 5477
1931 9592
1932 1169
1935 6177
1939 9647
1941 4845
1942 2512
1944 8049
1944 8614
1946 1263
1949 3742
1949 6550
1950 9214
1951 3351
1951 6954
1959 6190
1965 936
1970 7064
1971 9040
1973 3478
1973 5237
1978 6253
1980 5984
1982 7993
1983 9767
1992 4899
1993 1169
1999 3480
2000 6617
2002 8519
2009 686
2010 3362
2012 833
2016 6058
2017 3543
2023 3834
2026 3906
2027 9815
2028 4114
2029 7606
2030 9748
2035 4415
2036 6609
2036 6695
2037 4129
2039 5040
2041 5905
2041 9474
2042 4353
2043 3712
2043 7848
2045 6566
2055 3047
2057 2955
2069 1980
2069 7567
2070 9731
2074 6351
2081 2198
2085 7966
2086 8458
2094 6192
2101 7452
2103 9800
2107 6148
2108 9312
2113 8833
2114 946
2118 1130
2119 7483
2127 628
2127 3588
2130 6859
2131 3377
2143 2393
2143 9444
2145 8575
2148 9254
2149 9002
2153 4775
2158 7370
2160 7875
2168 7939
2171 9353
2184 1350
2187 657
2188 1343
2192 1814
2192 3367
2195 8325
2195 9478
2204 3022
2205 8457
2207 5275
2211 9743
2213 8769
2222 7291
2224 4513
2226 8756
2227 4187
2227 7109
2231 2177
2241 5431
2241 8317
2242 343
2245 7593
2246 886
2258 1364
2258 4584
2264 493
2274 135
2276 4791
2282 6458
2284 3612
2284 7531
2286 711
2286 1440
2297 1217
2297 4222
2298 8054
2302 1430
2302 5332
2306 3633
2311 950
2311 2933
2315 513
2315 1599
2316 2728
2317 4926
2318 7582
2325 4820
2326 9555
2331 7683
2336 4734
2336 5735
2338 5728
2340 5804
2343 5325
2345 8499
2349 7730
2350 6059
2353 7517
2354 1501
2355 1912
2356 5851
2359 919
2360 2526
2360 7254
2362 1398
2362 1988
2366 1683
2369 8937
2372 9319
2382 8236
2384 8072
2385 9758
2395 4373
2395 5483
2397 7315
2402 3917
2404 9510
2406 7070
2407 8971
2408 4444
2408 4944
2411 2023
2412 9171
2413 2531
2416 7420
2418 2610
2423 1347
2424 519
2429 4861
2431 2854
2431 6845
2432 5855
2443 7643
2446 815
2446 1670
2448 402
2448 7273
2449 3628
2453 9567
2462 9127
2466 3403
2471 8118
2476 9010
2481 5956
2482 2693
2482 2946
2485 6416
2487 3359
2488 217
2488 1099
2489 2556
2491 3753
2493 2845
2497 9099
2498 5562
2500 6740
2502 6935
2506 3115
2510 6331
2512 7391
2514 4527
2520 386
2523 9472
2526 4602
2530 8132
2531 4303
2535 125
2537 3053
2539 9741
2545 430
2545 7470
2551 7500
2558 1531
2561 9072
2562 4590
2568 715
2568 4124
2569 7899
2577 1118
2577 2669
2577 7264
2583 3440
2585 7955
2586 2266
2590 6675
2592 6954
2597 5395
2600 7413
2601 308
2605 4382
2606 399
2608 4468
2616 7034
2617 2961
2619 9526
2624 8775
2625 1311
2632 8930
2634 9007
2636 3880
2636 7173
2638 3000
2644 1576
2655 8203
2660 953
2662 8139
2663 8009
2666 569
2673 7800
2676 8928
2679 781
2682 3776
2682 8618
2683 4827
2685 5191
2687 8702
2690 5251
2692 2836
2701 8238
2702 3198
2704 7002
2705 8218
2714 8580
2719 5135
2723 8341
2724 4454
2727 9140
2731 8832
2737 9178
2741 386
2745 7948
2759 5494
2764 2384
2764 7447
2768 290
2768 2187
2772 5044
2777 2906
2779 6074
2781 8049
2782 1383
2782 3511
2789 7905
2794 841
2797 3208
2799 9134
2801 8617
2802 9505
2805 5153
2811 5973
2837 9184
2841 3794
2842 7375
2844 7509
2846 6217
2851 2146
2854 3351
2858 6157
2861 3107
2861 8655
2862 2755
2862 5172
2865 7323
2865 7470
2868 9607
2870 6453
2871 2486
2871 4417
2872 5116
2873 6765
2874 160
2877 7571
2879 7524
2880 9522
2881 6348
2882 4366
2890 4843
2891 7177
2892 5289
2893 8296
2896 460
2898 8344
2901 328
2906 1048
2911 7207
2917 8923
2919 6260
2932 8856
2939 3981
2942 6264
2944 5476
2949 8975
2955 8151
2959 9613
2960 787
2964 4384
2966 4279
2970 9103
2972 2684
2974 4562
2976 4638
2978 2530
2998 5982
2999 7910
3000 60
3003 4106
3010 224
3015 2883
3021 5877
3025 5255
3028 574
3035 2506
3048 7249
3050 7698
3052 2198
3056 974
3061 72
3064 26
3082 4303
3088 6559
3089 3169
3090 1600
3098 3824
3105 2651
3105 5700
3116 1115
3117 1802
3119 2357
3127 3779
3129 2258
3134 3616
3138 4063
3139 3305
3140 5517
3142 8931
3147 2732
3150 2717
3155 5340
3155 8750
3158 5840
3160 537
3161 2893
3161 6258
3162 5202
3170 8173
3175 1360
3175 1809
3179 2941
3182 6569
3185 8015
3186 4216
3187 8600
3189 4267
3192 2243
3201 4889
3208 8799
3210 7179
3211 1144
3213 2329
3215 6911
3229 5181
3240 1366
3240 4682
3243 225
3245 3617
3245 9403
3246 9465
3248 1598
3255 5076
3256 4626
3258 1340
3267 84
3274 1836
3281 7618
3289 2411
3291 8970
3292 967
3294 4649
3294 7806
3298 1866
3302 2263
3302 3205
3305 9324
3305 9752
3307 5265
3312 1062
3314 3770
3314 6010
3315 9554
3322 8089
3325 3133
3328 2520
3333 8964
3334 6195
3338 777
3341 2191
3342 5090
3348 1384
3349 2039
3357 1527
3361 6692
3372 7452
3380 8890
3381 5520
3384 1888
3389 5216
3390 7075
3395 4212
3401 4569
3410 5535
3412 8050
3414 4900
3415 4122
3417 7544
3418 483
3429 6136
3429 7255
3431 3714
3432 2490
3437 93
3437 493
3441 5062
3442 9725
3447 9241
3448 5091
3450 3861
3455 4893
3456 5688
3457 3205
3460 3038
3460 8046
3461 6250
3470 1144
3470 2122
3471 226
3475 2508
3476 1861
3476 3413
3476 9173
3479 4093
3479 9002
3480 2264
3482 1725
3489 4135
3489 8186
3490 8381
3493 98
3493 523
3496 8734
3501 3627
3505 1410
3510 3742
3518 6870
3520 6127
3520 9281
3527 6951
3528 3646
3529 2729
3534 4472
3534 9549
3535 8979
3537 8922
3542 3115
3543 6107
3544 5940
3545 479
3547 9231
3548 327
3548 4416
3550 2241
3551 2228
3551 7615
3552 8431
3555 7891
3556 5610
3560 3050
3561 7420
3562 7731
3562 9718
3564 8134
3566 5641
3571 6087
3574 1302
3575 6072
3576 8350
3579 9383
3581 6178
3582 5578
3591 2243
3593 6608
3601 7348
3603 5379
3603 6084
3614 8715
3617 988
3617 3328
3618 6347
3621 7517
3621 8284
3622 2987
3622 6355
3630 2087
3632 9125
3634 5059
3638 4250
3646 5556
3650 3109
3653 4970
3658 2203
3658 9212
3664 2358
3667 9478
3668 8857
3670 1086
3671 7273
3672 4397
3674 2184
3675 5499
3677 7870
3683 6580
3684 858
3685 1869
3692 7265
3694 17
3695 4225
3700 3727
3703 1896
3704 8379
3704 9650
3705 5308
3705 5442
3708 2923
3709 7327
3710 8495
3713 8651
3716 288
3716 354
3716 4718
3716 8003
3728 463
3729 2952
3731 230
3732 5232
3734 6290
3741 4511
3741 7938
3742 6522
3743 9058
3753 362
3753 2108
3756 2236
3757 8756
3760 4659
3763 3276
3764 5131
3766 6289
3767 7373
3767 7474
3768 1137
3769 9109
3769 9142
3770 8741
3772 1205
3772 3559
3778 1833
3778 4580
3778 8005
3779 8422
3792 9236
3793 110
3794 2117
3803 7310
3810 4407
3813 7096
3815 1226
3817 4452
3817 8880
3817 9177
3821 3021
3823 3996
3825 4116
3830 1610
3830 4943
3837 5986
3840 873
3841 1628
3841 6876
3842 2722
3847 84
3848 8122
3855 1404
3858 342
3865 4667
3867 9250
3869 5447
3872 2082
3877 1646
3879 7550
3886 348
3888 893
3888 7049
3892 1214
3895 8493
3897 9159
3899 4092
3901 1268
3901 4026
3902 4174
3902 8473
3904 7760
3904 8731
3907 7645
3910 9233
3911 207
3913 6792
3915 3369
3917 79
3923 2166
3929 2905
3929 3836
3929 4139
3930 518
3933 7994
3935 9391
3937 8051
3939 6649
3940 7478
3941 5434
3941 6990
3943 9368
3944 7032
3946 5664
3947 1366
3949 30
3951 1020
3953 8816
3957 995
3957 5707
3960 5359
3969 615
3969 4413
3971 8027
3972 5753
3973 3534
3973 6546
3974 4431
3975 696
3975 7497
3978 8543
3980 2478
3982 4178
3982 7651
3983 905
3984 7049
3986 9815
3992 41
3995 253
3997 5619
3998 6622
3998 8018
3999 6017
4007 5492
4012 3780
4019 7679
4023 9121
4031 171
4031 2391
4033 242
4036 5204
4043 684
4043 2875
4043 8593
4053 6725
4058 3343
4059 9131
4061 4602
4066 7655
4067 547
4071 7917
4075 4103
4077 32
4079 8849
4079 9110
4080 4946
4081 2398
4086 8958
4091 1640
4092 7522
4094 7627
4099 2676
4099 8702
4101 4588
4104 5850
4107 2532
4112 4096
4115 9217
4123 837
4123 6638
4124 4381
4125 2955
4134 2039
4140 7790
4146 1370
4146 5582
4149 7250
4152 6786
4153 6471
4159 409
4159 1612
4159 3758
4159 8190
4162 958
4164 8430
4165 6168
4168 6097
4173 4096
4173 4764
4176 7512
4178 7732
4181 6908
4184 758
4184 1613
4188 7
4195 3864
4197 4986
4197 8209
4198 6595
4201 498
4201 4564
4206 3241
4207 2266
4208 1315
4209 9775
4211 8999
4213 5324
4213 6806
4213 7858
4214 6859
4218 8544
4219 2649
4219 5799
4221 1672
4221 3772
4225 8322
4230 5989
4231 6239
4233 5171
4235 4002
4236 5150
4237 1003
4238 5349
4245 3602
4246 290
4246 3797
4247 9325
4247 9436
4249 5340
4249 6686
4252 7317
4253 1056
4260 5656
4263 8260
4273 2146
4276 3713
4281 3344
4284 1871
4288 7665
4290 4787
4293 3145
4297 6018
4306 7403
4320 8203
4322 3732
4327 2460
4327 5190
4329 8014
4332 3339
4333 3311
4333 3618
4336 9491
4337 2103
4341 8257
4344 473
4350 2970
4357 9121
4361 3428
4366 7224
4368 6365
4369 3589
4374 5538
4375 1148
4376 7851
4381 274
4382 7460
4388 7445
4394 5357
4395 9037
4402 2104
4402 7730
4407 2081
4407 5448
4407 6234
4409 4123
4409 6384
4411 2040
4411 3410
4417 325
4418 2497
4420 4593
4425 842
4425 6039
4427 8123
4429 1239
4432 3996
4434 3122
4444 260
4444 1879
4444 9383
4446 9538
4448 6659
4454 529
4454 3768
4459 3877
4459 9728
4460 9602
4461 1381
4464 8310
4474 9451
4476 5951
4478 1719
4485 5176
4488 685
4488 977
4492 2632
4499 8322
4501 5755
4502 886
4507 9019
4509 4252
4516 194
4518 2287
4518 3757
4520 6621
4524 7587
4526 7032
4527 7053
4536 1436
4536 8667
4538 2826
4541 8312
4544 2453
4546 5974
4550 1871
4552 3324
4552 5810
4556 687
4556 6562
4556 7670
4561 8014
4564 847
4567 2447
4582 1977
4582 2464
4582 4514
4587 8981
4588 2185
4591 178
4593 9766
4600 1171
4601 6893
4604 5507
4607 8983
4608 4534
4615 7011
4619 7996
4625 6402
4628 4633
4630 695
4631 6037
4632 420
4633 208
4634 8805
4645 6782
4652 3373
4654 2392
4670 1077
4675 4595
4675 8127
4680 3639
4680 5558
4682 6414
4686 5350
4687 6635
4688 6375
4690 193
4693 8056
4695 3237
4698 9355
4699 3874
4699 6675
4701 8750
4704 7713
4705 2776
4705 9090
4706 6909
4708 2536
4709 7566
4712 2930
4716 8558
4718 1383
4723 6556
4724 1995
4725 3129
4727 4732
4727 8560
4733 2746
4737 4883
4738 699
4740 2115
4740 8187
4744 4916
4758 8451
4760 6720
4764 7933
4771 8977
4773 6319
4777 5370
4779 4815
4780 2598
4780 7145
4783 2171
4800 7530
4800 8080
4803 5543
4809 7292
4810 4818
4812 9164
4813 3200
4817 3934
4822 5921
4826 8147
4827 9144
4828 6625
4832 7134
4835 1932
4838 6587
4839 3418
4840 882
4841 2378
4841 9016
4842 175
4844 8246
4852 3778
4859 3308
4866 952
4872 7635
4873 2997
4882 5802
4894 7482
4895 9404
4899 3560
4899 9668
4901 5340
4903 726
4908 9044
4910 1606
4910 4315
4910 4436
4911 7723
4913 1857
4913 4509
4913 5202
4916 5480
4917 2776
4918 3015
4918 7945
4924 7946
4931 2515
4934 1417
4935 2516
4940 134
4942 3977
4945 8848
4946 1669
4955 4110
4960 998
4964 4102
4965 4901
4970 7169
4971 212
4974 4045
4976 9629
4977 6265
4979 3569
4979 7555
4980 2279
4983 2121
4992 2986
4998 1682
5001 748
5001 9681
5003 878
5004 3493
5006 8974
5007 2229
5008 6586
5014 5854
5016 5835
5019 6042
5023 3156
5024 118
5024 5648
5024 7446
5025 6018
5026 9281
5030 5745
5036 3239
5037 9689
5038 2546
5041 9071
5046 875
5046 8547
5047 6816
5052 1393
5052 7264
5053 2686
5054 1550
5056 1324
5056 3370
5057 7120
5065 850
5070 9315
5074 8148
5075 1807
5083 9071
5084 7141
5089 1201
5096 608
5103 8639
5106 7322
5111 4464
5118 4575
5120 7642
5121 5991
5128 9478
5130 2738
5150 9764
5152 6871
5153 162
5153 8295
5153 8928
5154 2308
5154 5326
5158 7999
5165 6785
5166 1298
5171 1855
5171 4266
5173 6803
5180 6306
5181 6214
5190 1426
5200 1168
5201 3083
5204 3333
5207 9104
5208 8533
5211 3210
5212 6783
5216 4277
5219 6960
5221 490
5230 6891
5230 7474
5233 287
5241 8388
5242 7868
5242 7973
5244 4612
5247 9715
5248 9064
5249 7214
5249 9805
5252 9556
5254 2203
5259 2194
5259 4998
5260 3171
5264 1170
5264 5939
5267 408
5268 4271
5288 3581
5289 4741
5295 5424
5295 7465
5302 2724
5305 648
5305 7110
5306 656
5309 2002
5311 2747
5316 6754
5318 6110
5320 5433
5320 7893
5329 7083
5331 9161
5335 7426
5336 3790
5339 317
5341 4619
5342 3342
5344 8657
5349 4534
5351 2199
5352 4957
5353 4293
5355 8932
5360 3351
5361 6570
5368 4295
5373 4704
5375 5943
5384 3068
5387 6094
5394 6817
5395 2334
5396 534
5396 8567
5402 1091
5402 1248
5403 277
5404 312
5404 9788
5406 7922
5407 2412
5411 8430
5416 768
5419 128
5420 2617
5423 3318
5426 1586
5430 9762
5432 4680
5434 5606
5438 3112
5439 6361
5449 1910
5450 6720
5452 507
5452 9592
5455 9176
5463 9541
5465 2864
5467 5175
5468 7272
5477 1499
5479 2796
5480 7628
5482 435
5486 5231
5489 3949
5492 6151
5494 2488
5496 581
5500 2758
5501 2791
5502 1173
5502 8842
5503 2949
5504 6652
5510 85
5511 2923
5512 1518
5513 8171
5515 9071
5518 2374
5518 9405
5520 1947
5522 3881
5523 4038
5523 8930
5525 2935
5527 6724
5530 3397
5539 2904
5541 5522
5544 4631
5551 6433
5559 1458
5560 4969
5561 7640
5566 3793
5569 8425
5575 9284
5589 6105
5590 6472
5592 9564
5593 9773
5594 7685
5605 5578
5606 7496
5607 9639
5608 7688
5610 3004
5618 4721
5630 4903
5640 5799
5643 9638
5646 2984
5646 3121
5648 1281
5655 8153
5658 4946
5658 9634
5660 3197
5660 6519
5662 2774
5664 2277
5668 8
5668 947
5668 6008
5672 8671
5675 1649
5675 8846
5680 433
5683 2884
5684 6441
5689 6215
5693 1129
5699 3682
5708 2840
5710 1595
5712 6618
5713 9251
5716 692
5716 8361
5718 717
5719 1691
5720 3071
5721 1792
5721 4973
5721 5914
5725 4477
5726 881
5726 8011
5731 2977
5740 9611
5741 3639
5742 5409
5748 9642
5749 2320
5750 8059
5755 4451
5755 8640
5756 677
5761 3866
5762 1840
5762 5287
5766 844
5772 5690
5778 7464
5781 8894
5786 1265
5788 5626
5788 7186
5791 9020
5792 854
5799 1893
5805 7098
5805 9805
5808 178
5811 7200
5812 5812
5814 7605
5816 9380
5819 3719
5823 6930
5823 9417
5844 7537
5850 2656
5854 6375
5858 9272
5862 2921
5866 435
5867 913
5867 2714
5867 5414
5872 6518
5875 7497
5877 5219
5882 8934
5886 7187
5886 9769
5892 8643
5895 1756
5895 3097
5902 7719
5910 3200
5911 3074
5911 4356
5913 9286
5914 693
5915 2236
5916 3825
5921 2413
5925 1437
5926 1798
5927 7905
5936 4410
5942 5084
5942 7997
5942 8253
5943 2406
5943 8245
5950 1354
5954 642
5954 7536
5962 1408
5962 7726
5963 34
5963 4348
5965 1260
5969 40
5971 6171
5971 8485
5973 4539
5977 5903
5978 3592
5987 6205
5994 2784
5995 5123
5996 2944
5998 1000
6007 1545
6008 6428
6013 5005
6014 8949
6016 840
6020 126
6024 1773
6029 1615
6030 5390
6034 2541
6036 751
6041 2574
6042 5412
6045 3927
6049 2200
6052 2789
6054 2320
6055 739
6055 8726
6057 3737
6059 9071
6061 8373
6062 3975
6063 6138
6071 9650
6073 2097
6079 1067
6082 1945
6091 1328
6093 9627
6098 3499
6098 4959
6099 2767
6104 7024
6107 37
6110 7539
6111 1188
6111 8561
6114 7858
6120 8076
6122 9064
6124 5750
6125 2479
6128 3917
6131 1310
6131 2449
6133 1979
6137 7096
6138 2420
6139 533
6139 4069
6140 9683
6152 7255
6154 8099
6159 6244
6168 160
6169 2827
6170 7914
6171 8274
6175 3204
6178 7693
6178 7966
6181 5173
6181 5354
6182 6034
6183 3552
6183 4144
6187 671
6187 3350
6190 2067
6192 4923
6195 4178
6200 7431
6210 9520
6211 3265
6211 3801
6216 3006
6219 3456
6222 935
6222 2500
6222 8912
6225 1945
6228 3124
6231 7474
6232 5343
6232 5906
6238 4787
6242 2657
6244 1085
6244 1504
6244 8562
6246 887
6247 6746
6248 7480
6249 7659
6249 8111
6251 4071
6251 9457
6254 4723
6263 8815
6268 8248
6272 9583
6273 1620
6274 5019
6276 5369
6282 6698
6283 3349
6283 6257
6286 789
6290 1402
6293 6789
6303 2774
6304 5624
6307 6015
6308 8107
6308 9567
6309 3301
6309 8373
6314 2904
6318 9775
6320 6070
6322 4240
6324 2114
6325 2621
6326 8534
6328 3901
6333 5527
6339 4955
6343 2844
6345 3467
6346 3646
6349 5402
6351 5397
6355 1030
6356 7381
6358 9748
6361 3282
6363 2895
6365 7621
6366 341
6367 8518
6369 6924
6371 8972
6372 7717
6373 8229
6377 2761
6378 9805
6382 709
6387 495
6393 2503
6397 6354
6398 7148
6398 8007
6400 2582
6401 8560
6404 7141
6406 5456
6412 6808
6412 7964
6421 581
6421 5807
6421 6153
6423 8093
6428 9595
6429 4982
6431 5901
6432 1465
6434 2555
6441 7732
6442 279
6445 5192
6446 4143
6448 8265
6449 45
6449 2766
6449 7709
6450 8665
6456 5079
6456 7741
6457 5046
6457 5462
6458 4887
6458 8854
6460 6076
6466 1379
6467 3355
6467 7979
6468 7020
6470 2335
6475 9491
6483 6728
6484 5360
6488 1808
6489 9403
6492 2668
6494 6452
6495 6946
6495 9325
6502 778
6502 3710
6503 2396
6506 146
6507 8821
6519 3611
6520 946
6520 6273
6520 7086
6530 1008
6532 1456
6533 1644
6538 5757
6541 5106
6545 827
6545 4990
6550 1114
6553 9472
6555 2841
6558 1293
6561 7223
6570 7022
6570 7354
6571 1667
6581 7328
6582 552
6583 2725
6583 3454
6588 6279
6592 5388
6594 4248
6594 8174
6596 3536
6597 7970
6598 8188
6600 2021
6600 6289
6600 9349
6603 7084
6604 8865
6606 9099
6608 3045
6608 3998
6608 5962
6610 5683
6611 2854
6611 5103
6618 382
6627 6266
6629 8274
6633 852
6635 5724
6640 8905
6642 850
6642 3063
6652 8723
6655 4977
6656 3097
6658 2496
6658 4814
6658 9370
6669 2145
6676 9444
6677 3209
6683 279
6697 1562
6697 4308
6699 9257
6702 7529
6703 713
6704 4408
6708 4905
6710 4796
6715 1464
6716 6589
6716 8920
6719 2203
6721 8404
6723 4909
6724 5235
6726 1872
6727 8549
6735 5709
6738 3392
6741 9538
6752 2282
6753 9350
6755 4622
6757 962
6761 2351
6762 7046
6769 4548
6769 8395
6774 6497
6776 184
6776 5438
6779 5019
6779 8500
6780 3656
6781 2251
6788 8162
6792 1194
6794 2250
6801 670
6803 8897
6807 9649
6812 9259
6815 1647
6820 3574
6824 473
6824 9149
6827 4086
6829 893
6829 9528
6830 4564
6834 6329
6841 8993
6845 2224
6845 5689
6850 522
6851 7943
6854 2592
6855 1441
6857 5254
6862 1042
6865 4382
6871 6633
6874 9068
6876 3052
6882 1465
6884 5921
6891 9736
6894 783
6896 4117
6902 9149
6904 2206
6904 2986
6904 7257
6917 4447
6918 3845
6919 3165
6921 8796
6927 9362
6931 6012
6932 5591
6937 2659
6942 7804
6947 7388
6957 2266
6957 3895
6958 9510
6959 9433
6962 3189
6965 9227
6967 2928
6974 2069
6978 8232
6986 1620
6990 3097
6993 8336
6994 6385
6996 9754
6997 7733
7001 6111
7001 9652
7003 9562
7006 4080
7008 51
7009 7834
7011 4033
7011 9173
7016 5619
7018 4183
7021 6693
7023 8474
7030 3966
7035 3901
7036 5161
7040 653
7041 5751
7041 6925
7046 3878
7049 8088
7050 7391
7056 5572
7061 8254
7064 8725
7065 7471
7066 2948
7071 2262
7072 3339
7072 5174
7073 7418
7074 8796
7079 6139
7080 3354
7083 1279
7085 2382
7090 5342
7091 5293
7092 4230
7094 4280
7095 2249
7098 2955
7101 6345
7104 8419
7105 1547
7109 3075
7116 187
7118 2339
7119 5465
7120 3702
7121 645
7129 6232
7131 5058
7132 6963
7133 5233
7133 6440
7138 3811
7139 3708
7144 3170
7145 4985
7146 7790
7147 395
7165 3445
7166 4887
7167 5304
7167 7686
7175 822
7178 3330
7179 2152
7179 8435
7181 2460
7185 6536
7187 3205
7189 2667
7190 7189
7192 4227
7204 8254
7205 2925
7205 6335
7206 3945
7216 3074
7216 9795
7224 9286
7228 2423
7229 6617
7233 6389
7239 2723
7242 2643
7242 7474
7245 3599
7248 3029
7252 5328
7255 8270
7256 6010
7258 1494
7259 9165
7262 7330
7268 1572
7272 6085
7275 6876
7276 3476
7285 3144
7285 7524
7288 5993
7300 5736
7306 844
7307 8940
7314 4324
7314 5373
7317 190
7318 5906
7319 7022
7322 3813
7323 3439
7323 6974
7338 8465
7339 5867
7340 7319
7345 6632
7352 5261
7353 4954
7355 9020
7358 2360
7362 6832
7364 2116
7366 9385
7367 3481
7368 9331
7377 2209
7387 1774
7388 6182
7389 8111
7391 7184
7391 8115
7401 3564
7405 6274
7406 4994
7412 4344
7414 7119
7415 1333
7415 2473
7415 2504
7420 7317
7423 7316
7425 2715
7425 6058
7430 724
7430 6075
7441 6429
7444 6850
7448 9354
7450 6347
7451 4950
7452 4179
7461 5648
7461 6754
7474 5068
7478 4995
7481 763
7485 1826
7488 9566
7495 2197
7502 9441
7503 3521
7503 3639
7505 5178
7507 9670
7509 8847
7510 518
7515 201
7518 8003
7519 8263
7520 4125
7524 7314
7531 9114
7534 2869
7537 3007
7541 4520
7541 6966
7543 6250
7548 4385
7550 133
7552 3478
7553 3514
7555 9113
7564 351
7565 9662
7571 6200
7573 2721
7574 6380
7579 5509
7584 5098
7585 9527
7586 398
7588 1826
7589 3265
7589 4263
7592 6094
7599 52
7599 4343
7603 2533
7605 7668
7610 7934
7612 2125
7613 3766
7614 5157
7616 4162
7619 7505
7620 4399
7623 1251
7625 4766
7628 4626
7629 5756
7630 3400
7634 4060
7640 4707
7642 4372
7644 1616
7644 3587
7644 4513
7645 547
7645 2314
7646 9093
7650 5831
7655 303
7659 8110
7662 666
7662 689
7669 237
7669 3804
7670 1279
7670 3528
7670 4909
7675 4088
7681 584
7694 1599
7694 9730
7695 3409
7695 4603
7697 5852
7699 1078
7699 3500
7701 467
7703 4876
7704 7389
7706 2690
7707 4944
7710 1249
7713 3061
7714 6655
7715 4952
7724 2023
7724 6593
7726 239
7727 967
7727 5193
7729 210
7734 7076
7741 5211
7744 399
7750 7968
7754 418
7755 5822
7757 1461
7757 7457
7759 7444
7761 3867
7761 8360
7766 839
7766 3408
7769 1407
7769 3023
7770 6387
7776 514
7779 2193
7780 2528
7780 5750
7781 9798
7782 3685
7784 1168
7785 6165
7787 3757
7799 6657
7803 1713
7803 8229
7804 3043
7804 7289
7807 5613
7807 7905
7821 3271
7824 1465
7825 745
7829 2387
7831 1477
7834 1128
7837 3608
7838 1679
7839 7222
7839 7267
7845 5292
7847 3020
7851 55
7855 4769
7858 1315
7858 1910
7862 7841
7866 5477
7868 4698
7869 2601
7878 5392
7881 4347
7882 5129
7885 5411
7887 1527
7888 4365
7898 8916
7905 1205
7905 7608
7907 2212
7915 4493
7918 3850
7919 5927
7921 3190
7921 9555
7923 1894
7924 8793
7930 8974
7934 7334
7936 7191
7937 4522
7937 5197
7938 3078
7940 5125
7946 5829
7947 4509
7951 142
7955 9290
7959 2247
7961 5373
7965 2567
7969 9027
7975 7623
7982 615
7983 2666
7986 3114
7986 9644
7989 6032
7994 428
7994 9106
7995 4844
8004 1551
8005 9682
8007 5881
8008 2282
8008 5399
8009 8889
8010 6114
8012 7797
8015 38
8019 3708
8021 4239
8021 7482
8026 2746
8029 2773
8029 3793
8029 4773
8031 9390
8034 1915
8035 7743
8041 3633
8047 2082
8047 2842
8048 4853
8049 7633
8050 3783
8051 3245
8051 6422
8051 7572
8053 8909
8056 8534
8061 377
8063 6673
8063 7619
8066 1109
8066 5264
8067 7855
8071 7629
8072 1153
8076 6569
8082 2402
8086 8802
8088 1349
8088 5043
8092 4454
8100 1432
8106 3276
8110 7419
8111 1545
8112 8882
8114 1752
8117 5266
8126 6511
8132 5405
8133 2477
8133 4686
8133 7313
8133 9335
8134 9719
8136 6478
8137 4120
8138 5404
8139 1678
8139 3099
8141 8682
8148 3244
8159 3541
8160 5190
8162 903
8162 7581
8162 8365
8169 79
8170 9236
8179 2415
8181 7594
8183 5074
8184 2273
8186 677
8186 7653
8193 562
8194 7862
8195 5752
8200 8855
8205 258
8207 5975
8210 9013
8222 8417
8225 1101
8228 8450
8240 8916
8244 2983
8244 3160
8245 9207
8251 2815
8252 6283
8258 6855
8260 5898
8263 4696
8266 2822
8266 7043
8270 1179
8270 2511
8273 6802
8276 3550
8282 4327
8283 3523
8283 5640
8288 7909
8295 2217
8298 1885
8298 7018
8301 5434
8304 5098
8305 5987
8310 5785
8314 8199
8316 7689
8317 8268
8318 1756
8319 495
8320 1194
8322 4143
8328 8272
8329 5438
8342 2600
8346 7566
8348 8056
8351 3035
8353 9448
8357 4725
8358 2108
8362 543
8362 1723
8369 2641
8369 5599
8371 3970
8373 23
8377 6031
8381 6643
8387 236
8389 6311
8394 2655
8397 4490
8398 1133
8399 2874
8401 7910
8408 7214
8415 9834
8417 4020
8418 7452
8424 54
8427 823
8428 5503
8431 6998
8434 7008
8434 9142
8435 647
8440 8860
8442 300
8447 1973
8464 7370
8465 7824
8467 9517
8472 4169
8473 7716
8482 6552
8489 3237
8492 1675
8492 7362
8497 5270
8501 3102
8504 3045
8506 1846
8510 2685
8510 5935
8510 9805
8511 6404
8514 3188
8516 1527
8521 1247
8522 1739
8529 3985
8530 4639
8534 1573
8534 9685
8535 3307
8538 7865
8541 5182
8544 514
8544 1625
8544 4995
8544 9410
8550 7805
8551 278
8552 742
8553 8503
8564 2284
8564 4142
8565 7078
8571 8382
8576 1115
8578 5543
8578 7822
8581 257
8581 551
8590 3712
8591 7759
8594 2975
8596 122
8597 9617
8599 2790
8599 7237
8604 2618
8604 3680
8609 2929
8613 6012
8614 9798
8616 5662
8620 9073
8623 6461
8623 6736
8624 1174
8624 5694
8630 6913
8634 2380
8634 4022
8636 1913
8636 3637
8636 3723
8638 7581
8639 5310
8640 6850
8643 3566
8643 8148
8645 1156
8654 2965
8660 281
8661 7672
8667 2551
8670 3967
8680 7323
8681 1509
8688 2458
8695 8510
8699 7116
8703 6140
8709 3458
8709 6447
8710 2213
8715 6263
8720 4016
8722 2709
8724 4456
8726 6402
8727 375
8728 6225
8728 8295
8728 9089
8730 3541
8735 5202
8739 3352
8739 4196
8740 7729
8742 1572
8743 8394
8744 7583
8745 9825
8746 6977
8748 3388
8748 8374
8750 3956
8750 7580
8756 4289
8759 1732
8760 5041
8763 7810
8765 742
8771 2846
8776 7125
8779 4675
8782 5187
8783 2517
8787 2341
8791 4644
8791 6552
8792 2289
8808 3869
8810 2344
8814 6702
8819 2485
8820 3762
8821 3432
8822 3617
8822 6840
8822 6970
8829 1443
8831 7759
8841 1054
8842 1957
8853 1709
8856 2112
8856 7764
8860 4144
8861 5198
8867 2701
8873 4570
8878 6173
8880 1965
8882 5333
8884 1632
8884 6230
8891 2610
8894 2466
8896 3518
8897 9791
8899 6026
8899 6709
8904 2966
8905 3480
8909 3158
8910 1455
8914 4098
8921 6311
8931 4414
8932 6538
8939 7564
8941 8308
8944 128
8945 6632
8949 8394
8954 9144
8956 6473
8960 5013
8960 6029
8962 3078
8962 6818
8964 1860
8964 4771
8965 9109
8967 8924
8969 1631
8971 5898
8972 6816
8976 7094
8977 4205
8979 5565
8987 4834
8988 917
8988 3514
8989 5313
8990 4840
8994 7467
8996 2384
9001 8239
9001 9265
9004 9050
9007 7073
9007 9169
9009 2426
9013 6659
9017 492
9017 1227
9017 7726
9024 4786
9026 9532
9027 7378
9033 1459
9033 3477
9035 2985
9050 6581
9055 7805
9056 2151
9057 8461
9059 7107
9061 176
9062 7737
9063 9494
9066 1075
9066 7012
9072 2149
9072 8021
9073 1121
9075 699
9077 1264
9081 282
9083 9347
9084 6876
9087 6305
9090 127
9091 8855
9093 2196
9098 5997
9098 7243
9101 1158
9103 402
9103 9632
9106 6904
9111 2213
9111 4044
9114 4560
9118 4578
9122 3197
9126 1905
9126 3388
9131 1250
9136 9405
9139 6450
9141 3905
9145 2044
9145 6014
9148 1969
9148 7633
9148 9737
9149 769
9150 7699
9153 742
9168 7534
9173 6394
9179 9007
9186 3605
9186 8657
9189 7556
9196 4822
9199 7727
9202 5827
9203 7527
9205 2667
9206 4623
9208 2533
9208 3047
9220 3552
9223 8104
9228 7530
9229 4748
9234 6116
9239 878
9239 5653
9241 9583
9244 6931
9251 5802
9253 5707
9273 8602
9274 9025
9275 6001
9275 8537
9284 5509
9286 8502
9289 9003
9290 1145
9293 6725
9293 9041
9303 4142
9304 2992
9304 8905
9306 6752
9313 5602
9318 9816
9320 6117
9322 8274
9324 764
9324 8104
9327 8597
9328 9076
9334 8307
9336 3318
9338 1299
9344 2393
9349 9272
9350 6076
9350 7982
9353 5618
9361 9208
9364 4422
9370 3094
9372 9387
9377 4806
9378 3343
9378 4508
9379 7087
9380 4070
9389 1090
9390 989
9391 4672
9391 6106
9403 4295
9404 6312
9405 1009
9408 8994
9409 1150
9410 9735
9411 6536
9420 7993
9423 1375
9427 2026
9434 9201
9441 9779
9442 8928
9447 6475
9449 180
9453 1799
9456 8450
9462 5717
9466 5847
9468 5
9470 416
9475 3011
9475 9649
9479 3354
9480 9799
9486 364
9489 3060
9492 1946
9493 1913
9499 1709
9503 1968
9503 4959
9505 9523
9510 1293
9510 3318
9519 342
9523 7156
9526 3149
9530 6881
9536 3540
9537 2844
9538 485
9543 1052
9547 4194
9548 1868
9549 6882
9552 1630
9552 9428
9554 1793
9557 5963
9558 2208
9558 7793
9562 3172
9565 1940
9569 3290
9572 8116
9572 9699
9579 9726
9580 7602
9581 5036
9589 3602
9591 1751
9591 3450
9594 6383
9598 1733
9600 4049
9606 5535
9612 4998
9616 6136
9617 6668
9618 5421
9623 1657
9629 507
9630 6081
9637 7003
9641 7557
9645 2374
9646 1631
9651 1025
9656 1974
9656 3277
9658 6422
9668 312
9669 3205
9671 6849
9673 7068
9674 8537
9675 1977
9676 424
9677 9577
9678 8757
9681 5652
9681 9727
9685 836
9688 8349
9696 6716
9700 5820
9700 8917
9705 878
9706 2598
9709 5913
9712 1241
9713 3339
9713 3563
9714 3798
9714 4246
9715 304
9715 6131
9719 624
9720 1932
9722 2289
9723 3559
9723 9680
9727 4074
9729 4315
9733 3182
9734 1835

