7582 2758 90
1 1
12 2021
43 2355
74 524
99 2372
147 16
285 1681
381 327
385 1483
466 1523
473 133
520 2344
546 1383
568 90
572 365
665 619
888 271
940 499
988 1197
1017 300
1101 638
1173 2757
1222 152
1399 2696
1444 728
1474 1888
1716 2690
2022 125
2070 2344
2087 1626
2198 339
2278 1720
2441 2558
2471 1306
2752 2036
2842 1519
2901 207
2924 620
3085 699
3097 1274
3247 51
3254 316
3287 1698
3359 2160
3457 610
3528 1385
3535 2312
3555 1980
3573 1953
3647 1110
3810 1926
3944 19
3988 858
4017 1427
4123 1650
4149 1212
4160 832
4256 1207
4352 1234
4455 1964
4636 2179
4757 1062
4764 2331
5176 1834
5320 403
5334 1173
5501 1389
5514 2263
5584 1000
5676 1774
5922 105
6010 206
6067 2344
6304 1250
6333 2018
6398 1372
6440 2054
6575 2467
6575 2714
6617 962
6662 487
6663 81
6726 1920
6820 665
6853 875
6889 1992
7132 1436
7155 2732
7261 1303
7309 1510

