1858 9301 6135
1 1
1 6644
1 8465
2 4838
2 5594
3 2638
3 4024
3 6358
3 8566
4 1321
4 3723
4 4258
4 4783
4 5937
4 6747
4 7267
4 7620
5 264
5 1472
5 1732
5 3591
5 5541
5 7378
6 5969
6 6398
7 5399
8 577
8 793
8 1850
8 4373
8 8545
8 8882
9 1008
9 2703
9 6415
10 620
10 3403
10 7559
12 897
12 2862
12 4282
12 4423
12 4750
13 508
13 2299
13 3420
13 6836
14 3816
14 4698
14 7323
14 7395
14 8773
15 158
15 1430
16 2185
16 4509
16 5248
16 6414
17 3971
17 5414
17 6032
17 6270
17 9077
18 5085
18 5973
18 8669
19 5761
20 589
20 1559
20 1807
20 3723
20 8207
21 306
21 1320
21 1970
21 6560
21 7172
21 8990
22 8230
23 1364
23 4862
23 5671
24 1081
24 2187
24 5777
25 3587
25 4172
25 5808
25 7638
25 8831
26 825
26 1648
26 3261
26 3300
26 6147
26 7703
26 8728
27 4212
27 4716
27 6365
27 7534
27 8577
28 4513
28 5461
28 6901
28 6988
28 7569
29 5623
29 5711
30 6548
30 8895
31 2704
31 7149
31 9298
32 94
32 287
32 1250
33 626
33 5356
33 6850
34 975
34 2066
34 2504
34 2750
36 4823
36 5004
36 6677
36 8560
37 580
37 2144
37 3775
37 6616
37 8606
38 2020
38 2986
38 4153
38 7608
38 7773
39 4243
39 6255
39 8320
40 482
40 6090
40 6206
40 7599
41 3068
41 3615
41 8732
42 388
42 1099
42 1438
42 3499
42 4887
43 2757
43 3077
44 220
44 4122
44 8300
45 1656
45 2878
45 6823
46 5406
46 5533
46 5726
46 8071
47 663
47 2237
47 4596
47 5697
48 5157
48 6566
48 8558
49 967
49 2416
49 3916
50 1212
50 3240
50 5691
50 8346
51 810
51 1901
51 6213
51 8025
51 9246
52 1400
52 1460
52 1514
52 1865
52 7954
53 1002
53 7563
53 8613
54 6012
55 88
55 211
55 1892
55 3925
55 4141
55 5972
55 7397
56 4884
57 212
57 276
57 1659
57 2522
57 3786
57 5168
57 5256
57 5377
57 6603
58 596
58 1468
58 4299
58 6320
59 6241
59 7235
60 238
60 305
60 5909
60 7593
60 7782
60 8175
61 2660
61 3070
61 7656
61 8278
62 3653
62 4071
62 4629
63 2599
63 6571
63 8718
65 2365
66 3486
66 6370
66 7237
67 725
67 962
67 2200
67 2573
67 5081
67 6784
68 1185
68 1883
68 1952
68 6237
69 2086
69 3118
69 3319
69 5992
69 6117
70 6275
70 6572
72 837
72 6281
72 6652
73 812
73 4363
73 6052
73 8738
73 9222
74 375
74 1416
74 1765
74 7202
75 1016
75 3280
75 4057
75 5916
75 9293
76 310
76 1176
76 2781
76 6745
76 7316
77 4408
78 2284
78 4406
78 4448
78 5627
78 6208
80 1472
80 4176
80 6634
80 9085
81 1361
81 4485
81 7417
82 212
82 8909
83 510
83 6875
85 3517
86 553
86 6137
87 748
87 2727
87 4126
87 7068
87 7389
88 1931
88 6033
89 1092
89 6948
90 3496
90 3898
90 5380
91 900
91 7227
91 8426
91 8518
92 2806
92 4601
92 4910
92 4934
92 7309
92 7777
93 5323
93 6645
93 8728
93 8813
94 2900
94 6277
94 8853
94 9007
94 9172
95 7062
95 7518
95 8472
96 1227
96 1545
96 4401
98 1560
98 5564
98 7474
98 8022
99 4692
99 6885
99 7836
99 8497
100 837
100 3037
101 351
101 6688
101 7398
101 8169
102 1814
102 2388
102 3148
102 7565
103 973
103 1513
103 1879
103 4222
103 8656
103 9146
104 3523
104 5747
104 6710
104 7661
105 1116
105 2190
105 3291
105 5704
106 1785
107 2365
107 2538
107 5352
108 1314
108 2572
108 3389
108 6044
108 6992
108 7478
108 7650
108 9262
109 4261
109 5075
110 1006
110 1508
110 3410
110 5347
110 6443
110 6758
110 7304
111 2860
111 7164
111 7694
111 7785
111 8448
111 8450
112 815
112 1756
112 4504
112 5276
112 6345
113 2255
113 5208
113 7957
114 689
114 4884
114 9219
115 3963
115 6179
116 1575
116 6459
117 4409
117 5243
117 6764
118 2170
118 2617
118 7122
119 3830
119 4764
119 8464
120 4953
120 6492
120 6802
122 901
122 6833
122 6837
122 8985
123 1463
123 3428
124 1073
124 3187
124 5287
124 6319
124 6796
124 7005
125 2379
125 4264
125 5846
125 7559
125 7894
125 8451
125 8518
126 2052
126 7858
126 8775
127 2723
127 3118
127 6477
128 2310
128 7021
128 8361
129 809
129 6181
129 8281
130 445
130 5599
131 1348
131 3321
131 6229
131 7447
131 8687
132 1014
132 1065
132 8260
132 8325
133 1628
133 6298
133 6912
133 8889
134 5440
134 6586
134 7694
134 9044
135 1356
135 2737
135 4229
135 6600
135 8110
136 2471
136 3181
136 3749
136 6362
137 2681
137 4202
138 3593
138 5416
139 161
139 3799
139 6425
139 7352
140 4207
140 4245
140 6493
140 7626
141 138
141 9256
142 907
142 5897
142 8188
143 2746
143 4450
143 4726
143 7322
143 7599
144 2394
144 3040
144 6201
144 7248
145 1896
145 3978
145 4545
146 997
146 2397
146 4733
146 7674
147 8930
148 3531
148 7755
149 193
149 2214
149 6539
150 2531
150 5809
150 6091
151 1135
151 3127
151 7437
153 8063
153 9044
154 1215
154 2698
154 4542
155 579
155 2217
155 3547
155 6100
155 6769
155 8215
156 602
156 979
156 6417
156 8835
157 2671
158 2439
158 5075
158 5395
158 6601
158 8504
159 575
159 2425
159 8817
160 5810
161 2283
161 8276
162 1721
162 8855
163 866
163 9152
164 492
164 4367
165 2254
165 2525
165 8471
166 6745
167 304
167 3492
167 5689
168 1732
168 6821
168 7889
168 8401
169 4009
169 7299
169 7976
170 3875
171 6463
172 481
172 4767
173 190
173 3559
173 8184
174 1877
174 2391
174 3541
174 5298
175 515
175 6695
175 9200
176 612
176 1106
176 1704
176 3427
176 6337
176 7200
177 7046
178 2350
178 4569
178 7218
179 188
179 897
179 1318
179 1900
179 2777
179 3555
179 4475
179 6389
179 6718
179 7049
180 289
180 3615
180 3857
181 135
181 3932
181 5222
181 9255
182 3058
182 6356
182 6385
182 7498
183 1829
183 2211
183 4056
184 2493
185 1933
185 4584
185 6464
185 6842
186 2732
186 5572
186 5969
187 66
187 464
187 2983
187 4385
187 4689
187 5376
187 5468
188 2987
188 5765
188 8877
189 908
189 1116
189 8814
190 1194
190 4067
190 8556
190 9223
191 3567
191 4994
191 5231
192 1046
192 3734
192 5869
192 6038
192 7401
192 7618
193 323
193 9173
194 576
194 1668
194 5519
194 8890
195 449
195 801
195 953
195 4256
195 4891
195 6326
196 1556
196 4715
196 7918
197 4755
197 5902
197 8900
198 3629
198 3850
198 6475
199 829
199 1591
199 2739
199 5151
200 1661
200 4300
200 5290
200 6687
200 6884
201 3476
202 3017
203 1061
203 2820
203 3265
203 5556
203 7285
204 4195
204 7623
205 643
205 1179
205 2069
205 4147
205 4817
205 5105
205 6214
206 1914
206 2893
206 3999
206 4882
206 8240
207 116
207 2169
207 2680
207 3514
207 4878
207 5050
208 5316
208 7040
209 1622
209 2385
210 3856
210 3940
210 6425
211 4010
211 5476
211 7509
211 7694
212 536
212 1275
212 1786
212 3288
212 5979
213 435
213 590
213 2391
213 2687
214 3117
214 6556
215 6327
215 6370
216 2670
216 4246
216 6090
216 6629
216 7118
216 7748
217 611
217 6454
217 9086
218 3111
218 4907
218 5597
218 7824
218 9277
219 3382
219 3505
219 3870
219 4403
219 6559
220 698
220 1746
220 5066
220 6925
220 8751
221 3000
221 4572
221 5038
222 2064
222 7627
222 9278
223 1110
223 2507
223 5433
223 8114
224 536
225 4287
225 5246
225 8247
227 500
227 558
227 3030
227 8457
228 5539
228 5716
228 5918
229 3004
229 4340
229 5271
229 6559
230 4287
230 6938
231 582
231 4214
231 6569
232 3286
232 4298
232 5614
232 5643
232 8428
233 6570
233 7595
233 8948
233 9186
234 3128
235 1207
235 3532
235 5634
235 8606
236 1183
236 2918
236 4235
236 4746
237 1564
238 199
238 6749
238 7159
238 7258
238 7572
238 8054
239 1762
239 2061
239 2700
240 4455
240 4909
240 8196
240 8323
241 1068
241 6825
241 7361
241 7859
242 1103
242 1261
242 3294
242 5969
242 6859
242 7603
243 1809
243 4667
245 5141
245 5850
245 8263
245 8504
246 538
246 828
246 1655
246 2581
246 5477
246 6205
246 6922
246 7232
247 3727
249 6542
250 1466
250 4979
250 5703
250 7007
250 7441
250 9169
251 766
251 6036
251 6838
251 8406
252 1649
252 6896
253 1381
254 4350
254 7757
255 2107
255 2710
255 4236
255 9169
256 5121
257 6327
257 7007
257 8879
258 3067
258 4069
259 2074
259 7641
260 3377
261 2087
261 6405
261 7117
261 7766
261 9235
262 1537
262 8860
263 4441
263 7418
263 8953
263 9202
264 6233
264 6701
264 8555
264 8588
265 471
265 2303
265 8044
266 1327
266 4907
266 6506
267 1079
267 1974
267 2259
267 3968
267 4203
267 5486
267 6199
267 9084
268 883
268 7039
269 5222
269 8417
270 3911
270 4704
270 6069
270 9017
271 4293
271 8960
272 2608
272 2675
272 7832
273 4652
273 8924
274 2112
274 2745
274 4086
274 4428
274 7879
275 199
275 410
275 1796
275 5650
275 5911
276 294
276 1992
276 2183
276 3089
276 3589
276 4350
276 6050
276 7496
276 8821
277 1510
277 2979
277 7296
277 8741
278 5493
278 5990
278 6282
279 5916
280 968
281 2649
281 3928
281 7292
282 38
282 3503
282 4189
283 464
283 7578
284 3873
285 2530
285 6483
286 4299
287 865
287 1660
287 4165
287 9131
287 9279
288 81
288 1722
288 7144
289 236
290 307
291 1278
291 2230
291 5248
291 8054
292 1181
292 2562
292 5080
292 7210
293 5693
293 8470
294 1266
294 1416
294 3054
294 3157
295 1752
295 7197
295 8210
296 1547
296 6014
296 6041
297 2121
297 2231
297 3812
297 4530
297 4628
297 5919
297 8608
298 6995
298 7183
299 8844
300 4352
300 8299
301 209
301 3066
301 3979
301 4799
301 4895
301 6725
302 1862
302 8316
303 2765
304 1659
304 1695
305 522
305 3004
305 8474
305 8619
306 5958
307 3173
307 3989
307 5712
308 375
309 2817
309 3748
310 76
310 2317
310 8459
311 5166
311 5494
311 9256
312 1408
312 3084
313 7192
314 3494
314 8369
315 4181
315 6147
316 3883
316 4914
316 5057
316 6663
317 28
317 4713
318 1494
318 8540
319 7242
320 1130
320 3569
321 7020
321 7987
322 4217
322 4531
323 405
323 2151
323 8339
323 8399
324 3729
324 4929
324 6469
325 3760
325 6244
325 8205
326 973
326 2760
326 3251
326 3350
326 7481
326 8389
327 2271
327 6730
328 751
328 801
328 4833
329 1848
329 5328
329 9289
331 7461
332 3232
333 1458
333 1641
333 3080
333 5100
334 1453
334 1736
334 5513
334 9230
335 1146
335 2873
335 3715
335 4010
335 4176
335 5877
335 6573
336 1358
336 2839
336 5277
336 8203
336 9248
337 170
337 343
337 1750
337 3932
338 387
338 5894
338 7444
338 8834
339 450
339 5427
340 1278
340 8793
341 7979
343 2925
343 4691
343 5066
343 5541
343 6153
343 6740
343 8012
344 887
344 1737
344 3065
344 4354
344 5685
344 6386
344 7063
346 565
346 1099
346 4430
346 9297
347 512
347 1432
347 8114
347 9199
348 2961
349 2104
349 4500
350 4038
351 4162
351 8552
351 8733
352 2034
352 3060
352 3253
352 3261
352 6756
352 7409
352 8245
353 398
353 1333
353 5387
353 8010
354 2232
354 2361
354 8146
355 5678
355 8325
357 4247
357 7624
358 1595
358 3989
358 5945
358 7612
359 1007
359 4056
359 5878
359 7392
360 321
360 2951
360 3300
360 5540
360 7459
361 5066
361 5531
362 3171
362 3231
362 8423
363 2681
363 5878
363 6530
364 1632
364 3395
364 5519
364 6062
364 6412
364 8126
365 1113
365 2319
365 4410
365 6001
366 349
366 998
366 6474
366 6714
366 7552
366 8921
367 145
367 6204
367 8634
368 2357
368 2979
368 3622
368 4680
368 5696
369 2393
369 5070
370 972
370 3386
370 6191
371 4371
371 9114
372 3075
372 3282
372 7154
373 395
373 3242
373 4507
373 4901
373 7309
374 3307
374 6357
374 7723
375 1137
375 1180
375 5880
375 5993
376 1458
376 2709
376 5133
376 8014
376 8208
376 8336
377 80
377 2760
377 7001
378 3870
379 8317
380 3094
380 5921
381 663
381 952
381 1693
381 2181
381 3482
382 3821
382 5254
382 5375
382 5497
382 8265
382 8454
383 737
383 3005
383 4044
383 6560
383 7414
384 5856
385 417
385 847
385 3367
385 6317
386 1445
386 1594
386 3699
386 4429
386 6886
386 8501
387 3451
387 5363
387 6067
387 8168
388 3137
388 7013
389 3765
391 421
391 1761
391 4951
391 5464
392 723
392 1436
392 7414
392 8350
392 9149
394 892
394 2741
394 6257
394 8587
395 3151
395 3352
395 4704
395 6944
395 7752
396 804
396 1409
396 3891
396 6694
396 8821
397 278
397 1428
397 1467
397 2029
397 3342
398 2257
398 4718
398 6488
399 2010
399 4872
400 2326
400 3841
401 746
401 821
401 1368
401 4757
401 6612
401 8799
402 2936
403 2171
403 3051
403 3197
403 4592
403 7444
404 1206
404 1787
404 2345
404 3390
404 4099
404 4120
404 5865
404 6056
404 6688
405 4615
405 5217
405 6576
405 7856
405 7891
406 149
406 277
406 974
406 2324
406 2572
406 3267
406 7251
406 8949
406 8998
407 722
407 1291
407 1645
407 1994
407 3383
407 3692
407 3775
408 3035
408 6429
409 1614
409 3571
410 880
410 4981
410 5595
410 5849
411 5317
412 884
412 5588
412 7215
412 8668
413 5464
413 7157
414 4410
415 1236
416 587
416 3502
417 729
418 1633
418 3944
418 7421
419 48
419 1161
419 1431
419 5330
419 6606
419 7490
419 8204
419 8863
419 8994
420 2539
420 3022
420 3653
420 4491
420 7384
420 7787
421 5672
422 8886
423 1413
423 6142
423 7099
423 8295
424 8340
425 1200
425 1657
425 2743
425 7303
425 7626
425 8324
425 9029
426 678
426 748
426 1323
426 5118
426 8393
427 1388
427 4162
428 282
428 4147
428 6040
428 6126
428 7055
429 2739
429 6423
429 6569
430 1380
430 2025
430 5303
431 208
431 6777
432 1334
432 1664
432 3648
432 3748
432 6928
432 7756
432 8387
433 514
433 873
433 5695
434 4891
435 2730
435 3737
435 5401
436 1942
436 8707
437 3150
437 7694
438 856
438 4046
438 8201
438 8874
439 296
439 397
439 8100
440 1085
440 7972
441 3743
441 5490
441 5635
441 6423
441 7583
442 521
442 1412
442 4398
442 5361
442 6674
442 8170
442 9227
443 5218
443 7438
443 7447
444 4603
444 5756
445 4053
446 2677
446 8695
447 1576
447 8161
447 8928
448 3170
448 4462
448 5583
448 6234
449 362
450 1332
450 4998
450 8839
450 8989
451 1011
451 1234
451 1746
451 3023
451 4467
451 7771
451 8569
452 99
452 975
452 5634
452 6617
453 1528
453 1988
453 4299
453 5149
453 6106
454 5501
455 7660
455 9033
456 1396
456 1507
456 2599
456 6910
456 8978
457 1268
457 1375
457 3891
459 1246
459 3226
459 7144
460 3528
460 7455
461 2880
461 6673
461 7692
463 2539
464 1305
464 2763
464 6322
464 9119
465 3264
465 4075
465 5589
465 6804
466 3459
467 1518
467 5213
467 6052
467 8070
468 2140
468 4827
468 8429
469 3407
469 4996
469 6158
469 6866
471 1790
471 2160
471 3019
471 7446
472 8
472 2344
472 5777
472 6224
473 2236
473 3473
473 7279
473 8358
474 850
474 4440
475 474
476 6818
476 9171
477 794
477 2484
477 4959
477 5708
477 6943
478 628
478 661
478 6574
479 4307
479 5474
479 5673
480 1940
480 2249
481 325
481 948
481 1845
481 4844
481 8109
482 2179
482 3540
482 6306
482 8177
482 8218
483 4357
484 36
484 2209
484 3957
484 6185
484 8585
485 1996
485 3590
486 1254
486 3070
486 4080
486 5919
486 8049
487 594
487 2926
487 3809
487 5803
487 7528
488 816
488 3491
489 2257
489 5308
490 3013
490 8705
491 790
491 6729
493 3221
493 6128
493 7410
494 1051
494 4282
495 2712
495 5775
496 2096
496 6075
496 6824
497 5503
497 5652
497 6555
497 7816
498 372
498 923
498 4223
498 7437
499 7197
499 7848
499 7966
500 5141
500 5187
501 1995
501 4658
501 6278
501 7559
501 7576
501 8060
502 334
502 3600
502 7262
502 9204
503 1485
503 3713
503 9019
504 1133
504 7173
505 887
505 1270
505 2462
505 4185
505 5497
506 1124
506 3857
506 5027
506 5082
507 1601
507 6834
507 7104
507 7264
508 2680
509 2349
509 3743
509 4557
509 5724
510 1835
510 2419
510 2518
510 3629
510 6313
510 8213
511 1074
511 2227
511 2476
511 3385
512 2389
512 2833
512 4184
512 6541
512 7998
512 8180
514 2065
514 9130
515 2440
515 4629
515 7048
516 2365
516 3144
516 6135
516 6768
516 7751
516 8644
517 4661
518 5492
518 7316
519 2825
519 5236
519 5498
519 6718
519 7651
520 495
520 2051
520 2583
520 7683
521 4504
521 6188
521 7624
522 2085
522 5056
522 6004
523 1745
523 2417
523 2879
523 4297
523 7409
523 8132
524 222
525 253
525 1255
525 4422
525 6026
525 6634
525 6660
526 8829
527 2054
527 2434
527 2854
527 3541
527 4116
527 6293
527 6719
527 7373
528 5728
528 8215
529 5630
529 7587
529 9249
530 1751
530 3510
530 6036
530 7494
530 8262
531 6506
531 8763
533 1018
534 1349
534 2875
534 7004
535 1725
535 8213
536 2633
536 7716
536 7799
536 8981
537 1696
537 1880
537 2765
537 5329
537 6022
537 7647
538 1324
538 3708
538 6639
538 6815
538 7493
539 30
539 4099
539 6372
540 4255
540 5589
540 8388
540 8397
541 191
541 928
541 1503
541 7051
541 7738
542 1834
542 5561
543 342
543 5807
543 6113
543 6161
544 1144
544 4731
544 5771
544 7479
544 8309
544 8723
544 9249
545 3348
546 1923
546 3574
546 3756
546 4315
546 4800
546 6625
546 9085
547 286
547 1481
547 5442
547 8308
547 8349
548 3028
548 5501
548 8004
548 8495
549 1114
549 6676
549 8036
550 724
550 4929
550 5279
550 6489
550 8549
551 2456
551 4155
551 6209
551 6261
551 6748
552 4958
552 8684
553 346
553 5160
553 5226
553 6516
553 7087
553 8488
554 4641
554 4908
556 6201
557 2436
557 4527
557 9278
558 160
558 289
558 5327
558 5634
558 7412
559 8191
559 8412
560 849
560 5222
560 6054
560 6616
560 7524
560 9292
562 1771
562 2411
562 4544
562 8215
564 3471
564 6183
564 6304
564 8555
565 7290
565 8407
566 864
566 2071
566 4166
566 5161
566 6401
566 6864
566 6882
566 7046
566 7109
567 829
567 5839
567 6084
568 872
568 6266
568 8577
569 463
569 1319
569 3547
569 3691
569 6180
569 7553
570 3544
571 2815
571 2840
571 7022
572 321
572 594
572 2622
572 3652
572 4932
572 7018
572 7771
573 1029
573 2989
573 4804
574 716
574 1350
574 3242
574 4686
575 424
575 1788
575 4932
575 7078
575 9080
576 1190
576 7723
578 1813
578 6647
579 1191
579 1879
579 1977
579 3600
579 4869
579 4937
579 5618
579 7043
579 8071
580 4153
580 5732
580 5835
581 592
581 1751
581 2450
581 9158
582 3492
582 3627
582 3958
582 4370
582 6504
582 6874
583 1401
583 4832
583 6741
583 7912
584 2169
584 6089
585 1603
585 2349
585 6669
585 7471
586 1123
586 1240
586 5525
586 6719
587 1429
587 2240
587 3187
587 4078
588 441
588 5311
589 850
589 1584
589 3376
589 3430
589 5228
589 6576
589 9294
590 1386
590 2183
590 7384
590 8678
590 9033
590 9047
591 958
592 4278
592 7551
593 1034
594 1272
594 2390
595 67
595 3549
595 4364
595 4744
595 4894
595 8558
597 3784
597 7693
597 7892
598 376
598 3417
598 5030
598 5443
598 5682
598 6087
598 6943
599 2922
599 4935
600 1511
600 3107
600 5295
600 7044
601 4856
601 4996
601 7381
602 3943
603 219
603 1215
603 5762
603 8331
604 1653
604 2398
604 3600
604 5103
604 7754
605 2714
605 4337
605 5794
606 5390
607 2083
607 2960
608 1901
608 2937
608 5352
608 8303
609 1031
609 2226
609 3326
609 3711
609 4012
609 4649
609 5796
609 9044
610 7825
610 7913
611 427
611 2255
611 8662
612 266
612 630
612 1985
612 5016
612 8873
613 572
613 1042
613 5259
613 7995
614 848
614 4517
614 7009
615 3949
615 5033
615 5827
615 6918
615 8010
616 118
616 8132
617 196
617 8967
618 491
618 4361
618 5289
618 8542
619 2610
619 3710
619 6439
619 6595
619 7824
620 791
620 1773
620 3555
620 8859
621 6282
622 4792
622 5074
623 73
623 2373
623 4611
624 2160
624 2676
624 8296
624 9289
625 3382
625 4359
626 1018
626 2416
626 4023
626 7323
627 2964
627 6131
627 6420
627 7703
628 3424
628 6681
629 8223
630 1822
630 2526
630 5521
630 7051
631 407
631 1034
631 3054
631 5506
631 7801
631 8074
632 1170
632 6138
633 877
633 3444
633 7733
634 609
634 2170
634 3204
634 4038
634 6447
635 3881
635 5929
636 1713
636 9052
637 1733
637 1843
637 3165
637 5104
637 5145
638 1642
638 3388
638 4011
638 4263
638 4607
638 9158
639 4580
639 7586
640 5776
640 7650
641 447
641 4828
641 6233
641 6743
641 7350
642 282
642 405
642 3127
642 4643
642 6861
642 7770
642 9110
643 197
643 1868
643 2636
643 4822
643 4869
643 5398
643 6500
644 1076
644 9187
645 673
645 1082
645 7275
645 7352
645 7796
645 7825
645 8538
646 2212
646 4744
646 8059
646 8066
647 531
647 1841
647 1983
647 5643
647 7395
647 7466
648 7086
648 7895
649 2604
649 7400
649 7695
650 24
650 5705
651 844
651 1318
651 3093
651 6865
652 7550
653 3236
653 8947
654 4898
654 6045
655 2660
655 7351
655 8380
656 3449
656 6047
656 8684
657 1214
657 2968
657 4601
657 6225
658 6428
659 768
659 4187
659 4848
660 1109
660 5144
660 6325
660 8080
661 802
661 3602
661 7220
662 2384
662 2855
662 6219
662 7201
662 8844
663 4342
663 5539
663 7508
664 1543
664 3023
664 6446
665 3830
665 4375
666 2282
666 2830
666 2870
667 278
667 950
667 1776
667 2388
667 3079
667 4232
667 6449
667 7022
667 7096
667 9145
668 916
668 2464
668 5443
668 7214
669 2448
669 8953
670 616
670 2344
670 3104
670 5816
670 6625
670 8150
671 3670
671 3844
671 4675
671 8652
672 123
672 3818
672 3866
672 4094
672 5113
674 249
674 3182
674 3783
674 7587
676 4664
677 108
677 5760
677 6757
677 7119
677 7824
677 8435
678 4196
678 5698
678 5941
679 9215
680 1642
680 1980
680 4419
680 9246
681 266
681 683
681 3055
681 4593
681 7381
682 428
683 5153
683 5229
683 6214
683 9137
684 2180
684 3511
684 5033
684 5043
684 6721
684 9080
686 1893
686 4213
687 586
687 2996
687 5429
688 1789
688 3396
688 5319
688 6287
688 8077
689 6624
690 998
690 6979
690 7447
690 7873
691 287
691 2577
691 4398
691 4765
691 5070
691 7560
691 7762
691 8449
692 3647
692 4355
692 8148
693 6897
693 7947
694 271
694 4966
695 874
695 2124
695 3963
695 7445
695 8446
695 8897
696 2070
696 5206
697 4501
697 5781
697 6819
699 4667
699 7296
699 8193
700 1531
700 3817
701 136
701 1916
701 6696
701 8175
702 1110
702 2515
703 1054
703 4030
704 1781
704 1940
704 4163
704 5216
704 5537
704 7508
704 8354
705 1760
705 7824
706 141
706 212
706 2819
706 7344
706 7591
707 1767
707 4204
707 6416
707 6987
707 8381
708 3307
708 8339
709 3235
709 5156
710 105
710 324
710 2812
710 2932
710 3339
711 4317
711 4729
712 8070
713 4690
713 7890
713 9050
714 6486
714 7015
715 4301
716 3746
716 4972
716 5214
717 1984
717 7104
717 9028
718 1709
718 5318
718 6987
718 8174
719 3129
719 6453
719 6871
719 8686
720 5958
720 7033
720 7636
721 2826
721 3049
722 1052
722 2184
722 3301
722 3621
722 5439
722 9133
723 386
723 3276
723 8001
723 8440
724 1735
724 1788
724 5140
724 5609
725 3657
726 3741
727 1630
727 1696
727 4635
727 5936
727 6652
727 8066
728 243
728 8362
729 184
729 2198
729 8139
730 1442
730 3039
731 1871
732 2986
732 3769
732 6075
732 8878
733 473
733 2109
733 7812
733 8129
734 4975
734 5028
734 7401
734 8729
735 2484
735 6006
735 6587
736 795
736 4489
736 4918
737 1360
737 1642
737 8120
738 8973
739 1344
740 168
740 1812
740 2543
741 1969
741 2642
741 4897
741 5312
741 5462
742 5675
742 6477
742 6943
742 7121
742 7442
743 2935
743 3733
743 8616
743 8700
744 416
744 4142
744 5070
745 5142
745 7395
746 1405
746 7234
746 8392
747 2340
747 6343
748 2400
748 7603
749 62
749 476
749 1169
749 3537
749 3725
749 3754
749 4641
749 5247
749 8006
749 8263
750 2438
750 2535
750 7145
751 1220
751 1664
751 6032
751 7308
751 7683
752 3802
752 4385
752 7154
753 815
753 1022
753 2731
753 4772
753 5167
753 6555
754 2436
754 3454
754 5441
754 6685
754 7505
755 3429
755 4253
755 5236
756 1409
756 1497
757 1744
757 3958
757 4099
758 1681
758 3914
758 4843
759 3027
759 7414
759 7861
759 8310
760 3919
760 8474
761 4232
761 4900
761 8576
762 1132
762 5009
762 5070
763 241
763 1103
763 4301
763 7431
764 2140
764 3565
764 6020
765 2876
765 7114
765 8564
765 8595
766 2482
766 3293
766 6585
767 3018
767 5917
767 8596
768 5534
768 6122
768 6852
769 3377
769 8988
769 9211
770 4736
771 4007
772 2573
772 5661
772 8758
772 8948
773 95
773 1461
773 7310
774 373
774 784
774 4110
774 4127
774 4308
774 6353
775 564
775 4555
775 4576
775 5767
775 6303
775 8103
776 6252
776 6678
776 9046
777 2690
777 3022
777 7024
778 7462
779 5000
779 5472
780 8
780 815
780 1866
780 2228
780 3208
780 4399
780 6578
780 7084
781 745
781 951
781 4715
781 8400
782 280
782 2297
782 3792
782 6687
782 7761
782 7908
783 1940
783 5331
783 5623
783 7412
783 8940
784 122
784 729
784 831
784 7236
784 7434
785 1924
785 6185
785 6343
785 8777
786 1055
786 2438
786 3449
786 7103
787 4099
787 4890
787 6782
787 7559
788 3159
788 6068
788 6673
790 364
790 4020
790 4889
791 299
791 4117
791 8284
792 1535
792 3988
793 359
793 2594
793 5857
793 5904
793 8029
793 9020
794 1022
794 5622
795 1158
795 3856
795 4910
795 5585
795 7907
795 9026
796 1400
796 1748
796 2267
796 8775
796 8796
797 3206
797 3744
797 4699
797 6338
797 6567
797 9104
797 9234
797 9239
798 2465
798 8963
799 148
799 210
799 7367
799 9222
800 576
800 802
800 2527
800 4232
800 4534
800 5521
800 5995
801 1067
801 9010
801 9047
801 9216
802 552
802 3521
802 5689
802 5762
802 8658
803 1742
803 1911
803 4280
803 6866
803 7260
803 8780
804 6377
804 7212
804 7849
804 8845
804 9081
805 5311
805 9112
806 3482
806 3484
806 3488
806 5460
806 7000
806 7229
806 8363
807 2814
807 2849
808 1058
808 4060
808 5934
808 6780
808 7054
809 822
809 6015
810 2840
810 3461
810 4140
811 5504
811 6505
811 7895
812 3069
812 3564
812 5609
812 8561
812 9221
813 3376
813 4006
813 6582
813 7910
813 8374
814 2176
814 4323
814 5660
814 6725
815 954
815 2531
815 2966
815 8927
816 5556
816 6171
817 240
817 4650
817 8464
818 4462
818 8737
819 2174
819 6879
819 7167
820 8548
821 2425
822 293
822 2221
822 3347
822 4670
822 7943
823 4488
823 4938
823 8201
824 5340
825 5497
825 5826
826 2614
826 5997
827 1869
827 6577
827 6810
828 570
828 5222
828 6697
829 1271
829 1490
829 1552
829 7500
830 4109
830 4214
830 4770
830 6361
830 7312
830 7360
831 3183
831 5532
831 7681
831 7820
833 2018
833 6225
833 6638
834 1430
834 3158
834 7065
835 3211
835 5243
836 281
836 1793
836 3942
836 4522
837 749
837 2591
837 6809
837 7461
838 403
838 2132
838 5205
838 6686
838 9193
839 4583
839 7503
839 8442
839 9252
840 805
840 1122
840 3120
840 4335
840 6599
840 7051
841 453
841 457
841 2120
841 5475
841 6280
841 7520
841 7687
841 8652
841 9300
842 266
842 3366
842 4197
842 6516
843 985
843 1957
843 5619
843 6761
843 7032
844 275
844 3441
844 3718
844 4446
844 5824
844 5849
844 7340
844 8155
844 8291
845 5886
845 7752
845 8171
846 780
846 2437
846 4726
847 1149
847 5639
847 7844
847 8804
848 1105
848 3416
848 3917
848 4067
848 7917
849 4466
849 5589
849 7636
850 2941
850 5153
851 4601
851 5756
851 7676
851 7957
851 8190
852 2627
853 1508
853 8401
854 2274
854 4885
854 7323
855 208
855 1491
855 3579
856 722
856 5293
857 2715
857 6078
857 7009
857 7466
857 7719
857 8136
858 3246
858 5367
858 7136
858 7538
858 9025
859 3139
859 5190
859 9050
860 3452
860 3915
861 1807
861 1847
862 2913
863 934
863 9069
865 2997
865 6784
865 8230
867 3420
867 3665
868 86
868 1775
868 5761
869 1993
869 4326
869 6066
869 6215
869 6219
869 6609
870 831
870 1303
870 1694
870 1714
870 4773
870 6769
870 7506
870 8503
870 8882
871 2398
871 2812
871 3198
871 6872
872 1494
872 3424
873 29
873 2187
873 5710
873 6117
873 6338
873 8569
874 1391
874 4180
874 6248
875 212
875 3641
875 5460
875 7282
876 347
876 1249
876 1674
876 3368
876 3606
876 7326
877 7715
877 8523
877 9184
878 2151
878 3238
878 6353
878 7574
878 8247
879 4675
879 7639
879 8683
880 4798
880 7359
880 7390
880 7946
881 5657
881 5916
881 6241
881 9250
882 4344
882 5098
882 6126
882 8185
882 8196
882 8995
883 3322
884 364
884 524
884 1163
884 5261
885 4017
886 6062
886 6249
886 7075
886 7766
887 1328
887 1763
887 3035
887 5529
887 8248
888 3313
888 4122
889 1669
889 3273
889 9096
890 2357
890 4091
890 6685
890 7510
891 2927
891 4413
891 6218
892 2432
892 3237
892 3457
892 4116
892 8985
893 1206
893 3937
893 6594
894 6
894 8486
895 2890
895 3605
895 5702
895 5770
896 1537
896 3002
896 4871
897 740
897 2775
897 4360
897 6422
897 7776
898 977
898 2154
898 6982
898 8631
899 914
899 5027
899 6549
899 7315
900 76
900 4877
900 5499
900 8707
901 2270
901 2370
901 2423
901 4707
901 5094
902 1394
902 1987
902 7403
903 384
904 302
904 1809
904 8163
904 8385
904 8566
905 1010
905 2005
905 7353
905 8030
906 2079
906 3834
906 5456
907 1370
907 2668
907 2852
907 4606
907 8928
908 1613
908 2209
908 7505
909 2889
909 4665
910 6163
911 135
911 5440
912 6254
913 762
913 7395
913 8130
913 9163
914 869
914 1569
914 1630
914 4259
914 4861
914 6727
914 7835
915 192
915 372
915 2097
915 3490
915 3892
915 5426
915 6583
915 6785
915 7168
916 3985
916 5639
916 6917
917 5997
917 7775
918 20
918 1335
918 2216
918 2224
918 5099
918 5320
918 5736
918 6039
919 2948
919 7752
920 1479
920 2669
920 2866
921 225
921 8001
922 1532
922 3868
922 6861
922 7485
922 7916
922 8403
923 3506
923 6259
924 4367
924 5972
924 6536
924 6786
924 8054
924 8812
925 266
925 3739
925 3920
925 4899
925 5369
926 1999
926 6988
926 7844
927 6822
928 4871
928 5676
928 7196
928 7214
928 8943
929 2215
929 4936
929 6037
929 7415
929 9226
930 543
930 809
930 1570
930 1699
930 8411
930 8896
931 895
931 6307
931 6754
932 5371
932 5508
932 6583
932 8301
932 9280
933 1783
933 8494
934 700
934 1092
934 7855
935 1981
935 4182
935 5257
936 198
936 3264
936 5282
936 8678
937 8885
937 9274
938 2988
938 5905
938 8917
939 38
939 573
939 4270
939 4651
939 6467
939 6996
940 616
940 3364
940 4579
941 6944
941 8089
942 2056
942 6305
942 6581
942 6847
942 7428
942 9270
943 392
943 3726
943 5938
943 7392
945 433
945 2443
945 5296
946 815
947 7669
947 8038
947 8945
948 1515
948 4108
948 6726
949 1371
949 1753
950 3161
950 6091
951 3431
951 3576
952 1456
952 3944
952 4022
952 4776
952 7102
953 3141
954 505
954 1358
954 9160
956 1471
956 7715
956 8667
957 2620
957 3512
957 4013
958 558
958 2019
959 6515
959 8122
959 8969
960 2043
960 2538
960 6789
962 4847
962 7948
963 1463
963 7519
963 8768
964 5403
964 6605
965 8289
965 8785
965 8831
965 9160
966 142
966 9066
967 143
967 5241
967 6515
968 3709
968 4991
968 6423
968 7304
969 1210
969 3675
969 6258
970 5754
970 6170
970 8754
971 1564
971 5293
972 1939
972 2901
972 4695
972 4797
972 6465
972 7353
972 7878
972 8320
972 8833
972 9157
972 9296
973 4855
973 7742
974 55
974 3975
974 7052
975 3938
976 770
976 859
977 3856
977 6852
978 5340
978 9215
979 1838
979 2279
979 2627
979 3617
979 5239
979 5642
979 5784
980 3616
980 8641
981 2533
981 7407
981 8548
981 8781
982 4886
982 8087
982 8479
983 5681
983 6414
984 1555
984 3167
984 5840
984 6666
984 8997
985 2302
985 4504
985 5483
985 8437
986 3988
986 6043
986 7516
987 469
987 1043
987 3856
987 7634
988 1884
988 4294
988 8129
989 3695
990 3897
990 7337
991 66
991 134
991 294
992 7715
993 935
993 4806
993 5187
993 6007
994 2215
994 6857
996 1194
996 7599
996 7943
997 1380
997 3447
997 5463
997 8967
998 6856
998 7153
998 9296
999 5799
999 6784
999 8520
1000 1688
1000 4951
1000 5781
1000 7147
1000 8507
1001 1103
1001 2603
1001 5159
1001 5986
1001 8189
1002 391
1002 2089
1002 9238
1003 1806
1003 7640
1004 615
1004 4257
1005 2442
1005 5732
1005 6076
1005 7235
1005 8541
1005 8848
1006 5750
1006 8535
1006 9013
1007 605
1007 2531
1007 3272
1007 3664
1007 6781
1007 7312
1007 8363
1008 1248
1008 5084
1008 7385
1008 8902
1009 393
1009 5190
1010 2495
1010 6740
1010 9165
1011 195
1011 566
1011 1372
1011 3049
1011 3909
1011 4218
1011 4435
1011 5335
1011 7433
1012 948
1012 3391
1012 4821
1012 9092
1013 8577
1014 503
1014 1820
1014 2252
1014 2961
1014 5043
1014 5209
1014 6487
1015 586
1015 1787
1015 5584
1015 7520
1016 1978
1016 6284
1017 584
1017 7112
1017 7510
1017 7979
1018 7543
1019 50
1019 4493
1020 1761
1020 3530
1020 4274
1020 5173
1021 478
1021 2485
1021 4680
1021 5519
1021 6426
1021 6516
1022 2495
1022 5275
1022 8487
1023 1211
1023 6655
1024 2653
1024 5670
1024 5991
1024 6763
1024 8872
1025 68
1025 3314
1025 5067
1025 7437
1025 8057
1025 8646
1026 384
1026 2751
1026 5777
1026 8019
1026 9000
1027 2226
1027 3160
1027 7248
1028 3487
1028 4977
1029 20
1030 1094
1030 1719
1030 2601
1030 6212
1030 7481
1030 7727
1030 8001
1031 4810
1031 5420
1031 8159
1032 686
1032 1087
1032 2251
1032 4322
1032 4525
1032 8347
1033 2998
1033 5446
1033 6060
1034 1633
1034 2638
1034 6699
1035 38
1035 1736
1035 3464
1035 4251
1035 4783
1035 5378
1035 9058
1036 380
1036 1931
1036 3906
1036 4755
1036 5882
1036 7508
1037 3862
1037 7373
1038 2525
1038 7381
1039 2321
1039 5672
1039 6671
1040 1381
1040 3029
1040 3391
1040 6533
1040 7700
1041 2828
1041 5520
1041 7911
1042 1491
1042 5739
1044 6262
1044 8756
1045 388
1045 3760
1045 6318
1046 815
1046 1098
1046 4829
1046 5329
1047 1319
1048 763
1048 5734
1048 6855
1048 6865
1049 714
1050 5436
1050 7835
1051 7134
1051 7932
1052 264
1052 460
1052 2242
1052 7227
1052 8493
1054 2239
1054 3784
1054 4162
1054 7195
1055 4065
1055 4655
1056 327
1056 628
1056 1356
1056 3303
1056 3596
1056 5180
1056 7187
1056 7488
1056 8214
1057 2557
1057 2902
1057 4099
1058 687
1058 3485
1058 4996
1058 6069
1059 1204
1059 1774
1059 2388
1059 4783
1059 5456
1059 6024
1059 8979
1060 3635
1060 4747
1060 5858
1061 4942
1061 5649
1061 6085
1062 4099
1062 4112
1062 4856
1062 5211
1063 1966
1063 3365
1063 8100
1063 9041
1064 3631
1064 5556
1064 8107
1065 4433
1065 5755
1065 5800
1065 7691
1066 2632
1066 6017
1067 397
1067 2237
1067 6294
1067 7648
1068 3017
1068 4457
1069 3840
1069 5003
1069 8631
1070 8305
1070 9002
1071 2657
1071 6208
1071 6655
1071 7835
1072 2547
1072 5069
1072 5594
1073 926
1073 2823
1073 6009
1073 8497
1074 1014
1074 1696
1074 5504
1075 43
1075 4117
1075 8504
1075 8956
1076 8332
1077 3097
1078 2574
1078 3772
1078 6167
1079 900
1079 3382
1079 4065
1079 5962
1079 6427
1080 6192
1080 8921
1080 9289
1081 2957
1081 4497
1082 735
1082 2108
1082 3354
1082 3362
1082 4917
1083 279
1083 3864
1083 4669
1083 5054
1083 6389
1084 3415
1084 6921
1085 660
1085 4721
1085 6988
1085 9213
1087 7415
1088 75
1088 4642
1088 6732
1089 1562
1089 4509
1089 6781
1089 6955
1090 7920
1091 945
1091 1027
1092 5841
1092 8584
1093 5784
1093 7833
1094 242
1094 651
1094 8188
1094 8412
1095 2819
1095 7030
1095 7239
1096 2700
1096 2920
1096 4224
1096 4752
1096 6959
1096 8586
1097 5812
1098 3780
1098 4963
1098 5842
1098 7404
1098 7735
1098 8400
1099 1281
1099 2409
1099 7050
1099 8101
1100 645
1100 5601
1101 1861
1101 3518
1101 4496
1101 6688
1102 94
1102 2449
1102 3320
1102 4393
1102 8016
1103 41
1103 1363
1103 5455
1103 6597
1103 6729
1104 7706
1104 8191
1105 533
1105 1014
1105 2232
1105 6838
1106 4178
1106 5163
1107 2743
1107 4234
1107 7990
1108 1177
1108 3292
1108 3718
1108 5017
1108 7057
1109 395
1109 8284
1109 8986
1110 3419
1110 8029
1110 8275
1111 1939
1111 2779
1111 5113
1112 1903
1112 2617
1112 3726
1113 139
1113 1854
1113 4824
1113 8821
1115 2629
1115 3025
1115 5284
1116 2601
1116 2763
1116 3784
1116 7709
1117 2782
1117 8949
1118 1705
1118 2184
1118 3684
1118 4398
1118 4853
1118 6147
1118 6536
1118 7827
1118 8727
1119 216
1119 253
1119 1621
1119 4991
1119 8599
1120 5889
1120 9264
1121 5435
1122 4339
1122 6209
1122 7716
1122 8854
1123 1871
1123 3875
1123 5787
1124 1325
1124 3072
1124 8385
1125 2067
1126 689
1126 9074
1127 1320
1127 2009
1127 2419
1127 5663
1128 791
1128 8106
1129 911
1129 2176
1129 2597
1129 2994
1130 167
1130 404
1130 3634
1130 7174
1130 7238
1131 920
1132 1473
1132 6032
1132 7931
1133 1949
1133 3542
1133 8799
1134 2523
1134 3014
1134 3929
1134 5312
1134 6416
1134 7648
1134 8605
1135 865
1135 911
1135 2106
1135 3225
1136 1474
1136 4350
1136 7020
1136 7928
1137 2856
1140 1524
1140 8698
1140 8819
1141 243
1141 1390
1141 4193
1141 4370
1141 4427
1141 5505
1141 5532
1141 8063
1142 999
1142 1393
1143 4683
1143 7268
1143 7274
1144 1634
1144 1728
1144 7688
1144 8188
1145 1761
1146 963
1146 5064
1146 8508
1147 6417
1147 8529
1148 1591
1148 1719
1148 7860
1148 9214
1149 2962
1150 4042
1150 4992
1151 3081
1151 3326
1151 4381
1151 8257
1152 3561
1152 4792
1152 8244
1153 2179
1153 3341
1153 4918
1153 5169
1154 1113
1154 2623
1154 4440
1154 8170
1154 8350
1154 8980
1155 7576
1155 7953
1155 8184
1155 8589
1156 117
1157 5995
1157 8053
1158 1863
1158 3394
1159 321
1159 2412
1160 2213
1161 2161
1161 3584
1162 5402
1163 3387
1163 4375
1163 5449
1163 6110
1163 7522
1164 1542
1164 3417
1164 4118
1164 5154
1164 6160
1164 6540
1164 7739
1164 8323
1165 4943
1165 5110
1165 5972
1165 6071
1165 7836
1166 64
1166 848
1166 4542
1166 7227
1166 8823
1167 4176
1167 4497
1167 5253
1167 5370
1167 6929
1167 7979
1167 8391
1168 4925
1168 4940
1168 6115
1168 7992
1169 3582
1169 5273
1170 1581
1170 6279
1171 2293
1171 3534
1171 3857
1171 8100
1171 8177
1171 8550
1171 8561
1172 1334
1172 1834
1172 5159
1172 9231
1173 286
1173 397
1173 1323
1173 1666
1173 4461
1173 7044
1173 7316
1173 7820
1173 8987
1173 9075
1174 22
1174 3199
1174 6620
1175 2087
1175 2407
1175 2990
1175 3527
1175 4379
1175 6168
1175 8093
1176 1107
1176 5718
1177 4306
1177 5367
1178 71
1178 633
1178 1551
1178 1776
1178 1924
1178 2358
1178 5161
1179 5657
1180 255
1180 465
1180 5063
1180 5689
1180 6466
1180 6565
1180 7946
1181 157
1181 3208
1181 4765
1181 7697
1181 8406
1182 1903
1182 2700
1182 8953
1183 1301
1183 1463
1183 1499
1183 4073
1183 4330
1184 4435
1184 5318
1184 6302
1184 7365
1184 9197
1185 1939
1185 2323
1185 4111
1185 4562
1186 2490
1186 4853
1186 5504
1187 1613
1187 4408
1187 8996
1188 562
1188 1822
1188 1966
1188 4534
1189 545
1189 2526
1189 3604
1189 6403
1189 7341
1190 1132
1190 1430
1190 1470
1191 671
1191 2425
1191 4771
1191 6875
1191 7643
1192 2147
1192 2655
1192 3465
1192 3471
1192 4063
1192 5700
1192 7522
1192 7746
1193 3837
1193 4266
1193 6583
1193 7385
1194 3778
1196 3282
1196 3615
1196 5244
1196 6555
1196 8194
1197 7
1197 935
1197 3635
1197 6460
1197 8132
1198 18
1198 1623
1198 3849
1198 8401
1199 4969
1199 5462
1199 5702
1200 248
1200 1913
1200 3829
1200 5027
1201 611
1201 7685
1202 4159
1202 6063
1202 9101
1203 20
1203 1970
1203 2854
1203 4409
1203 7707
1204 226
1204 3520
1204 5315
1204 6825
1204 7857
1204 8010
1205 3299
1205 3302
1206 661
1206 7981
1206 8765
1207 3046
1207 4319
1207 5773
1207 7499
1208 4115
1208 4821
1208 4954
1208 5195
1208 7138
1208 8359
1209 6176
1209 7076
1209 8599
1210 1936
1210 8278
1211 7667
1212 3286
1212 3801
1212 5324
1212 5931
1212 6212
1212 6552
1212 8021
1212 8397
1213 1952
1213 4281
1214 2439
1214 3083
1214 4726
1215 370
1215 1204
1215 3690
1215 3693
1215 8460
1216 6943
1216 7977
1216 8685
1216 9204
1217 6389
1217 7411
1217 8509
1219 4166
1219 4301
1219 4552
1220 1656
1220 6070
1220 7728
1220 8785
1221 391
1221 1949
1221 3457
1221 5380
1222 5445
1222 5641
1222 5884
1222 6182
1222 6969
1222 7716
1222 8473
1223 714
1223 820
1223 8044
1224 363
1224 1179
1224 7725
1225 3360
1225 4904
1225 6047
1226 2676
1226 2881
1227 2079
1227 6731
1228 2657
1228 6156
1228 6604
1229 3836
1229 4315
1230 6433
1230 7723
1230 8132
1230 8468
1231 606
1231 869
1231 2122
1231 4872
1231 8927
1232 2265
1232 3947
1232 7804
1233 313
1233 1004
1233 6518
1234 3497
1234 8575
1234 8993
1235 25
1235 1456
1235 5083
1235 8882
1236 2548
1236 6183
1237 1111
1237 6399
1237 7991
1238 74
1238 746
1238 8216
1239 1104
1239 3615
1239 5940
1239 6889
1239 6932
1240 2136
1241 6168
1241 6285
1242 676
1243 2221
1243 2841
1243 3710
1243 4437
1243 5370
1244 3531
1244 3913
1244 4945
1244 6715
1245 2016
1245 6838
1245 7739
1246 236
1246 3928
1246 5404
1247 3853
1247 4477
1247 6711
1247 7898
1248 788
1248 845
1248 2422
1248 4763
1249 414
1249 5804
1249 7657
1250 2818
1250 2875
1251 1111
1251 4417
1251 4675
1252 474
1252 1234
1252 3942
1252 6903
1253 6362
1253 7063
1253 7624
1254 508
1254 1221
1254 7922
1254 8014
1255 5786
1255 6493
1256 2641
1256 4220
1256 5977
1256 7916
1257 2554
1257 4141
1257 6644
1257 7104
1258 666
1258 2639
1258 4707
1258 6477
1259 1802
1259 4467
1259 5397
1259 5635
1259 5689
1259 7102
1260 3273
1260 3995
1261 3376
1261 5003
1261 5867
1261 6270
1262 250
1262 865
1262 3372
1262 7960
1263 2956
1263 3320
1264 907
1265 15
1265 1240
1265 2954
1265 7990
1265 8741
1265 8780
1266 15
1266 3625
1266 4319
1266 4510
1266 8175
1267 569
1267 1102
1267 3645
1267 8054
1268 2143
1268 2927
1268 8985
1269 226
1269 1473
1269 4971
1270 83
1270 5910
1271 5784
1272 1165
1272 3494
1272 7980
1273 1668
1273 3879
1273 3913
1273 4894
1273 5965
1273 7627
1274 4985
1274 6215
1274 6248
1275 869
1275 1095
1275 4173
1276 147
1276 775
1276 1176
1276 3250
1276 5131
1277 3081
1277 5956
1277 6527
1278 1821
1278 3177
1278 4263
1278 7073
1278 8382
1278 8781
1278 9017
1279 406
1279 2597
1279 2619
1279 6628
1280 6650
1280 8264
1281 346
1281 2717
1282 8112
1283 306
1283 1481
1283 2919
1283 3707
1283 4369
1283 7513
1283 8602
1283 8962
1284 2868
1284 2910
1284 3635
1284 6408
1284 6992
1284 7447
1284 8417
1285 1772
1285 2251
1285 5289
1285 5761
1286 633
1286 3317
1287 2896
1287 3279
1287 8184
1288 2681
1288 9107
1289 2231
1289 2874
1289 6144
1289 8351
1290 1143
1290 5902
1290 6896
1290 7261
1291 923
1291 3033
1291 5111
1292 1261
1292 4297
1292 7138
1292 8714
1293 453
1293 8341
1294 3732
1294 4197
1294 7187
1295 2069
1295 4162
1295 5591
1295 6325
1295 7545
1296 3384
1297 4337
1298 3374
1298 9016
1299 2022
1299 3553
1300 99
1300 2474
1300 4020
1300 4317
1301 1273
1301 6172
1302 1878
1302 4756
1302 5957
1302 6900
1302 7029
1303 1752
1303 7556
1304 1468
1304 2642
1304 3377
1304 4136
1304 7672
1304 8150
1305 475
1305 2212
1305 7060
1305 7209
1306 447
1306 2780
1306 3725
1306 4235
1306 5775
1306 6972
1306 7062
1306 7278
1306 8243
1306 8285
1307 5967
1307 8733
1308 133
1309 2609
1309 2718
1309 4593
1309 7636
1309 8163
1310 7902
1311 2341
1311 4061
1313 6221
1314 354
1314 4640
1314 4782
1314 6342
1314 7085
1314 8281
1315 1259
1315 3367
1316 2063
1316 8348
1317 966
1317 1287
1317 3759
1317 7558
1317 8954
1318 562
1318 5121
1319 5572
1321 2758
1321 4185
1321 4900
1321 5454
1322 663
1322 2520
1323 3107
1324 4838
1324 6171
1324 7434
1325 270
1325 8005
1326 603
1326 1051
1326 3885
1326 4049
1326 5821
1326 6933
1326 7499
1327 621
1327 2045
1327 2459
1327 4222
1327 4760
1327 6544
1328 294
1328 890
1328 2548
1328 8759
1328 9224
1329 135
1329 572
1329 6064
1329 6848
1330 322
1330 2304
1330 5910
1330 7090
1330 9149
1331 518
1331 3498
1331 5807
1332 2768
1333 1684
1333 2575
1334 2524
1334 7852
1335 72
1335 590
1335 5221
1335 6098
1335 6540
1336 194
1336 2724
1336 8076
1337 1966
1337 3143
1337 5152
1337 6292
1337 8366
1337 9186
1338 672
1338 768
1338 798
1338 6246
1338 7932
1338 8672
1339 1135
1339 8080
1339 9150
1340 1321
1340 3350
1340 9063
1341 5113
1341 5404
1341 5516
1342 2532
1342 2651
1342 7626
1343 436
1343 3512
1344 167
1344 5850
1344 7729
1344 8270
1344 8786
1345 2265
1345 3387
1345 4497
1345 7096
1346 2026
1346 6345
1347 2878
1347 3798
1347 3800
1347 6079
1348 1825
1349 16
1349 94
1349 4913
1349 5911
1349 6814
1350 739
1350 779
1350 3326
1350 4391
1351 1552
1351 2147
1351 6687
1351 7589
1351 7861
1351 8032
1351 8666
1352 908
1352 2380
1352 2591
1352 7195
1353 1369
1353 1527
1353 3460
1353 6981
1354 455
1354 970
1354 6808
1354 7169
1354 8109
1355 57
1355 1241
1355 1337
1355 4546
1355 5218
1356 1934
1356 2463
1356 3930
1356 7985
1356 9075
1357 918
1357 4047
1357 7546
1357 8827
1358 24
1358 856
1358 7556
1358 8011
1359 4141
1359 4766
1359 9299
1360 2167
1360 7021
1360 8124
1361 3297
1363 6856
1363 8977
1364 2491
1364 2702
1364 3649
1364 4107
1364 4841
1365 1120
1365 7356
1366 2223
1366 3728
1367 1351
1367 6792
1367 8619
1368 1761
1368 2701
1368 4160
1368 4678
1369 8641
1370 1798
1370 2040
1370 2370
1370 6349
1370 6970
1370 7712
1371 2557
1372 3404
1372 3574
1372 3777
1372 3791
1372 4551
1373 5036
1373 8816
1374 5079
1374 5574
1374 9161
1375 1935
1375 4078
1377 2267
1377 4211
1378 2138
1378 3885
1378 9075
1379 2298
1380 237
1380 4596
1380 4934
1380 7994
1381 3581
1381 5488
1381 6146
1382 1338
1382 1588
1382 2347
1382 5694
1382 5960
1382 6597
1383 7645
1384 1056
1384 1586
1384 2311
1384 3752
1384 6452
1385 1083
1385 1580
1385 3656
1385 4122
1385 5861
1386 171
1386 3655
1386 4016
1386 8684
1387 8
1387 1854
1387 8373
1388 3954
1388 5551
1388 7628
1388 9281
1389 679
1389 4049
1389 4310
1389 6970
1390 3
1390 1552
1390 1892
1390 2111
1390 2223
1390 4283
1390 8897
1391 4547
1391 7729
1392 990
1392 2188
1392 2258
1392 6719
1393 54
1393 979
1393 2814
1393 8190
1394 735
1394 7148
1394 9263
1395 905
1395 2494
1396 517
1396 4106
1396 5093
1396 8612
1397 4265
1397 5689
1397 9131
1398 3142
1398 3734
1398 6495
1398 8047
1399 3723
1399 4472
1400 5626
1400 8487
1401 2659
1401 5784
1402 2070
1402 7185
1402 7961
1402 8014
1403 1210
1403 9236
1404 1726
1404 2100
1404 5305
1404 5968
1405 303
1405 3425
1405 4360
1405 4508
1406 6326
1408 4097
1409 1056
1409 1831
1410 8034
1410 8137
1410 9097
1411 1802
1411 4542
1411 6689
1411 8587
1412 4733
1414 1815
1414 2340
1414 3440
1414 5605
1415 902
1415 3033
1416 3841
1416 7650
1418 5757
1418 7266
1419 1341
1419 1465
1419 1643
1419 7935
1420 1186
1420 2785
1420 7746
1421 1680
1421 3601
1421 6322
1421 7790
1422 2801
1422 3686
1422 4910
1422 5666
1422 6772
1422 9161
1423 4514
1423 4748
1423 5109
1423 6630
1423 6787
1424 3523
1424 5491
1425 1333
1425 4497
1425 6008
1426 2029
1426 5351
1426 6024
1427 2538
1427 4134
1428 1599
1428 1609
1428 3127
1428 5021
1428 6696
1429 4473
1430 259
1430 1375
1430 1867
1430 3485
1430 6306
1430 7871
1431 7303
1432 524
1432 4085
1432 5627
1432 7605
1433 1697
1433 3710
1433 3940
1433 5277
1433 6483
1433 7298
1434 182
1434 4096
1434 6826
1434 7412
1436 3718
1436 5156
1436 7718
1436 8855
1437 1964
1437 5966
1438 4449
1438 6845
1438 7002
1439 459
1439 598
1439 1457
1439 4076
1439 6012
1440 3540
1440 4542
1440 5193
1440 5356
1440 5946
1440 7135
1441 5941
1441 8104
1442 8276
1442 9210
1443 2760
1443 4923
1444 1591
1444 3531
1444 8430
1444 8740
1445 4245
1445 7056
1446 2936
1446 4003
1446 6686
1447 38
1447 3535
1447 5243
1447 6049
1447 7621
1448 3026
1449 1774
1449 4924
1450 796
1450 6672
1450 7173
1451 343
1451 1000
1451 1209
1451 2166
1452 3065
1452 9240
1453 2177
1454 2043
1454 3139
1454 4639
1454 8329
1455 1644
1455 2859
1455 4257
1455 7358
1455 8348
1455 8523
1456 1300
1456 2169
1456 2727
1456 6221
1457 855
1457 4726
1457 5720
1457 6239
1458 4598
1458 5543
1459 950
1459 1012
1459 1096
1459 1936
1459 2688
1460 5496
1461 3090
1463 6862
1463 7518
1464 2329
1464 5533
1465 7437
1466 1537
1466 7210
1466 7641
1466 8510
1467 934
1467 1275
1467 2279
1467 3110
1467 3238
1467 4194
1467 8612
1468 485
1468 3982
1468 7193
1468 7330
1469 473
1469 3660
1469 6056
1469 6259
1470 1686
1470 2021
1470 2536
1470 8388
1470 9211
1471 9078
1472 3447
1473 552
1473 1832
1473 8110
1473 9181
1475 44
1475 5026
1475 6769
1476 4164
1476 5096
1476 6852
1477 2659
1477 4794
1477 5758
1477 7124
1477 8115
1478 4239
1478 6663
1478 6673
1478 9031
1479 1825
1479 2295
1479 3186
1480 287
1480 1893
1480 5066
1480 6346
1480 6735
1480 7781
1480 9233
1481 1368
1481 8106
1482 3026
1482 6297
1482 6583
1482 7804
1483 2726
1483 3913
1483 5258
1483 5300
1483 9171
1484 2068
1484 6682
1484 8668
1485 1126
1485 5041
1485 6325
1486 1112
1486 1342
1486 1520
1486 4709
1486 5272
1487 4787
1487 8875
1488 1648
1488 1662
1488 3934
1489 1861
1489 2458
1489 4982
1489 7602
1490 4002
1490 4919
1490 6534
1490 6989
1491 334
1491 2732
1491 3265
1491 7399
1492 3149
1492 6832
1492 7406
1492 8312
1494 2037
1494 6138
1494 7331
1494 8356
1495 2153
1495 7014
1495 7287
1496 1094
1496 4228
1496 6439
1497 1441
1497 2782
1498 1097
1498 7159
1498 8514
1499 1799
1499 2896
1499 6578
1499 7462
1499 8339
1501 2822
1501 2900
1501 7875
1502 95
1502 2075
1503 3373
1503 6853
1504 2669
1504 5946
1505 1087
1505 1336
1505 1570
1505 8432
1505 8456
1506 1914
1506 2048
1506 2670
1506 2739
1506 2921
1506 3099
1506 3165
1506 6159
1506 7460
1506 7617
1507 1019
1507 7337
1507 7530
1507 8260
1508 2263
1508 4480
1508 7464
1509 2327
1509 7942
1510 3270
1510 3287
1510 6545
1511 1300
1511 1510
1511 2003
1511 3245
1511 4102
1511 5751
1512 2734
1512 6963
1512 8646
1513 787
1513 2617
1513 6641
1513 7102
1513 8480
1513 9231
1514 164
1514 868
1514 4108
1514 7432
1514 8665
1515 914
1515 2609
1515 2847
1516 2277
1516 8693
1517 4829
1517 5314
1517 7135
1517 9253
1518 466
1518 1173
1518 3648
1518 7716
1519 1794
1519 4206
1519 5089
1520 7785
1520 9098
1521 6136
1521 7734
1522 4677
1522 5702
1522 7408
1522 8666
1523 3611
1523 4903
1525 2039
1525 4538
1525 6130
1525 7053
1525 8172
1525 8453
1526 194
1526 1131
1526 5312
1526 8583
1526 8819
1527 624
1527 1301
1527 4283
1527 4839
1527 6671
1528 8747
1529 4365
1529 6703
1529 8016
1529 9227
1530 953
1530 1362
1531 2544
1531 5167
1531 5406
1531 6551
1531 7093
1531 7248
1532 8672
1533 584
1533 1099
1534 1869
1534 7445
1534 7706
1535 846
1536 4516
1536 7474
1537 5018
1537 7248
1537 8654
1538 3680
1538 5035
1538 5510
1539 2237
1539 7853
1539 8008
1540 2474
1540 5694
1540 6084
1540 7492
1541 670
1541 780
1541 6009
1542 1420
1542 2895
1542 4476
1542 5489
1542 7574
1543 8748
1545 1173
1545 2938
1545 5494
1545 7682
1546 2503
1546 4210
1546 4904
1546 5568
1547 5093
1547 8726
1548 259
1548 935
1548 1589
1548 3220
1549 923
1549 3739
1549 7229
1549 7392
1549 7629
1550 4411
1550 5229
1550 6971
1551 8799
1552 909
1553 4697
1553 5383
1553 6240
1553 8220
1554 62
1554 1615
1554 4153
1554 4414
1554 9134
1555 512
1555 6012
1555 6884
1555 7099
1557 4693
1557 5732
1558 1271
1558 1644
1558 2834
1558 4989
1560 1166
1560 3071
1560 3768
1560 5138
1560 7741
1562 255
1562 2255
1562 5237
1563 5995
1563 9269
1564 3675
1564 5999
1564 7044
1564 7189
1565 1633
1565 7611
1566 1129
1566 3390
1566 4817
1566 6594
1566 8184
1567 453
1567 1911
1567 2394
1567 4422
1567 6156
1568 416
1568 1939
1568 4831
1568 8608
1570 377
1570 3493
1570 4370
1570 7646
1570 9210
1571 2049
1571 3617
1571 8389
1572 1274
1572 1511
1573 3030
1573 6230
1574 1436
1574 5894
1574 8379
1575 5331
1576 1365
1576 1578
1576 2857
1576 7281
1577 1619
1577 3270
1577 8670
1578 937
1578 4131
1578 6121
1579 4306
1579 5132
1579 6748
1579 8305
1580 1257
1580 1814
1580 3234
1580 8556
1581 3512
1581 4838
1581 7933
1581 8102
1582 836
1582 4132
1582 4712
1582 6799
1583 502
1583 5008
1584 160
1584 717
1584 965
1584 2253
1584 5032
1584 7465
1584 8078
1585 4872
1585 6864
1585 6928
1585 8664
1586 606
1586 2722
1587 2936
1587 5781
1587 7151
1587 9266
1588 426
1588 4854
1588 6988
1589 336
1589 2508
1589 4241
1589 7419
1590 1253
1590 1744
1590 2351
1590 4176
1590 6262
1591 4984
1591 8195
1591 9155
1592 752
1592 1318
1592 2440
1592 5249
1592 5776
1592 7123
1593 3862
1594 3686
1594 4466
1594 7421
1595 820
1595 1366
1595 2851
1595 3633
1595 4884
1595 8117
1596 1757
1596 4017
1596 5324
1596 9181
1597 6691
1597 7550
1597 9089
1598 4045
1598 4298
1598 7684
1598 8149
1599 4743
1599 7414
1600 2212
1600 3660
1600 4405
1601 1092
1601 8178
1602 2606
1602 6126
1602 7162
1603 3897
1603 8988
1604 2681
1604 6303
1604 7366
1604 8618
1605 696
1605 1787
1605 4138
1605 4662
1605 5147
1606 2572
1606 6425
1606 7576
1607 87
1607 2581
1607 7339
1607 8813
1609 342
1609 4277
1609 4668
1610 7370
1611 5173
1612 1951
1612 5842
1612 6974
1612 7690
1612 7866
1613 480
1613 3643
1613 8134
1614 656
1614 1082
1614 6856
1615 228
1615 4227
1615 7299
1616 158
1616 6118
1616 7167
1617 528
1617 2875
1617 7320
1618 1540
1618 3465
1618 5266
1619 2647
1619 5195
1619 5447
1620 3616
1620 3780
1621 1141
1621 1858
1621 3245
1621 8672
1622 418
1622 434
1622 6475
1622 6635
1623 6405
1624 2939
1624 6356
1624 6667
1624 8587
1624 8997
1625 2946
1625 9236
1626 213
1626 746
1626 3305
1627 1208
1627 2258
1627 6038
1628 2596
1629 1916
1629 2720
1630 4023
1630 8956
1631 8994
1632 484
1632 2348
1632 5432
1632 8120
1633 5403
1634 7110
1634 7597
1635 1066
1635 3716
1635 4791
1635 6721
1635 7563
1636 560
1636 624
1636 933
1636 5534
1636 6843
1637 363
1637 670
1637 4572
1637 7783
1637 8350
1638 2198
1638 5318
1639 1969
1639 5370
1640 181
1640 2842
1640 4088
1640 9234
1641 3804
1641 7756
1641 9278
1642 2780
1642 6894
1643 1269
1643 3028
1643 6493
1643 8453
1644 1894
1644 3410
1644 5687
1644 6011
1644 6257
1644 6544
1645 1444
1645 7447
1646 1465
1646 1509
1646 2841
1647 1797
1647 3316
1647 6157
1647 7291
1648 1024
1648 1077
1648 4543
1648 4828
1648 5107
1649 2054
1649 2974
1649 7264
1650 1016
1650 1308
1650 1601
1650 7501
1652 2781
1652 5128
1653 945
1653 1285
1653 1350
1653 2395
1653 5290
1654 1486
1654 3588
1654 5947
1654 7023
1655 4231
1655 7504
1655 7888
1656 120
1656 4002
1656 5031
1656 5695
1657 861
1657 1508
1657 4081
1657 5289
1657 5644
1657 6998
1657 7280
1657 8684
1658 1400
1658 7006
1658 8917
1659 584
1659 1581
1659 6185
1659 7729
1660 4238
1660 8957
1661 6758
1661 7277
1661 7739
1662 2537
1662 5716
1662 7227
1662 8930
1663 2804
1663 2944
1663 7090
1663 7442
1664 2432
1664 8012
1665 1882
1665 2025
1665 6842
1666 351
1666 2904
1666 4373
1666 6176
1667 4639
1667 6095
1667 7641
1668 1946
1668 5506
1669 4906
1669 5137
1669 6576
1669 7306
1669 7536
1669 8798
1670 246
1670 646
1670 3439
1670 5277
1671 1525
1671 1575
1671 2911
1671 7220
1672 3408
1672 3706
1672 4762
1673 1380
1673 4757
1673 6686
1673 6745
1674 3063
1674 4035
1674 4474
1674 9033
1675 4092
1675 5519
1675 8764
1676 4184
1676 7914
1677 2899
1678 233
1678 1354
1678 2931
1678 8428
1679 3520
1679 4527
1679 5370
1679 6733
1680 2901
1680 3681
1680 6994
1680 8928
1681 9012
1682 3201
1682 6007
1682 6187
1683 4893
1684 360
1684 587
1684 4361
1685 155
1685 386
1685 539
1685 3191
1685 4200
1685 4281
1685 4338
1685 6757
1685 7257
1685 8985
1685 8986
1686 420
1686 1824
1686 3408
1686 3443
1686 5439
1686 9240
1687 3756
1687 7236
1688 3355
1688 7371
1688 7723
1688 7846
1688 8120
1688 8405
1689 6311
1689 8401
1690 3087
1690 5743
1691 7348
1692 5946
1692 6974
1692 7147
1692 8270
1693 2864
1693 3110
1693 3167
1694 6432
1694 6558
1695 3305
1695 4851
1695 5016
1696 1109
1696 1330
1697 8323
1698 2439
1699 3364
1699 5116
1699 5399
1699 7059
1700 5939
1700 6247
1700 7082
1700 8978
1700 9093
1701 5313
1701 6345
1702 2144
1702 3650
1703 8140
1703 9004
1703 9231
1704 2417
1705 4035
1705 4890
1705 5143
1706 1336
1706 1807
1706 2756
1706 3986
1706 6479
1706 8133
1707 529
1707 1423
1707 5472
1707 7417
1708 431
1708 3065
1708 5457
1708 8969
1709 5827
1709 8743
1710 6109
1710 6637
1710 7191
1710 7417
1710 7927
1711 5139
1711 7410
1711 7879
1712 3295
1713 739
1713 4368
1713 4745
1713 6322
1714 2201
1714 2476
1715 1054
1715 3858
1715 4514
1715 4526
1715 8464
1716 2502
1716 9251
1717 1354
1717 5545
1717 6628
1717 8194
1718 4876
1718 5912
1718 7047
1719 2545
1719 4006
1719 7983
1720 2762
1721 2766
1721 3669
1721 6332
1722 1613
1722 4886
1722 6242
1722 8104
1723 2742
1723 3916
1723 6294
1723 6456
1723 6506
1725 6412
1726 6775
1726 9220
1727 3117
1727 9249
1728 1372
1728 3752
1728 4342
1728 6056
1729 1073
1729 1216
1729 2243
1729 3708
1729 9072
1730 610
1730 838
1730 1596
1730 7579
1731 3000
1731 5123
1731 8770
1732 2324
1732 6616
1732 6843
1733 514
1733 2603
1733 6201
1734 6774
1734 7274
1735 243
1735 1688
1735 2943
1735 4731
1735 8619
1736 5440
1736 5708
1736 6610
1736 7474
1737 8939
1737 9110
1738 162
1738 2596
1738 7766
1739 4338
1739 8535
1740 2999
1740 3624
1740 3672
1740 4684
1740 4879
1740 5049
1740 7804
1740 9045
1741 1366
1741 1451
1741 1801
1741 3415
1741 3782
1741 4457
1741 5213
1742 2547
1742 6330
1744 3764
1745 4650
1746 2361
1746 5714
1746 6232
1746 6456
1746 8225
1747 109
1747 3337
1747 4522
1747 4788
1747 5096
1747 8913
1748 3887
1749 4266
1749 5566
1749 5988
1750 455
1750 1094
1750 1920
1750 8257
1750 8823
1751 690
1751 726
1751 4330
1752 2385
1752 5244
1752 5946
1753 6051
1754 85
1754 8640
1755 1286
1756 3454
1756 5121
1756 9067
1757 1924
1757 3068
1757 6113
1757 6912
1757 8006
1757 8622
1758 250
1758 1418
1758 3062
1758 6205
1759 1441
1759 3962
1759 4430
1759 6584
1760 5524
1760 7818
1760 7870
1761 4754
1761 6831
1761 7209
1762 5331
1762 8926
1763 1699
1763 5440
1763 7069
1763 7850
1764 6316
1765 4070
1765 5861
1766 5789
1766 7026
1767 150
1767 1687
1767 4211
1767 5360
1767 8706
1767 8776
1768 2966
1768 5022
1769 91
1769 200
1769 880
1769 1976
1769 3107
1769 5910
1769 8426
1770 1221
1770 2154
1770 5151
1770 7808
1771 2708
1771 3583
1771 6637
1771 7258
1771 7856
1771 8632
1772 3
1772 2775
1773 1753
1773 9258
1774 879
1774 1588
1774 1642
1774 6213
1774 6762
1775 661
1775 5964
1775 7940
1776 3035
1776 3206
1776 4168
1776 6791
1777 1409
1778 63
1778 3978
1778 6009
1779 1090
1779 2484
1779 5185
1779 6331
1780 4603
1780 4827
1781 957
1781 1236
1781 1436
1781 8118
1782 763
1782 3957
1783 2200
1783 3537
1783 5654
1784 738
1784 4881
1784 7578
1784 7962
1784 8947
1785 2750
1785 6953
1785 7540
1785 8010
1785 8230
1786 2150
1787 4113
1787 5339
1787 5820
1787 5976
1787 6046
1787 7267
1787 8760
1788 10
1788 1471
1788 5696
1789 1505
1789 2591
1789 2807
1789 3160
1789 4918
1790 5098
1790 5841
1790 6829
1790 7220
1790 7915
1791 1660
1791 1978
1791 6850
1792 2696
1792 4059
1793 3795
1793 6208
1794 1514
1794 1800
1794 2546
1794 3848
1794 4560
1794 9095
1795 215
1795 3202
1795 5836
1795 6432
1796 824
1796 2479
1797 3051
1797 7990
1798 667
1798 2023
1798 6146
1798 8977
1799 6165
1799 7792
1800 464
1800 1269
1800 7528
1800 7911
1801 3466
1802 1479
1802 3416
1802 7469
1803 330
1803 494
1803 1235
1803 2789
1803 3405
1803 4726
1804 3391
1804 4334
1804 4612
1804 5597
1804 6168
1804 6391
1805 7632
1806 119
1806 1423
1806 1916
1806 2671
1806 4140
1806 6655
1806 6891
1807 4185
1808 1771
1808 2382
1809 422
1809 1165
1809 6007
1809 6129
1810 978
1810 2736
1810 6287
1810 7833
1811 50
1811 557
1812 3298
1812 6182
1814 71
1814 8911
1816 5538
1817 1706
1817 2637
1817 3105
1817 3590
1817 8031
1818 4053
1818 4172
1818 5674
1818 7620
1818 7924
1819 2154
1819 6534
1820 7791
1821 1479
1821 4412
1821 7552
1821 8247
1822 4727
1823 1400
1824 4109
1824 5339
1825 1209
1825 1774
1825 2485
1825 5125
1825 5162
1825 5400
1825 6637
1825 6972
1826 1153
1826 1425
1826 4754
1826 7189
1826 7546
1827 3324
1827 4326
1827 6243
1827 9215
1828 2824
1828 3824
1828 4438
1828 6037
1829 1192
1829 4417
1829 6244
1829 9171
1830 5784
1830 7007
1830 8696
1831 719
1831 1015
1831 4074
1831 4245
1831 7269
1831 7935
1832 1749
1832 2518
1832 7580
1833 3108
1833 4948
1833 5874
1834 1808
1834 1949
1834 5675
1834 8197
1835 2166
1835 6589
1835 6811
1835 7907
1836 108
1836 1176
1836 5881
1836 7687
1837 3489
1837 6941
1837 9216
1838 148
1838 2185
1838 2913
1838 3797
1838 5507
1838 9057
1839 2544
1839 2635
1840 8148
1841 5824
1841 6262
1842 363
1842 3449
1842 5763
1842 7479
1842 7589
1842 8865
1843 6585
1844 1621
1844 1858
1844 5334
1845 143
1845 7266
1846 816
1846 3589
1846 8347
1847 1331
1847 6785
1847 7187
1847 7868
1848 511
1848 2589
1848 3281
1848 5190
1848 5957
1849 355
1851 2722
1851 7448
1851 7965
1852 4168
1852 5002
1852 5978
1852 8400
1853 848
1853 1136
1853 5604
1854 4177
1854 5006
1854 6382
1854 7338
1854 8202
1855 433
1855 2252
1855 3811
1855 4670
1855 6156
1855 6395
1855 8160
1856 8288
1857 1431
1857 1765
1857 2775
1857 5128
1857 8685
1858 1308
1858 3702
1858 8499

